137
116
133
95
88
85
104
131
138
73
82
186
91
91
78
119
174
162
170
120
469
117
98
119
111
115
135
280
135
88
86
126
89
110
116
117
92
77
104
91
144
106
113
87
84
145
102
151
131
111
77
89
100
103
136
161
148
140
128
147
132
174
178
123
168
161
142
82
101
73
113
125
177
163
90
105
492
165
122
128
135
161
118
148
83
137
147
117
125
169
130
71
112
155
130
121
185
166
135
83
104
68
126
162
129
80
133
100
121
131
172
181
164
143
171
148
202
148
147
160
159
173
169
151
148
160
141
132
168
168
199
143
187
147
152
166
132
181
118
148
161
152
157
96
165
167
152
337
107
362
111
180
146
166
156
161
178
123
144
83
174
180
143
133
180
313
126
138
166
167
76
93
156
98
153
364
150
135
157
141
133
126
162
134
173
176
74
177
125
110
122
246
145
156
178
130
273
138
93
114
172
121
158
164
154
188
157
169
114
134
153
88
151
84
97
132
144
480
149
291
412
123
147
443
119
107
151
134
106
189
89
153
197
167
146
162
146
178
129
144
167
126
167
181
159
127
123
142
433
135
82
115
153
165
172
99
229
129
120
155
196
340
162
147
154
128
167
118
74
223
121
137
198
167
166
187
89
116
146
140
115
86
172
157
167
451
350
169
129
132
126
114
160
110
172
108
131
139
180
122
136
144
339
162
142
116
132
145
153
83
75
176
148
114
214
108
145
122
427
384
185
151
181
123
120
119
101
82
155
149
84
406
448
118
178
125
94
172
152
143
157
150
166
114
159
170
308
361
116
122
109
131
318
327
170
162
127
111
85
170
134
152
158
74
62
181
124
380
159
112
105
147
150
86
128
158
109
185
125
121
136
182
128
167
176
165
156
184
154
205
144
160
120
134
129
157
142
133
159
117
157
85
164
156
175
152
184
159
154
148
113
108
95
187
132
153
157
185
148
131
127
109
149
160
123
171
151
205
111
104
146
145
172
129
143
106
148
126
158
155
141
147
99
113
152
147
158
156
109
107
110
113
142
171
113
133
142
103
115
117
104
146
108
139
148
141
122
186
171
112
152
156
144
129
163
143
124
153
181
154
123
142
135
143
126
152
148
116
114
165
104
132
111
158
144
158
120
166
144
108
143
142
131
144
152
148
124
126
129
109
111
137
152
120
332
336
158
165
117
155
141
146
137
144
148
144
149
108
146
160
134
160
106
150
186
169
143
165
128
169
126
132
111
124
133
123
111
120
155
151
155
88
174
126
129
127
422
435
136
129
155
132
448
120
319
175
166
89
100
159
137
164
128
111
214
107
105
129
132
160
147
156
156
110
144
146
119
126
176
152
168
170
203
151
170
165
113
164
104
143
121
156
117
131
115
149
120
147
114
109
112
144
132
109
115
116
148
121
182
169
156
156
155
123
146
173
157
136
153
150
160
152
144
115
146
148
168
154
143
121
102
164
161
138
131
143
141
120
145
145
148
144
146
131
149
103
162
144
143
144
146
146
151
151
121
142
132
159
152
155
142
141
194
184
158
144
138
123
105
122
146
153
171
148
113
146
132
130
113
130
112
124
151
105
111
119
111
141
147
162
142
150
126
139
109
140
146
111
109
124
116
113
113
143
179
186
152
144
147
204
144
147
156
167
164
142
136
142
144
143
140
158
166
160
147
181
155
121
131
167
158
166
88
153
126
137
160
102
139
144
157
107
127
143
135
127
149
98
141
151
156
108
133
118
74
115
457
418
130
71
284
422
116
228
113
152
163
145
123
169
165
122
143
111
163
112
109
161
143
183
127
85
453
127
116
132
266
145
123
170
160
153
151
160
119
145
126
142
131
138
162
114
132
163
108
150
138
109
160
128
162
81
232
151
140
133
174
158
157
122
105
113
160
105
155
117
141
111
116
123
166
165
136
146
124
162
107
161
141
152
144
147
108
109
164
141
116
118
103
161
105
160
149
120
109
166
105
143
132
125
166
145
131
122
142
149
143
144
115
108
143
127
147
114
112
130
129
112
105
111
136
111
147
141
157
155
111
163
127
156
142
152
119
104
147
124
144
111
120
142
144
156
142
152
178
131
129
110
161
126
105
142
143
143
170
141
146
161
144
149
160
150
169
143
186
191
138
144
144
134
90
126
156
314
144
162
123
123
139
111
142
104
159
146
149
105
142
110
155
143
160
123
129
173
159
126
146
147
143
125
146
118
142
164
144
144
121
146
150
149
154
102
161
161
164
144
142
152
133
143
156
146
93
109
93
103
220
113
104
187
116
108
125
69
112
111
119
129
116
125
111
71
117
133
104
119
115
115
73
170
116
188
157
150
148
167
121
135
122
67
409
119
175
119
129
106
101
115
104
119
122
112
113
67
167
116
107
109
107
164
109
122
105
86
99
112
107
174
115
127
105
117
111
121
107
118
118
68
124
124
108
162
138
109
116
109
103
512
164
154
114
492
128
85
113
143
154
159
114
161
147
142
141
151
154
186
141
142
103
150
144
158
150
146
115
155
150
163
155
146
154
149
145
148
154
160
156
154
181
110
166
123
125
132
108
73
123
105
106
107
128
66
112
76
568
137
150
133
112
76
117
154
143
144
140
143
147
148
171
167
168
119
145
135
143
119
143
102
143
170
171
145
158
150
163
148
148
161
183
147
142
146
160
174
177
160
148
127
133
104
130
111
113
115
127
108
151
112
125
108
129
139
126
138
143
162
150
145
161
146
158
160
170
111
110
110
110
110
147
144
101
109
152
144
163
148
144
147
143
159
143
164
132
114
166
114
179
161
167
135
107
109
133
109
148
147
167
120
133
134
116
110
104
164
144
165
120
112
167
130
132
144
165
143
137
119
128
189
123
113
115
128
109
111
170
122
116
112
159
132
117
150
160
103
127
164
124
162
163
127
156
153
112
157
129
145
145
115
173
105
164
144
109
142
146
128
114
143
130
138
130
160
163
134
153
139
112
105
120
168
142
148
142
170
107
179
142
142
117
145
150
162
144
164
144
150
149
149
109
107
144
146
163
110
152
136
194
150
170
179
168
201
168
151
162
154
122
111
129
149
141
208
121
118
142
145
172
107
152
146
141
169
115
138
132
109
129
123
157
133
117
117
169
117
161
128
122
117
118
133
112
136
170
151
111
122
113
118
155
109
143
146
154
147
166
176
157
142
110
157
138
133
172
161
142
151
151
151
109
171
144
163
128
159
147
192
142
158
144
140
142
181
143
149
140
172
142
184
160
149
143
144
111
146
159
146
173
151
156
148
149
156
98
145
144
156
144
153
156
147
156
146
163
149
142
142
151
145
184
147
146
152
149
160
160
176
189
185
143
144
158
163
149
153
158
143
151
153
116
106
125
134
114
129
112
171
115
157
155
170
158
142
165
155
140
147
150
111
149
160
154
110
144
126
109
150
106
133
104
130
122
142
158
162
157
113
158
149
167
179
124
145
102
142
151
106
148
159
143
201
163
143
145
141
114
165
160
143
152
160
144
167
111
151
113
145
147
182
143
152
152
133
150
160
149
132
131
110
158
108
157
110
137
145
104
111
133
155
122
133
142
127
157
143
163
141
116
129
165
153
108
158
171
138
109
175
156
209
133
161
146
148
175
157
136
146
123
143
147
148
143
153
146
126
147
164
112
123
145
143
125
111
116
110
153
137
116
131
129
152
131
139
115
160
110
132
152
160
170
174
147
154
171
156
171
177
159
145
144
147
161
107
205
146
157
163
157
149
107
164
203
128
129
103
113
159
145
138
121
143
142
160
147
118
157
108
138
139
143
161
169
110
144
143
162
145
119
163
158
145
141
178
155
130
149
112
241
173
144
167
165
104
141
115
166
109
125
145
142
166
150
160
111
162
152
125
145
144
145
167
143
148
166
164
151
114
145
169
151
144
159
162
144
171
146
129
168
146
147
149
144
150
103
112
115
146
116
335
71
124
124
90
159
157
167
161
152
98
120
120
142
122
146
167
151
159
143
169
131
180
109
110
111
146
156
131
106
127
117
143
108
143
156
181
110
111
154
364
441
151
125
333
154
128
106
171
112
146
162
144
150
131
118
135
146
109
232
120
135
104
122
119
387
248
100
172
106
135
155
128
147
169
586
196
112
157
125
158
85
134
78
67
109
137
102
145
139
138
142
120
152
158
117
107
142
126
125
122
125
130
122
145
156
170
122
143
172
182
106
156
164
132
171
143
133
110
146
137
150
124
162
147
124
127
145
143
120
144
141
129
106
119
100
134
107
218
131
124
109
167
85
142
86
125
149
171
110
131
112
120
107
126
126
119
142
166
110
113
117
118
201
106
148
109
140
134
111
139
104
141
169
105
108
113
203
142
147
120
160
129
112
160
146
108
125
168
143
154
128
160
106
111
109
138
131
128
141
160
128
162
105
146
114
150
118
169
119
127
109
161
154
144
156
157
124
137
159
164
152
125
171
120
122
171
157
141
162
154
119
119
87
134
60
74
124
112
128
162
122
122
410
117
166
165
125
118
99
162
165
112
175
121
142
104
117
194
136
141
133
140
113
74
171
138
225
122
106
124
90
155
82
130
136
100
135
111
168
159
118
159
166
138
125
110
138
108
106
141
136
103
156
135
184
147
133
127
80
177
161
76
79
131
136
120
155
165
112
128
143
174
114
132
111
150
153
106
151
109
113
110
115
98
111
110
159
104
125
160
131
133
85
75
140
152
95
191
133
114
86
83
100
68
194
98
151
161
198
185
100
211
152
138
134
157
126
118
157
149
144
103
147
160
145
156
168
144
154
148
114
121
108
160
112
117
129
146
147
118
111
126
165
110
144
158
121
115
109
108
143
107
164
113
162
142
144
148
142
117
143
155
125
109
125
106
119
170
146
129
132
106
127
148
116
127
150
104
142
81
144
111
118
64
122
151
193
133
146
81
165
173
132
139
146
169
110
109
140
152
136
142
141
113
160
142
112
141
120
115
169
142
142
157
153
143
116
78
109
161
168
111
122
112
148
141
159
115
146
156
141
113
129
108
112
130
105
399
363
120
113
91
124
183
68
142
111
77
157
123
166
140
179
81
152
111
90
174
149
135
158
158
116
100
170
188
74
161
69
177
95
104
101
155
133
115
127
122
125
118
138
171
171
139
74
159
85
140
131
112
129
103
118
129
121
137
139
121
152
115
154
180
93
161
163
139
147
127
132
141
179
151
428
131
116
161
154
142
147
165
125
144
144
136
143
125
142
158
147
104
123
143
124
109
151
168
108
123
115
157
134
131
117
147
125
133
110
135
140
162
161
63
138
74
87
112
167
126
118
249
158
138
170
118
162
136
169
125
111
134
105
146
118
127
145
115
113
127
155
125
139
97
169
158
139
183
114
162
136
162
102
124
164
150
162
131
90
75
169
91
142
110
112
117
94
176
125
84
118
80
120
121
134
63
91
123
95
131
165
131
119
86
122
129
121
110
134
151
95
115
120
200
179
73
118
109
176
96
124
143
162
127
164
153
115
111
136
147
111
143
158
145
239
177
157
169
148
125
111
172
170
167
132
131
160
162
135
122
119
133
170
74
106
125
115
80
162
135
122
93
125
187
117
138
115
110
116
149
141
147
151
121
113
73
111
96
138
71
133
166
121
228
136
170
157
122
155
124
117
170
160
143
128
138
123
112
163
114
117
165
146
160
110
146
165
108
145
111
82
135
87
216
157
85
114
159
117
121
86
136
171
116
204
115
189
104
87
154
163
132
167
110
131
119
71
74
123
141
173
176
134
164
176
136
112
115
150
80
123
156
149
142
127
123
102
155
134
123
82
123
149
168
80
152
136
108
118
143
91
77
131
111
70
185
106
163
145
121
115
114
135
115
107
153
110
134
102
161
129
134
142
127
133
106
114
100
99
108
72
145
154
158
112
131
165
86
158
122
91
165
124
164
95
140
109
131
126
114
153
135
191
162
116
568
132
174
107
67
148
108
128
106
145
109
82
101
123
136
111
108
104
124
133
120
147
114
371
210
176
303
236
325
340
377
168
111
241
136
386
111
385
133
130
93
127
81
132
178
140
96
104
179
139
139
163
78
153
91
132
124
116
155
122
125
107
145
155
134
165
114
167
152
105
144
144
154
168
151
143
141
146
144
116
140
136
142
132
110
111
119
123
154
121
108
141
165
165
108
120
150
117
121
108
128
118
123
155
172
151
104
152
123
122
141
109
149
140
133
110
120
111
114
107
72
105
332
296
469
103
156
159
113
161
110
66
148
192
120
146
141
162
112
152
115
140
142
142
120
157
100
141
136
137
159
114
151
151
124
158
162
146
130
124
158
166
151
154
141
155
163
113
153
141
103
181
142
162
160
166
126
146
166
190
141
147
150
147
154
153
143
143
142
145
142
154
174
159
167
155
142
152
153
127
144
105
125
163
162
153
142
123
107
148
122
145
141
154
165
154
159
162
144
155
163
152
142
148
147
178
149
142
162
166
150
153
127
143
146
159
167
103
150
124
121
157
155
142
179
147
109
145
163
140
161
154
157
117
144
123
144
173
169
152
157
153
154
144
143
194
121
109
143
119
145
145
111
172
121
159
159
142
166
162
142
143
142
156
144
143
142
156
146
107
166
153
168
162
181
156
141
168
151
141
141
144
150
171
183
119
159
165
166
163
157
145
148
144
147
141
143
159
163
167
149
144
157
146
155
165
106
147
142
214
143
154
162
205
117
115
189
144
147
194
168
153
144
153
161
143
201
147
103
142
167
144
121
123
111
111
148
149
127
145
133
141
165
166
177
106
197
138
147
110
117
154
166
167
184
130
137
114
161
144
161
127
146
149
157
164
164
165
112
118
108
147
132
142
107
109
117
175
131
153
111
125
174
111
121
108
170
121
102
108
117
169
154
142
123
138
99
72
100
126
99
419
119
61
62
70
109
120
143
159
105
142
146
119
137
147
108
107
102
102
116
119
74
121
132
119
117
106
126
113
159
164
146
158
148
130
145
106
131
164
118
141
122
81
118
118
114
163
68
104
129
81
128
116
109
105
88
104
133
97
159
123
70
84
178
104
106
142
62
133
109
81
150
61
108
119
112
115
98
436
138
112
128
60
105
64
111
92
129
109
83
737
176
118
128
66
105
111
134
112
512
109
86
124
67
61
76
60
106
58
123
75
99
72
109
144
78
84
157
158
116
82
159
178
168
129
159
135
145
132
111
98
127
330
170
115
163
108
105
123
118
138
109
145
142
127
92
132
104
152
333
144
149
159
120
113
134
186
91
146
121
133
117
131
132
141
153
114
114
125
86
115
166
169
128
116
168
119
132
139
100
114
137
111
164
125
96
91
124
121
80
139
125
180
132
154
108
109
158
136
105
143
108
125
128
136
134
149
142
158
150
162
85
136
114
84
156
75
126
118
152
113
124
122
149
134
110
119
137
148
129
167
142
129
117
150
129
174
181
142
117
153
229
97
129
113
120
145
152
163
113
136
134
100
151
110
104
119
136
74
90
73
164
123
152
142
137
113
105
150
116
122
80
131
102
75
94
152
141
158
105
194
121
159
141
114
132
114
110
179
107
87
87
122
182
117
438
166
165
158
139
161
165
165
128
426
117
135
164
83
146
159
122
188
92
113
119
101
130
85
162
149
118
82
120
131
104
86
137
87
102
110
127
155
98
111
125
70
128
123
109
130
109
104
93
123
122
107
108
105
106
158
113
120
105
76
124
129
106
101
115
157
129
106
108
124
113
98
572
139
145
75
157
155
119
464
402
141
121
147
85
86
74
275
162
152
129
106
165
458
126
146
169
155
195
206
155
295
186
118
210
133
129
146
143
172
93
168
438
449
158
125
165
128
127
109
109
158
365
116
175
133
147
116
114
165
127
174
135
152
162
305
311
111
193
466
152
79
196
114
130
155
150
151
158
74
311
139
141
171
126
130
122
109
137
113
105
108
123
183
167
168
136
174
121
362
177
180
137
173
109
121
199
201
150
116
133
376
99
155
140
119
122
128
168
138
137
121
178
230
121
154
118
160
114
116
117
162
167
129
131
116
156
110
202
108
148
414
403
455
172
116
172
148
225
135
84
83
138
108
116
64
556
126
106
129
160
108
107
120
133
107
108
79
108
76
123
105
119
116
111
98
108
130
135
126
107
117
104
127
492
114
105
158
147
128
121
131
74
62
106
194
112
122
107
116
79
131
114
429
139
116
110
129
123
127
124
118
108
108
142
121
79
66
163
446
420
168
173
141
115
116
109
124
145
122
145
71
480
246
445
150
165
167
145
121
117
169
125
165
154
133
164
120
294
167
120
220
191
129
114
113
124
127
117
113
134
77
106
113
131
506
114
119
81
100
126
123
120
125
169
141
119
126
84
143
144
138
148
141
141
102
130
119
166
143
151
214
125
157
105
102
145
141
140
125
148
144
143
173
143
124
143
110
138
148
120
145
153
115
144
107
131
120
152
106
121
133
178
107
123
117
107
133
66
216
121
108
115
383
196
474
94
82
172
120
205
152
171
74
355
110
105
184
162
130
110
115
173
193
93
127
118
175
79
90
122
108
125
165
164
160
106
122
116
104
107
145
113
112
120
192
137
105
167
163
145
110
127
154
124
194
166
106
89
131
76
96
239
445
135
110
141
135
123
127
155
103
130
120
143
120
135
110
104
114
121
116
108
129
110
158
123
124
118
109
135
140
115
113
110
116
143
151
160
151
111
172
143
106
109
103
126
146
110
106
160
151
262
310
316
180
292
309
323
328
113
114
175
108
218
127
97
85
90
78
131
110
103
336
88
119
69
457
158
172
118
133
124
115
88
117
165
163
320
291
92
113
142
145
369
108
152
176
150
142
167
103
144
114
141
127
145
111
156
144
156
147
127
89
295
205
258
150
96
200
327
160
159
104
142
150
149
149
142
130
199
113
108
90
150
97
118
171
120
150
110
175
133
91
159
120
125
152
128
163
74
121
570
430
371
291
147
108
113
111
389
151
82
185
156
108
179
130
143
167
109
122
75
115
139
72
115
141
82
152
117
242
131
111
112
363
115
173
122
117
120
125
145
109
70
79
423
160
157
386
350
116
164
156
130
175
127
106
156
136
129
110
131
468
121
76
128
194
347
272
115
109
154
111
93
119
168
109
162
150
74
169
169
154
108
110
99
172
119
185
115
173
108
169
183
454
126
90
159
164
154
116
136
142
115
74
131
120
82
155
152
435
447
315
189
125
85
512
113
205
92
116
107
113
122
110
137
107
143
156
130
164
136
129
152
158
111
100
159
127
204
128
153
181
116
158
105
175
116
79
147
161
108
118
112
171
168
111
188
134
149
155
126
155
162
176
151
128
141
201
456
460
114
153
76
115
116
149
166
142
141
116
143
129
121
174
114
111
133
109
112
141
109
168
110
106
134
96
150
122
129
80
70
116
105
95
140
83
120
349
113
152
117
197
169
115
152
129
155
85
110
150
160
140
105
104
112
107
109
129
107
137
127
106
151
113
114
161
144
214
429
363
135
149
117
122
97
97
109
110
153
115
155
109
102
126
135
71
328
100
155
415
131
116
174
111
104
209
118
151
157
106
154
135
165
161
182
113
115
159
111
125
128
149
128
121
142
168
166
125
117
148
156
123
106
102
111
129
118
102
136
310
308
161
87
167
140
116
135
155
145
144
110
120
151
124
131
127
107
144
155
105
146
103
122
150
113
155
165
161
111
123
164
141
127
142
84
124
73
215
265
374
377
67
327
96
116
111
109
161
167
173
159
114
138
94
117
181
95
163
113
486
462
116
113
104
153
159
135
156
107
110
105
111
123
143
119
100
105
141
114
147
123
113
130
110
146
240
87
159
367
230
120
162
157
158
111
167
142
124
85
90
108
187
152
108
134
163
415
142
118
153
173
143
97
116
148
137
352
110
117
136
176
162
170
73
129
128
107
101
152
135
319
132
137
124
142
147
155
101
163
117
107
110
108
102
105
112
162
144
141
144
134
136
142
149
145
126
126
195
143
149
105
221
108
171
143
127
98
93
71
116
124
91
71
116
150
206
125
67
168
84
166
165
118
96
164
158
170
136
126
102
95
79
82
106
107
95
65
139
140
124
158
85
131
113
167
151
86
163
143
122
174
193
105
104
124
162
152
67
105
187
124
154
128
67
177
183
132
98
72
151
115
151
66
104
133
168
180
64
116
67
76
114
66
65
70
115
138
161
205
175
111
135
147
76
136
137
94
131
114
128
117
124
92
157
144
79
123
108
71
69
91
88
81
130
155
103
154
140
125
118
66
139
131
156
128
111
139
80
115
473
131
126
193
173
149
141
82
138
154
166
160
127
123
106
124
111
111
100
110
127
149
110
116
119
72
117
125
118
95
121
164
124
135
116
184
87
112
179
174
158
87
65
173
97
113
191
169
216
149
156
163
124
134
124
173
155
120
115
88
110
128
138
90
110
191
151
126
163
120
64
176
138
119
115
80
137
151
90
147
74
159
143
64
119
111
82
132
113
154
169
126
105
152
83
91
134
108
119
201
147
153
177
170
151
233
151
142
123
105
112
64
82
111
148
160
115
125
103
114
131
119
66
113
130
153
168
140
70
87
100
116
117
152
66
123
143
166
167
142
142
104
112
130
128
146
163
171
143
155
115
160
147
170
109
140
109
118
145
163
165
134
105
133
112
125
143
128
139
129
83
96
74
142
177
122
141
134
109
82
172
143
169
157
141
145
142
142
161
169
106
132
124
109
141
102
130
128
112
143
161
140
79
131
109
128
132
144
166
82
73
122
127
111
151
119
143
128
142
152
148
155
107
130
160
144
112
135
139
174
141
142
112
143
81
121
124
139
138
140
96
120
158
110
112
124
107
121
87
105
163
142
107
110
108
124
105
147
137
143
142
160
110
82
138
79
85
99
113
1516
93
184
109
94
137
138
89
79
191
129
117
63
127
71
76
78
86
93
109
125
69
78
119
70
107
384
128
145
132
110
154
112
79
115
111
164
191
168
173
144
110
110
165
156
126
128
89
77
143
165
133
131
137
141
75
148
117
110
78
158
156
125
148
152
138
151
110
148
144
107
140
110
131
154
102
107
140
76
151
131
118
113
141
90
119
107
393
113
128
124
345
114
104
120
213
122
147
149
132
86
78
149
110
172
145
163
170
176
113
132
159
110
166
161
173
152
110
139
109
155
149
104
103
142
118
129
111
130
124
129
145
126
149
152
123
113
114
143
143
123
121
125
111
118
144
137
162
106
121
76
75
119
105
115
64
164
401
572
350
218
135
146
149
145
108
163
137
96
161
108
118
80
109
117
153
103
94
114
103
212
106
140
434
434
165
114
91
151
147
122
130
165
105
90
81
110
147
113
143
122
123
157
138
89
76
167
111
82
141
115
127
108
146
163
164
142
142
131
100
125
144
166
70
119
112
148
151
125
149
150
79
128
107
143
70
79
71
153
75
140
167
147
110
144
125
168
87
126
98
130
159
126
127
139
161
147
115
162
142
147
108
160
163
733
439
114
125
163
154
70
117
169
152
163
184
89
136
115
109
73
65
131
92
74
105
98
135
469
63
170
378
71
126
120
122
132
132
137
68
144
105
130
144
126
143
109
169
321
85
136
226
151
195
131
103
78
151
125
153
73
181
132
292
115
130
187
109
219
141
159
154
106
422
112
165
134
89
126
136
154
146
109
499
149
79
161
139
92
85
488
111
216
109
141
107
144
145
145
149
116
123
135
105
195
161
167
146
117
125
128
106
124
125
108
106
118
140
111
366
126
253
200
372
577
102
140
141
170
142
150
122
115
116
155
130
140
109
114
124
127
140
126
170
112
113
109
126
124
113
157
159
112
105
116
117
101
154
126
104
108
115
147
126
129
122
103
113
139
116
139
168
113
168
103
115
134
136
134
194
106
147
115
113
131
178
124
106
153
144
135
122
110
112
161
108
164
166
151
152
124
127
141
148
110
120
142
118
167
122
230
104
151
109
144
109
125
128
148
135
144
107
127
99
122
152
174
115
106
111
167
211
126
171
165
129
108
118
112
110
149
132
170
76
141
178
120
110
157
119
108
95
154
165
174
172
156
124
130
126
143
124
113
112
119
145
141
151
109
118
178
106
106
149
127
174
129
134
152
113
125
118
158
127
440
116
114
154
88
353
448
420
154
140
106
107
187
174
76
89
178
110
138
71
358
351
462
159
130
116
165
127
146
134
153
142
109
150
135
111
419
152
191
67
142
201
138
123
113
159
118
156
108
409
161
164
78
92
98
178
145
115
452
154
457
120
76
123
82
136
141
99
170
162
154
141
106
155
133
132
174
161
166
128
110
124
110
123
111
123
109
114
142
142
182
151
149
114
111
152
160
147
104
203
203
144
103
168
133
157
141
156
104
108
100
156
143
167
154
161
111
162
149
166
115
166
146
129
144
106
111
144
124
131
158
131
144
169
118
120
157
109
80
152
144
112
107
132
118
127
145
150
88
174
162
144
124
148
106
127
109
138
144
167
109
112
142
141
127
148
114
130
118
145
145
142
162
157
143
142
161
137
126
109
110
148
168
125
109
152
158
154
144
139
140
109
112
134
145
143
117
107
108
128
148
127
129
126
181
128
142
162
162
122
162
120
153
150
119
144
107
109
139
134
111
106
122
114
176
189
161
154
160
110
156
156
141
142
160
135
111
141
148
133
123
124
154
165
171
135
183
150
153
165
155
142
135
158
107
145
167
145
142
146
110
136
122
107
107
160
144
107
111
108
144
157
118
156
112
110
140
161
110
123
161
123
110
115
112
109
145
161
164
144
129
111
151
109
105
124
168
143
168
165
147
116
109
108
143
129
158
157
143
146
176
157
127
139
145
163
147
139
122
150
164
146
144
140
143
152
147
120
113
163
176
151
152
113
116
158
129
113
153
117
127
112
106
142
152
108
140
102
123
76
68
335
116
119
381
160
144
398
134
91
123
108
152
116
139
132
114
154
72
129
143
174
148
143
74
92
446
76
117
96
92
158
140
87
134
111
125
115
143
115
88
107
148
123
261
119
434
399
76
111
117
161
109
110
116
123
160
145
122
115
128
113
128
124
152
109
110
114
149
162
518
82
111
496
297
181
152
221
106
133
96
154
139
136
142
130
137
151
73
172
139
152
125
75
78
130
87
138
122
163
110
135
132
115
76
115
111
109
86
165
169
138
136
122
154
131
169
182
137
133
79
170
171
117
147
140
172
76
145
141
124
152
172
157
164
102
131
149
160
166
103
110
119
79
108
103
115
150
124
126
142
113
142
143
109
108
147
109
134
110
153
158
186
93
152
75
117
104
134
132
120
140
121
168
204
78
155
114
126
129
120
200
161
91
143
127
120
133
102
104
178
117
104
76
92
77
82
88
130
98
161
125
114
128
160
109
89
90
118
151
92
161
110
76
139
123
83
117
127
126
138
123
109
118
140
163
110
109
114
179
132
145
141
165
134
120
158
146
108
171
143
109
154
118
166
165
140
199
117
113
219
136
83
169
118
165
130
132
119
168
169
123
135
304
156
167
141
74
129
175
77
114
151
148
150
126
161
99
124
123
120
68
429
122
88
152
196
116
188
119
101
70
72
80
82
98
93
99
110
113
116
85
75
141
121
155
111
123
143
175
181
187
162
153
131
76
138
136
138
113
110
124
108
77
83
106
116
143
213
126
109
125
68
113
96
107
71
70
76
71
130
85
113
124
108
121
104
143
104
88
85
96
119
122
121
71
108
74
105
103
125
117
116
76
76
71
114
106
116
116
109
126
75
122
115
67
78
87
71
76
77
79
85
105
105
124
109
155
110
70
75
124
111
79
79
107
81
96
137
98
75
86
94
80
70
66
123
76
99
70
121
114
128
132
74
122
79
79
77
110
79
74
136
76
72
72
126
104
75
87
107
105
108
122
111
112
155
160
93
142
132
141
156
115
135
93
105
91
129
116
131
121
74
124
109
109
107
76
106
89
71
182
85
73
239
112
100
121
127
103
71
115
73
104
76
105
112
104
110
175
75
70
115
71
113
85
101
109
80
79
84
113
135
102
116
127
104
125
123
87
154
79
77
87
114
102
83
88
69
79
72
118
120
123
131
75
84
76
79
164
109
129
82
80
105
114
107
100
106
107
131
105
127
107
171
111
106
138
103
124
132
108
119
116
114
104
125
106
121
117
113
131
107
125
105
110
106
105
108
112
120
107
108
123
114
144
108
108
123
151
150
117
154
114
162
194
114
129
131
123
104
117
132
155
83
92
74
103
92
67
294
118
106
78
422
102
80
122
100
126
114
103
122
117
125
121
77
80
110
68
240
103
118
106
126
208
97
146
119
85
118
139
149
149
115
154
166
123
138
120
113
151
128
150
111
126
121
106
108
141
150
142
109
112
168
114
127
108
111
109
164
120
183
294
107
117
155
146
113
117
147
157
125
159
147
142
109
116
159
131
130
108
146
116
136
121
131
129
111
144
110
141
118
164
129
125
144
141
80
237
137
169
124
89
92
83
110
160
97
80
112
123
154
78
80
91
135
121
135
196
110
107
191
175
102
202
175
163
151
128
73
152
171
78
142
109
82
89
88
170
140
130
159
131
139
202
141
137
122
133
132
134
119
116
133
166
166
128
132
119
110
141
109
124
109
123
159
114
153
167
126
166
130
107
109
157
114
129
144
161
128
121
130
150
111
125
142
108
118
106
142
171
140
157
103
121
94
146
142
175
121
90
76
93
156
89
133
166
77
121
95
174
78
111
161
136
85
164
135
81
145
114
131
108
129
166
155
108
109
177
141
129
122
114
120
125
126
90
120
139
107
115
99
121
152
115
158
133
88
100
112
120
165
117
142
138
163
184
129
160
152
141
88
164
165
160
130
120
177
113
109
108
111
126
112
113
139
115
110
119
161
161
145
114
142
150
118
114
179
134
111
122
126
109
169
130
123
91
176
184
141
163
120
97
126
164
154
121
251
92
74
172
126
152
107
187
91
142
127
139
112
106
96
102
114
85
162
104
87
179
131
85
136
123
119
112
139
491
73
146
116
154
82
116
74
137
177
119
164
143
145
162
151
167
151
133
157
112
130
121
110
133
165
125
136
166
180
324
277
67
347
88
160
130
127
140
135
167
115
193
98
150
150
101
150
181
165
325
121
173
164
122
107
113
112
130
125
169
117
110
109
110
201
141
158
165
108
149
122
113
111
109
141
125
109
142
117
147
149
168
144
109
160
184
173
155
115
157
112
111
158
124
119
156
122
168
142
143
150
146
145
124
223
146
203
110
144
139
167
141
171
154
166
152
158
144
121
173
109
130
149
173
143
141
122
143
193
155
143
143
120
128
163
159
164
152
120
144
135
169
143
143
127
167
134
141
171
164
164
132
110
147
110
143
160
166
148
165
114
143
152
141
139
145
144
182
152
111
148
168
158
155
145
123
173
144
160
154
175
133
152
149
114
179
142
130
134
132
168
152
118
152
115
140
129
182
140
168
160
144
109
157
147
149
177
143
134
142
128
162
166
148
160
144
143
142
174
150
110
145
144
152
159
161
154
152
156
148
125
161
144
132
195
167
170
155
123
109
138
153
153
143
118
192
133
166
116
142
151
158
142
133
157
157
107
125
109
143
111
162
143
154
152
140
121
141
142
143
150
129
126
78
105
134
111
108
75
228
97
117
104
91
75
147
115
83
125
85
105
94
78
105
106
104
111
106
148
86
160
149
85
113
302
127
180
113
118
71
136
84
125
79
134
86
135
138
165
76
137
117
77
135
117
110
143
160
124
125
142
151
146
99
106
131
121
133
134
167
94
124
137
72
496
120
103
134
147
126
139
110
149
96
160
68
124
99
118
135
172
125
121
99
135
104
131
122
164
120
106
105
122
171
107
169
180
151
146
181
142
163
166
133
196
106
144
146
139
179
167
144
149
139
189
172
145
151
191
144
162
140
76
152
153
165
142
164
144
142
117
139
156
121
157
143
148
89
164
176
164
63
134
145
141
157
130
119
144
156
172
119
175
104
169
156
103
121
127
141
152
145
157
136
115
155
119
141
146
144
76
120
155
106
113
122
147
150
167
110
130
130
79
102
167
145
108
119
97
179
142
141
108
143
143
186
139
161
138
148
141
138
150
151
151
115
146
127
121
105
120
173
162
118
155
101
157
154
205
150
138
108
119
107
110
103
120
112
144
161
150
97
81
113
121
119
108
100
136
124
152
172
77
159
120
105
146
134
194
125
149
115
146
109
119
121
110
110
126
112
96
161
107
151
162
122
112
126
143
193
61
109
105
189
103
142
172
150
113
77
139
134
162
145
160
136
110
144
127
128
130
125
124
124
149
160
144
147
119
115
102
156
109
125
110
154
120
118
118
99
97
185
142
108
189
116
128
147
107
157
118
126
80
139
167
140
157
153
123
144
111
95
142
74
130
89
109
152
130
150
116
128
136
121
161
110
81
110
119
119
83
134
110
112
110
141
130
141
149
81
103
158
91
110
144
116
129
68
129
77
155
147
167
103
119
147
221
166
131
172
136
132
65
170
162
116
82
96
234
134
82
120
131
151
78
151
128
120
149
137
110
146
93
161
131
106
111
117
95
108
165
104
74
109
125
75
156
131
145
119
111
156
127
122
156
119
103
116
143
130
80
150
124
236
89
149
148
112
68
81
92
113
118
128
108
84
106
118
91
171
137
119
132
115
127
98
112
106
150
118
126
116
123
153
77
170
151
155
103
383
148
129
75
151
135
116
116
168
73
139
132
106
340
105
160
117
127
68
156
88
129
168
116
83
109
103
141
99
169
75
137
146
125
138
146
110
79
109
114
96
104
102
140
147
122
107
112
103
123
111
154
160
124
115
129
142
134
106
146
124
90
132
140
158
84
115
105
338
109
136
75
158
120
107
161
72
121
139
167
113
91
135
84
131
118
129
161
159
91
84
160
124
123
159
137
106
110
138
113
137
170
156
131
116
124
108
138
137
124
76
119
110
118
199
197
110
148
128
141
169
114
169
96
172
113
101
114
60
174
143
73
130
121
79
206
126
129
141
137
118
171
126
103
81
105
84
66
115
103
129
125
209
134
107
220
151
169
152
115
95
113
74
150
109
190
141
98
109
117
118
112
137
182
108
98
115
151
151
95
93
121
174
161
139
153
130
138
63
110
144
74
141
155
144
122
120
145
140
136
109
155
123
157
169
204
138
82
158
153
151
130
113
135
134
135
139
149
115
118
166
119
83
73
158
122
191
112
180
139
141
163
126
113
131
116
113
144
138
115
120
126
73
163
139
129
92
173
95
120
135
66
150
64
111
118
139
197
108
121
99
114
88
115
134
127
130
133
119
118
159
136
113
112
163
69
143
168
64
164
152
129
133
203
66
146
82
132
71
103
104
124
97
155
74
126
141
109
72
75
139
99
137
108
147
162
106
96
130
134
152
145
145
112
117
117
125
107
158
142
179
121
97
110
167
108
107
109
84
90
155
125
138
145
118
99
163
91
144
136
148
90
116
131
131
126
159
143
118
166
135
116
186
156
164
115
90
125
98
153
128
91
99
185
111
135
101
80
128
115
156
159
157
109
155
107
180
153
124
163
161
75
141
96
140
120
106
146
144
145
129
79
102
112
143
139
93
107
109
116
121
109
143
86
117
155
90
72
102
137
180
122
135
116
159
88
109
155
141
165
73
159
108
81
168
68
105
92
127
159
101
114
93
91
114
146
159
149
128
137
164
107
120
120
109
112
125
144
145
129
126
71
112
110
78
143
177
110
109
76
136
113
128
150
119
139
127
120
119
149
115
102
81
107
152
163
116
173
134
92
113
82
161
103
126
150
186
115
126
127
110
129
89
139
114
141
151
157
100
116
141
112
168
151
115
127
166
128
134
364
355
459
470
796
149
88
190
87
116
99
134
154
144
133
144
93
143
113
121
177
161
154
110
115
131
192
165
154
116
138
160
111
141
142
144
128
164
114
160
154
121
108
142
118
138
111
137
112
119
114
109
129
81
110
118
111
139
120
142
147
68
148
158
124
109
111
77
137
446
440
76
131
82
139
81
117
357
460
90
100
162
122
145
116
111
136
578
130
136
118
453
418
74
120
131
84
414
136
233
98
467
127
152
112
143
141
68
123
124
128
120
172
132
164
113
111
118
103
124
133
132
137
138
110
130
148
153
150
111
121
160
176
110
137
112
127
83
108
172
156
125
127
126
147
137
105
105
71
103
120
193
115
141
105
124
134
143
112
120
486
84
114
119
291
126
128
118
120
119
107
120
140
113
106
108
118
109
104
108
102
101
154
141
117
135
104
69
134
109
71
121
71
78
107
93
106
114
109
87
129
75
121
117
118
120
125
107
149
142
141
144
144
146
145
113
146
145
144
147
144
149
145
149
145
147
164
144
144
104
172
115
109
180
143
141
169
121
118
144
176
166
157
166
159
143
129
155
140
145
143
147
145
145
145
154
147
145
144
147
146
149
145
147
146
147
155
174
169
146
109
163
144
157
120
111
118
106
105
107
112
107
132
152
107
160
156
120
111
80
133
140
143
142
151
133
151
128
118
100
147
156
173
143
131
111
137
130
108
79
155
108
140
111
118
110
146
138
127
121
174
156
134
116
135
112
154
108
164
94
130
135
76
108
86
144
101
85
101
112
131
105
104
147
103
160
140
186
110
145
155
86
72
130
115
139
108
149
107
124
145
144
150
145
145
145
155
150
155
151
148
146
151
150
150
146
150
146
144
146
113
164
160
144
104
144
163
200
119
121
152
166
152
110
79
149
146
111
77
189
116
76
116
111
126
466
178
143
238
165
105
129
128
122
142
120
131
90
168
113
123
127
112
129
169
128
108
163
142
129
138
151
158
128
153
73
104
148
132
113
317
163
70
120
86
110
279
107
128
78
114
108
105
121
128
122
143
166
144
159
69
113
137
169
129
130
119
99
129
194
167
143
143
162
142
161
122
111
170
104
134
106
162
147
141
168
142
156
110
136
137
169
141
151
166
131
141
144
134
109
107
167
110
142
147
116
137
164
141
150
109
110
138
110
123
172
145
110
107
122
148
118
129
131
170
167
124
144
173
125
129
121
127
121
140
116
149
107
107
129
156
131
165
105
108
115
107
108
121
108
128
133
122
137
122
131
160
165
117
109
139
132
107
154
114
125
142
131
173
143
170
154
85
74
193
156
127
165
148
115
240
144
109
119
121
110
165
143
156
165
157
108
109
108
108
156
162
143
140
128
109
179
281
177
142
166
151
162
130
107
516
90
116
157
140
120
111
141
175
126
142
111
108
125
142
116
163
126
148
127
164
111
134
115
163
167
153
144
138
107
153
152
130
107
131
95
187
106
166
114
205
164
149
121
121
149
167
117
108
82
87
160
151
103
131
75
118
154
123
122
129
163
143
109
150
166
109
129
89
118
121
119
77
93
122
172
144
119
181
188
132
158
110
144
189
128
101
127
128
136
119
163
386
118
119
125
124
145
126
125
133
132
137
110
118
121
118
107
115
107
124
126
143
108
145
148
173
125
137
117
128
110
126
109
109
116
137
107
114
131
112
121
154
170
158
108
161
118
111
125
80
91
74
98
142
132
118
73
112
402
369
164
151
76
77
74
101
116
152
123
192
130
115
113
86
157
160
397
134
273
146
426
189
118
410
93
80
136
200
268
115
133
154
137
76
144
418
372
451
70
498
173
67
174
105
421
378
367
313
188
215
256
166
143
146
140
153
138
200
71
153
153
126
178
173
155
162
183
144
132
115
126
182
111
201
116
172
128
116
144
127
212
80
205
123
68
119
112
158
121
128
77
247
177
126
79
170
167
175
187
141
119
90
382
140
100
129
441
170
151
135
435
158
205
407
388
152
82
165
76
137
198
130
127
90
243
87
97
129
127
109
123
151
161
122
197
132
112
167
141
129
125
119
118
127
134
124
107
92
134
156
142
143
110
108
124
141
126
127
137
112
139
131
131
145
117
111
107
153
114
125
115
165
154
120
347
130
140
128
156
157
255
75
430
417
151
85
285
274
282
157
91
117
210
110
187
130
151
149
170
109
128
85
109
169
121
122
109
124
137
132
145
115
109
112
77
163
126
111
108
134
133
108
121
111
135
109
110
116
132
129
121
110
169
142
155
179
108
110
269
286
201
110
137
157
100
110
172
115
84
160
125
121
168
108
427
128
104
424
161
129
135
107
152
332
167
282
175
85
108
162
155
128
109
142
158
146
188
109
143
107
144
112
122
141
143
115
110
111
111
108
118
124
135
154
128
130
111
124
169
116
120
118
121
125
121
145
113
118
124
120
132
208
141
115
110
156
151
106
142
163
140
151
168
119
123
150
154
143
151
152
165
146
120
148
123
110
133
135
124
162
156
153
142
142
118
110
132
110
139
141
158
170
124
146
117
111
135
107
148
108
142
145
145
121
121
129
107
111
111
143
150
120
149
118
123
112
156
162
149
170
109
190
120
151
176
143
131
135
148
114
119
133
109
141
145
152
109
173
165
146
110
142
135
160
108
118
145
145
150
162
127
109
140
111
154
125
183
126
144
182
132
162
141
150
145
131
149
110
109
126
143
170
147
157
158
119
108
108
109
110
138
139
123
110
109
142
159
152
134
124
130
112
111
129
116
108
106
141
121
150
142
119
120
127
129
131
155
110
129
116
188
144
151
108
171
129
142
109
124
142
157
129
124
110
108
111
110
161
120
132
143
111
142
111
164
146
145
154
109
133
78
166
110
105
75
108
131
118
105
154
86
82
133
152
138
163
165
120
166
109
156
77
179
110
83
107
186
121
110
190
132
154
176
188
147
183
110
72
127
77
76
170
112
279
124
79
74
79
279
111
89
95
151
124
114
105
74
179
136
76
90
160
124
135
137
198
95
139
74
122
82
123
126
138
107
96
123
112
88
546
101
93
103
115
121
113
83
117
113
71
84
158
130
92
66
87
75
71
83
100
93
93
295
103
105
113
159
121
113
122
121
74
72
71
100
103
142
118
64
132
71
86
74
101
79
84
87
68
124
76
64
72
84
84
142
127
96
158
102
113
110
74
158
112
116
143
170
176
165
128
112
111
167
103
83
119
117
128
155
184
109
116
110
173
91
102
117
125
133
182
111
128
96
137
145
169
145
144
79
115
122
89
72
145
99
81
75
152
106
119
114
110
124
76
110
78
116
124
413
105
125
159
438
132
138
137
106
108
163
141
153
99
167
153
124
129
215
131
181
88
132
132
199
133
128
133
100
123
189
163
133
123
120
119
116
77
156
108
101
123
110
70
82
172
110
127
122
172
143
147
176
127
122
109
130
149
109
120
114
124
118
123
83
114
65
164
104
142
79
148
111
114
174
145
125
134
167
148
138
143
182
91
179
125
165
132
120
131
197
108
129
157
112
108
166
111
69
123
110
154
128
142
149
132
170
142
128
133
162
72
147
133
152
110
147
137
114
76
74
130
162
160
183
165
159
116
139
161
164
149
167
111
181
99
126
121
148
93
121
96
85
75
156
147
129
151
146
117
170
157
84
129
164
77
164
142
90
104
98
96
180
141
158
121
88
75
113
315
128
118
144
119
150
118
91
133
83
132
124
184
139
99
134
116
168
150
198
190
94
102
121
178
111
172
76
173
144
185
140
149
76
129
87
142
142
138
170
114
86
173
133
118
151
165
96
125
110
109
150
110
135
121
143
109
107
157
157
164
161
110
175
114
142
143
131
110
132
149
109
138
154
110
123
143
143
166
144
158
108
114
164
109
182
162
146
109
119
118
179
111
115
110
109
120
144
122
150
108
125
114
142
164
112
121
146
113
113
163
158
109
154
120
111
150
145
119
108
111
122
124
108
141
134
163
150
108
113
120
119
146
136
148
161
111
111
135
145
133
107
160
156
140
108
125
127
114
115
115
149
133
143
121
133
147
158
111
212
152
119
131
110
109
142
148
110
124
143
112
132
117
108
118
113
155
155
131
110
139
109
130
110
118
125
130
109
126
110
140
117
144
137
110
111
110
110
123
154
106
131
143
151
128
144
123
141
135
109
126
161
152
152
111
118
113
191
135
129
110
108
179
120
107
112
113
125
149
155
111
132
134
128
118
160
146
108
129
110
166
120
164
109
118
156
141
150
157
131
146
122
129
152
123
143
128
143
131
115
152
128
117
110
153
109
158
178
119
147
160
148
184
77
70
96
473
96
127
452
139
87
87
75
428
119
381
349
156
119
121
117
160
160
118
109
117
110
202
108
171
111
108
111
116
122
129
136
110
107
161
141
154
124
140
154
158
108
147
142
164
164
146
151
144
195
157
110
127
129
123
143
131
181
142
121
152
139
155
163
162
110
153
157
144
161
156
108
151
166
110
117
154
108
107
107
144
108
111
146
115
111
115
118
114
117
159
131
110
147
124
162
119
130
112
109
142
151
141
110
147
164
156
110
110
143
145
144
126
114
111
143
125
114
125
114
110
118
125
109
152
125
115
167
136
120
112
108
122
142
107
131
146
180
117
141
136
