94
97
139
107
79
132
176
82
170
152
106
80
133
121
121
165
144
139
117
86
120
145
181
135
143
134
164
180
114
180
191
83
114
186
129
83
126
177
68
68
148
153
124
193
174
145
152
121
141
117
126
148
180
157
172
170
128
132
102
182
141
85
122
167
118
141
92
115
169
145
177
73
106
117
173
103
126
179
89
99
205
184
171
109
163
151
114
83
83
176
118
149
116
103
126
126
158
153
121
82
120
117
73
109
84
99
86
149
110
102
72
130
134
165
134
91
83
134
87
112
101
179
153
117
112
170
173
101
145
158
129
149
144
123
116
150
149
182
131
122
148
175
152
115
155
151
148
134
121
151
162
148
123
125
118
120
128
153
116
179
132
158
147
110
78
140
94
127
113
137
115
106
120
135
81
131
138
179
101
138
125
104
110
96
91
77
145
87
114
138
116
116
166
118
147
84
114
104
142
126
137
130
134
116
82
106
103
138
116
104
99
110
77
96
380
138
103
89
137
86
105
147
98
89
64
89
142
466
102
117
85
67
130
115
141
166
99
104
124
162
121
91
123
75
120
87
104
156
143
140
139
404
113
150
152
135
120
69
153
129
108
122
139
147
178
77
105
140
82
127
104
112
107
181
143
152
128
120
120
79
120
141
79
75
152
179
105
140
135
167
135
99
123
98
83
126
85
84
114
124
377
366
388
113
135
100
172
132
80
133
180
107
137
86
159
110
113
184
132
114
119
273
163
109
164
128
133
153
162
179
176
120
123
124
159
115
182
163
189
149
117
178
174
108
488
160
218
160
153
156
116
84
163
133
139
135
200
123
95
105
175
85
175
112
158
135
164
141
154
88
136
155
103
129
152
140
380
112
116
128
203
143
150
162
129
137
181
156
178
114
160
176
139
148
176
170
139
134
139
181
326
109
188
146
118
107
170
163
161
132
139
146
191
154
183
162
117
103
136
349
163
145
142
145
114
159
182
466
559
182
155
120
114
112
135
142
140
117
138
101
128
160
147
123
157
115
89
120
143
134
135
154
163
117
119
119
155
157
147
147
156
158
150
146
122
154
125
140
146
126
139
124
130
81
117
122
105
78
161
131
166
111
82
134
128
173
76
92
122
143
155
100
78
124
120
111
119
116
134
160
124
130
161
126
87
116
91
143
172
115
133
162
145
106
82
107
123
119
117
128
165
166
128
99
144
116
113
117
152
73
74
86
174
85
110
149
111
163
147
158
128
143
139
129
134
115
132
157
164
147
143
152
120
491
163
131
111
126
129
113
124
121
161
144
111
121
160
90
121
221
183
93
115
150
73
116
115
114
114
114
80
153
119
106
117
165
145
150
149
142
140
156
150
142
181
128
159
219
110
135
124
192
150
139
149
104
136
150
133
131
112
86
63
101
67
133
152
154
109
132
128
87
108
88
146
74
111
120
150
124
161
131
114
108
160
148
166
114
79
107
105
372
165
173
134
151
129
105
139
113
128
118
148
115
119
174
146
127
134
178
114
134
131
169
178
117
114
135
102
148
140
142
101
160
134
146
160
147
157
143
148
148
139
129
145
120
154
149
177
126
130
150
161
115
129
143
109
117
128
115
115
116
132
127
136
102
131
110
133
144
177
153
168
158
115
163
132
169
121
107
148
110
163
188
151
128
157
150
140
180
127
128
150
146
156
403
144
124
144
168
205
179
115
122
152
150
147
169
147
138
111
145
158
125
174
115
157
139
145
189
148
107
168
134
148
158
93
116
150
152
157
190
145
142
106
171
163
149
143
141
118
134
133
108
111
140
112
142
137
184
106
123
151
186
160
122
150
156
124
159
111
127
150
151
161
160
114
155
120
147
123
162
151
155
124
145
146
150
161
171
119
151
141
125
114
159
128
143
118
110
186
141
121
114
144
141
141
128
143
152
145
115
139
144
146
108
133
129
133
157
146
125
112
124
116
116
116
113
141
118
140
122
133
109
158
130
114
157
90
130
143
139
152
106
98
126
151
147
147
102
133
638
157
159
121
112
111
114
135
131
139
118
109
144
137
114
162
142
148
112
113
142
166
181
146
149
150
134
135
111
111
88
169
112
131
106
80
114
118
111
93
114
113
82
149
129
113
111
111
114
110
390
348
95
126
155
164
142
107
278
154
111
126
109
97
123
128
72
70
178
74
115
183
147
109
136
126
109
146
159
114
167
82
212
181
146
164
155
126
98
139
145
159
146
141
107
118
169
115
138
142
109
112
107
100
80
171
106
112
118
152
115
144
165
143
147
172
147
133
128
140
98
110
148
181
76
175
155
176
102
151
150
159
149
136
111
182
160
111
175
148
145
137
152
150
141
168
112
111
102
145
107
154
113
118
130
169
153
160
143
150
105
110
133
147
168
132
137
128
106
111
111
113
165
143
189
155
148
150
122
71
110
115
151
120
106
110
121
195
154
167
143
187
162
152
120
152
177
117
148
199
110
124
116
127
140
140
124
144
117
135
109
164
146
148
100
132
134
121
124
147
146
148
104
92
143
156
147
113
133
149
144
148
164
75
171
113
146
168
103
182
115
122
139
152
115
142
125
148
153
125
82
149
124
175
144
147
173
106
143
150
131
145
142
168
148
145
132
125
129
164
143
182
155
174
124
164
162
178
133
105
113
172
116
152
77
134
112
112
156
181
163
155
108
134
130
102
75
111
147
148
99
138
96
110
103
135
148
168
150
148
108
107
118
160
144
146
145
148
104
136
120
112
146
126
109
138
149
179
150
145
174
172
160
166
101
159
139
146
164
180
154
146
127
128
108
141
117
164
80
105
153
140
142
143
148
110
156
136
138
170
100
189
115
142
156
146
156
173
170
138
113
95
185
183
112
151
153
155
105
161
150
127
109
178
149
164
128
148
113
140
146
155
145
129
123
136
133
115
169
80
172
121
152
171
168
169
144
151
109
120
145
167
161
186
147
147
158
147
147
144
123
164
156
153
148
189
188
161
148
184
110
176
106
146
103
77
143
144
134
185
155
110
163
109
110
137
116
149
112
160
182
230
150
111
101
142
135
117
90
123
106
86
84
74
110
108
79
109
132
115
189
145
131
148
135
155
100
105
118
119
119
119
123
110
173
154
113
114
115
152
150
175
162
146
77
109
146
112
167
73
107
145
126
128
75
85
159
185
131
103
139
146
129
112
145
178
131
157
148
177
138
144
142
104
138
114
115
111
108
146
147
95
122
117
113
161
114
124
121
138
146
112
170
112
115
147
110
131
99
114
81
126
101
178
69
93
115
142
122
146
147
138
102
108
85
111
71
123
88
75
138
84
81
142
102
149
91
69
68
599
333
103
76
63
452
112
118
133
123
115
135
113
118
111
169
90
437
201
116
130
141
152
148
141
89
109
126
434
139
149
156
169
139
156
101
120
112
145
139
145
113
107
73
164
83
101
138
78
151
125
184
181
118
182
114
69
99
173
154
183
86
138
75
132
160
150
155
116
152
137
162
151
105
130
518
101
77
300
160
92
98
110
146
116
82
114
104
113
155
117
80
175
124
145
86
81
148
146
149
153
92
89
140
113
120
229
114
106
154
135
713
187
134
118
112
75
157
99
91
93
119
115
142
111
111
103
114
80
99
119
69
87
117
76
89
93
495
467
100
346
117
221
179
80
130
112
414
150
158
114
162
145
85
379
121
103
75
262
174
134
112
149
130
117
149
101
138
135
87
110
164
86
157
127
76
123
135
172
237
103
229
151
161
121
157
110
158
121
112
147
94
172
143
154
150
123
127
119
137
142
143
145
110
165
174
501
167
448
125
113
114
109
434
138
193
82
84
154
108
104
167
76
113
108
111
87
155
141
174
147
157
148
151
179
151
116
144
96
116
155
75
76
169
117
156
82
79
112
118
112
111
153
86
104
87
110
106
458
119
119
86
163
347
532
549
478
187
141
108
213
76
126
135
137
133
138
118
140
166
109
107
110
100
114
122
146
146
148
134
91
77
144
106
176
159
140
145
147
145
148
78
116
114
112
112
168
130
128
130
125
147
146
107
133
109
117
128
134
107
109
76
109
110
113
69
162
79
132
107
168
141
150
161
73
113
168
124
139
113
110
149
109
108
108
140
135
139
111
110
109
122
107
108
109
150
105
144
133
78
97
467
110
366
117
131
301
72
71
115
76
166
379
122
134
108
157
256
88
422
123
83
89
123
70
179
148
152
88
108
143
136
178
162
143
123
153
111
148
134
139
116
122
151
175
118
155
116
109
112
152
147
109
147
160
117
110
119
106
112
105
117
145
147
142
160
108
110
128
113
114
135
113
111
115
136
133
169
144
142
138
169
147
129
107
139
122
107
145
113
140
135
121
118
111
125
128
137
138
126
141
107
155
174
143
122
185
115
141
210
130
105
143
120
161
115
115
418
454
141
102
82
194
441
431
175
438
150
124
349
161
69
141
432
112
148
126
133
133
169
140
114
187
160
130
84
380
125
162
114
144
108
109
139
126
145
148
166
130
121
133
163
140
107
126
116
115
139
141
114
134
142
133
136
123
119
114
121
126
148
106
123
143
146
114
114
113
123
159
168
127
117
148
108
150
113
205
165
109
149
297
74
150
153
215
112
178
120
112
129
153
155
134
159
139
132
159
147
109
151
158
138
157
143
116
136
129
148
167
112
187
185
133
160
144
157
141
121
136
105
162
152
139
501
146
420
155
134
109
175
170
148
142
166
140
111
147
438
451
167
193
111
514
468
84
109
140
135
118
122
131
141
155
411
105
148
160
122
256
182
170
164
161
110
141
152
121
174
167
110
164
201
139
146
122
131
459
173
181
125
391
855
204
313
104
434
154
130
465
181
110
123
112
154
149
66
163
109
426
159
160
114
138
76
403
185
171
157
75
356
109
160
124
159
176
156
199
117
124
117
156
147
149
238
146
149
116
119
128
141
96
161
107
127
155
111
106
125
183
119
160
132
114
107
124
156
143
103
159
108
186
127
154
153
387
170
88
152
126
145
197
190
182
112
514
169
111
158
136
198
195
140
116
144
119
366
268
418
113
154
112
119
454
479
157
179
201
182
140
117
169
153
156
163
166
128
463
322
112
123
172
132
109
131
144
207
161
116
95
120
184
155
381
394
111
171
173
212
187
186
127
123
179
90
199
131
137
128
156
478
208
139
129
413
169
159
161
118
98
155
92
157
113
179
151
482
440
138
140
203
106
124
144
74
177
132
143
168
133
121
163
113
147
182
114
111
164
140
142
116
114
156
133
149
159
92
156
83
161
110
209
124
107
145
519
359
375
165
146
142
96
411
190
155
179
129
166
168
405
471
389
399
119
400
97
205
152
200
94
116
121
174
126
148
137
108
115
192
164
133
116
154
296
161
113
129
185
184
461
114
193
121
142
116
107
147
123
132
145
156
167
133
185
115
146
150
151
144
139
113
145
114
147
148
126
141
122
138
116
151
172
155
149
115
133
180
168
151
130
113
169
160
120
187
175
295
235
87
103
160
186
158
178
110
311
330
212
126
109
142
177
116
153
112
144
132
158
133
187
154
114
124
129
117
153
171
156
150
152
145
119
126
119
164
209
121
112
112
182
108
147
168
175
123
170
152
121
122
146
130
163
153
116
99
129
80
100
126
152
116
408
136
98
362
106
166
466
137
118
148
157
125
134
171
71
121
146
147
85
476
369
87
173
392
175
142
146
126
414
107
159
146
109
111
135
154
111
146
146
147
115
168
149
178
166
147
151
141
148
141
118
158
184
114
180
125
108
105
133
110
156
517
168
131
106
118
121
177
161
120
146
147
170
484
128
178
188
144
147
147
191
114
118
124
116
120
110
105
83
140
154
378
478
460
132
120
114
494
94
163
109
118
267
92
273
104
284
421
197
191
192
109
166
142
127
166
112
147
177
163
152
102
484
118
141
126
209
164
142
159
137
114
148
123
113
106
119
159
147
119
150
115
142
135
112
144
114
82
141
112
146
130
121
112
115
138
120
148
111
126
148
112
116
135
154
112
168
89
112
116
116
116
112
143
198
175
425
440
127
112
104
126
122
68
132
156
184
127
143
153
155
167
157
131
149
108
128
173
182
75
107
132
143
121
151
120
103
478
185
145
185
160
152
154
125
133
123
154
109
124
110
168
124
138
146
157
93
118
123
135
204
160
171
124
452
170
145
141
152
150
112
126
160
188
85
234
94
177
190
157
175
147
140
159
120
118
176
149
151
119
119
165
72
79
121
112
170
132
147
114
104
131
140
132
162
131
120
109
296
437
183
133
77
116
378
158
195
157
152
167
132
138
155
74
391
183
76
99
116
133
156
187
124
166
373
138
73
114
155
137
426
70
149
69
141
97
99
125
172
200
72
516
145
121
131
109
100
112
126
122
162
147
129
146
159
141
148
165
128
143
162
120
104
136
150
162
158
112
147
172
110
202
160
116
170
120
149
132
632
95
203
145
215
75
127
143
115
311
176
176
188
171
184
178
115
154
147
154
155
345
142
203
191
80
175
128
136
94
156
102
97
420
195
144
72
168
143
182
180
143
132
177
132
127
148
192
158
141
145
151
146
127
154
197
148
151
143
148
126
121
143
151
157
144
112
113
148
112
119
116
117
114
148
157
113
173
155
174
146
166
159
162
172
156
119
132
150
146
148
125
169
120
136
100
114
176
184
150
158
132
124
153
74
175
82
637
152
120
188
197
73
82
138
113
179
123
144
118
131
406
451
169
138
119
117
181
200
121
130
129
123
167
105
97
149
74
538
467
126
137
130
81
91
121
74
112
106
133
115
149
143
106
156
156
157
141
216
133
121
159
191
147
121
79
128
117
111
165
174
123
151
109
333
136
117
167
169
143
143
118
126
159
112
170
118
128
168
168
163
194
150
131
107
146
141
140
186
143
149
115
115
115
152
133
129
114
143
112
135
112
125
145
117
128
132
287
137
148
160
138
170
153
138
147
104
166
140
162
144
148
142
157
147
113
113
115
124
110
121
114
121
146
147
141
121
110
152
138
130
78
110
143
117
153
162
120
146
87
115
79
115
99
111
109
117
147
100
122
150
131
154
118
89
117
119
83
146
77
155
148
147
132
113
131
112
154
147
115
152
127
153
115
157
125
156
120
146
166
123
141
149
112
142
120
114
118
119
116
147
149
148
156
111
139
147
114
115
119
142
136
112
135
158
139
129
136
90
118
81
119
109
149
156
110
152
136
126
111
143
81
122
84
147
112
145
114
132
146
168
82
82
116
127
112
112
108
192
156
148
115
141
117
139
112
146
158
115
202
153
120
153
144
170
155
146
134
146
163
79
117
92
119
172
107
136
91
137
109
147
138
150
132
114
137
116
115
114
125
129
115
142
115
116
123
146
114
81
89
115
117
114
114
124
116
113
111
116
87
85
115
133
147
157
78
114
112
117
141
120
113
114
138
114
129
118
117
74
97
78
110
108
114
128
115
115
83
86
113
116
114
151
90
88
83
127
115
129
70
74
101
81
88
146
141
76
88
132
126
76
116
75
172
125
80
121
128
116
122
118
124
83
105
109
77
150
114
132
116
155
149
116
101
105
76
107
105
132
77
138
116
114
177
114
85
96
81
127
115
76
115
113
114
86
128
114
80
98
134
113
76
78
113
125
123
133
95
93
82
113
114
137
117
148
81
104
101
114
89
91
125
77
135
149
105
135
157
149
85
112
115
150
142
75
124
115
146
85
113
121
136
104
79
71
160
123
120
115
83
94
72
81
161
77
133
132
113
164
102
114
76
86
126
132
116
79
127
119
138
117
75
100
75
115
77
119
121
107
141
126
82
119
100
81
126
81
80
80
113
119
80
105
80
107
104
100
109
115
85
77
83
118
92
122
82
114
94
149
85
111
115
122
91
108
127
140
133
141
66
115
132
133
133
78
119
188
74
133
102
115
114
104
138
115
100
132
131
82
81
83
81
87
82
93
130
96
72
81
121
79
82
128
115
193
135
86
128
97
75
86
157
73
93
109
127
155
111
120
103
109
100
128
81
115
76
101
77
79
75
110
79
164
112
133
77
121
102
78
96
85
75
88
110
152
79
99
64
116
114
178
124
80
135
70
116
178
105
81
134
103
89
102
105
115
134
88
88
162
61
226
87
143
123
179
156
119
118
77
95
120
91
161
174
121
126
115
114
121
116
99
87
147
109
162
90
248
117
97
135
75
124
137
112
160
124
97
88
111
109
87
76
107
88
114
121
136
82
115
84
105
79
103
86
90
75
79
84
80
77
118
102
107
80
87
108
63
98
100
67
93
71
80
120
110
104
151
209
97
109
181
119
135
123
159
91
153
188
137
159
125
148
144
132
148
154
172
149
159
139
163
114
123
123
128
105
183
150
172
161
172
149
264
189
184
131
126
193
113
114
116
120
116
120
123
120
122
112
122
123
123
103
115
66
83
97
183
178
417
142
151
128
86
153
86
111
132
124
122
122
151
85
207
203
147
134
120
117
150
84
107
110
104
162
90
162
171
200
199
119
143
159
141
149
170
158
109
113
122
105
136
92
89
94
136
169
148
87
133
134
136
75
106
105
109
62
140
613
105
127
108
68
116
161
139
117
459
202
125
113
123
115
168
163
180
183
116
166
118
78
83
62
120
114
98
69
108
106
135
99
97
131
65
60
106
70
124
100
119
172
112
108
86
109
116
377
161
153
131
168
121
112
168
174
143
165
159
105
144
121
142
78
68
94
114
123
118
119
145
124
74
110
72
71
107
70
80
107
117
72
76
128
64
82
68
136
114
96
105
71
122
65
109
71
88
119
92
76
87
92
498
94
104
132
106
100
91
395
112
92
178
163
118
149
159
166
145
119
431
121
134
181
160
123
173
167
169
164
168
170
138
474
166
578
118
98
128
127
112
144
99
145
117
108
91
109
107
105
68
98
82
154
109
109
112
146
118
89
107
80
128
87
71
101
110
117
66
61
75
100
108
124
115
127
118
111
107
83
132
106
138
107
116
114
111
103
77
76
110
77
121
91
86
126
147
75
76
80
113
81
186
88
319
103
115
148
120
118
94
111
90
126
127
116
87
108
98
92
82
96
117
105
76
75
148
96
72
76
96
85
74
76
77
73
130
84
98
84
119
89
101
101
96
80
85
94
116
118
101
82
101
79
79
76
111
77
89
74
132
88
84
88
116
93
115
92
83
73
86
92
110
81
91
118
76
85
113
103
84
98
132
85
88
85
82
108
77
81
81
156
96
89
115
92
90
95
86
76
105
120
73
64
98
132
130
771
117
515
118
80
86
103
115
154
142
107
122
101
165
121
127
69
104
101
114
99
145
157
130
110
137
127
142
147
216
61
143
70
73
117
134
73
117
113
97
149
115
111
143
114
145
155
119
80
122
92
99
95
115
111
98
93
106
85
79
74
90
95
82
115
151
100
81
84
113
95
80
117
135
114
82
116
167
115
120
103
124
137
121
118
123
86
99
93
99
78
115
110
115
78
93
89
114
96
108
85
112
133
93
99
125
96
125
92
89
94
127
107
113
78
114
106
76
83
78
82
106
116
118
142
152
114
114
132
66
107
71
75
112
77
131
74
103
105
81
133
114
147
126
104
79
112
114
127
102
93
82
99
107
151
81
92
120
91
143
97
102
90
86
105
109
76
80
144
81
131
79
88
77
87
106
82
141
146
136
95
136
122
136
115
78
92
75
90
102
139
118
627
125
133
142
111
135
104
120
123
77
111
117
145
117
107
105
125
158
114
100
68
83
81
101
146
84
69
592
79
117
140
90
112
132
111
145
142
86
120
139
79
124
107
90
141
140
108
149
157
99
124
143
142
118
234
103
107
100
87
116
110
111
127
115
149
107
117
108
122
68
116
145
119
74
106
60
114
73
130
97
77
115
101
104
123
105
114
141
128
126
79
118
95
78
82
124
94
102
97
109
73
116
67
116
107
143
118
104
73
154
131
76
72
72
107
79
72
115
70
155
102
164
236
107
105
102
108
153
112
150
104
171
111
162
120
108
81
86
119
119
98
104
138
100
139
143
114
173
143
109
144
143
105
182
115
82
86
83
91
171
113
108
188
154
150
113
130
127
126
114
149
120
120
137
131
116
419
102
75
406
420
482
108
160
123
110
397
136
124
135
110
116
111
138
121
111
118
134
155
135
111
117
168
108
146
112
129
165
146
167
144
181
179
174
107
107
115
137
117
132
155
146
163
154
154
137
124
110
111
116
147
132
123
112
162
116
121
77
194
86
119
148
147
99
106
119
130
115
83
100
76
110
109
113
79
145
154
88
97
91
157
155
150
108
151
129
90
139
118
130
114
153
124
212
109
281
148
143
91
72
300
80
85
134
119
83
84
112
80
138
90
107
133
148
150
113
105
125
93
100
94
171
97
135
123
86
106
158
106
117
115
112
89
108
632
143
67
105
117
121
119
112
81
116
108
355
164
107
115
139
101
113
134
168
103
105
141
126
108
146
108
128
105
148
139
117
108
108
105
124
152
107
120
119
95
106
113
141
105
112
127
102
95
414
86
84
148
109
110
105
104
106
103
104
1839
142
131
102
109
134
130
110
167
100
107
106
133
83
131
163
127
111
122
156
104
108
106
109
110
161
106
325
107
118
115
109
112
111
129
116
106
104
127
81
116
130
121
113
124
229
128
117
126
126
124
131
76
118
121
127
115
115
129
123
100
157
114
112
95
82
83
123
151
79
84
125
99
81
110
77
96
119
88
91
85
104
134
77
114
84
83
88
95
89
89
116
86
163
159
136
106
111
113
147
103
126
137
102
125
111
124
163
136
115
106
145
142
135
109
592
122
134
133
83
109
120
91
104
106
108
112
100
110
158
117
135
105
144
104
137
134
107
118
122
102
141
106
125
248
166
106
133
104
110
107
104
121
148
172
105
122
142
149
148
138
113
102
114
132
101
122
113
115
118
114
154
145
118
112
75
91
101
86
117
123
98
81
149
121
103
83
102
167
105
69
87
139
123
119
432
116
149
119
143
101
118
111
428
120
98
112
146
96
78
119
103
89
79
98
82
98
94
90
82
117
119
128
90
78
117
80
81
82
83
77
117
140
117
105
150
122
121
142
152
224
142
152
185
124
118
122
137
144
171
161
116
199
138
124
170
156
145
131
127
148
124
116
113
146
141
141
95
112
112
122
150
115
113
115
94
112
125
154
148
137
125
147
107
114
115
126
118
116
116
112
127
154
113
134
146
148
182
146
147
118
179
143
178
154
143
162
119
132
118
126
134
118
125
143
91
151
111
137
103
94
121
118
132
93
114
108
93
111
102
114
92
102
144
131
115
131
121
115
95
92
145
115
143
86
94
98
112
115
136
115
168
102
148
131
146
103
96
118
122
156
134
86
143
142
147
106
143
100
152
152
93
97
144
166
155
134
463
110
182
147
145
169
181
119
150
150
139
159
167
414
360
416
144
158
151
153
194
130
158
154
171
324
284
118
109
449
137
129
95
193
153
101
162
175
175
456
136
120
120
181
188
114
123
111
139
190
133
169
150
386
120
171
122
83
375
122
184
107
133
108
216
123
146
114
123
148
144
142
148
111
80
84
110
80
78
136
176
169
182
121
122
136
284
106
149
111
158
140
163
123
155
130
135
131
107
718
171
175
152
180
142
142
105
145
146
153
149
149
152
148
152
150
150
154
152
155
151
148
150
149
150
150
149
175
186
144
114
207
552
153
149
149
110
113
123
88
124
281
191
158
141
110
359
155
129
82
93
120
81
143
86
139
121
115
167
88
93
83
92
126
85
109
143
115
140
81
107
80
79
80
103
95
111
96
114
90
118
98
131
123
93
88
110
86
69
71
95
98
99
64
158
122
104
86
113
81
75
101
61
93
81
120
111
74
122
93
77
122
136
105
113
94
92
104
96
127
122
105
106
59
102
91
69
112
106
94
138
111
67
84
107
112
101
78
87
71
117
96
110
117
92
161
108
122
98
81
79
81
104
95
102
60
74
123
97
121
124
97
98
72
144
85
109
126
143
68
126
88
317
71
183
140
73
387
440
569
82
63
138
81
70
82
290
279
87
142
120
406
74
77
78
119
471
111
114
96
108
103
123
120
137
458
392
286
74
74
105
152
89
283
73
136
115
505
62
154
98
300
134
108
127
107
563
123
129
121
117
119
111
99
148
122
64
98
121
76
108
118
78
111
89
99
114
101
88
75
104
81
94
71
85
113
82
130
120
337
71
98
124
84
131
89
119
113
432
121
128
329
101
148
130
82
67
101
100
398
455
366
291
70
68
70
92
101
79
119
106
78
113
108
88
116
119
114
96
111
83
81
93
101
78
82
126
87
82
83
112
116
145
149
142
97
82
73
181
133
82
87
92
179
148
96
105
104
85
126
217
97
67
145
69
138
73
163
172
117
101
137
97
154
126
125
99
90
77
161
96
202
136
120
111
108
82
120
66
147
149
91
109
77
95
112
111
84
104
130
103
115
165
194
120
132
134
92
81
88
68
99
101
127
126
128
125
82
145
81
179
130
90
113
114
127
145
145
169
131
131
80
99
92
125
95
119
116
130
126
96
80
74
131
111
172
186
473
78
141
154
140
183
134
122
96
177
96
136
129
68
493
164
164
166
184
188
161
112
130
121
347
160
121
135
173
98
154
116
114
176
132
140
85
154
86
118
133
153
139
72
155
117
86
122
122
216
114
98
67
405
76
97
129
89
156
62
61
143
154
110
94
75
112
164
93
141
105
118
69
153
182
117
197
149
122
110
121
140
112
115
136
133
135
148
111
83
75
302
71
134
102
131
75
149
117
141
81
131
120
110
112
121
112
104
686
127
114
160
143
137
117
122
108
219
226
222
149
124
110
116
126
183
94
99
81
89
142
84
85
141
121
119
83
126
125
94
67
136
96
91
89
117
102
106
143
101
135
108
121
153
139
153
78
132
139
153
139
146
98
113
137
176
142
152
161
144
153
155
146
150
162
183
107
142
151
126
166
131
108
145
151
113
139
148
116
84
145
116
148
139
147
122
115
105
121
149
133
115
127
126
145
149
145
195
126
114
125
140
167
181
146
117
126
166
181
152
215
140
122
104
159
135
134
152
161
110
112
127
119
121
138
86
113
94
161
109
144
110
121
129
139
66
107
117
75
69
86
97
66
103
78
87
80
66
93
130
95
94
67
66
73
102
73
97
68
78
101
65
98
67
91
97
109
116
107
96
116
105
94
140
85
82
74
76
106
116
85
62
85
124
108
147
109
126
102
97
102
103
108
102
109
130
92
128
100
64
64
132
94
89
107
125
104
121
95
122
145
130
111
122
108
86
78
78
72
100
78
100
68
69
95
115
65
129
106
113
65
95
96
94
68
101
96
70
86
141
62
124
64
78
90
101
97
69
99
103
99
115
102
67
72
116
99
71
87
95
65
93
64
87
88
99
115
97
76
100
95
95
74
86
67
107
103
101
96
86
110
98
93
104
73
68
103
135
116
100
133
97
97
118
140
100
103
96
100
113
99
94
137
113
139
94
108
111
95
108
123
153
128
94
118
86
126
84
70
109
102
99
80
66
97
107
110
117
81
109
72
89
126
115
78
70
65
72
88
99
94
115
96
143
151
92
97
123
119
108
117
101
116
152
101
110
114
92
97
87
130
120
94
112
98
83
102
109
101
101
96
128
134
112
123
133
109
119
95
140
126
114
110
107
67
65
68
101
92
95
66
97
120
121
109
107
121
124
108
134
106
96
111
117
118
119
89
96
77
66
65
87
107
81
80
102
70
93
101
64
95
63
67
75
105
150
119
103
86
78
124
108
98
179
109
93
92
108
118
98
128
123
112
138
77
116
169
143
201
164
151
115
123
120
136
161
142
80
138
123
92
185
166
193
96
134
122
107
153
141
84
127
156
76
109
165
95
114
113
93
153
138
172
549
102
224
198
146
180
99
160
102
114
113
128
123
230
146
124
119
146
197
75
124
104
228
139
220
119
136
149
178
180
144
150
154
115
116
279
143
110
146
134
150
154
113
136
436
93
103
133
125
127
113
186
172
138
168
134
154
142
146
144
178
158
170
169
128
151
143
142
181
119
114
144
114
153
165
129
157
141
113
122
128
143
128
151
200
127
155
127
153
144
158
124
106
143
154
115
159
144
155
112
124
147
125
166
192
121
157
91
171
153
218
200
153
117
79
127
112
120
141
164
201
108
128
111
116
742
140
265
380
156
392
165
101
141
139
109
122
107
115
154
104
150
129
210
98
123
156
137
115
112
105
106
135
154
131
135
129
519
119
107
143
110
127
108
137
102
150
118
197
131
105
85
149
153
119
190
109
145
149
151
151
150
153
151
151
159
151
148
150
150
150
155
151
150
151
147
150
148
156
149
149
154
149
150
151
149
153
149
149
151
152
148
151
148
149
148
152
155
152
167
150
110
155
160
107
132
110
104
182
145
127
113
147
131
106
134
119
113
119
167
146
147
115
130
109
132
144
109
117
117
148
116
130
153
118
104
153
108
170
144
147
111
126
115
152
156
114
159
108
145
145
132
145
162
106
119
117
158
149
138
145
104
126
145
106
139
142
121
112
99
295
126
123
161
156
93
97
130
105
110
120
110
156
143
159
147
148
109
128
108
151
135
143
146
148
137
147
143
149
151
123
73
83
112
113
94
134
132
77
134
140
84
112
115
166
112
120
75
120
116
157
101
154
81
112
150
153
136
118
105
78
61
59
87
123
60
70
113
67
90
69
91
117
91
147
87
82
77
134
75
61
82
114
101
138
152
86
129
156
131
163
157
142
106
88
115
120
110
138
335
195
148
138
166
123
120
189
145
144
142
177
146
142
150
151
164
148
175
110
84
77
169
122
137
79
81
81
109
67
111
213
107
76
139
117
158
145
172
147
151
151
163
202
111
108
146
151
181
180
152
75
64
145
107
128
138
125
118
149
130
559
95
145
117
118
137
141
98
124
123
157
151
189
73
139
150
136
120
80
106
158
145
143
82
101
140
157
120
109
91
116
125
135
177
139
248
151
135
109
95
136
142
109
112
109
204
107
173
137
126
171
234
152
113
123
118
72
156
94
121
143
96
115
165
171
135
133
122
178
110
187
116
127
138
302
181
157
85
86
82
81
131
133
183
85
130
65
155
74
193
71
81
69
142
145
118
141
106
109
261
81
142
195
134
99
134
156
141
147
113
123
185
117
134
151
139
127
137
94
184
163
78
154
159
117
175
91
134
89
111
172
170
100
114
116
86
159
112
199
227
111
75
65
152
146
113
156
134
142
149
141
146
174
146
148
158
160
143
155
108
111
145
149
154
170
148
173
142
143
111
148
136
94
69
112
111
98
75
137
118
129
118
104
74
115
105
149
127
122
104
153
134
113
97
170
167
113
115
171
113
146
138
113
143
135
139
120
169
148
112
143
141
120
182
154
148
81
72
106
141
106
163
156
111
133
105
179
164
456
153
118
117
86
73
127
124
131
119
112
112
122
153
113
146
155
146
109
108
136
115
130
136
152
124
158
110
123
132
142
155
141
114
172
149
155
116
116
157
151
138
117
159
123
115
132
127
147
113
141
145
101
112
115
159
184
177
184
111
76
464
474
509
223
74
89
467
154
114
118
104
173
124
91
77
111
114
108
130
145
110
77
117
68
142
116
114
130
81
136
129
129
132
76
69
108
141
141
135
186
131
120
176
120
146
182
124
107
145
121
141
158
325
169
129
101
140
64
135
138
175
203
138
145
88
137
96
116
82
105
96
66
68
152
90
117
100
164
123
151
165
144
188
128
84
157
392
192
477
142
105
142
115
96
174
149
198
169
402
169
119
109
226
118
626
129
180
101
124
166
152
100
161
177
156
118
465
108
106
165
193
135
152
289
144
160
159
116
126
121
160
175
127
73
114
116
157
149
160
159
136
117
103
81
119
177
99
116
140
100
108
82
117
125
109
74
68
83
98
73
161
153
79
175
141
116
100
124
112
134
174
146
104
124
115
124
107
108
145
174
124
141
146
171
182
141
160
139
77
164
160
113
142
116
119
148
130
202
209
173
139
142
123
73
120
89
110
109
177
137
122
113
201
116
140
160
145
153
116
144
156
146
136
118
143
399
162
112
99
119
93
113
135
115
107
165
148
134
141
118
111
120
122
116
119
132
159
187
160
134
147
113
145
141
150
152
146
142
117
157
160
132
130
154
167
141
147
86
161
111
125
132
170
110
115
144
110
138
113
155
114
158
137
162
151
137
113
117
120
113
76
126
119
148
132
78
138
128
180
113
147
85
184
117
153
160
150
126
148
184
140
129
149
119
177
152
147
138
135
144
122
151
145
118
116
143
115
208
129
151
112
153
127
166
157
160
113
141
126
108
81
129
118
110
149
110
150
147
112
123
118
124
155
161
132
134
118
108
115
142
114
137
129
143
113
139
109
146
125
79
143
122
168
169
124
150
128
151
140
113
116
151
145
123
137
159
141
139
146
105
120
119
152
116
150
112
148
88
140
114
151
127
141
104
148
107
132
129
147
420
150
155
126
171
127
110
113
146
123
111
143
73
83
130
143
95
136
97
123
120
120
124
107
144
108
147
76
113
104
122
115
148
134
122
149
180
120
109
156
152
173
126
116
137
152
132
107
114
189
140
160
127
103
122
112
149
148
113
113
126
97
79
109
120
146
87
131
80
108
101
121
127
136
151
156
117
181
149
123
117
147
122
156
145
109
115
106
112
138
77
130
122
131
72
158
90
108
111
141
106
108
108
109
107
132
107
132
115
115
117
112
120
115
129
120
147
161
114
124
165
145
141
113
123
114
165
104
153
115
165
107
117
138
141
121
155
139
162
126
131
143
125
128
151
165
161
129
166
125
151
110
149
149
146
116
160
148
190
140
76
127
112
153
145
147
119
168
147
181
160
130
146
117
146
146
125
117
157
148
160
119
126
165
136
116
169
137
131
114
150
125
122
162
152
226
188
149
161
205
151
117
153
141
107
143
127
154
151
118
152
119
142
127
149
148
118
119
144
178
115
143
117
115
115
126
160
127
399
134
134
172
129
150
132
125
139
163
144
112
146
149
85
117
153
136
447
162
144
146
126
129
119
113
150
133
129
151
136
128
134
85
163
151
145
147
151
92
197
84
120
143
138
111
88
79
79
131
112
109
148
103
101
125
141
117
119
90
79
193
134
95
169
79
136
120
125
102
92
151
143
131
123
186
149
81
147
159
115
163
144
125
146
143
98
116
91
114
87
112
151
127
120
147
150
130
115
116
174
135
146
95
112
126
119
124
117
109
98
122
122
137
110
141
82
91
148
128
138
137
141
103
114
119
114
90
143
155
129
116
126
174
111
134
96
106
102
104
64
104
89
83
102
66
93
73
102
100
77
88
67
97
95
95
117
95
99
102
82
99
65
68
64
100
98
140
68
103
127
76
151
103
108
143
118
113
115
150
111
122
101
110
159
113
113
818
139
109
113
90
78
110
138
147
110
92
105
121
157
114
122
119
107
87
100
97
124
84
108
79
110
106
111
148
124
80
90
119
125
121
75
172
114
88
123
94
118
110
106
121
129
113
93
127
153
91
87
79
117
85
108
143
125
74
119
158
161
116
152
118
134
86
123
101
154
1591
239
110
107
93
87
162
149
76
110
141
93
116
130
123
115
92
430
108
123
139
151
141
91
92
102
94
93
87
92
138
102
112
128
136
124
122
112
132
148
75
100
110
465
98
145
122
136
105
70
70
108
118
252
75
144
145
143
116
80
81
85
85
130
95
119
84
82
120
99
91
152
85
108
138
91
103
140
112
123
126
124
124
96
84
115
82
83
77
114
99
89
77
97
115
137
128
144
118
120
117
120
118
122
123
119
123
122
124
122
126
150
117
119
99
80
89
90
116
80
93
111
82
142
115
93
116
84
234
156
93
140
117
137
96
116
325
153
114
155
97
104
343
135
92
86
94
84
89
76
74
105
79
139
106
73
160
102
139
171
151
84
124
138
153
118
71
97
115
95
106
73
108
86
113
107
90
105
101
100
439
165
79
110
82
94
122
103
79
102
83
86
100
83
81
114
79
80
116
99
118
90
113
80
128
117
84
86
94
108
116
129
91
109
122
122
141
118
85
105
114
105
84
100
105
104
115
81
113
112
97
130
128
74
107
121
106
136
156
84
71
119
106
107
69
123
158
110
76
127
109
104
104
88
112
110
154
112
122
104
111
83
131
106
72
78
76
115
145
113
88
138
102
142
94
134
108
110
140
105
119
124
158
123
125
92
90
120
72
72
117
86
111
90
79
82
105
133
119
97
114
80
119
81
119
82
116
124
164
115
121
162
93
105
105
114
86
79
68
105
170
83
68
117
87
69
81
75
107
70
135
106
97
126
106
71
112
86
72
86
142
117
73
118
108
133
116
124
76
109
72
161
115
82
151
132
114
79
111
116
87
121
142
124
139
144
97
118
403
135
72
216
147
110
83
153
107
130
136
106
85
93
121
521
90
129
71
145
86
113
92
104
84
105
82
72
72
136
126
106
97
127
132
84
81
123
91
71
66
92
121
74
92
92
87
82
118
115
108
93
86
111
118
86
117
123
141
132
119
82
115
152
117
82
111
82
97
82
102
87
93
85
115
126
83
84
113
139
81
116
82
95
99
119
82
106
79
108
83
81
117
93
83
118
80
114
83
95
99
107
80
101
111
115
84
84
109
139
107
114
128
115
87
128
136
117
137
97
105
124
109
114
82
80
114
83
90
96
83
95
92
116
83
115
81
85
81
111
88
122
112
106
72
162
125
142
136
81
250
79
78
117
103
115
111
92
104
101
79
109
80
84
83
81
97
81
91
118
135
84
465
126
74
67
147
73
121
84
251
101
109
96
116
89
118
113
120
70
87
80
89
120
116
146
105
66
121
131
141
72
110
110
69
119
115
86
158
145
80
137
115
120
121
75
75
117
100
147
112
74
69
74
87
140
73
95
67
174
156
142
140
145
152
132
112
113
151
110
126
146
116
138
125
117
115
115
144
174
114
117
119
114
132
111
81
100
97
87
82
137
82
87
87
114
115
113
96
111
81
80
101
135
130
123
109
113
80
114
101
100
100
80
104
119
123
107
82
81
96
87
80
85
110
118
124
71
112
136
111
131
127
134
76
126
117
120
69
101
76
129
108
451
117
74
81
475
171
163
154
148
149
115
148
168
148
112
132
96
81
107
113
92
96
83
80
106
87
117
80
83
88
92
130
82
124
83
117
88
121
99
94
82
88
109
106
103
80
83
151
104
104
130
127
82
130
81
118
134
80
100
84
82
105
111
80
113
83
79
87
83
88
109
80
126
90
95
77
83
106
112
89
82
138
85
141
82
139
83
88
113
88
96
98
84
68
107
117
135
150
111
86
100
101
107
139
145
71
105
121
115
128
89
73
521
102
75
86
78
127
72
86
80
107
100
108
98
121
72
122
80
110
105
84
90
100
107
89
136
115
101
106
69
126
144
174
210
111
147
115
123
165
81
84
144
92
87
81
124
119
81
90
124
103
110
83
153
118
116
138
115
129
113
96
83
86
111
88
118
120
141
94
118
81
158
123
157
86
107
119
87
113
136
100
67
123
142
134
148
81
109
137
114
118
116
94
137
184
120
81
127
106
83
79
107
82
81
114
81
99
115
141
114
81
81
84
113
119
90
113
149
128
80
92
80
101
121
81
160
130
127
118
122
77
105
107
104
75
87
88
107
100
108
117
138
114
141
536
112
74
106
90
136
127
93
120
118
111
134
136
80
82
110
72
119
105
110
73
100
79
148
89
337
124
76
85
72
90
72
84
156
83
101
101
98
81
81
119
81
116
98
100
130
107
116
115
118
114
83
114
99
83
97
97
123
120
115
92
120
128
114
79
92
110
128
133
87
74
81
107
110
67
109
68
103
127
112
115
82
82
92
127
116
112
116
133
82
115
145
116
79
78
113
93
161
82
90
148
79
120
116
129
147
127
114
136
115
116
84
146
141
105
151
85
95
115
113
126
84
133
145
133
139
81
116
83
106
80
116
126
110
99
120
128
80
123
105
115
108
117
106
87
119
141
151
144
150
123
69
137
108
108
90
107
119
80
145
83
71
98
108
418
143
100
120
85
133
204
148
91
72
106
127
122
111
81
104
93
69
111
106
71
87
74
60
171
86
65
166
81
139
102
104
460
108
390
124
90
62
80
126
120
93
107
144
126
70
69
149
151
120
113
106
112
112
146
116
68
126
75
106
96
84
73
426
114
125
122
109
74
118
78
113
128
114
149
165
148
119
115
111
68
200
68
71
141
127
78
179
126
466
475
349
72
182
81
92
161
90
114
110
402
154
89
134
80
109
244
160
156
72
156
91
87
113
74
117
117
123
105
132
548
100
71
101
106
118
118
140
106
136
142
106
68
70
72
148
149
147
148
149
151
148
151
151
147
148
150
147
148
147
149
151
151
150
149
123
138
122
99
121
143
115
121
141
66
67
110
118
135
60
113
65
75
117
71
83
413
454
134
189
102
405
193
102
133
104
166
126
72
147
98
103
117
103
69
136
91
110
108
150
105
145
108
97
131
118
112
81
87
124
439
125
121
144
133
109
110
108
142
110
128
105
108
105
105
163
100
111
102
68
135
108
160
143
108
110
112
125
107
288
108
78
89
104
144
93
136
146
86
131
104
89
112
88
123
113
85
115
119
142
147
108
123
128
142
105
101
122
131
138
123
138
102
152
107
105
116
128
119
71
102
96
101
141
72
103
108
124
126
101
118
120
105
114
106
152
89
119
107
71
112
121
115
125
116
112
108
82
107
105
133
138
139
112
106
99
95
108
117
134
96
99
109
103
97
128
98
102
121
64
109
135
107
106
131
109
126
120
134
104
133
114
136
130
136
139
112
177
108
103
122
73
112
109
122
137
133
106
114
118
104
116
105
121
128
147
138
112
140
149
125
111
105
104
120
116
117
118
106
88
116
131
116
107
134
104
118
101
117
146
134
127
117
141
99
136
125
107
63
119
120
100
122
116
102
101
111
125
93
98
89
128
106
134
141
148
127
150
113
108
113
115
106
139
120
65
120
108
98
139
130
118
95
116
101
100
109
100
95
105
131
109
111
113
113
97
88
122
101
102
102
150
146
95
107
77
106
97
120
105
116
99
100
110
113
124
95
114
99
62
124
140
97
128
106
65
95
93
103
135
94
123
100
69
61
103
92
130
98
111
109
163
133
111
115
108
114
106
167
125
121
148
132
104
118
112
127
117
118
104
107
82
135
95
130
144
107
114
104
110
126
105
112
109
130
147
144
140
122
107
135
137
77
101
122
116
112
125
191
140
120
122
107
107
113
142
150
108
106
118
110
118
70
156
117
110
103
105
134
101
102
104
97
118
94
101
109
105
96
124
98
101
110
120
118
108
116
100
92
100
98
93
97
127
116
96
114
106
132
117
106
145
160
514
120
111
107
105
85
107
103
444
146
158
126
108
114
118
106
113
95
142
109
107
109
109
101
139
131
100
129
110
116
108
107
107
98
76
120
128
113
103
105
118
112
121
125
102
108
115
108
125
129
129
115
98
103
102
114
99
98
113
99
103
123
123
119
82
134
84
75
97
128
102
94
254
89
66
134
98
69
98
137
304
583
101
72
356
145
141
100
104
95
96
99
110
145
97
129
96
100
101
97
119
127
117
120
116
119
120
115
116
129
144
125
117
136
119
107
102
105
109
121
108
120
114
127
118
114
124
108
108
121
115
105
106
136
161
106
105
121
152
99
75
117
106
174
107
89
138
106
103
105
98
96
103
114
98
117
101
108
107
103
94
103
94
94
100
103
117
97
154
112
103
108
97
98
109
97
93
100
123
93
115
98
97
122
108
94
115
127
119
111
109
102
96
64
108
123
96
98
96
95
78
91
139
119
107
65
71
96
93
99
79
99
81
140
196
142
128
96
106
140
75
77
133
112
72
113
76
85
130
155
177
113
136
121
157
88
190
85
157
138
142
163
157
82
103
120
130
179
99
102
112
82
82
77
62
127
110
100
132
111
115
136
113
125
114
132
124
121
124
107
136
118
105
121
113
124
105
92
116
100
103
126
116
81
123
119
114
122
115
112
123
139
165
152
120
165
160
126
147
100
142
148
117
159
108
120
164
118
147
144
139
111
128
154
135
153
123
124
116
79
86
86
132
101
80
112
142
127
89
86
126
143
137
98
110
85
147
110
146
143
124
105
144
112
173
139
137
110
137
144
139
140
150
131
151
176
160
138
114
110
153
92
146
138
155
138
140
115
152
143
109
139
109
108
86
157
138
145
145
152
165
150
147
170
166
142
156
146
125
127
134
116
145
75
157
143
141
108
156
173
126
163
169
116
156
108
165
140
161
143
142
137
137
158
145
109
137
162
143
151
158
121
171
144
137
119
182
119
183
155
140
127
157
102
142
157
178
168
116
169
173
151
123
161
140
113
132
151
153
135
184
190
149
121
146
161
119
160
114
150
142
154
140
122
125
127
123
146
153
125
143
142
138
