165
166
159
147
111
117
127
117
148
111
120
124
185
156
154
113
150
238
111
132
123
150
139
164
79
122
232
114
155
156
169
161
180
150
169
185
163
153
93
154
140
171
274
181
109
171
169
183
141
116
147
101
162
171
175
81
135
202
183
205
191
165
169
149
127
138
157
125
636
78
124
271
109
160
122
155
139
150
121
173
149
141
113
114
178
120
141
433
363
70
135
95
137
167
195
302
145
155
159
116
118
157
139
74
123
234
130
432
107
127
72
132
440
127
168
125
80
462
403
399
257
149
116
125
119
148
181
146
158
151
128
139
146
133
145
103
118
168
98
96
83
97
91
133
104
142
123
131
109
104
99
99
124
70
84
83
72
72
150
117
183
152
145
143
451
104
443
94
185
396
169
387
97
281
169
114
142
79
459
165
150
125
132
115
124
125
125
116
110
113
112
115
146
111
144
121
116
119
122
121
161
86
128
72
98
78
120
124
99
126
135
83
111
121
76
119
110
127
112
125
143
143
198
129
113
168
75
161
128
135
121
121
143
124
127
122
124
204
453
136
113
106
146
82
147
86
87
160
146
119
160
126
159
161
171
178
164
331
78
111
107
101
135
123
164
124
122
79
129
159
128
156
145
113
135
137
163
180
162
168
154
406
138
125
131
117
127
146
120
78
76
163
153
132
77
126
136
128
125
129
127
148
155
155
119
165
156
128
154
119
125
124
152
113
125
160
115
156
158
176
114
141
157
133
131
163
138
168
146
147
162
149
151
145
175
174
146
111
122
113
124
272
179
379
173
167
162
84
146
162
156
164
122
156
159
109
160
162
158
142
151
158
154
159
161
156
153
115
121
147
157
156
142
162
146
150
145
186
186
161
162
136
162
169
167
160
180
172
158
190
167
152
130
180
105
134
151
202
104
111
117
112
184
170
89
167
138
107
162
182
236
152
189
107
156
154
148
156
216
170
431
97
139
142
128
165
131
122
134
152
153
179
140
142
130
134
123
77
138
115
131
134
151
171
68
128
107
109
140
108
84
112
115
131
146
149
126
147
164
160
159
152
119
175
152
125
123
170
162
112
98
122
155
134
169
176
151
146
125
170
326
105
109
173
71
91
71
112
141
152
162
123
117
190
120
165
151
71
157
113
158
153
114
175
122
142
164
180
156
248
141
171
167
161
109
179
114
188
193
145
112
148
113
172
122
121
161
177
155
173
165
71
131
162
158
147
127
132
76
157
136
129
131
141
130
124
82
304
81
131
96
125
340
154
112
129
179
110
103
126
396
162
110
125
146
136
94
244
209
139
137
294
146
178
112
99
140
106
112
175
129
78
128
422
87
104
454
419
117
163
147
134
153
94
121
418
156
151
165
130
156
143
182
168
170
173
163
179
159
133
116
127
128
111
156
139
184
176
134
175
365
160
132
165
86
166
130
92
167
153
118
136
127
81
154
172
178
378
165
110
141
105
153
130
164
146
171
151
93
331
129
120
152
163
141
140
144
144
149
126
158
96
161
154
88
159
162
157
153
111
127
184
158
145
311
117
176
159
108
74
206
189
118
142
415
115
177
329
78
101
74
363
136
136
135
89
122
115
183
160
129
175
162
147
132
147
132
114
120
130
134
113
132
144
148
122
118
147
150
158
126
144
137
115
112
110
138
86
103
489
82
110
308
227
318
97
93
426
454
178
125
130
170
90
120
82
81
143
148
136
136
130
130
172
155
290
454
195
159
130
110
154
130
421
222
127
135
123
96
133
163
168
112
141
112
120
136
126
132
163
116
130
154
146
226
115
125
450
125
413
82
86
141
116
98
401
126
118
130
208
122
428
163
437
131
77
342
149
81
129
134
69
109
310
118
142
95
132
109
141
179
109
97
140
369
139
144
157
124
146
113
111
147
151
147
136
134
140
128
155
162
166
160
129
156
129
158
155
123
134
152
152
165
157
139
137
125
127
122
124
129
141
129
121
90
121
119
132
123
109
133
214
71
81
131
133
150
119
116
167
138
139
113
136
167
133
148
150
111
163
162
132
158
72
96
80
341
178
73
129
434
387
444
471
158
75
82
143
78
156
138
351
369
171
120
136
165
124
126
126
129
145
115
100
131
71
429
81
114
175
161
171
78
103
145
75
129
298
120
135
79
73
75
135
128
126
133
74
126
136
115
120
141
74
157
132
118
134
437
122
86
86
376
204
92
255
197
77
436
121
355
124
150
137
97
431
164
333
132
82
91
139
93
109
106
109
171
345
74
109
81
165
127
474
139
121
142
122
71
138
140
137
84
74
441
76
377
125
414
78
120
80
459
147
95
110
74
175
74
129
182
124
178
157
116
126
160
141
114
116
125
147
146
112
113
114
113
139
123
128
128
134
133
113
141
139
172
107
128
117
125
88
114
112
127
117
141
156
143
116
128
145
156
115
119
126
113
123
164
148
167
156
139
129
111
121
142
326
147
71
71
125
129
136
120
73
187
83
133
119
126
107
119
131
89
129
90
134
156
124
148
121
133
108
83
120
128
117
146
463
239
109
135
131
146
303
71
122
134
122
116
170
142
155
160
220
112
114
139
151
160
123
140
127
140
125
145
123
147
129
150
131
114
167
114
124
167
121
84
85
147
91
132
83
95
161
138
168
150
109
82
148
173
86
129
359
168
149
231
195
113
129
124
113
152
122
113
152
135
108
125
126
141
80
121
103
103
92
137
152
162
84
162
121
113
138
164
161
146
147
158
131
161
124
116
145
178
127
127
112
94
85
102
93
172
106
127
148
127
92
129
159
171
119
118
157
164
118
504
198
111
160
138
85
75
87
214
146
111
123
167
117
124
162
142
128
137
140
113
116
126
148
74
121
186
115
144
98
131
107
103
116
119
152
168
85
109
119
168
90
118
172
472
141
147
120
144
145
85
123
107
128
149
175
169
159
125
183
131
79
156
133
156
125
163
146
142
129
130
118
157
123
128
112
162
81
93
133
139
118
84
158
80
114
82
110
115
155
153
114
157
150
136
110
117
100
113
165
80
87
82
156
166
129
116
88
119
134
116
112
122
113
154
156
129
79
86
121
119
132
101
110
158
148
124
113
131
122
165
117
119
118
129
132
129
129
159
144
76
124
121
146
80
120
118
111
170
83
133
109
126
120
124
114
370
363
390
179
164
110
172
136
95
137
162
119
153
130
79
172
131
82
119
397
99
154
160
128
157
120
153
162
125
144
121
133
118
121
120
128
114
134
114
135
138
115
169
130
112
158
135
125
150
158
144
145
135
109
110
120
153
160
130
128
129
125
126
134
120
168
128
122
162
128
125
123
122
130
151
156
125
123
153
158
134
170
123
177
158
155
151
150
160
148
165
149
149
151
148
160
152
149
149
147
150
149
149
150
130
122
123
133
161
122
152
168
123
122
126
123
119
85
114
130
146
157
125
130
117
126
142
125
132
94
85
141
113
176
157
153
152
132
131
96
113
132
132
171
128
174
113
146
158
92
105
133
140
122
114
144
140
129
120
210
113
122
124
151
159
150
134
164
163
151
120
120
113
176
129
152
132
123
149
120
128
144
140
176
130
83
92
88
95
112
110
116
133
146
159
78
128
104
122
126
117
89
115
160
140
124
124
118
132
123
170
88
128
160
122
163
102
152
111
148
117
106
130
174
121
155
125
82
166
121
162
163
143
84
158
122
96
140
121
147
164
124
138
133
111
82
123
132
75
83
128
99
100
133
131
124
128
122
90
101
147
120
171
161
159
145
123
139
138
128
141
153
96
146
81
124
96
146
163
87
266
119
122
80
140
126
89
84
116
76
113
145
177
147
140
116
145
145
110
488
88
130
97
84
132
113
130
132
131
102
122
127
113
125
124
84
116
126
161
152
147
154
133
120
155
158
119
117
120
121
127
122
127
153
132
152
154
148
112
146
147
134
170
130
146
139
112
146
112
129
154
169
120
112
113
158
117
162
116
159
138
152
114
151
155
151
132
117
131
78
90
105
94
83
122
114
164
125
164
160
134
149
338
164
80
82
79
116
164
114
139
346
150
124
113
105
86
135
137
148
110
130
111
142
114
126
155
119
131
158
154
153
131
125
153
123
133
119
153
153
161
111
126
164
79
162
138
151
162
115
99
113
157
85
154
115
131
139
151
158
147
115
129
118
145
128
101
117
129
132
79
79
106
162
131
127
150
125
149
146
161
127
122
120
122
127
125
126
127
130
157
156
164
149
133
130
155
92
77
145
165
163
140
126
106
151
125
125
120
118
152
130
77
180
132
141
133
196
117
166
137
114
145
134
113
158
122
117
169
141
152
127
134
117
118
122
132
123
119
173
132
146
125
119
123
131
123
112
122
152
159
121
146
125
122
150
115
129
150
181
176
78
120
151
103
113
123
118
133
153
150
156
115
127
169
164
126
122
117
161
124
129
176
147
152
128
98
110
128
156
119
128
127
126
104
95
115
99
127
97
123
181
154
122
115
150
166
117
134
128
90
91
132
158
130
140
146
158
115
164
111
184
133
161
337
172
170
139
157
175
155
148
168
150
161
149
155
118
177
152
163
122
123
96
170
186
158
165
146
165
172
375
85
156
110
102
83
123
145
138
135
112
150
80
78
119
159
142
132
124
123
127
81
104
86
85
148
124
123
125
126
108
112
96
120
129
152
158
83
114
104
149
119
95
133
73
131
140
99
162
115
159
161
150
175
131
179
148
117
176
183
133
132
351
175
162
152
162
90
77
83
102
86
76
133
117
165
126
219
151
132
117
111
157
90
121
123
132
153
150
126
127
125
135
113
93
93
128
108
125
113
89
116
134
137
151
178
147
150
115
172
94
165
112
107
151
90
115
130
96
133
171
118
147
173
139
117
152
159
192
155
146
148
150
147
137
80
91
124
144
98
71
123
82
107
176
123
160
83
129
120
114
147
147
158
152
123
92
80
109
133
139
126
142
146
161
172
137
147
152
130
115
133
134
133
124
131
125
129
120
137
116
129
148
114
113
155
121
158
119
164
127
152
174
127
126
156
131
124
154
150
117
95
89
81
152
107
168
104
117
139
131
152
134
165
125
149
144
129
121
132
118
168
164
111
118
88
88
95
119
117
150
153
128
158
155
128
119
126
144
147
119
147
187
167
89
113
161
86
80
132
176
148
126
124
197
149
146
162
121
133
119
111
131
149
117
116
148
110
123
131
91
157
125
134
121
122
208
129
98
128
117
158
127
127
111
111
115
137
152
157
117
114
119
133
136
161
150
125
148
133
151
154
133
170
112
119
150
101
139
134
107
106
108
127
123
80
86
131
151
145
156
184
119
164
117
133
148
154
153
129
149
132
113
135
153
124
125
158
118
94
97
116
133
136
113
154
154
118
117
120
109
146
153
133
117
140
119
135
125
111
125
169
155
133
127
117
112
127
111
84
179
114
166
145
127
123
76
157
159
155
132
132
102
136
146
145
145
116
157
128
123
165
166
154
157
132
149
126
113
123
114
127
145
165
124
121
118
150
144
100
102
135
134
120
118
113
113
111
91
102
136
117
146
129
74
82
117
115
147
155
102
97
147
166
92
96
138
155
88
142
142
169
147
123
101
75
106
96
134
89
127
125
130
160
123
129
118
125
112
113
115
139
121
138
113
113
117
153
127
137
117
112
125
146
152
123
158
125
119
121
114
123
146
129
122
125
130
112
121
115
112
168
111
149
147
121
159
126
125
166
118
153
122
120
151
149
165
151
112
133
116
169
116
132
160
141
111
177
130
171
116
126
148
131
123
121
146
92
147
125
111
115
144
88
84
86
131
89
116
147
112
168
127
150
130
151
82
114
87
143
90
145
115
160
158
116
251
164
160
114
88
162
159
126
452
138
76
128
115
151
179
139
134
97
115
385
176
117
86
152
136
144
116
85
151
168
131
136
159
113
116
119
135
82
93
93
124
114
78
156
146
76
98
140
182
153
177
134
119
128
123
143
126
160
127
119
123
123
157
117
143
120
108
114
149
142
132
150
147
145
163
142
116
142
109
143
153
131
128
112
120
119
124
112
110
122
143
137
145
109
105
149
107
167
160
112
134
129
113
143
167
116
156
157
141
111
159
152
116
148
160
119
112
140
96
113
122
110
116
121
148
234
119
126
152
163
150
132
115
177
110
112
97
93
142
117
153
117
150
111
119
117
127
161
138
120
107
100
142
165
159
111
115
107
148
125
128
126
159
184
114
112
208
135
123
156
147
108
121
141
113
149
111
151
109
148
111
160
159
128
148
112
139
139
113
177
153
152
131
109
110
162
158
120
115
87
140
143
145
166
167
141
87
113
140
157
126
132
117
118
95
135
74
143
125
156
176
164
123
128
97
124
148
138
111
141
118
153
162
135
119
120
115
113
141
121
111
126
148
141
114
131
153
147
88
78
118
83
316
139
114
117
118
158
268
149
149
119
125
166
163
154
157
145
186
153
206
161
155
148
164
130
117
116
114
146
152
149
151
114
132
147
145
145
152
115
112
120
111
162
129
119
152
142
121
154
164
148
146
130
191
159
157
155
158
130
114
126
126
152
162
157
123
132
148
119
159
148
118
122
114
145
131
112
120
154
113
118
158
129
148
115
113
173
112
118
146
151
117
134
145
133
149
147
125
112
153
116
144
125
122
121
155
169
111
183
136
125
158
127
128
111
112
141
123
161
125
116
130
130
155
114
125
120
131
124
143
111
119
112
125
148
163
113
111
143
131
141
82
83
84
144
96
111
112
115
157
194
112
327
123
128
103
74
122
135
124
171
147
147
147
123
152
124
116
150
145
117
184
154
113
154
119
166
110
177
111
121
147
127
113
119
116
166
82
91
112
113
94
148
131
147
125
151
120
85
118
130
128
176
158
110
152
133
115
116
118
74
130
112
162
85
95
122
116
116
132
121
80
167
148
141
163
118
147
146
147
160
150
145
148
155
113
168
124
127
140
162
155
93
99
101
78
93
71
82
62
131
131
74
99
72
110
177
128
141
154
117
119
125
118
123
153
155
154
129
120
148
126
118
130
120
146
110
113
126
117
120
112
113
117
161
112
125
110
115
108
111
111
118
81
111
82
115
114
73
82
108
110
120
125
86
74
90
124
79
82
83
107
120
92
95
120
115
84
78
116
81
85
130
111
102
82
75
79
92
108
138
118
107
120
116
120
148
164
153
153
77
110
115
77
126
107
111
83
83
113
75
111
105
121
125
83
102
112
137
85
87
127
94
91
82
88
143
81
74
110
111
155
122
146
126
111
151
164
169
117
112
145
159
145
117
146
126
139
112
155
116
126
162
140
119
122
92
75
91
94
81
88
93
73
134
78
477
152
127
252
128
154
100
365
146
152
103
102
117
106
111
117
112
109
110
105
105
105
121
101
110
142
114
111
119
133
125
151
116
121
126
143
140
95
100
118
147
130
102
99
129
109
125
144
77
120
79
132
91
91
81
89
92
92
92
111
123
79
96
80
113
86
112
137
125
156
147
152
143
112
140
104
110
125
141
115
119
104
99
126
129
108
126
158
118
156
141
106
66
72
116
119
127
74
92
138
111
111
123
132
114
137
133
135
137
110
110
87
73
117
125
102
85
74
81
84
86
92
71
90
74
299
102
100
83
80
73
72
73
76
89
89
109
77
69
80
75
87
79
65
73
91
71
90
71
69
97
74
90
80
93
75
95
110
70
92
116
73
71
91
119
81
68
75
74
80
74
64
86
104
76
130
113
120
148
156
149
157
148
146
147
153
145
151
151
150
144
152
145
152
151
151
145
149
145
115
124
113
121
112
115
108
125
150
100
109
139
111
99
78
114
79
78
78
81
127
78
115
95
82
78
77
78
81
81
114
114
123
94
115
107
84
74
99
109
104
107
88
72
152
102
114
106
102
122
96
107
141
406
71
80
136
71
114
134
97
363
118
168
116
80
79
116
80
110
80
87
84
80
107
111
100
90
125
109
106
84
72
80
106
73
136
118
147
124
152
137
124
116
159
98
83
84
91
92
123
118
78
106
81
108
86
114
133
98
89
81
118
93
96
106
122
114
82
81
83
85
131
129
79
110
219
450
151
174
135
141
80
118
110
94
103
107
88
173
151
103
116
129
220
301
85
110
130
560
85
109
108
80
76
104
115
132
150
130
125
135
103
130
128
131
92
73
76
127
69
101
85
107
114
150
137
118
107
105
128
76
71
82
93
89
129
116
135
68
106
100
122
110
72
68
111
160
109
69
78
81
93
70
87
93
85
113
103
92
71
82
70
123
111
156
121
155
127
145
119
150
128
123
120
147
171
114
187
106
266
114
151
188
103
386
315
77
77
131
109
80
92
105
101
71
75
88
139
219
409
182
177
1773
121
304
162
167
106
263
168
446
170
192
110
117
137
103
91
464
362
189
133
110
409
138
77
238
118
91
483
417
119
82
135
377
345
467
73
133
151
165
116
117
131
114
114
121
139
126
126
118
114
160
112
148
166
130
165
138
367
349
318
159
152
124
109
434
145
435
158
131
107
103
135
91
111
83
120
172
160
159
116
114
134
145
122
128
162
115
154
152
118
115
125
110
125
115
115
130
140
138
113
157
135
126
157
126
132
132
132
115
127
128
124
151
111
116
146
151
147
119
113
147
167
177
118
135
119
159
117
130
132
113
131
169
153
155
161
153
162
165
164
145
154
119
116
112
187
173
157
134
109
128
133
131
130
123
137
124
127
125
156
156
142
120
119
120
126
125
130
129
130
137
120
150
153
157
135
159
114
132
148
114
113
132
159
147
126
120
154
116
152
134
118
157
158
163
175
198
111
131
142
158
130
125
164
121
112
155
129
117
109
123
143
143
155
153
115
132
119
116
119
120
154
163
159
118
158
121
122
164
115
134
116
110
120
108
146
118
158
147
174
145
164
145
116
150
142
107
144
155
111
134
130
129
128
153
156
148
115
124
113
162
156
149
147
118
124
148
125
150
151
116
233
123
121
73
98
127
131
139
98
82
84
164
128
150
177
151
154
121
124
122
416
198
119
130
192
177
118
122
124
158
172
118
162
148
108
146
129
120
126
121
122
117
133
127
159
151
155
149
125
148
153
114
126
162
156
172
118
139
94
68
144
78
93
98
418
119
116
166
147
154
151
146
122
115
113
125
107
142
137
155
130
118
131
130
158
162
161
178
126
120
138
123
170
138
164
119
124
116
114
137
121
157
164
146
129
117
123
147
167
127
127
147
119
121
142
147
123
110
121
116
127
113
130
112
160
170
163
128
131
129
114
154
160
129
157
122
154
126
111
163
162
120
122
119
124
121
155
129
138
123
151
154
162
146
115
113
123
130
132
127
152
116
171
157
121
133
122
121
116
148
128
122
122
117
114
119
162
153
143
150
160
156
134
124
93
165
160
73
71
99
121
94
121
125
166
142
109
119
136
76
128
75
134
300
103
117
122
130
116
127
124
126
151
147
133
120
120
127
134
112
117
169
153
134
463
115
155
414
123
148
152
73
459
96
138
140
140
132
176
92
416
109
140
117
433
152
122
148
124
160
120
124
121
123
134
132
130
144
126
150
112
117
162
157
115
139
149
132
122
124
152
152
112
148
145
135
441
170
164
326
138
121
92
301
136
84
260
92
99
86
327
432
131
134
162
110
458
120
136
117
119
234
473
141
74
458
331
142
308
133
173
75
438
490
428
103
205
148
109
128
537
67
199
299
437
144
452
489
461
409
133
72
445
358
474
447
101
81
163
208
129
88
137
89
91
321
118
126
140
101
116
130
171
153
163
118
131
147
119
157
114
142
116
112
125
148
125
113
128
131
204
407
130
149
138
123
228
122
348
147
91
244
144
82
82
104
136
107
74
381
75
155
148
132
134
74
88
384
381
91
128
93
126
120
125
70
120
102
89
131
132
143
141
147
119
457
120
165
359
460
120
353
132
154
82
129
138
132
132
74
409
144
102
131
151
98
268
186
135
92
444
397
73
432
466
398
146
225
68
179
158
151
136
146
151
127
116
147
118
114
120
118
136
120
132
116
121
130
131
136
152
155
119
153
114
147
154
147
125
152
113
114
126
144
154
164
274
209
443
404
318
160
163
128
144
149
334
344
111
415
120
86
115
228
161
114
97
142
83
331
377
135
173
170
99
120
96
131
111
450
134
122
111
110
117
113
132
116
112
144
133
128
119
155
145
130
110
411
122
133
89
462
95
129
72
135
132
178
120
129
130
119
130
140
141
121
527
165
95
119
115
121
134
123
118
152
137
131
115
126
119
122
115
167
132
117
138
100
124
138
121
461
110
125
100
417
174
147
344
402
113
457
365
154
187
142
147
495
388
84
107
179
111
102
137
122
412
161
140
121
118
123
151
124
131
119
118
149
149
191
180
138
139
105
421
509
386
194
165
257
139
190
126
122
82
115
162
143
431
172
164
152
166
126
141
122
109
121
107
148
164
205
142
128
151
175
150
118
187
159
108
119
122
158
144
152
119
123
113
155
175
116
113
117
116
132
127
164
154
114
148
137
125
127
123
158
113
112
116
161
130
145
154
124
141
145
143
153
152
106
153
135
110
118
132
128
117
128
153
127
120
130
124
120
141
114
114
120
112
200
174
152
145
119
129
123
153
127
109
143
157
118
127
149
123
108
190
129
123
164
161
126
111
127
114
127
119
128
123
157
121
124
148
119
114
125
111
132
112
125
110
163
118
129
114
155
134
176
117
119
111
126
110
117
114
129
126
136
133
134
136
143
119
133
115
128
120
139
114
135
124
124
112
125
114
150
109
140
158
118
155
120
133
108
121
122
119
149
128
188
155
147
133
159
160
124
126
127
150
144
151
150
146
154
151
144
154
143
144
144
116
157
118
159
117
133
129
126
147
206
147
129
123
146
128
143
123
106
124
121
148
120
130
118
110
156
148
162
119
116
123
116
139
150
130
120
114
147
113
156
117
116
112
123
135
128
123
114
119
130
133
110
114
111
113
131
117
160
112
110
122
114
151
174
147
127
116
125
122
152
112
122
127
126
125
114
174
169
147
120
126
121
146
159
113
154
142
130
151
122
164
146
112
122
125
138
114
163
111
131
125
130
119
124
113
128
130
144
153
149
118
147
145
150
169
130
121
120
155
150
142
156
147
147
148
118
114
197
125
145
128
146
143
149
129
115
135
121
148
154
169
117
122
124
118
131
111
107
163
149
113
161
124
162
148
125
155
130
145
143
163
151
144
165
141
208
112
117
147
153
145
144
162
146
142
115
165
142
165
125
149
158
113
138
151
132
128
118
118
145
113
122
132
149
118
114
118
125
126
137
154
155
148
158
169
135
145
121
128
164
156
141
167
163
162
114
125
156
195
113
122
124
111
149
112
138
119
119
116
118
162
111
121
155
167
124
134
115
162
154
163
150
149
157
114
143
120
114
126
151
117
127
124
119
109
147
150
157
162
186
121
125
114
153
154
120
151
117
119
119
114
115
112
133
131
119
189
152
145
123
132
117
146
129
172
144
145
145
131
111
127
128
151
151
148
114
130
133
145
114
124
165
118
150
152
165
162
147
123
123
121
109
115
138
162
122
144
150
108
114
184
117
135
122
151
152
166
119
112
113
117
135
143
151
116
122
111
151
166
122
114
112
167
111
161
149
150
166
159
164
132
128
155
114
170
161
160
123
132
123
124
108
110
166
124
117
121
157
146
121
119
123
114
111
125
118
131
122
136
134
115
149
165
119
114
145
120
147
163
118
142
143
144
118
142
153
159
124
146
143
119
109
163
166
149
152
162
143
156
159
121
119
112
147
132
118
108
117
115
149
117
118
120
128
133
115
130
113
115
119
131
114
117
113
118
114
144
118
117
119
112
114
141
186
147
154
152
147
162
157
173
121
125
187
148
157
123
168
147
193
176
129
117
126
151
144
129
112
160
124
128
166
132
119
119
155
112
130
148
145
109
161
164
167
158
147
124
151
146
154
192
155
118
119
145
125
156
191
131
142
121
142
160
132
157
142
191
170
155
143
116
124
128
107
162
148
130
118
109
114
114
116
113
153
149
151
110
128
152
148
144
161
161
114
115
158
113
118
121
159
116
147
152
134
150
120
124
131
161
145
136
128
158
134
130
142
121
113
107
122
116
125
116
126
109
157
109
116
134
115
119
125
113
152
191
160
153
129
147
114
147
151
149
108
160
119
120
114
167
153
141
168
167
147
149
175
145
142
116
111
128
157
151
130
125
131
122
153
163
154
151
126
111
149
141
148
149
157
166
146
169
150
160
153
116
118
112
110
118
141
117
117
146
179
124
155
165
147
145
148
146
146
178
117
165
152
135
108
149
107
155
154
121
117
113
153
152
155
156
143
171
142
154
155
109
150
145
156
182
147
147
114
115
115
123
125
142
128
108
145
142
113
127
147
121
123
126
123
118
122
133
147
148
153
164
114
136
131
121
111
110
143
148
131
118
120
150
118
155
120
169
159
150
119
119
117
127
156
123
147
145
145
147
115
117
121
159
152
123
129
123
118
117
115
149
115
120
134
122
165
118
146
124
122
146
136
136
159
159
159
148
126
124
130
136
113
124
126
129
161
120
157
120
116
123
130
114
124
132
154
117
164
113
120
155
147
114
121
114
119
136
141
122
120
125
113
149
119
121
115
153
165
124
150
147
139
135
111
128
126
161
128
170
187
145
143
145
151
163
155
151
157
150
166
148
155
133
112
155
131
117
145
168
142
115
154
161
114
115
122
115
114
118
109
118
148
146
150
141
158
148
123
122
115
147
115
110
152
123
106
126
107
157
147
152
108
153
160
122
136
159
118
113
125
130
132
129
129
115
136
130
122
182
113
112
126
157
116
114
144
174
119
113
126
115
116
131
118
115
121
124
130
118
155
146
115
114
167
117
144
153
111
120
122
141
129
120
125
154
144
119
129
133
147
153
143
156
129
133
130
124
126
135
124
121
155
146
155
169
154
121
133
154
166
168
147
128
120
110
186
185
115
120
118
149
162
145
128
165
152
150
171
183
131
151
149
118
108
153
163
166
119
170
152
119
157
156
147
161
127
208
145
112
109
140
109
167
141
118
130
124
146
157
180
125
157
226
112
131
129
113
145
180
165
134
116
118
115
118
123
126
159
149
157
133
161
147
111
128
130
130
108
149
148
141
119
114
114
144
115
112
120
108
111
110
119
153
132
109
145
126
125
108
118
139
150
130
113
154
167
114
117
126
160
147
112
146
118
152
139
121
123
127
115
147
150
118
145
146
152
130
122
126
154
154
115
166
119
126
115
110
131
148
146
169
165
148
148
142
147
110
116
126
114
124
161
148
119
122
186
144
153
111
111
168
181
144
157
117
112
124
164
117
125
185
142
155
158
121
127
154
153
129
119
158
129
156
124
143
117
136
122
130
153
155
149
134
135
115
114
121
149
141
120
113
119
116
114
119
114
116
116
117
116
121
113
159
129
166
123
157
149
149
156
120
138
126
154
147
122
139
112
116
127
117
125
124
150
122
120
132
169
130
118
116
113
114
132
144
149
116
158
123
111
146
178
148
152
122
120
108
372
128
132
427
423
149
171
153
129
116
156
134
128
147
119
109
106
134
117
128
124
126
148
186
452
111
134
72
115
264
171
115
456
129
157
86
120
96
183
296
174
147
119
128
112
145
161
145
119
147
132
166
163
146
127
147
133
121
111
126
158
148
155
163
127
128
127
131
127
127
123
111
131
113
115
150
129
157
124
153
148
127
137
134
172
133
113
113
120
117
146
113
148
156
121
114
121
113
170
136
122
165
167
156
145
146
168
150
162
170
146
116
158
149
163
154
126
127
133
131
134
116
184
107
162
152
162
107
181
147
163
161
116
144
162
141
114
117
155
107
149
127
122
124
116
172
118
150
147
155
165
112
115
125
119
118
113
139
129
154
162
153
160
113
119
115
129
146
155
123
148
113
119
117
124
112
182
148
152
127
138
163
161
137
118
134
150
116
126
132
114
117
160
116
129
108
116
125
151
167
119
127
119
116
128
149
123
126
159
153
156
151
136
162
157
147
166
131
124
117
124
139
137
157
114
134
126
82
400
85
72
111
322
291
191
133
112
160
182
459
433
138
107
107
527
182
144
108
431
128
417
135
131
145
121
162
151
131
130
131
128
120
75
116
82
144
77
120
340
75
388
134
195
78
101
461
117
252
153
125
120
132
155
537
95
126
118
499
121
311
130
166
96
405
105
99
260
90
145
145
117
380
125
168
117
141
144
133
74
115
181
75
130
90
341
174
117
317
144
128
124
187
491
147
108
430
443
121
450
176
147
142
155
114
122
109
154
151
122
185
112
113
123
130
140
172
157
113
132
140
150
185
163
131
149
158
131
121
116
181
148
118
135
132
156
155
115
126
135
148
132
115
126
121
157
119
148
121
124
130
128
157
149
149
117
113
117
112
115
113
129
112
116
118
138
119
152
130
147
145
119
156
121
110
121
128
123
117
198
133
129
138
202
342
173
131
82
454
180
451
343
160
111
421
157
83
122
436
404
93
172
136
130
113
130
145
124
124
151
149
147
152
131
112
118
166
162
131
125
166
158
145
121
160
152
134
154
119
173
111
115
125
136
120
115
114
128
124
128
113
113
115
124
122
131
122
135
128
125
150
117
145
146
146
149
164
148
148
126
118
118
115
121
118
118
116
144
89
150
162
156
124
154
115
124
110
131
146
160
145
158
112
123
142
114
157
130
157
128
168
149
114
160
105
151
118
147
164
150
153
130
101
103
128
124
161
98
80
82
143
148
131
84
117
112
444
178
149
101
130
121
80
130
111
142
144
226
427
176
111
163
123
103
166
126
119
162
114
149
146
146
120
145
88
68
80
152
120
116
118
113
111
148
114
156
102
122
136
120
163
84
111
125
95
116
104
129
121
121
163
157
108
137
145
151
142
110
113
121
144
155
145
155
109
132
146
159
71
74
119
76
132
136
277
107
81
346
154
146
110
144
121
119
95
501
431
519
178
109
152
100
430
134
129
109
106
99
160
174
95
162
110
143
128
164
125
108
156
124
186
166
206
126
93
128
120
126
116
116
174
127
110
107
118
179
145
140
126
106
151
169
98
101
114
155
115
65
481
386
100
136
162
269
145
98
129
116
144
123
181
315
133
157
115
108
419
113
93
391
128
443
158
108
119
100
95
173
164
126
112
472
109
126
114
113
124
161
140
154
167
150
101
126
170
162
107
107
135
152
146
166
182
153
185
119
168
162
127
65
381
709
571
112
186
125
106
130
101
119
119
114
147
131
116
99
141
130
140
133
132
158
110
126
139
106
193
428
139
146
108
105
173
69
77
84
106
103
141
159
110
141
69
153
80
127
134
107
70
112
75
152
94
79
105
101
108
126
120
191
124
109
110
107
112
122
148
157
158
321
126
154
177
166
111
125
150
68
156
103
123
109
151
122
148
156
147
116
117
131
146
109
106
161
116
115
105
129
142
118
108
94
85
131
119
107
123
114
99
119
120
165
112
131
116
156
148
78
81
155
117
165
145
108
111
125
150
113
109
151
125
149
347
124
114
136
69
134
80
147
126
164
163
158
131
164
86
145
187
143
111
118
109
83
69
88
108
141
125
164
88
77
470
448
108
260
146
155
206
154
149
157
149
158
151
156
151
155
153
156
151
155
150
159
202
158
93
159
107
139
118
159
150
499
564
418
362
132
130
114
153
154
116
187
114
138
124
112
90
157
147
134
120
156
134
131
116
157
69
162
144
144
114
71
113
70
146
128
132
125
163
78
124
180
128
199
116
164
117
513
134
121
154
136
171
112
109
105
108
140
138
131
136
107
109
101
147
134
93
115
169
121
113
109
106
139
125
129
144
133
106
115
157
116
104
147
113
97
113
106
119
99
127
129
100
106
131
115
131
113
162
106
117
126
127
126
120
157
136
114
125
156
127
135
114
126
163
125
150
145
121
109
124
125
110
123
174
113
108
140
123
118
154
148
151
144
126
145
135
133
153
135
112
199
126
117
106
121
124
149
155
140
149
105
144
97
127
128
110
128
124
135
188
109
109
146
131
105
102
131
121
119
141
150
112
117
101
97
117
117
112
130
163
164
142
132
147
113
138
104
148
144
148
152
162
142
142
142
149
166
161
145
148
169
164
141
154
101
149
108
160
113
155
168
118
112
133
151
150
171
111
149
149
163
106
158
113
147
129
160
116
128
113
166
117
141
124
148
134
166
121
113
146
147
173
135
148
131
127
133
123
136
133
147
131
117
109
132
104
101
145
115
130
149
107
197
140
108
136
172
137
143
143
145
178
146
160
155
160
115
126
123
170
128
113
157
146
159
149
128
114
138
110
113
158
144
144
145
141
220
158
166
158
134
130
145
108
146
193
159
141
117
159
127
162
147
164
104
168
206
149
149
142
135
130
140
127
163
158
148
148
132
168
105
121
142
166
143
166
146
146
128
111
157
143
147
143
139
106
139
155
154
155
130
118
107
157
111
105
152
139
155
179
178
161
144
165
121
143
166
151
148
159
143
178
154
142
179
157
147
153
117
155
181
146
108
121
141
147
107
131
147
150
142
149
158
144
140
107
165
121
160
147
155
142
151
155
183
117
180
144
127
146
143
190
137
177
110
152
147
140
142
175
162
142
157
167
149
141
128
116
151
126
105
106
148
104
147
143
146
150
155
160
175
109
151
112
159
113
117
155
144
114
171
143
182
165
119
114
147
152
147
159
112
127
161
165
153
144
184
145
124
134
165
90
126
132
119
100
128
127
110
112
83
121
149
146
140
146
103
118
137
102
137
121
132
109
126
114
132
116
104
99
111
167
103
121
138
113
145
114
108
114
134
228
148
143
133
108
114
112
127
107
150
126
125
141
148
100
79
130
148
183
124
122
158
160
108
163
144
142
143
146
145
143
134
108
111
137
109
114
135
118
106
143
137
112
103
114
100
125
155
146
63
114
160
167
142
128
153
122
157
148
129
108
150
522
115
148
133
112
184
153
121
158
105
142
106
107
110
119
149
179
177
173
111
133
261
107
141
130
159
126
156
162
137
119
135
132
125
149
146
132
131
181
143
99
357
117
160
125
105
134
158
160
277
149
117
141
154
153
150
90
143
155
145
144
120
135
114
125
114
159
135
133
162
138
117
137
123
128
105
131
156
140
148
183
159
108
99
113
108
144
117
129
105
110
161
144
133
111
125
147
109
154
133
111
106
91
129
117
157
156
123
122
150
148
141
150
157
147
111
163
151
156
119
130
113
113
133
191
155
142
112
104
142
127
110
133
118
117
115
135
114
121
117
114
118
158
154
134
134
152
124
119
120
151
155
147
127
133
127
129
124
129
155
168
116
89
89
88
131
161
106
253
155
105
75
349
167
205
173
77
129
144
79
138
142
201
164
155
144
110
145
117
111
129
146
143
156
147
173
120
134
124
82
125
83
123
473
79
137
99
91
102
81
467
130
109
409
132
116
389
449
464
215
89
167
118
73
124
82
190
145
115
105
133
110
154
158
147
89
128
125
161
133
142
135
120
66
125
149
116
139
95
127
122
141
143
155
119
147
130
153
162
122
151
150
150
167
156
169
151
146
158
152
147
143
154
122
148
140
82
96
104
162
111
149
122
121
158
162
161
115
117
153
196
143
122
160
128
116
123
127
118
135
148
111
130
163
153
157
149
180
117
120
141
158
167
124
129
145
132
186
122
111
109
156
141
93
103
105
112
105
83
132
133
132
146
102
105
116
157
165
141
111
116
133
159
108
120
117
121
155
120
126
117
168
150
150
125
117
148
117
120
129
145
172
347
111
137
133
109
167
257
127
73
83
373
126
114
126
175
172
125
126
112
78
75
167
159
68
91
89
105
460
405
85
356
164
129
135
113
143
123
161
148
135
152
206
122
156
116
132
193
137
148
145
99
128
180
137
124
110
73
151
177
110
160
130
108
142
151
174
112
116
131
111
69
169
164
80
116
133
137
140
116
114
119
108
138
115
124
99
93
80
127
159
166
122
133
159
142
145
111
127
153
172
144
145
133
111
108
166
164
167
155
119
153
108
141
171
166
147
162
146
95
162
123
157
119
91
83
128
139
191
163
435
177
143
82
122
177
121
107
129
82
128
119
133
128
123
59
129
147
153
134
160
149
146
155
149
141
156
190
161
148
116
148
151
146
128
142
156
109
111
100
114
145
147
111
146
143
106
102
149
142
146
150
149
150
148
105
138
166
111
108
119
146
154
144
158
153
177
116
168
146
158
120
106
140
124
117
122
146
154
142
167
112
114
218
117
105
117
107
165
154
129
145
138
105
140
133
115
142
143
106
165
159
143
155
141
116
131
111
105
140
138
129
152
103
118
118
129
380
79
117
131
143
473
94
360
128
120
307
334
174
126
158
325
163
109
115
145
149
168
165
167
103
114
75
109
188
151
112
153
71
118
131
110
78
80
125
122
151
156
107
123
119
118
180
159
136
124
112
83
399
444
363
149
153
111
113
218
139
104
145
66
121
111
121
82
83
116
137
77
139
167
127
174
174
114
124
122
147
129
128
68
906
62
251
145
83
119
126
174
104
66
112
153
131
100
101
123
113
117
103
118
156
127
74
96
117
168
89
116
140
100
111
108
161
172
113
111
127
169
102
77
130
69
105
158
142
116
107
135
101
190
63
163
123
125
127
134
102
78
299
148
79
71
127
96
169
77
111
162
171
156
106
109
131
95
135
79
78
88
107
165
106
114
117
145
152
144
155
148
144
144
140
131
150
154
149
172
147
132
144
122
146
112
119
128
110
123
128
126
114
116
118
125
120
131
123
110
125
116
113
121
126
110
109
111
107
130
130
168
150
108
112
116
109
131
113
82
143
85
92
102
163
136
128
148
119
151
173
157
177
114
108
93
168
120
129
158
111
138
119
135
116
119
119
125
112
119
112
83
83
138
128
81
95
140
109
105
87
137
140
137
155
127
152
160
120
64
101
116
119
84
124
119
118
130
183
102
132
88
117
108
156
134
165
118
115
104
76
122
113
126
144
124
91
105
115
71
135
135
121
106
71
133
348
79
136
114
98
110
220
137
106
157
131
143
120
136
111
121
132
83
79
111
103
306
71
72
158
143
328
137
136
109
74
100
163
179
142
138
118
146
136
131
188
181
115
119
112
181
446
158
94
168
182
136
86
79
172
125
98
134
118
163
195
136
149
110
122
178
127
101
144
139
135
86
87
114
73
126
165
107
100
124
91
75
140
108
89
149
102
129
240
123
82
131
150
80
129
199
139
199
109
138
138
109
156
107
106
190
120
116
110
124
162
63
122
113
122
108
158
115
70
102
123
144
124
173
69
128
424
119
123
102
165
161
126
93
115
131
143
165
119
80
155
88
124
157
155
165
117
169
117
119
133
111
109
156
151
108
105
131
109
127
131
118
145
114
117
116
115
159
150
148
124
108
113
124
112
148
111
125
117
108
114
134
109
151
148
155
150
137
108
139
161
149
117
116
135
113
116
115
130
110
119
122
158
149
162
128
129
123
124
125
115
156
108
149
165
131
149
146
126
146
141
173
146
137
105
121
165
111
148
149
112
167
155
142
164
149
180
155
104
152
155
114
143
142
158
114
155
124
161
154
164
157
108
111
128
111
104
168
114
112
168
163
108
111
146
144
145
149
146
165
113
157
144
99
141
144
146
121
154
146
108
172
163
159
142
154
159
121
152
150
130
150
115
162
105
148
163
169
124
112
108
113
175
146
158
150
156
164
157
158
151
151
117
109
141
161
174
103
150
149
148
148
144
146
151
168
148
143
144
106
127
186
181
160
118
150
163
148
160
127
152
156
150
112
146
169
128
116
103
119
139
147
132
109
117
130
154
148
108
112
141
108
152
151
146
143
142
156
157
134
112
141
132
163
122
150
104
148
114
171
144
166
154
147
145
146
141
117
125
125
124
147
119
136
152
144
163
150
121
116
184
145
147
166
145
145
152
142
113
147
145
131
102
166
108
105
111
147
145
160
144
156
181
150
155
162
99
130
169
141
157
172
137
137
155
158
146
144
149
130
145
154
107
174
142
147
159
152
170
159
108
105
106
112
117
104
153
126
124
122
148
165
109
150
153
117
105
144
141
146
154
138
140
157
149
160
108
111
115
153
154
158
144
161
110
121
150
145
75
124
142
101
121
129
130
148
142
143
141
111
127
169
111
125
146
157
167
143
142
146
135
153
315
125
177
151
108
97
179
166
93
158
99
352
154
138
109
512
134
132
152
115
164
171
104
524
140
131
197
101
328
122
138
124
165
109
454
153
167
159
494
131
470
146
168
117
415
122
122
116
126
451
398
132
538
150
164
186
188
119
382
131
155
128
127
179
114
412
169
120
157
117
165
116
175
159
109
118
140
110
138
159
137
159
119
169
161
106
132
468
156
153
111
178
121
104
207
75
152
161
182
159
161
138
279
146
119
152
165
97
120
154
154
155
161
164
537
153
109
133
156
177
122
276
135
135
127
157
158
118
142
168
118
154
152
147
132
124
146
117
114
91
176
146
134
128
152
154
111
116
114
120
143
147
139
158
127
115
163
143
114
115
147
111
158
142
115
152
162
106
149
138
158
148
138
151
116
158
102
164
150
145
78
150
165
150
140
127
154
165
166
165
137
143
142
112
170
143
143
171
135
141
125
144
143
158
154
131
143
158
142
160
104
145
153
114
142
140
161
169
141
168
140
124
140
152
163
167
161
115
140
144
149
115
114
152
156
107
152
143
165
142
108
152
165
143
145
142
159
144
105
146
137
144
165
150
167
178
164
141
150
161
171
137
165
124
138
168
149
144
141
149
160
154
164
109
151
166
165
114
149
158
142
151
145
108
148
153
143
174
178
170
111
170
162
107
122
182
174
172
151
121
178
122
177
159
190
252
168
174
121
237
101
131
135
126
98
166
73
157
137
147
160
188
145
171
144
155
129
149
142
151
143
151
139
163
160
111
142
149
157
154
155
146
171
141
160
136
166
159
87
138
120
150
129
126
206
73
468
183
447
435
130
177
141
144
143
159
142
148
151
123
129
119
142
108
142
118
141
142
166
188
166
108
129
134
138
157
143
111
119
109
145
111
159
146
149
142
157
142
138
141
159
115
144
148
152
162
154
109
148
142
113
134
109
157
140
151
142
157
147
112
122
157
120
121
107
119
115
108
141
152
148
159
163
144
129
120
110
148
157
159
121
132
143
111
159
146
145
112
127
131
109
131
155
121
107
159
112
142
118
130
130
164
145
148
147
158
128
149
111
126
70
82
155
137
129
121
137
130
93
137
121
102
159
79
116
120
416
160
147
129
94
116
125
167
110
117
161
185
139
91
91
104
124
94
83
117
110
171
155
169
148
154
156
159
71
74
117
138
124
439
125
118
104
168
116
262
76
100
134
179
82
111
190
177
72
122
172
123
106
109
144
144
112
86
106
299
156
95
109
163
142
149
212
150
183
155
154
134
174
124
111
93
171
149
156
143
111
145
164
164
112
152
166
169
152
165
164
178
150
153
157
90
131
132
147
128
118
108
68
306
160
107
110
128
153
102
181
102
141
142
143
180
115
152
193
123
142
143
141
125
122
166
157
109
145
141
152
145
144
145
165
152
152
155
154
108
119
108
166
146
172
120
150
120
119
167
165
111
128
151
133
151
116
131
130
112
132
116
159
193
171
166
150
154
112
137
120
139
79
173
163
117
143
185
184
126
146
147
186
176
144
100
164
131
152
145
138
147
167
166
163
108
171
101
120
108
115
95
82
98
101
209
105
112
147
124
114
184
149
151
148
182
110
108
113
111
120
130
155
125
141
162
170
147
157
158
167
110
145
113
172
131
133
115
86
75
69
68
118
152
65
92
98
75
114
133
71
71
70
83
135
95
132
128
115
90
163
70
121
87
87
70
75
118
77
190
117
142
81
89
132
133
120
142
120
172
69
165
111
126
154
127
76
144
85
72
65
167
116
116
154
108
126
156
152
163
152
150
162
161
126
115
178
108
144
109
137
128
107
141
178
151
160
170
164
166
109
117
170
145
173
156
119
146
180
129
151
82
174
176
156
125
165
159
124
146
150
147
132
161
123
120
164
137
110
161
116
159
114
67
100
121
104
107
141
90
127
90
70
135
134
87
110
111
97
71
98
73
113
92
70
103
73
113
170
192
95
91
104
106
77
161
140
118
118
110
77
116
179
116
74
157
80
116
137
101
124
163
161
125
66
85
81
97
81
73
161
206
92
114
99
147
116
122
86
109
73
108
110
106
101
76
149
167
185
164
175
176
134
148
146
126
155
154
114
143
157
126
126
152
109
156
157
115
154
124
146
193
138
76
137
182
139
104
138
155
154
134
200
140
142
137
107
123
128
179
75
133
121
120
101
164
72
69
84
146
123
112
116
143
101
107
124
120
158
117
88
133
97
82
105
115
85
100
78
106
71
158
96
109
86
79
79
103
71
135
134
130
99
114
100
122
143
126
86
104
1182
95
161
136
150
189
132
110
89
90
99
139
135
144
168
