
1.00
1.08
1.72
0.591
0.605
0.410
1.71
0.215
0.242
0.738
0.749
0.613
0.688
0.713
1.44
1.50
0.195
0.478
0.964
0.746
0.361
0.243
0.545
0.250
0.655
0.766
1.22
0.578
0.857
0.245
0.764
1.61
0.382
0.266
0.979
0.284
0.879
0.643
0.241
1.09
1.03
1.12
1.39
0.710
0.232
3.90
0.552
0.241
1.60
0.874
0.275
0.515
0.772
0.216
1.70
0.214
1.98
0.295
1.16
0.748
0.460
0.248
0.786
0.804
0.783
0.373
0.216
1.77
0.473
1.82
0.744
1.74
0.510
0.311
0.240
0.843
0.992
0.239
0.213
1.20
0.486
0.310
0.209
0.185
0.699
0.221
0.182
1.24
0.322
0.321
0.362
0.719
0.463
0.185
0.211
0.212
0.218
0.710
1.18
0.528
0.219
0.194
0.214
0.264
0.425
0.250
0.187
0.213
0.707
0.214
0.449
0.346
0.753
0.215
0.189
0.181
0.489
1.53
0.249
0.220
0.217
0.187
0.348
0.675
0.804
0.242
0.322
0.446
0.998
0.282
0.581
0.206
1.21
0.353
0.215
0.335
0.214
0.294
0.218
0.246
0.587
0.334
0.677
0.182
0.316
0.381
0.257
0.827
0.182
0.220
0.246
0.415
0.419
0.580
0.204
0.361
0.605
0.569
0.414
0.212
0.717
0.190
0.995
0.256
0.214
0.468
0.222
0.537
0.215
0.257
0.628
0.626
0.305
1.23
0.253
1.01
0.448
0.224
0.331
0.243
0.192
0.253
0.256
0.851
0.845
0.604
0.809
0.219
0.598
0.255
0.631
1.50
0.517
0.298
2.02
0.312
0.213
0.207
0.218
0.433
0.669
0.895
0.247
0.230
0.768
0.174
1.18
0.581
0.412
0.237
0.312
0.582
1.34
0.549
0.352
0.250
0.209
0.171
1.19
0.789
0.303
0.370
0.199
0.791
0.218
0.221
1.49
0.304
1.07
0.745
1.47
0.510
0.244
0.351
1.38
0.227
0.228
0.470
0.591
0.271
1.40
0.229
0.243
0.528
0.207
0.505
0.226
0.268
0.382
0.595
0.247
0.644
0.693
0.260
0.215
0.362
0.167
0.246
0.234
0.246
0.238
0.288
0.321
0.254
1.05
0.319
0.274
0.603
0.223
0.194
0.475
0.314
0.360
0.302
0.608
0.212
0.561
0.706
0.622
0.663
0.752
0.874
0.349
0.806
0.318
0.383
0.671
0.213
0.668
0.626
0.987
0.246
0.639
0.230
0.359
0.745
0.687
0.334
0.809
0.497
0.852
0.327
0.813
0.969
0.599
0.441
0.614
1.13
0.299
0.214
0.700
0.236
0.197
1.53
0.301
0.639
1.05
0.972
0.680
0.243
0.349
0.349
0.237
0.328
0.242
2.13
0.644
1.48
0.285
0.188
0.751
0.890
0.240
0.964
0.620
0.369
0.208
0.767
1.52
0.252
0.594
0.249
0.559
0.709
0.639
1.61
1.04
1.40
0.728
0.717
0.496
1.33
0.879
0.216
0.292
0.589
1.41
3.45
1.99
0.605
0.247
0.725
0.241
0.716
0.204
0.245
0.650
0.257
1.06
0.995
0.904
0.672
2.37
0.748
0.212
0.213
1.33
0.579
0.516
0.262
0.253
0.242
0.253
0.218
0.458
0.338
0.435
0.515
0.883
0.489
0.261
1.66
0.798
0.965
0.611
0.853
0.235
0.870
0.867
0.746
0.234
0.813
1.14
1.49
0.177
1.44
1.05
1.48
0.447
0.221
0.526
0.689
0.968
1.67
0.648
0.727
1.10
0.240
1.31
1.71
0.165
0.171
0.426
0.276
1.00
0.974
0.186
0.689
1.32
1.91
1.46
0.726
1.21
0.193
0.470
1.47
0.168
1.16
0.716
1.70
0.900
0.450
0.353
0.480
0.216
0.198
1.37
0.219
0.405
0.731
0.173
0.480
0.516
0.213
0.821
0.226
0.215
0.965
0.253
0.187
0.910
0.224
0.777
1.59
0.379
1.24
1.08
1.01
1.65
0.185
1.45
1.58
0.496
0.647
0.202
0.390
0.334
0.263
0.835
0.636
0.761
1.25
1.00
0.815
1.37
0.348
0.468
0.221
0.753
0.814
0.630
0.754
1.04
0.962
0.201
0.889
0.962
0.803
0.536
0.691
1.21
0.340
0.216
1.02
1.68
2.09
0.204
0.674
0.999
0.462
0.818
0.220
0.712
0.489
0.208
0.224
0.451
0.873
0.787
0.639
0.558
1.32
0.372
0.211
0.521
0.950
1.78
0.205
0.344
0.880
1.35
0.215
0.321
0.507
1.19
1.05
1.01
1.20
0.493
0.208
0.441
0.208
1.57
0.151
0.848
0.983
1.47
1.96
0.207
0.214
0.217
0.707
0.224
1.06
1.12
0.985
1.69
1.29
0.193
1.71
1.21
0.357
0.562
0.165
1.27
0.898
1.24
0.558
1.39
0.169
0.513
1.06
0.736
0.215
2.40
0.656
1.51
0.580
1.01
0.498
1.24
0.810
1.56
0.717
0.186
1.56
0.455
0.189
0.901
1.66
0.513
0.466
1.58
0.452
1.02
1.51
0.200
1.52
0.234
1.82
0.398
1.30
0.463
1.20
0.213
1.53
0.430
1.76
0.722
2.08
0.202
0.928
0.565
1.07
0.825
0.211
0.259
1.40
0.775
0.239
1.10
0.207
1.89
2.31
0.573
0.855
0.934
0.708
0.689
0.241
1.22
0.539
0.557
0.175
1.74
0.209
0.748
0.979
0.175
0.361
1.36
0.196
0.504
1.17
1.11
1.64
0.219
0.204
1.74
0.974
0.974
0.711
0.256
1.13
2.89
2.71
0.474
1.47
2.27
0.689
0.288
0.630
0.267
0.703
0.665
1.68
0.250
0.264
0.830
1.37
1.54
1.62
1.70
0.227
0.692
0.428
0.238
0.431
1.61
0.642
0.198
1.46
0.234
0.433
0.315
0.736
0.981
0.453
1.11
1.42
0.631
0.964
0.807
0.547
2.53
0.709
0.281
1.68
1.98
1.77
1.08
2.09
1.53
2.33
0.495
0.250
1.07
1.57
1.39
0.306
0.248
4.34
0.302
2.85
0.616
0.462
0.269
1.10
0.479
0.457
0.234
0.892
1.84
1.26
1.44
0.721
0.924
0.836
1.05
0.534
0.235
0.740
0.732
2.50
0.931
0.457
0.786
0.342
1.26
2.14
2.01
0.709
1.12
0.177
1.96
1.14
0.303
1.03
0.744
0.988
1.56
0.164
1.65
1.30
0.672
0.532
0.174
1.01
0.862
2.33
0.183
1.02
1.56
1.81
0.263
0.232
0.443
0.567
0.240
0.712
0.593
1.19
1.29
0.909
1.44
2.64
1.62
2.91
1.28
0.450
0.829
0.789
0.679
1.58
0.236
1.00
0.621
1.65
1.13
1.58
0.204
0.316
1.08
1.23
0.956
1.45
0.780
1.97
1.85
1.02
0.713
1.94
1.34
0.217
0.499
1.95
0.598
0.879
0.929
0.431
0.831
0.425
1.80
1.65
1.09
1.34
0.177
0.602
1.48
1.28
0.291
0.163
0.395
0.183
0.206
0.705
0.387
1.00
1.33
0.462
0.803
0.401
0.375
1.69
0.323
0.182
0.217
0.640
1.06
0.230
1.51
0.178
0.213
0.927
0.322
0.194
0.509
0.218
0.210
0.391
0.682
0.217
0.211
0.468
0.185
0.176
0.193
0.394
0.252
0.173
0.500
0.648
0.458
0.621
0.215
0.219
0.260
0.295
0.502
0.178
0.234
0.334
0.431
0.218
0.486
0.217
2.12
0.402
0.237
0.226
0.192
0.243
0.259
0.403
0.217
1.43
0.331
0.207
0.319
0.215
0.190
0.621
0.234
0.211
0.226
0.175
0.248
0.405
0.185
0.314
0.181
0.616
0.262
0.222
0.514
0.250
0.249
0.241
0.180
0.585
0.247
0.219
0.243
0.281
0.325
0.426
0.251
0.631
0.243
0.287
0.240
0.616
0.911
1.02
0.214
0.660
0.346
0.212
0.374
0.191
0.363
0.309
0.600
0.216
0.526
0.246
0.413
0.555
0.244
0.240
0.177
0.247
0.242
0.471
0.215
0.235
0.334
0.388
0.456
0.213
0.527
0.384
0.373
0.345
0.222
0.394
0.252
0.302
0.204
0.726
0.278
0.487
0.532
1.10
0.641
0.224
0.196
0.631
0.750
0.221
0.470
0.191
0.731
0.298
0.707
0.853
0.709
1.17
0.209
0.321
0.332
0.563
0.407
0.978
0.220
0.577
0.225
0.219
0.232
0.213
0.320
0.204
0.208
0.210
0.228
0.720
0.204
0.221
1.40
0.232
0.217
0.215
0.295
0.415
0.239
0.208
0.399
0.469
0.687
0.181
0.944
0.993
0.162
0.211
0.185
0.191
0.216
0.470
0.220
0.209
0.220
0.209
0.217
0.184
0.652
0.273
0.218
0.674
0.288
0.183
0.214
0.226
0.602
0.202
0.214
0.457
0.213
0.206
0.141
0.186
0.221
0.354
0.243
0.701
0.217
0.220
0.219
0.215
0.218
0.985
0.182
0.213
0.185
0.401
0.224
0.213
0.444
0.241
0.213
0.219
0.218
0.408
0.527
0.257
0.188
0.554
0.184
0.217
0.174
0.254
0.505
0.758
0.540
0.215
0.182
0.167
0.217
0.210
0.179
0.212
0.435
0.203
0.215
0.445
0.196
0.212
0.223
0.218
0.203
0.522
0.219
0.208
0.842
0.617
0.218
0.191
0.899
0.167
0.311
0.500
0.406
0.207
0.211
0.209
0.239
0.195
0.171
0.570
0.217
0.207
0.207
0.416
0.179
0.594
0.211
0.210
0.185
0.532
1.00
0.488
0.182
0.191
0.522
0.816
0.209
0.312
0.510
0.229
0.456
0.784
0.358
0.365
0.213
0.254
0.210
0.188
0.193
0.186
0.572
0.383
0.171
0.354
0.241
0.181
0.171
1.21
0.667
0.188
0.886
0.194
0.227
0.212
0.917
0.443
0.189
0.352
0.389
0.565
0.263
1.23
1.69
0.209
0.205
0.939
0.244
0.183
0.230
0.183
0.992
0.416
1.50
0.461
1.09
0.443
0.223
0.219
0.309
0.356
0.420
0.219
0.218
1.96
0.221
0.213
0.267
0.244
0.593
0.624
0.209
0.212
1.38
0.946
0.182
1.17
0.172
0.217
0.190
0.198
0.192
0.181
0.218
0.548
0.294
0.218
0.222
0.216
0.750
0.247
0.215
0.216
0.182
0.214
0.184
0.262
0.638
0.610
0.200
0.219
0.211
0.222
0.217
0.318
0.227
0.431
0.580
0.205
0.294
0.191
0.219
0.197
0.185
0.185
0.432
0.212
0.232
0.174
0.681
0.223
0.975
0.239
0.211
0.352
0.358
0.147
0.715
0.208
0.691
0.354
0.381
0.181
0.182
0.214
0.173
0.202
0.472
0.174
0.279
0.214
0.187
0.187
0.210
0.148
0.199
0.171
0.297
0.223
0.905
0.213
0.181
0.218
0.169
0.164
0.207
0.179
0.204
0.186
0.185
0.183
0.183
0.153
0.173
0.186
0.272
0.383
0.215
0.181
0.446
0.215
0.193
0.246
0.185
0.215
0.179
0.512
0.462
0.182
0.147
0.138
0.210
0.558
0.280
1.22
0.543
0.183
0.483
0.614
0.220
0.376
0.204
0.179
0.191
0.708
0.181
0.182
0.217
0.529
0.184
0.696
0.185
0.212
0.286
0.182
0.190
0.646
0.191
0.614
0.924
0.178
0.406
0.190
0.174
0.216
0.390
0.754
0.593
0.230
0.495
0.179
0.209
0.204
0.200
0.742
0.809
0.512
0.182
0.195
0.201
0.209
0.173
0.536
0.368
0.285
0.259
0.185
0.825
0.212
0.314
0.942
0.219
0.187
0.481
0.630
1.17
0.400
0.601
1.23
1.20
0.345
0.221
0.441
0.180
0.221
0.226
0.306
0.252
0.414
0.206
0.252
1.23
0.218
0.593
0.213
0.242
0.210
0.335
0.768
0.481
0.246
0.232
0.221
0.416
0.250
0.462
0.524
0.581
0.513
0.232
0.276
0.746
0.270
0.280
1.05
2.09
0.676
0.420
0.889
0.223
0.381
0.216
0.219
0.179
0.560
0.260
0.692
0.443
0.775
0.548
1.58
0.223
1.67
0.207
0.242
0.215
0.262
0.694
0.411
0.251
0.778
0.356
0.777
0.755
0.216
0.295
1.39
0.195
2.22
0.775
0.239
0.182
0.391
0.499
0.216
0.673
0.351
0.566
0.627
0.822
0.363
0.222
0.807
0.213
0.601
0.211
0.213
0.226
1.34
0.219
0.240
1.98
0.427
0.398
0.338
0.533
0.206
0.503
0.168
0.797
0.188
1.38
0.217
0.269
0.523
0.238
1.25
0.224
0.173
0.719
1.33
0.785
0.229
1.35
0.704
0.229
0.202
0.837
0.731
0.273
0.303
1.46
0.642
0.737
0.878
0.212
0.435
1.15
0.459
0.549
0.538
0.174
0.433
0.331
0.213
0.823
0.750
0.408
0.228
0.207
0.215
0.172
0.718
0.215
0.739
1.03
0.438
0.720
1.17
0.472
0.217
0.308
0.209
0.556
0.969
3.07
1.53
0.286
0.212
0.875
0.185
0.717
1.11
1.11
0.741
0.241
0.511
0.215
0.252
0.222
0.672
0.210
0.182
1.29
0.213
0.215
0.211
0.224
0.381
0.471
0.218
0.225
0.329
0.209
0.178
0.209
0.219
0.216
0.234
0.251
0.447
0.210
0.265
0.272
0.216
1.11
0.721
0.718
0.552
0.215
0.169
0.638
0.330
0.234
0.204
0.326
0.210
0.232
0.216
0.178
0.665
0.251
0.294
0.208
0.765
0.425
0.226
0.205
0.207
0.236
0.223
0.302
0.249
0.216
0.255
0.175
0.211
0.239
0.574
0.175
0.174
0.205
0.212
0.624
0.184
0.214
0.323
0.173
0.223
0.302
0.177
0.214
0.215
0.392
0.196
0.218
0.201
0.209
0.222
0.179
0.194
0.224
0.179
0.197
0.193
0.435
0.221
0.823
0.182
0.196
0.207
0.331
0.208
0.226
0.212
0.181
0.185
0.215
0.608
0.765
0.181
0.822
0.449
0.182
0.180
0.206
0.221
0.294
0.198
0.210
0.220
0.214
0.170
0.597
0.220
0.253
0.254
0.249
0.190
0.189
0.489
0.404
0.257
0.240
1.10
0.332
0.311
0.249
0.203
0.246
0.206
0.215
0.210
0.245
0.326
0.255
0.232
0.584
0.530
0.220
0.215
0.362
0.379
0.190
0.196
0.354
0.177
0.242
1.10
0.175
0.210
0.208
0.219
0.228
0.222
0.639
0.210
0.332
0.243
0.239
0.246
0.243
0.432
0.253
0.790
0.262
0.170
0.283
0.793
0.405
0.497
0.213
0.973
0.241
0.247
0.671
0.216
1.06
0.585
0.474
0.208
0.220
1.11
0.209
0.217
0.612
0.472
0.204
0.495
0.180
0.214
0.213
0.494
0.212
1.43
0.176
0.345
0.205
0.317
0.282
0.641
0.846
0.222
0.310
0.478
0.624
0.378
0.479
0.791
0.182
0.230
0.207
0.792
0.179
1.03
0.161
0.215
0.450
0.640
0.153
0.233
0.322
0.194
0.183
0.190
0.223
0.348
0.243
0.266
0.194
0.465
0.231
1.30
1.14
0.237
0.216
0.521
0.260
0.255
0.177
0.461
0.239
0.185
0.992
0.215
0.211
0.409
0.975
1.73
0.214
0.878
0.176
0.351
0.484
0.268
0.559
0.223
0.185
0.452
0.224
0.211
0.187
0.211
0.409
0.204
0.391
0.202
0.177
0.992
0.153
0.513
0.454
0.193
0.466
0.188
0.190
0.175
0.347
1.75
0.157
0.175
0.290
0.400
0.838
0.679
0.368
0.310
0.600
0.439
0.278
1.27
0.219
0.181
0.791
0.799
0.954
0.421
0.266
0.810
0.210
0.195
0.534
0.474
0.581
0.314
0.659
0.181
1.24
0.137
0.179
0.177
0.429
0.258
0.567
0.713
1.11
0.618
0.683
0.178
0.333
0.473
1.26
1.00
0.227
0.996
0.430
0.207
0.179
0.181
0.519
1.16
0.244
0.567
0.198
1.64
0.477
0.269
0.191
0.181
0.583
0.147
0.575
0.617
1.67
0.655
0.536
0.473
0.181
0.374
0.242
0.716
0.165
0.293
0.254
0.467
0.858
0.787
0.175
0.484
0.259
0.897
0.493
0.208
0.209
0.314
0.320
0.214
0.710
0.299
0.718
0.217
0.277
0.870
0.327
0.999
0.198
0.687
1.37
0.965
0.188
1.55
0.928
1.01
0.440
0.770
0.316
0.478
0.485
2.39
0.192
0.653
0.251
0.291
0.712
1.30
0.682
0.206
0.573
1.45
0.741
0.330
0.425
0.147
0.780
0.537
0.352
0.218
0.259
0.308
0.471
0.223
1.88
0.203
0.192
0.715
0.780
0.217
0.219
0.667
0.268
0.636
0.331
0.201
0.722
1.37
0.845
0.210
0.217
1.02
0.701
0.672
0.226
0.220
0.898
0.387
1.85
0.638
0.725
1.25
0.195
0.445
0.466
0.794
3.57
0.475
0.330
0.309
0.866
0.248
0.655
0.420
0.237
1.57
0.679
0.614
0.609
0.949
1.35
1.89
0.317
2.15
0.655
0.455
0.978
0.716
0.222
0.204
1.06
0.273
0.216
0.481
0.435
0.983
0.190
0.460
1.29
0.162
0.827
0.835
0.464
0.951
0.581
0.824
0.520
0.297
0.351
0.713
0.339
0.304
0.213
0.594
0.576
0.178
0.186
0.213
0.698
0.202
0.393
0.217
0.281
0.837
2.17
0.276
0.544
0.210
0.772
1.04
0.169
0.216
1.20
0.218
1.04
1.16
0.847
0.449
0.966
0.769
0.509
0.341
0.715
0.323
0.431
0.643
1.20
0.260
1.97
0.514
1.39
0.710
0.949
0.767
0.738
0.759
0.217
0.480
1.93
1.65
0.468
2.14
0.249
0.319
0.195
1.31
0.587
0.350
0.332
1.20
0.862
0.695
1.02
0.467
0.271
0.666
0.743
0.218
1.42
0.181
1.01
0.655
0.507
0.976
0.191
1.16
0.965
0.675
1.26
1.04
1.55
0.590
0.203
0.334
0.735
0.216
0.701
2.02
0.214
1.16
0.193
1.36
0.648
0.204
0.230
0.906
0.900
0.671
0.215
1.60
0.309
0.214
1.39
0.331
1.74
1.07
0.806
0.173
0.642
1.46
0.741
0.269
0.787
0.530
0.213
0.570
0.567
0.940
0.211
0.911
0.183
1.22
0.227
1.59
0.202
0.220
0.770
0.961
0.217
0.698
1.21
0.199
0.222
0.420
0.699
0.261
1.01
0.161
0.818
0.208
0.467
0.913
0.444
0.484
0.668
0.780
0.571
1.40
0.219
0.211
1.35
1.35
0.835
0.913
1.14
0.218
0.213
0.786
1.23
0.218
0.740
0.193
0.952
1.23
0.522
0.443
0.711
0.823
0.802
1.35
0.812
1.46
0.649
1.41
1.66
0.906
1.21
1.47
2.13
0.626
0.527
0.684
1.40
1.08
0.187
1.41
0.763
0.207
1.53
0.554
0.381
0.206
3.16
1.56
0.244
0.714
1.35
0.584
0.964
0.215
2.47
0.448
0.206
0.608
0.501
0.809
1.28
0.214
0.215
0.626
0.807
1.51
1.28
1.81
1.37
0.716
0.736
0.214
0.250
0.212
0.947
0.289
1.81
1.66
0.748
1.05
1.08
0.489
0.793
0.335
0.716
1.37
0.918
0.198
0.846
0.485
0.626
2.18
1.39
1.25
0.240
0.804
1.35
0.732
0.395
0.605
0.240
0.628
2.57
0.262
1.27
1.52
0.886
0.701
0.214
0.250
0.297
0.766
1.35
1.54
1.22
0.649
1.47
1.44
0.726
1.88
1.21
0.291
0.715
2.51
0.211
0.470
0.256
0.271
0.641
1.11
0.843
0.646
0.624
0.774
0.233
1.43
1.33
1.96
1.72
0.345
0.946
0.510
1.25
0.426
2.38
1.34
0.381
0.948
1.98
0.284
0.691
1.23
0.528
1.50
0.663
0.234
0.221
2.73
1.42
0.244
0.263
1.11
0.236
0.272
1.06
0.685
0.701
1.64
1.19
2.54
0.963
0.446
1.54
2.00
1.61
0.769
0.245
0.872
1.23
0.387
2.61
2.60
1.63
0.243
1.69
1.55
0.229
1.86
2.44
0.748
0.314
0.558
1.98
1.46
1.17
0.602
0.268
1.84
1.01
0.442
1.50
0.573
0.244
0.767
0.343
5.41
0.249
1.71
0.604
0.648
0.465
0.934
0.580
2.71
1.96
0.786
0.918
0.836
1.45
1.51
0.460
1.31
1.75
1.79
1.52
0.981
2.19
0.845
0.237
1.71
0.619
2.38
0.264
1.01
1.88
0.539
0.699
1.19
1.73
0.609
1.86
1.71
0.713
0.839
0.817
0.266
1.56
1.18
1.21
0.701
0.240
0.772
2.70
0.944
1.45
0.977
0.448
1.39
0.854
1.11
0.810
1.70
0.623
1.31
0.773
0.526
0.648
2.29
2.80
0.782
0.713
0.668
2.02
1.74
0.468
2.10
1.06
0.706
0.239
0.196
0.807
0.852
1.57
1.45
2.17
0.456
0.820
1.16
0.769
1.66
2.27
1.23
1.41
1.39
0.366
0.772
1.22
0.885
0.706
0.220
1.74
1.68
1.89
1.86
1.28
0.717
1.35
1.21
0.904
0.203
0.991
0.998
1.05
0.738
1.84
1.78
1.55
0.700
1.28
0.898
1.70
1.51
1.20
0.822
1.82
0.953
2.78
2.61
1.58
0.695
1.59
1.57
0.284
1.73
1.76
2.16
1.16
0.810
1.50
1.57
0.793
0.897
1.21
1.80
0.315
1.65
0.700
0.458
1.07
0.236
1.28
1.22
1.69
0.697
1.71
1.28
1.17
1.65
1.19
1.12
0.263
1.02
0.807
2.42
0.771
1.24
1.38
1.71
1.88
0.646
1.75
0.239
0.550
1.45
0.693
2.42
0.942
0.740
1.17
0.794
0.749
1.04
0.836
1.12
2.67
2.88
1.05
0.323
0.980
0.294
1.30
1.72
0.846
1.58
2.45
0.762
1.71
1.43
1.26
1.30
0.971
0.696
0.647
0.685
0.965
1.59
1.36
0.228
1.57
0.970
1.48
1.52
0.991
1.05
1.63
0.386
0.191
0.952
0.423
0.587
1.63
0.553
0.419
0.971
0.696
0.213
1.53
2.51
1.38
1.82
1.24
0.250
1.01
0.623
1.22
2.41
0.991
1.53
1.72
0.254
0.666
1.02
1.80
1.42
1.08
1.94
0.944
0.667
2.08
0.722
0.775
2.35
1.83
1.51
1.31
1.20
2.91
1.78
0.894
1.67
1.62
3.07
3.44
1.23
2.46
1.28
1.70
0.299
0.848
0.861
0.875
1.40
0.543
1.97
2.00
1.37
0.793
0.815
2.23
0.773
2.11
1.87
1.50
0.242
0.496
0.213
1.66
0.917
1.77
0.230
0.378
3.03
2.15
1.87
2.21
0.212
0.879
1.22
0.295
1.32
2.49
1.83
0.987
0.951
0.927
1.22
1.11
0.487
1.75
1.51
1.22
0.557
1.77
1.71
1.22
1.87
2.21
0.575
1.47
0.999
3.84
3.06
1.82
0.322
2.06
1.46
0.849
1.03
1.23
0.764
0.796
0.880
1.15
0.251
0.363
1.27
1.62
1.12
1.57
0.731
1.14
2.67
1.92
1.30
0.887
1.56
0.702
0.948
2.35
1.85
1.08
1.56
0.813
1.26
1.61
1.71
1.12
1.31
1.00
1.30
1.81
2.31
2.21
0.761
1.63
1.59
0.980
1.77
1.50
1.17
1.73
1.31
1.67
0.286
0.506
0.889
1.72
1.47
2.96
2.02
0.947
0.913
1.85
0.753
1.15
1.32
1.55
2.82
1.20
0.692
1.77
3.00
2.64
1.56
1.46
3.85
0.526
1.13
0.721
0.876
2.43
1.17
0.612
0.462
3.37
2.43
1.30
0.807
0.898
1.36
1.74
1.10
1.09
2.47
0.796
1.05
0.818
2.21
0.567
1.58
0.927
0.912
0.211
2.11
2.93
1.53
0.959
2.56
2.09
3.20
2.73
0.830
1.77
2.58
2.54
2.06
1.69
0.967
3.51
1.58
0.929
2.65
1.96
1.28
1.74
1.65
3.31
1.44
2.21
2.40
1.71
1.10
0.997
1.51
1.89
0.726
1.44
1.65
3.03
0.726
0.539
2.10
2.03
1.15
1.76
0.973
0.987
1.43
1.46
1.31
0.196
1.12
1.57
2.02
1.40
3.46
1.07
1.91
1.66
1.48
1.22
1.68
0.982
0.757
1.39
0.327
0.167
2.86
0.199
0.929
1.85
0.914
2.65
3.06
1.03
1.89
1.79
1.47
0.861
1.04
0.702
2.35
2.61
1.75
1.71
3.15
1.70
1.98
2.54
2.39
0.924
0.913
0.183
1.95
1.61
1.36
0.922
1.75
2.50
0.887
1.77
0.983
0.556
4.14
0.195
0.964
1.77
1.30
0.829
2.23
1.89
1.90
2.76
1.02
0.876
3.20
0.750
3.95
1.67
0.980
1.31
1.79
1.95
1.39
0.788
3.05
2.06
1.30
0.827
1.52
2.66
1.09
1.62
1.70
1.40
1.43
1.36
4.76
2.32
2.55
1.95
0.943
4.75
3.63
2.61
2.45
1.39
2.16
1.28
1.24
0.877
1.06
1.88
1.04
0.981
2.91
1.24
1.69
1.82
0.837
1.22
1.54
1.69
1.19
1.40
1.98
2.03
1.60
1.23
3.16
1.97
1.47
1.28
0.782
1.36
2.85
2.61
1.91
0.508
1.46
1.76
1.82
0.710
2.17
2.29
0.714
1.03
0.900
3.11
0.656
0.729
0.830
1.32
3.14
0.514
3.27
0.932
1.27
1.90
1.45
1.81
2.50
1.88
1.20
1.63
2.31
0.906
1.68
3.19
6.95
3.71
4.16
2.53
1.80
1.29
0.692
0.720
1.65
0.478
1.39
1.82
1.61
1.71
2.47
0.895
1.56
0.937
1.02
1.62
0.241
2.06
4.22
4.69
2.79
2.36
1.35
2.58
1.12
3.00
0.240
1.40
2.29
0.318
2.70
1.29
1.11
4.26
1.62
1.88
2.74
2.05
1.18
2.11
1.74
1.53
1.97
2.22
1.42
2.42
1.68
1.33
1.02
2.67
2.71
2.44
2.10
0.977
3.48
1.94
2.57
0.733
1.04
2.57
1.65
2.07
1.99
1.76
0.774
0.227
1.40
0.918
1.10
1.03
0.289
2.20
1.45
1.45
2.56
1.71
2.61
2.76
2.64
1.79
1.32
2.86
2.26
4.15
2.44
1.48
0.656
1.94
1.12
0.823
0.461
0.230
0.763
0.576
0.660
1.47
0.745
0.577
1.79
1.22
0.459
0.208
1.71
0.466
2.14
0.711
1.31
0.554
0.905
0.447
1.46
2.25
0.592
1.10
1.11
1.52
1.08
0.666
0.528
2.46
0.231
0.992
0.204
0.234
1.66
1.92
2.81
1.41
0.932
1.72
1.39
2.48
0.201
0.207
0.677
1.24
1.62
2.26
1.46
0.913
1.07
1.41
0.978
0.852
1.16
0.207
0.234
0.442
1.56
1.31
0.356
0.369
2.40
0.950
2.37
1.08
0.808
1.21
0.330
0.823
1.02
0.533
0.503
1.12
0.992
1.13
0.485
2.10
1.63
1.35
1.40
0.964
1.17
0.840
0.722
1.45
0.360
0.254
0.913
0.882
1.12
1.23
2.38
3.02
1.18
2.78
1.70
2.96
0.845
1.42
1.25
0.600
0.924
1.87
0.356
1.41
1.39
0.799
0.821
0.350
1.55
2.29
0.996
0.917
0.916
1.50
4.44
1.45
0.234
0.453
1.06
0.976
2.43
1.46
0.193
1.83
3.51
1.06
1.55
0.506
0.470
0.641
1.39
1.69
0.174
1.01
2.63
0.386
0.334
1.05
0.305
1.02
1.30
0.389
0.220
0.226
0.240
1.90
0.376
0.341
0.990
0.980
0.846
0.258
0.182
1.40
1.47
0.686
2.39
1.94
1.47
1.35
1.77
0.679
1.12
0.916
1.45
1.70
2.20
0.710
0.885
1.46
0.954
0.219
2.68
0.247
1.04
2.67
0.699
0.687
0.270
0.886
1.50
1.65
3.01
1.08
1.81
2.05
1.00
2.24
0.995
1.16
1.37
1.13
4.69
2.78
2.51
1.08
1.18
0.806
1.27
1.34
0.330
1.23
1.06
0.762
2.30
1.64
0.850
1.39
1.02
2.07
1.61
1.42
2.33
1.49
0.761
1.22
2.23
1.05
1.39
0.404
1.58
1.80
1.18
0.644
0.970
0.939
0.241
1.28
1.78
0.677
0.998
1.66
0.344
1.86
1.90
2.27
0.876
2.36
1.03
1.39
0.838
1.42
1.23
1.13
1.83
0.825
1.82
1.71
3.72
1.77
0.386
0.705
1.68
1.47
2.24
1.18
1.62
3.48
2.77
3.41
0.515
1.68
1.69
3.41
1.16
1.22
3.49
0.525
0.847
1.66
0.865
2.01
2.57
0.395
1.84
0.819
0.429
1.54
1.36
0.804
0.464
1.90
1.68
1.03
0.422
1.01
1.56
3.68
0.323
1.72
3.22
1.26
1.04
2.12
2.12
0.242
1.36
0.919
0.595
0.761
2.52
1.28
0.895
2.33
1.67
1.76
0.704
1.75
2.57
1.19
1.66
0.780
2.14
0.970
1.43
0.572
0.521
1.43
0.805
5.42
0.652
1.74
0.975
1.88
1.58
1.74
0.897
0.977
1.03
0.836
2.24
1.97
0.998
0.678
0.420
0.887
1.43
2.32
0.869
0.817
2.72
1.61
1.83
2.15
0.794
1.28
4.95
1.34
2.65
0.349
0.486
2.17
1.34
1.48
0.965
1.53
0.745
1.90
1.54
1.75
1.33
0.674
2.29
1.29
1.09
0.431
1.19
0.864
1.63
1.59
1.69
0.607
2.06
1.18
2.75
1.21
1.02
0.843
1.26
2.11
0.886
1.14
1.21
0.904
1.99
1.79
1.18
2.32
1.91
0.715
3.72
1.12
1.75
2.79
0.961
1.45
2.52
2.59
2.67
0.709
5.07
2.40
1.27
0.932
1.25
0.686
0.521
0.427
0.212
0.436
0.277
0.217
0.913
1.55
0.462
0.277
0.774
0.186
0.181
0.204
1.15
0.277
1.10
0.696
1.45
1.18
1.36
0.204
1.22
0.267
1.53
0.899
0.962
0.206
0.270
0.692
0.294
0.630
0.501
1.34
0.933
0.366
0.191
1.09
1.30
0.207
0.459
0.256
0.186
0.193
0.386
0.411
1.46
2.22
0.534
0.240
0.253
0.616
0.682
0.221
0.347
0.411
0.689
0.220
0.216
1.98
0.940
1.41
0.199
0.183
0.227
1.54
0.620
0.491
1.01
0.828
0.237
1.59
1.48
2.08
1.42
0.712
1.08
0.813
1.02
3.30
0.196
0.515
0.489
0.247
2.49
0.343
1.37
1.65
0.841
1.53
0.243
1.51
0.174
0.215
0.455
1.77
0.261
0.557
0.258
1.60
0.351
0.340
0.328
0.856
0.672
1.98
0.277
0.713
0.967
0.755
0.240
0.405
1.73
0.513
1.34
1.34
0.639
0.235
1.89
1.54
0.710
0.253
0.825
2.07
1.03
0.204
0.249
1.48
0.769
0.656
1.03
1.50
1.03
0.175
0.922
2.95
0.264
0.565
0.515
1.02
1.17
0.224
0.562
0.890
0.920
0.724
2.43
0.710
0.678
1.31
0.199
1.23
1.38
1.20
0.543
0.240
0.513
0.470
0.280
0.845
0.584
1.91
0.452
0.267
1.74
1.71
0.560
0.464
1.12
1.10
0.572
0.289
0.848
0.399
0.881
0.183
2.25
2.31
1.41
0.943
1.34
0.660
0.628
1.94
1.07
1.79
0.503
0.210
0.962
0.922
1.18
0.201
1.52
0.353
0.969
1.76
0.663
1.56
1.22
0.230
3.11
0.785
1.55
0.992
0.985
0.667
0.204
1.39
0.735
1.89
0.194
1.40
0.500
1.65
1.12
1.93
0.939
1.16
0.422
1.63
0.173
1.40
0.582
0.657
0.358
1.41
0.980
1.45
0.426
0.929
1.76
0.559
1.83
0.684
1.36
1.86
1.52
2.97
0.802
0.447
0.563
1.78
0.829
2.47
2.27
2.55
1.48
2.75
1.08
1.78
2.38
0.775
1.39
0.941
0.632
0.798
0.661
1.20
1.02
0.815
0.863
1.16
0.525
0.812
1.18
0.738
1.25
0.794
0.594
0.742
0.714
0.519
1.43
1.99
0.704
3.24
1.73
1.47
1.49
0.542
0.912
0.992
1.44
0.850
1.68
1.97
1.33
1.47
1.17
0.979
0.582
0.850
1.35
0.206
1.47
1.81
0.961
0.346
0.227
0.992
1.42
0.981
1.15
1.94
1.20
1.16
1.02
0.483
1.55
0.991
0.951
2.25
1.03
0.925
1.61
0.432
3.20
0.460
1.34
0.862
0.632
1.28
1.80
1.23
1.09
0.448
0.964
1.35
1.96
1.38
0.290
1.34
1.71
1.02
1.63
1.48
1.69
1.52
0.202
1.71
0.644
1.20
0.925
0.691
1.52
1.35
1.82
0.711
0.550
1.10
2.44
1.00
0.807
0.864
2.43
0.950
0.626
2.07
1.36
0.973
0.936
0.437
1.04
1.81
1.56
0.710
0.284
0.308
0.631
1.84
1.02
1.78
1.04
0.806
1.48
1.17
1.96
2.07
0.966
0.728
0.944
1.01
0.969
1.02
0.979
2.00
0.941
0.663
1.90
2.77
1.67
1.33
0.955
1.05
0.695
0.540
1.18
0.847
0.458
0.975
1.19
1.00
0.882
1.32
2.45
1.04
2.84
0.800
0.439
1.23
1.72
1.10
0.204
1.18
2.64
1.60
1.69
1.72
0.544
1.82
2.74
2.78
1.35
0.976
0.861
1.93
0.724
0.811
2.59
1.56
1.20
1.28
1.48
0.520
3.53
0.847
2.31
0.744
1.08
1.08
0.571
0.431
0.203
0.175
1.55
0.304
0.289
0.904
0.780
2.57
1.37
1.55
0.729
1.05
1.73
1.01
1.63
3.24
0.567
2.19
0.211
1.07
1.04
0.255
2.02
1.96
0.618
1.40
2.02
1.06
0.917
1.27
1.78
1.03
0.642
1.53
3.09
1.91
1.87
1.43
0.215
1.12
1.97
1.63
0.781
0.660
1.08
1.72
1.23
1.66
1.05
1.98
2.12
2.09
1.64
0.974
0.446
2.41
0.520
0.803
0.858
1.21
1.53
0.762
0.856
2.96
1.51
0.647
1.41
1.20
0.568
1.04
1.21
1.98
2.47
1.41
0.908
1.89
0.989
1.01
3.84
2.71
2.39
0.420
1.72
0.800
2.23
2.43
0.988
0.689
0.930
1.14
0.609
3.78
0.776
1.63
3.04
1.95
1.59
1.28
1.23
1.14
0.277
1.62
0.847
1.03
2.80
0.781
1.68
1.57
1.05
1.13
2.33
1.55
1.18
1.51
1.23
2.47
1.18
1.51
1.09
0.745
0.853
1.11
1.87
2.87
0.861
0.520
1.57
1.36
1.71
0.207
0.950
0.432
2.46
1.45
1.29
0.233
0.975
0.837
1.52
1.01
0.922
0.935
3.42
1.66
3.23
1.05
1.16
2.55
0.799
0.399
0.572
1.06
1.60
0.847
1.41
0.215
1.74
0.290
0.663
2.37
1.68
1.59
1.09
0.862
0.977
1.01
1.86
0.333
1.89
2.89
0.835
0.879
0.539
2.06
1.72
0.923
2.03
1.83
0.196
1.27
2.84
5.21
0.956
1.74
1.14
1.11
1.51
1.63
3.13
2.64
1.76
1.72
2.18
1.75
2.51
0.955
1.87
1.35
2.06
1.20
2.33
0.777
1.30
1.65
1.75
1.59
1.98
2.47
1.60
2.24
1.05
0.799
0.974
2.43
1.46
0.951
0.970
2.43
2.69
1.20
1.26
1.59
1.47
1.06
1.79
1.73
0.387
1.62
1.95
2.99
1.98
0.942
2.84
0.252
0.951
0.795
1.92
1.23
1.09
3.31
0.227
0.987
2.15
3.12
1.21
2.01
0.965
0.962
1.99
2.86
1.71
1.47
3.64
0.575
1.97
1.68
0.468
0.387
1.07
0.251
1.81
1.91
1.72
2.32
2.75
1.23
2.01
0.773
1.74
1.27
0.615
1.81
2.98
1.52
2.85
0.866
1.88
0.884
1.59
1.66
1.03
1.71
1.46
1.34
1.42
0.857
2.65
0.825
1.90
0.262
2.60
0.328
2.48
1.92
0.945
1.27
0.583
1.63
1.96
0.875
1.20
0.612
2.34
0.837
0.841
1.75
3.22
1.49
3.32
2.18
1.02
1.45
1.91
1.09
3.02
1.62
1.04
1.54
2.20
2.64
0.946
1.10
1.09
1.61
1.95
1.18
2.23
1.40
1.26
2.03
2.51
2.29
1.14
2.50
2.32
5.02
0.721
1.95
1.99
2.23
2.46
0.461
1.72
3.33
4.73
1.99
0.750
2.12
1.10
1.76
0.530
0.660
1.91
1.73
2.03
2.09
0.763
1.24
0.779
1.45
1.11
2.29
2.36
0.826
1.96
2.09
1.48
2.51
5.78
4.17
1.95
1.21
1.41
1.27
0.872
1.62
1.53
1.50
1.67
1.30
1.44
3.74
0.740
0.720
2.48
0.381
0.507
1.37
1.49
0.811
1.03
2.55
1.72
0.722
1.43
0.898
1.87
2.44
1.33
4.45
1.48
1.21
2.82
1.73
1.06
1.34
2.20
2.24
1.06
2.54
3.70
1.48
1.57
1.67
2.45
2.28
1.90
2.02
1.21
2.47
3.28
3.58
0.873
0.917
1.18
1.16
1.25
2.95
0.447
0.956
1.46
1.73
1.14
1.21
1.66
1.33
1.21
2.31
2.22
1.82
1.02
1.70
2.94
0.268
1.49
1.97
1.56
1.70
2.33
2.25
1.14
1.32
3.20
3.10
4.80
3.43
0.988
1.72
0.475
0.468
0.394
0.550
1.35
0.635
0.452
2.13
0.999
0.349
0.906
0.593
0.525
0.956
1.66
0.701
1.39
0.791
1.28
1.33
0.986
0.816
0.996
2.01
0.450
1.34
0.339
1.66
0.334
0.235
1.12
0.714
0.735
0.235
1.47
2.44
0.453
0.639
0.385
0.819
2.74
0.879
2.17
0.426
4.37
0.238
1.70
1.23
2.15
0.716
0.878
0.227
3.52
1.50
0.759
0.260
0.615
0.203
0.382
0.701
0.702
1.50
0.360
1.61
1.02
1.23
1.65
1.10
0.169
0.523
0.494
1.37
1.11
0.981
0.212
1.71
0.207
1.06
1.01
0.199
0.918
1.32
0.584
2.57
0.341
0.221
2.20
0.456
1.87
0.178
0.343
1.09
0.335
0.928
0.758
0.947
0.486
0.277
0.213
1.94
1.90
1.21
1.72
1.08
0.762
1.54
1.39
0.467
1.65
1.65
0.943
1.20
0.823
1.86
0.526
0.442
0.512
0.963
1.75
0.941
2.44
1.64
2.11
0.355
1.82
0.250
0.705
1.59
1.14
0.752
1.21
2.55
1.98
1.21
1.98
1.82
0.254
1.69
0.424
1.32
0.809
0.890
1.58
0.996
1.45
1.33
1.19
1.13
0.844
0.844
1.47
2.24
0.856
2.53
0.211
1.06
0.334
0.706
1.33
1.28
1.39
1.70
1.56
0.882
1.07
2.61
0.205
1.01
0.207
0.809
0.829
0.210
0.234
1.77
2.45
1.05
1.17
2.01
1.80
1.73
0.394
1.62
0.406
2.31
0.237
1.74
0.915
1.72
1.60
1.07
1.03
0.790
1.20
2.62
0.174
1.54
0.512
0.902
0.469
2.47
0.790
1.36
1.01
1.20
0.569
1.78
1.70
1.22
1.39
1.70
0.963
0.688
0.988
0.194
0.209
1.17
0.992
0.876
0.247
0.270
1.77
0.733
1.21
0.550
0.941
0.834
1.44
0.452
0.864
2.24
0.510
1.04
2.04
1.14
2.09
1.10
0.917
1.27
0.801
0.761
1.38
0.234
0.489
1.19
1.02
1.86
1.07
0.473
1.55
1.71
0.597
1.66
0.265
1.82
1.06
0.873
0.753
1.29
1.38
0.803
0.735
2.03
0.236
0.263
1.02
2.35
0.699
1.35
1.23
2.72
1.73
2.03
1.33
1.54
1.68
3.19
3.00
0.203
0.814
0.208
0.895
0.786
1.56
1.23
1.70
1.92
1.70
1.89
0.992
0.869
2.66
2.22
0.916
1.85
2.85
1.30
1.58
2.98
0.872
0.740
1.76
2.26
1.43
0.707
1.79
1.05
1.47
3.41
0.345
1.85
0.338
1.57
0.768
3.00
0.832
1.85
1.45
0.414
1.49
2.32
1.22
2.66
0.802
3.16
1.44
0.175
1.71
2.94
1.00
0.683
2.64
1.73
0.202
3.70
0.947
1.97
1.23
1.50
1.62
0.558
2.34
0.718
1.32
0.388
1.02
0.155
1.47
0.998
2.22
0.913
1.18
1.15
1.22
2.16
1.20
1.17
0.296
2.04
2.80
1.02
1.85
2.47
0.206
1.55
1.57
1.60
0.607
0.806
1.06
1.68
1.49
2.44
1.74
0.314
1.29
1.45
1.33
3.54
1.35
2.07
0.783
0.715
1.66
0.180
0.721
2.22
1.94
1.10
1.08
1.47
2.18
1.94
0.735
0.911
2.57
1.50
2.21
1.42
1.12
1.11
2.68
2.07
0.426
2.47
0.618
1.04
1.84
1.74
0.935
1.69
1.95
1.91
0.422
1.57
0.944
1.76
0.655
0.776
1.58
1.59
4.23
1.02
0.983
1.95
0.534
0.609
1.46
0.616
0.207
1.95
0.645
1.46
1.98
2.21
1.38
1.69
1.18
1.91
0.714
2.83
1.77
0.426
2.24
1.62
1.10
1.31
1.21
1.45
0.955
0.543
1.55
0.925
1.44
0.555
1.35
0.478
0.175
0.760
1.53
1.47
0.881
3.22
2.59
1.06
1.23
1.19
0.209
1.21
0.206
3.80
0.704
1.42
1.69
1.06
2.55
1.71
0.995
0.672
0.198
1.81
0.958
3.46
1.92
1.09
1.46
0.989
1.45
0.737
1.93
2.14
0.901
1.39
1.52
2.33
2.45
2.13
1.01
1.15
0.934
2.70
0.891
0.760
1.71
1.77
0.403
0.888
1.86
2.63
1.64
1.87
1.96
2.94
1.98
1.54
2.52
0.981
0.890
1.67
0.953
0.915
1.89
1.42
1.40
1.14
0.882
1.76
2.90
1.57
0.761
1.00
1.78
2.47
1.25
2.84
1.03
0.546
2.43
1.08
2.26
4.06
4.82
0.237
0.687
1.13
1.46
1.17
1.66
1.23
1.10
1.76
2.17
1.45
1.65
1.39
1.43
2.69
0.738
1.31
0.929
1.75
1.29
1.59
0.551
2.00
1.26
1.45
1.09
1.73
1.90
3.27
2.14
0.783
1.25
2.46
0.953
0.721
1.25
2.46
1.42
2.51
2.26
3.00
1.39
2.30
1.07
1.39
3.41
1.14
0.897
2.47
1.89
1.70
1.27
0.390
1.04
1.32
2.25
1.93
1.96
1.31
1.21
1.29
0.236
4.06
1.50
1.19
0.642
1.99
1.14
3.53
0.709
1.76
3.20
0.209
2.56
1.04
1.49
0.793
1.91
2.06
2.66
0.966
3.82
1.37
1.20
0.733
1.47
0.727
1.12
3.21
1.24
0.819
0.389
1.03
1.10
1.41
1.82
2.86
2.10
1.03
0.715
0.904
0.942
1.18
1.06
1.86
1.19
1.72
1.80
2.03
1.57
4.45
1.02
1.86
1.12
0.914
1.90
1.73
1.18
1.98
1.45
1.35
0.768
2.52
5.51
2.80
1.99
1.36
1.74
1.82
0.569
1.76
0.958
0.288
0.476
0.691
1.80
1.27
0.276
1.78
1.75
2.03
2.82
1.69
0.767
2.31
1.55
3.76
1.70
1.08
0.482
0.712
0.986
1.79
1.27
1.83
2.46
0.584
3.05
1.95
1.21
2.01
0.564
0.292
2.77
2.73
0.958
1.62
1.96
1.54
1.41
2.87
1.71
2.45
1.99
0.517
2.02
3.86
1.32
0.232
1.80
2.09
1.05
1.59
1.54
1.45
3.23
1.11
3.46
1.82
1.93
2.27
1.33
0.867
1.09
3.02
0.641
1.78
1.07
0.599
1.19
3.19
2.49
1.53
0.190
2.90
1.03
2.71
1.11
1.50
2.21
1.45
2.69
0.450
1.01
1.28
1.55
1.07
0.231
2.28
0.683
1.33
1.44
1.69
1.16
2.16
1.46
4.25
1.94
2.81
1.49
2.15
1.79
1.73
2.07
2.10
2.09
1.71
2.02
2.76
1.35
1.80
0.718
2.57
2.58
2.02
0.236
2.06
0.753
0.274
0.900
0.233
0.357
1.55
0.624
1.46
1.41
1.31
1.44
0.526
1.41
0.978
0.206
0.220
0.867
0.391
1.01
1.44
0.311
0.858
0.766
1.01
0.689
0.547
1.63
0.241
1.17
0.262
0.237
0.639
0.972
0.207
0.878
1.20
1.44
0.681
1.82
0.863
1.00
0.203
1.44
0.195
0.996
0.331
0.210
1.87
1.54
1.87
1.59
0.276
0.725
2.05
0.925
0.483
0.208
1.35
2.33
1.03
0.213
0.776
0.501
1.11
0.338
1.85
0.953
2.01
0.636
0.753
0.316
0.540
2.41
0.246
1.59
0.224
1.48
0.424
0.568
0.247
0.362
0.216
1.21
0.571
1.37
1.61
0.577
0.240
1.37
1.65
0.250
1.26
2.05
2.62
0.356
0.244
0.718
0.716
0.299
1.50
0.274
0.342
1.68
1.76
0.475
0.661
1.21
0.992
0.975
2.01
1.67
0.214
0.762
0.396
1.92
0.289
0.835
0.949
0.337
2.52
0.718
0.657
1.00
1.48
1.04
1.77
1.14
0.993
1.95
1.63
1.48
1.13
1.91
1.28
0.702
1.66
1.88
0.730
0.221
1.53
1.46
1.41
0.941
1.44
0.295
1.00
0.180
1.71
1.08
0.449
0.469
1.55
0.813
0.213
2.84
0.208
1.75
2.00
1.27
0.663
2.49
0.961
1.10
1.76
0.238
1.77
0.961
0.441
2.91
0.171
0.572
1.21
0.269
0.737
0.797
3.51
1.30
1.35
0.453
2.96
1.33
0.910
0.906
1.11
1.09
0.789
1.10
1.46
1.03
0.427
2.06
1.44
0.745
0.748
0.800
1.64
0.764
0.996
1.03
2.20
1.55
0.404
1.32
2.54
0.205
0.680
1.51
2.09
0.577
0.739
1.89
1.30
0.727
2.30
0.931
0.995
0.896
0.226
0.544
3.48
1.71
2.77
0.928
0.505
0.926
0.980
0.295
1.24
0.876
0.394
0.787
2.46
3.07
1.17
1.79
1.40
2.17
0.312
0.178
1.11
1.94
1.34
1.01
2.28
0.969
2.69
0.959
2.55
2.44
0.251
1.27
0.212
1.35
1.16
1.17
1.05
0.902
0.224
1.64
1.94
0.184
1.45
0.815
0.950
2.73
0.282
0.659
0.958
1.12
2.75
0.914
1.83
0.244
2.02
0.786
5.08
1.36
1.24
1.27
0.909
1.81
0.241
0.380
1.29
0.377
1.19
0.876
0.983
0.961
0.574
1.51
0.793
2.85
1.59
1.43
1.89
0.188
0.936
1.61
0.574
0.826
1.45
2.08
0.856
2.41
0.503
0.766
1.60
1.86
0.824
2.29
1.71
0.699
0.937
1.73
1.87
0.337
0.811
1.73
2.27
0.239
1.31
0.724
0.929
4.90
1.36
0.920
0.669
1.12
4.17
0.503
1.39
1.45
0.289
2.62
0.992
3.48
1.15
1.64
1.55
0.422
1.35
1.24
2.96
0.748
1.60
1.74
0.805
2.49
0.661
1.91
2.07
0.619
0.238
2.03
1.24
0.513
1.94
1.45
1.98
0.824
2.69
2.49
1.21
2.69
0.245
0.447
0.848
1.33
0.175
0.869
1.74
0.961
2.34
4.45
1.62
0.324
1.73
0.685
2.04
1.12
3.27
1.30
1.05
0.981
1.05
1.20
0.933
0.242
0.920
1.94
0.951
1.49
1.81
1.17
0.842
1.50
0.693
1.55
1.16
0.453
2.36
1.36
2.42
4.66
1.84
1.18
1.44
1.93
2.61
0.877
0.684
2.08
0.675
0.718
1.48
1.81
1.36
1.63
1.90
0.919
1.53
1.39
1.03
3.42
0.230
0.941
1.38
1.55
1.74
1.94
0.205
0.845
0.994
0.931
1.87
2.04
0.683
1.41
1.69
0.857
0.593
1.25
0.911
2.71
0.749
0.387
2.46
1.96
1.03
0.757
1.47
1.48
0.728
1.61
1.58
1.87
3.02
3.36
0.965
0.965
1.68
1.94
4.61
0.359
0.741
0.589
0.945
2.36
0.871
0.534
1.51
2.00
2.47
1.33
0.692
1.22
1.45
0.730
1.10
0.977
0.904
1.94
1.16
1.20
3.39
1.00
1.88
1.28
0.782
1.82
1.07
1.98
1.52
1.09


t

