
2.88
2.91
1.86
2.02
1.87
1.49
2.55
1.90
2.37
2.49
2.08
2.84
2.11
2.02
2.49
2.60
2.64
1.49
2.09
2.39
2.79
2.81
2.80
2.93
1.57
2.62
1.60
2.37
2.58
2.86
2.82
2.97
1.13
1.57
1.81
2.88
1.65
3.03
2.71
2.10
1.74
3.72
2.85
2.86
2.75
3.20
2.08
2.26
3.02
3.04
3.21
2.72
2.80
3.01
2.01
3.09
1.39
1.39
2.76
2.34
2.95
1.78
2.53
1.93
1.34
3.03
2.84
2.60
1.97
1.62
1.82
2.18
3.25
1.94
2.28
1.25
1.43
2.07
2.24
3.81
3.00
2.26
2.75
2.10
2.20
1.71
1.46
2.86
1.88
3.22
1.90
2.78
2.79
2.69
2.22
2.39
2.85
2.84
1.62
1.74
2.42
1.47
2.84
2.20
2.67
2.08
2.49
2.27
3.07
1.90
1.37
2.64
1.90
3.06
2.98
1.85
2.28
2.34
2.75
1.73
2.78
2.94
2.90
2.16
2.78
2.26
1.76
2.47
2.71
1.85
1.74
2.50
2.05
2.06
1.95
2.95
2.13
2.86
2.00
2.89
1.65
2.65
1.84
2.87
1.69
3.06
1.94
3.10
2.83
1.64
2.93
2.34
2.79
2.84
1.64
2.83
1.75
2.68
1.74
1.82
2.93
2.22
2.89
1.85
2.92
2.23
2.95
2.16
2.15
2.23
2.58
1.81
1.82
1.83
1.87
2.32
3.13
2.16
2.52
3.78
2.76
2.12
2.51
2.12
2.14
2.21
2.72
1.98
2.67
1.68
2.47
2.65
2.18
2.74
2.03
2.87
2.12
2.87
2.88
1.86
2.82
2.33
2.97
1.83
2.67
2.08
2.41
3.01
2.06
1.90
2.79
2.84
2.70
1.73
2.90
2.09
2.31
2.82
1.80
2.62
2.35
2.81
2.84
2.82
3.02
2.17
2.70
1.56
2.71
1.66
3.11
2.70
3.56
2.27
3.04
1.50
2.85
1.77
2.79
1.92
2.60
2.06
2.20
2.67
1.89
1.99
1.98
1.51
1.94
2.37
2.47
2.16
3.14
2.53
2.01
2.87
1.61
2.75
2.33
2.99
2.17
2.24
2.27
2.76
2.86
2.15
2.33
3.04
2.04
2.26
2.40
2.26
2.35
2.23
2.39
2.33
2.97
2.09
2.35
3.74
3.03
1.70
1.93
1.17
1.87
2.97
2.13
2.18
2.18
2.93
1.97
2.85
2.10
1.91
2.14
2.92
1.99
2.72
2.45
2.33
1.78
1.51
2.44
2.21
1.83
1.81
3.03
2.89
3.34
1.77
1.78
2.32
2.00
2.82
1.73
1.93
3.54
2.50
1.59
2.74
1.70
3.17
1.65
1.69
1.84
2.54
2.23
1.49
2.27
2.54
1.47
2.26
3.08
2.45
2.79
1.24
2.12
2.59
1.73
2.67
1.52
2.77
1.67
1.83
2.07
2.35
2.43
1.90
2.71
2.21
1.29
1.68
1.13
2.05
1.20
2.01
1.82
1.90
1.89
1.95
1.81
1.69
2.05
1.50
1.82
2.32
1.20
2.24
1.74
2.00
1.16
1.79
1.65
1.41
1.96
2.48
1.81
2.16
2.16
1.86
2.15
2.07
2.21
1.96
1.71
1.49
1.71
1.68
2.83
2.05
3.14
2.04
2.08
2.01
2.03
2.15
2.16
2.15
1.97
2.87
1.92
1.56
1.54
2.09
2.14
1.97
1.69
2.24
1.86
2.09
2.14
1.79
1.64
1.94
2.13
2.00
1.88
1.77
1.72
1.72
1.77
1.89
1.95
1.93
1.92
1.80
1.92
1.92
1.88
1.79
1.84
1.81
1.82
2.05
1.91
1.83
1.80
1.78
1.80
3.32
2.47
1.57
1.94
1.80
1.70
1.79
2.03
1.89
2.29
1.96
2.00
2.07
1.69
2.03
1.85
1.96
1.81
1.65
2.12
2.07
2.04
1.91
1.95
2.06
2.07
2.01
1.92
1.93
2.24
2.71
2.11
2.12
2.17
1.06
2.16
1.90
2.16
1.94
1.88
1.74
1.86
1.91
1.86
1.80
1.77
1.74
2.05
1.60
1.73
1.50
1.36
1.56
3.03
1.79
1.84
2.95
1.81
2.64
1.96
1.92
1.71
1.91
1.79
1.79
1.92
1.87
1.63
1.78
1.75
1.87
2.57
1.67
1.31
1.72
1.86
1.89
1.57
1.70
1.52
1.51
0.839
1.87
2.71
1.88
2.85
2.76
2.86
1.74
2.66
2.77
1.30
1.44
2.75
1.72
2.16
2.98
2.81
2.76
2.83
2.68
2.77
1.74
2.85
1.55
1.42
1.32
1.46
0.522
1.96
2.74
2.85
1.85
2.96
2.77
2.75
2.58
2.04
1.84
2.58
1.77
1.74
1.69
1.46
1.59
1.72
1.56
1.54
2.79
2.78
2.61
2.68
2.89
1.72
1.84
1.78
2.83
1.93
1.73
1.46
2.93
2.50
1.67
1.54
1.58
2.45
1.67
2.48
1.68
3.22
1.67
1.35
2.68
2.83
1.72
2.19
2.71
1.74
1.75
1.74
1.69
1.66
1.60
1.64
1.87
1.52
3.39
1.62
3.50
2.61
2.86
3.58
1.61
2.54
1.67
1.52
3.56
1.45
1.79
2.52
1.52
2.44
1.44
1.38
1.96
1.65
2.47
1.38
1.80
2.64
2.76
2.38
2.48
2.62
1.45
2.37
2.66
1.40
2.35
1.38
2.59
1.40
2.66
1.57
2.75
2.94
1.74
2.06
2.27
2.12
2.22
2.21
2.54
1.76
2.67
2.19
1.58
2.78
1.38
2.42
1.35
3.39
1.80
1.46
3.35
1.86
1.44
2.27
3.51
1.74
1.85
1.81
2.46
2.55
3.45
2.39
1.88
2.34
1.18
2.76
3.72
2.49
1.91
2.60
1.37
2.76
1.38
2.53
1.25
2.37
2.80
1.48
2.15
1.83
2.63
2.53
1.97
2.63
1.40
1.77
2.33
2.48
1.48
2.27
1.75
2.55
2.54
1.49
1.76
1.96
2.63
1.92
2.04
1.32
2.20
2.65
1.37
2.56
1.82
1.87
2.32
2.87
1.42
2.14
2.30
2.50
1.65
2.02
2.60
1.53
3.10
2.11
1.95
1.89
2.76
1.73
2.43
1.88
1.87
1.54
2.20
2.37
1.61
1.83
2.32
2.27
1.80
2.02
2.74
2.16
2.52
1.99
1.34
1.82
0.710
2.63
2.03
1.83
2.75
2.85
2.82
2.50
1.33
2.60
1.54
2.60
2.30
3.53
2.09
2.53
2.83
2.54
2.59
2.42
2.59
1.49
2.57
1.55
2.58
1.70
2.98
3.01
1.45
3.47
1.57
3.41
1.76
2.63
2.98
2.65
2.64
2.61
2.83
3.50
2.53
2.77
2.75
2.98
3.59
2.39
2.81
2.68
2.73
3.41
2.56
3.50
2.04
1.56
2.77
2.69
2.53
2.72
2.64
2.67
1.58
2.70
2.91
2.60
2.66
2.70
1.65
2.38
2.64
2.38
2.40
1.54
2.89
2.48
1.36
2.18
3.46
2.57
3.47
1.42
3.36
1.95
2.20
2.45
1.73
1.47
2.72
1.81
2.04
2.42
3.28
2.49
3.06
1.47
3.52
1.94
2.47
3.51
1.48
2.42
2.30
3.49
2.54
2.61
2.74
2.98
2.09
2.65
3.08
1.93
2.51
3.43
2.34
2.18
1.86
2.16
2.97
1.51
2.65
1.57
1.84
2.78
1.83
2.58
1.33
2.69
2.88
1.44
2.73
1.31
2.72
1.59
2.96
2.44
1.70
2.30
2.50
2.25
2.11
2.63
1.37
2.55
2.58
2.63
2.52
2.59
1.86
2.86
2.88
1.64
1.84
2.77
1.61
2.90
1.92
2.50
1.58
2.98
1.74
3.04
3.11
1.87
2.69
1.24
2.28
1.22
2.01
3.15
1.48
2.36
2.21
1.83
1.44
2.74
3.19
2.27
2.96
1.90
1.41
2.18
2.58
2.71
1.29
3.67
2.49
2.79
3.45
2.72
2.56
2.56
1.80
2.34
2.21
1.94
0.768
3.07
1.56
1.42
2.93
3.02
2.98
3.00
2.00
2.74
2.00
2.71
2.15
2.48
2.98
2.15
2.66
2.99
1.96
2.88
2.65
2.03
4.01
3.01
2.35
3.46
3.02
2.93
1.83
2.47
1.67
2.04
3.35
2.44
3.51
1.94
2.92
2.14
2.74
1.54
2.90
2.57
2.90
2.02
2.86
2.71
1.63
2.67
1.55
2.26
2.82
2.11
2.09
2.94
1.85
2.14
2.08
2.52
1.63
2.35
2.12
2.44
2.61
2.09
3.59
2.86
2.43
2.92
1.95
2.09
1.47
1.82
1.95
2.74
2.82
1.49
2.55
1.92
2.19
2.62
2.53
1.62
4.50
2.63
2.41
1.54
3.40
2.56
1.51
2.55
2.71
1.36
2.44
1.40
1.49
1.55
1.92
2.40
1.78
2.17
1.39
1.55
2.45
1.45
2.30
1.53
3.43
1.24
3.37
1.74
1.70
1.47
3.45
2.43
1.38
2.26
2.31
1.40
2.65
1.41
2.12
2.62
2.68
1.40
2.40
2.16
2.33
1.36
2.45
2.63
1.36
2.72
2.56
1.48
2.40
1.69
2.71
1.58
3.59
2.53
2.60
1.50
2.89
1.62
2.72
1.93
2.14
2.22
1.28
2.51
1.48
2.41
2.45
1.64
1.88
1.33
1.40
1.33
2.34
1.22
2.15
1.28
3.37
1.82
4.56
1.16
1.17
1.76
1.56
1.33
1.46
1.29
1.28
2.86
2.15
2.54
2.55
1.71
1.37
1.58
1.13
1.11
1.37
1.57
1.72
1.48
2.74
2.56
2.55
1.60
2.54
2.23
1.44
1.63
1.42
1.60
1.61
1.71
1.48
1.51
1.85
2.31
1.91
1.81
1.97
2.10
2.01
1.74
1.72
1.74
2.03
2.14
1.82
1.76
1.34
1.64
0.788
1.85
1.92
1.76
1.99
1.96
1.82
2.44
2.56
2.00
1.37
1.89
1.87
1.63
1.65
1.74
2.76
1.73
2.12
1.98
1.31
1.68
1.81
1.84
1.77
1.84
1.77
1.74
1.80
1.81
2.01
1.87
1.68
1.28
1.58
1.35
1.61
1.74
1.67
1.37
1.50
1.51
1.52
1.63
1.24
1.06
1.83
2.56
1.74
2.18
2.52
2.62
2.68
1.71
1.68
1.80
1.51
1.73
1.62
1.68
1.81
1.67
1.51
1.33
1.51
1.44
2.47
1.26
1.70
1.45
1.97
1.66
1.65
1.68
1.89
1.74
1.71
1.72
1.94
1.68
1.68
1.76
1.73
1.64
1.77
1.68
1.82
1.74
1.45
1.49
1.49
1.73
1.49
1.50
1.24
1.67
1.41
1.46
1.03
1.15
1.19
1.44
0.778
1.91
1.77
1.83
2.55
1.81
1.73
2.35
1.66
2.22
1.79
1.69
1.90
1.61
1.70
1.99
1.90
2.03
2.06
1.83
1.90
1.99
1.74
1.46
1.88
1.92
1.97
1.82
1.94
1.71
1.60
2.11
2.08
1.93
2.11
2.11
2.02
2.25
2.17
1.91
2.70
2.05
2.07
2.06
1.98
2.01
2.60
1.90
2.11
2.00
1.63
2.03
2.19
2.48
1.79
1.82
1.76
1.89
1.76
2.11
1.82
2.22
1.93
2.01
3.16
2.05
2.13
2.90
2.65
1.95
2.11
1.95
1.92
2.18
2.26
2.99
2.18
1.82
1.80
2.21
2.04
1.89
3.11
1.97
1.94
2.02
2.03
1.67
1.99
2.08
1.81
2.01
2.11
1.79
1.64
1.64
1.93
1.75
2.29
1.66
2.57
2.96
3.24
3.19
2.18
1.32
2.07
2.18
2.52
2.79
1.87
0.735
1.01
1.74
1.94
2.06
2.18
2.08
1.97
0.217
1.03
0.855
1.45
0.839
0.749
0.928
0.820
0.981
0.969
1.07
1.38
1.06
1.08
0.926
1.00
1.92
1.05
1.06
1.05
1.04
0.748
0.884
0.624
0.248
0.970
2.46
1.11
0.945
0.537
1.05
1.74
1.21
0.832
0.843
1.16
0.789
0.992
0.807
1.33
0.792
0.677
2.08
0.841
0.822
0.814
1.02
0.867
1.69
0.977
1.80
1.92
1.05
1.70
2.63
0.864
1.75
0.784
1.04
1.19
1.87
0.826
0.620
1.89
0.988
0.912
1.07
1.15
0.846
1.02
0.800
0.774
1.00
0.682
0.914
1.65
1.84
1.27
1.58
1.48
0.714
1.66
0.895
1.07
1.06
0.845
0.418
0.231
1.82
1.76
3.47
1.92
0.779
2.17
0.380
2.03
1.96
1.01
1.78
1.84
0.933
0.811
1.01
1.93
1.51
1.65
1.02
1.79
2.05
1.82
0.968
1.89
1.57
2.06
2.51
1.97
1.81
0.858
1.84
1.02
0.961
0.851
1.08
0.755
0.998
1.83
0.987
2.02
1.98
1.75
1.61
2.05
1.76
1.42
1.59
1.73
1.71
1.69
0.799
1.42
1.80
1.97
1.76
1.85
1.78
1.88
2.00
1.90
2.51
1.64
2.13
1.62
2.78
2.06
1.81
1.85
2.15
1.67
1.89
2.13
1.89
1.89
1.67
1.99
2.80
1.74
1.53
2.82
1.88
1.81
2.15
1.87
2.76
1.99
1.68
2.02
1.88
1.91
1.74
1.74
1.91
1.35
2.00
1.87
1.54
2.04
1.80
2.00
1.72
1.58
1.55
2.33
0.895
1.83
1.82
2.77
2.05
1.88
1.89
2.00
1.93
2.05
1.79
2.08
2.60
1.87
1.77
2.05
2.84
1.90
1.49
1.87
1.36
1.76
1.06
1.98
1.72
2.01
2.27
0.755
1.61
1.90
1.85
2.01
1.90
2.00
1.90
1.51
1.56
1.79
1.83
1.42
0.791
2.79
1.82
1.98
1.86
1.98
1.62
1.89
1.73
1.80
1.78
2.02
1.90
2.01
2.05
1.83
2.50
1.93
1.98
1.76
2.12
1.90
1.94
2.15
1.93
2.00
2.28
2.22
2.03
2.37
2.00
2.01
1.89
1.84
1.82
1.98
2.07
1.98
1.80
1.89
1.68
1.77
1.99
1.77
1.61
1.68
1.89
2.00
1.78
1.76
1.39
1.72
1.90
2.71
1.59
1.83
2.36
2.53
1.99
1.77
1.67
0.766
2.71
1.44
2.93
1.83
1.51
1.83
1.77
1.80
1.94
1.76
1.87
1.79
1.90
1.72
1.83
1.81
2.83
2.36
1.72
1.84
1.80
1.72
1.89
1.97
1.72
1.63
2.07
1.80
1.81
2.83
2.70
1.85
1.91
1.74
1.70
1.63
1.77
1.75
2.54
1.61
1.59
2.83
1.82
1.39
1.78
1.38
1.75
1.49
2.56
2.15
1.30
1.45
2.55
1.71
1.63
1.79
2.12
1.39
1.66
2.39
1.48
1.22
1.22
1.45
1.72
1.52
1.63
1.75
2.52
1.54
1.33
1.63
1.37
1.83
1.68
1.60
2.67
1.61
1.76
1.69
2.38
2.52
1.51
1.46
1.76
1.75
2.35
2.76
2.05
1.94
1.36
1.54
1.51
0.758
2.21
1.70
2.06
2.13
2.48
1.85
2.86
1.65
1.85
1.85
1.92
2.78
2.06
1.86
2.04
2.01
1.66
1.95
1.62
1.48
2.03
1.91
1.52
0.148
1.92
2.05
2.21
2.02
2.04
1.86
2.01
1.76
2.11
1.97
1.68
2.05
1.84
1.94
1.71
1.87
2.50
1.59
1.47
1.81
1.92
2.03
1.65
1.83
1.79
2.03
0.322
1.93
1.80
2.07
1.78
1.80
1.97
1.80
1.87
2.00
1.80
2.00
2.05
1.59
1.74
1.67
1.91
1.67
1.96
1.90
1.49
1.53
2.58
1.93
1.51
1.83
1.76
1.38
1.45
1.42
1.59
1.22
0.224
1.63
0.999
2.71
2.54
2.82
1.88
2.83
1.55
1.91
1.76
1.90
1.68
2.04
1.86
1.71
1.69
1.90
1.78
1.53
1.78
1.84
1.72
1.84
1.82
1.78
1.74
1.74
1.83
1.83
1.49
1.79
1.83
1.99
1.98
1.70
1.78
1.80
1.34
1.44
1.75
1.80
1.67
1.76
1.65
1.71
1.55
2.18
1.56
1.47
1.92
2.76
1.91
1.81
1.85
1.64
1.57
1.84
1.56
1.50
1.63
2.51
1.44
1.71
1.67
2.65
1.73
1.45
1.70
1.23
1.82
1.84
1.71
1.56
1.57
1.58
1.17
0.619
1.93
1.96
2.85
2.78
2.80
2.73
2.77
1.86
2.75
1.49
2.00
2.93
1.30
1.52
1.46
1.45
1.78
1.35
1.34
1.49
1.53
1.40
1.56
1.74
1.78
1.84
1.73
1.80
2.66
1.74
1.96
1.85
1.81
1.83
1.89
1.90
1.78
2.02
2.04
1.88
1.83
2.22
2.01
2.51
1.80
1.74
1.22
2.53
1.83
1.82
2.10
1.80
1.77
2.85
1.91
1.57
1.76
2.08
2.05
1.86
1.72
1.74
1.94
2.44
1.87
1.95
2.01
1.95
1.69
2.08
1.64
1.89
1.87
2.62
1.92
2.14
1.95
2.08
1.77
2.05
2.01
1.62
1.95
1.66
1.89
1.92
2.40
1.50
1.46
2.04
1.87
1.85
1.62
1.62
1.88
1.82
1.37
1.96
2.05
1.88
1.96
2.00
3.81
1.56
2.00
1.44
2.73
1.57
1.80
1.96
2.02
2.65
1.44
1.87
1.61
1.78
1.58
2.07
1.57
1.67
2.14
1.70
2.61
1.56
1.68
1.57
1.92
1.72
1.73
1.65
1.93
2.40
1.73
1.68
1.79
2.48
1.54
1.71
2.36
1.75
1.83
1.71
2.52
1.44
1.29
2.30
2.32
2.47
1.55
2.02
2.20
1.68
2.22
1.62
1.97
1.71
1.86
2.51
1.82
2.56
2.48
2.19
3.23
2.51
1.58
2.60
1.89
3.33
1.98
1.90
2.48
3.59
2.50
2.89
3.69
1.90
2.60
1.76
1.09
2.86
2.29
1.57
3.80
2.60
1.62
2.45
2.45
2.80
1.43
2.62
1.59
1.94
2.72
1.89
2.22
2.51
1.26
2.91
2.52
2.44
2.84
2.24
1.06
2.48
1.69
2.49
1.26
2.18
1.56
2.54
1.32
2.22
2.38
3.37
2.32
2.35
2.06
2.50
2.22
2.46
2.40
1.25
2.41
1.58
2.17
1.49
1.70
2.42
2.43
2.58
1.66
1.93
2.41
1.63
2.21
1.44
2.51
1.41
2.34
1.86
2.01
2.25
1.60
2.52
1.47
1.86
2.28
1.28
2.05
2.19
1.35
2.94
1.33
3.15
2.35
3.03
3.02
3.16
2.16
2.46
2.81
2.25
2.92
1.67
1.45
1.44
1.25
2.77
1.60
1.08
1.94
2.43
2.20
1.60
2.43
2.20
2.47
2.12
3.42
2.22
1.83
1.29
2.31
1.94
2.02
2.68
3.00
1.64
2.81
2.41
2.51
1.92
3.08
2.49
1.57
1.86
0.988
1.15
2.10
1.35
0.930
1.26
3.38
2.44
2.27
2.12
1.48
2.28
2.27
1.24
1.72
1.90
1.34
2.73
1.70
2.28
1.82
2.39
1.86
2.22
1.68
1.90
2.11
1.15
1.90
2.20
1.10
1.21
2.55
2.30
2.39
3.18
3.45
2.34
1.38
1.05
1.16
1.28
2.14
2.28
2.54
2.37
2.01
2.70
2.48
1.93
3.24
3.81
1.35
3.08
2.23
3.10
2.16
1.57
2.47
3.07
2.59
2.36
0.986
1.12
1.20
1.94
2.91
2.83
3.22
2.10
3.03
2.42
2.37
2.50
2.22
2.17
2.33
2.13
2.34
2.82
3.03
2.15
2.50
2.22
1.54
1.43
2.01
2.60
2.95
3.85
2.95
2.77
1.39
2.99
2.36
2.29
1.20
2.33
3.45
2.21
2.68
1.38
1.89
1.47
1.70
2.21
1.64
2.11
1.53
2.43
3.02
2.57
2.05
1.60
1.18
2.21
2.06
1.43
2.02
1.45
1.52
1.80
2.20
2.38
1.28
2.44
1.14
1.66
2.21
2.01
2.44
1.72
2.99
2.01
2.59
2.67
2.89
3.15
2.39
2.10
2.06
2.30
1.66
1.74
2.22
2.05
1.90
1.95
3.28
2.01
3.19
2.12
1.47
1.97
2.77
2.29
3.22
2.08
2.75
3.01
2.17
1.75
2.96
1.50
2.09
2.58
2.28
1.69
1.81
2.99
1.85
2.10
3.27
2.63
2.79
1.52
2.17
1.24
2.00
1.89
1.71
2.62
2.05
1.32
1.44
2.48
1.25
1.52
1.51
1.64
2.12
3.03
2.44
1.62
2.44
1.97
3.02
2.40
2.36
2.30
2.09
0.841
2.76
2.47
1.79
1.85
1.56
2.19
3.01
3.44
2.20
2.70
3.49
1.85
1.63
2.35
3.50
2.47
2.09
2.34
1.90
2.98
2.04
2.64
2.56
1.68
1.59
1.80
3.12
1.69
3.57
2.52
2.78
1.73
2.67
1.92
2.06
3.05
3.07
1.44
2.02
3.70
2.71
1.61
3.75
3.53
2.50
1.58
2.77
1.74
2.92
1.59
2.77
2.95
2.61
2.99
1.84
3.21
2.49
2.83
1.45
2.59
2.71
1.96
2.72
2.64
2.91
1.67
2.68
2.69
2.76
1.77
2.14
2.91
2.42
3.07
1.82
2.71
2.93
2.61
2.75
2.90
2.24
1.43
1.37
2.34
1.59
2.48
2.78
2.70
3.56
2.60
1.52
2.21
2.82
2.16
2.47
2.74
1.51
2.48
1.65
1.87
2.40
1.32
1.97
2.73
1.42
2.12
2.57
2.02
2.50
1.46
2.14
2.16
2.34
2.46
1.42
2.33
1.51
2.91
1.44
1.78
2.38
2.19
2.53
1.36
2.44
1.82
2.85
1.31
2.23
2.17
1.46
2.44
1.13
1.29
1.55
2.72
1.55
2.37
3.00
1.96
2.61
1.58
1.89
1.59
2.09
1.82
1.77
2.24
1.52
2.15
2.33
1.82
2.48
1.82
2.59
3.03
1.68
2.29
2.50
1.46
2.33
2.70
1.81
2.56
1.55
1.95
2.73
1.80
1.73
2.02
2.17
2.44
1.62
2.31
1.70
2.64
1.63
2.86
2.72
1.75
2.78
2.41
2.38
2.59
2.78
1.45
2.40
1.69
1.99
2.27
2.06
2.13
2.29
2.79
2.93
1.85
2.11
2.10
2.43
1.16
2.17
1.97
1.95
2.38
2.18
2.50
2.57
1.78
1.79
1.97
2.04
2.24
1.36
2.38
1.11
1.11
1.20
1.30
1.50
2.60
2.19
0.915
2.74
2.76
2.74
3.55
2.35
2.57
1.60
2.67
2.97
2.74
1.82
2.83
2.81
2.67
1.56
2.60
1.56
2.56
1.96
1.68
2.22
1.79
2.38
3.01
2.77
2.54
2.74
1.59
2.60
2.07
2.70
1.44
2.03
2.79
2.01
1.40
2.28
2.66
1.51
2.79
1.56
2.74
2.77
1.56
2.14
2.53
1.46
1.78
2.56
1.91
2.60
2.62
1.50
2.32
2.84
1.51
2.48
2.97
1.47
2.53
1.50
1.76
2.19
1.99
1.33
2.65
2.14
2.64
2.95
1.71
2.04
1.82
1.98
2.14
2.67
2.46
2.36
2.61
1.56
2.00
2.76
1.68
2.67
1.59
1.54
1.71
2.30
1.57
1.51
2.63
1.62
2.62
1.81
2.19
1.63
2.70
2.03
1.87
1.62
2.55
1.64
2.38
1.33
2.21
2.19
1.22
1.53
2.09
1.89
2.08
2.40
1.36
2.13
2.03
1.51
2.33
1.72
1.27
2.29
2.36
1.34
1.73
2.18
2.45
1.77
2.64
1.69
1.92
2.48
1.83
1.45
2.68
2.35
2.20
2.21
2.32
1.73
2.17
2.56
1.49
2.27
1.64
3.46
2.27
2.66
1.24
2.35
2.48
1.40
2.07
2.38
1.52
1.96
2.52
1.37
1.71
2.00
1.98
1.94
2.42
1.52
2.57
1.71
2.61
1.90
2.05
2.20
1.17
1.28
1.35
1.18
2.22
2.43
3.34
2.30
3.26
1.92
2.04
2.52
4.15
1.08
1.25
1.83
2.01
1.43
2.46
2.06
2.26
1.41
1.19
1.34
1.38
2.30
1.52
1.50
2.50
1.53
1.65
2.51
2.46
2.28
2.27
1.42
2.11
1.26
1.52
1.73
1.83
2.27
1.53
1.41
1.46
1.37
1.55
1.53
1.37
1.96
1.49
1.54
1.36
2.40
2.24
1.91
1.29
2.09
1.51
2.47
1.47
2.15
2.31
1.91
1.65
1.92
2.32
2.53
1.57
2.44
2.30
2.38
1.86
2.28
2.36
1.39
2.17
2.57
1.53
2.18
2.16
2.22
2.21
2.04
1.32
1.48
1.38
2.10
1.16
1.21
1.17
1.33
2.28
2.11
1.10
1.34
2.00
1.17
1.32
1.08
1.05
1.54
2.56
2.39
1.81
2.34
2.60
1.53
2.39
1.50
1.88
2.21
2.10
1.86
2.59
2.41
2.29
2.18
1.08
2.10
2.09
1.85
2.03
2.92
1.82
2.13
2.32
2.17
2.46
2.39
2.30
2.10
2.29
2.11
2.07
2.20
2.35
2.37
2.35
2.09
2.38
1.86
2.08
1.16
2.21
2.14
2.30
2.04
1.32
2.08
2.18
2.26
2.40
2.21
1.87
2.05
1.89
1.77
2.07
2.01
2.30
1.89
1.79
2.28
1.82
2.08
1.90
2.12
2.13
2.16
1.84
1.63
2.23
2.31
1.79
2.11
1.87
1.77
1.15
1.89
1.91
1.94
2.23
1.21
1.65
1.80
2.33
1.18
3.07
3.23
2.06
2.32
2.00
3.08
1.78
1.86
1.85
1.27
2.19
1.80
1.85
2.28
3.04
2.16
1.93
2.12
2.05
2.15
3.02
2.11
2.03
2.12
2.42
2.08
2.01
1.69
1.98
2.19
1.88
1.83
2.29
1.64
1.82
1.75
1.91
3.20
2.16
3.30
2.68
1.92
0.919
1.57
2.80
3.02
2.36
1.67
1.72
1.78
2.40
1.95
2.80
1.78
3.65
2.14
2.09
2.07
1.82
1.75
1.88
2.61
1.85
2.51
1.80
2.01
2.89
2.49
1.85
1.86
2.55
1.71
1.80
0.666
1.90
2.92
2.91
2.12
1.87
3.14
1.85
1.98
1.77
1.78
2.29
0.775
2.87
1.83
1.78
2.08
1.44
1.65
1.52
1.73
1.57
2.00
1.78
1.54
1.36
2.77
2.71
1.94
1.96
1.82
2.60
1.56
2.17
2.03
1.93
3.07
3.00
3.50
2.70
1.73
2.78
1.89
1.50
1.86
2.98
2.52
1.93
2.23
2.70
1.66
3.12
1.60
1.80
1.78
1.46
2.23
2.43
2.99
2.66
2.98
3.01
1.94
1.35
1.58
2.75
1.91
2.96
1.73
2.76
1.92
2.21
1.36
1.74
2.65
2.19
2.65
1.59
2.30
0.146
1.90
1.76
2.12
3.07
2.09
1.85
2.07
1.62
2.01
1.77
2.07
1.94
1.77
1.67
3.02
1.64
1.74
1.78
1.24
0.224
1.39
0.809
1.51
1.90
1.69
2.18
2.09
2.31
1.95
1.37
1.72
1.89
1.61
1.32
1.89
2.51
1.36
2.71
2.03
1.45
2.41
1.65
1.16
2.64
2.14
2.48
2.53
1.96
0.174
1.78
1.67
1.64
1.72
1.81
2.06
1.83
1.29
1.86
2.02
1.69
1.68
1.92
1.95
1.98
2.02
1.49
1.85
1.97
1.86
1.97
1.94
1.85
2.06
1.98
1.87
1.88
1.91
2.02
1.62
1.74
1.66
2.23
1.39
1.41
1.46
1.46
1.44
1.63
1.89
1.65
1.86
1.89
1.67
1.69
1.63
1.87
1.92
1.17
1.30
1.17
1.31
1.91
1.85
2.10
1.77
1.60
1.83
1.73
1.71
1.59
1.75
2.05
1.63
0.711
2.09
1.53
1.52
1.74
1.86
1.86
2.60
1.70
1.95
1.80
0.228
2.12
2.68
1.82
1.67
2.02
1.70
1.82
2.11
2.09
1.75
1.74
1.88
1.48
1.83
1.56
1.72
1.76
1.83
1.77
1.76
2.01
1.63
0.898
1.81
1.61
1.51
1.59
1.99
1.93
1.94
1.57
2.20
1.67
2.04
1.75
1.76
1.80
2.53
1.75
1.59
1.61
1.75
1.51
1.60
1.75
1.83
1.76
1.50
1.74
1.65
1.77
1.75
1.48
1.73
1.70
1.65
1.76
1.77
1.63
1.63
1.74
1.76
1.78
1.69
1.78
1.80
1.94
1.70
1.45
1.17
1.44
1.22
2.26
2.65
1.48
1.81
2.55
2.52
1.42
1.54
2.52
1.49
1.56
1.76
1.76
1.38
1.67
2.80
1.85
2.07
1.54
2.56
1.48
1.39
1.87
1.79
1.67
2.33
1.41
1.94
1.70
1.70
1.72
1.77
1.92
1.77
1.44
1.67
2.77
2.28
1.81
2.67
1.75
1.79
1.91
1.42
1.89
1.67
1.89
1.58
2.79
1.98
1.28
1.86
1.64
1.57
1.97
1.69
1.70
2.63
1.64
1.52
2.66
2.43
1.33
1.45
1.66
2.90
2.06
1.22
1.73
2.74
2.63
1.68
2.63
1.56
1.73
2.80
2.78
2.63
2.79
2.88
2.69
2.03
1.78
1.42
1.87
1.82
1.68
2.10
2.04
2.01
1.83
1.35
1.91
2.02
1.88
1.91
1.85
1.92
1.89
2.09
2.81
3.03
1.76
2.95
2.86
2.64
1.78
1.63
1.86
2.73
2.08
2.09
1.88
2.81
1.78
3.00
2.66
2.13
1.98
2.99
1.83
1.83
2.10
2.13
2.65
2.07
1.89
2.10
1.56
1.64
2.87
2.65
1.92
1.63
1.90
1.72
1.53
2.12
1.95
1.87
1.94
1.82
2.01
1.80
2.10
2.30
1.96
1.91
1.62
1.62
1.47
1.75
1.94
1.60
2.71
1.72
1.70
1.74
1.75
2.03
1.94
2.08
1.64
1.78
1.89
2.67
2.00
2.60
2.71
2.71
3.28
2.90
3.06
1.71
2.76
1.85
2.17
3.46
2.04
2.95
2.08
2.72
2.19
2.77
1.77
3.18
1.93
1.80
2.93
2.33
1.74
2.40
3.24
2.53
1.74
3.09
2.75
2.11
3.15
1.56
1.65
3.08
2.05
2.74
1.67
2.76
2.07
2.93
2.43
1.92
2.61
2.04
2.40
1.40
2.34
3.42
1.85
2.72
1.75
2.82
1.26
3.05
2.85
2.01
2.20
2.83
2.80
3.07
1.68
2.79
2.37
2.21
1.92
1.62
2.97
2.16
2.79
2.31
1.39
1.64
2.14
2.69
2.06
1.94
2.12
2.94
2.02
2.75
1.91
2.33
2.64
2.10
2.29
2.70
1.55
2.68
1.82
3.02
2.62
1.59
2.58
1.87
2.08
1.99
1.40
2.67
3.02
3.05
1.99
2.95
1.76
2.80
2.99
2.01
2.55
2.11
1.91
1.39
3.57
1.77
2.75
2.88
2.66
2.33
2.75
2.05
2.82
3.09
2.97
1.61
1.62
2.99
2.71
3.40
2.28
1.93
2.49
2.17
2.50
3.22
2.84
2.22
2.77
2.15
2.35
1.90
3.22
2.30
2.69
1.55
2.79
3.00
2.85
1.62
0.328
3.75
2.61
1.85
1.04
2.03
2.82
2.13
2.21
0.812
2.58
2.00
1.92
2.54
2.27
0.986
1.66
2.54
2.76
3.03
3.08
2.54
2.19
1.65
2.72
0.684
3.50
1.83
1.77
1.87
2.75
2.82
3.28
2.62
2.90
1.94
2.83
0.605
1.68
1.73
2.58
2.04
1.73
2.91
2.90
3.79
2.35
1.70
2.79
3.02
3.03
2.93
1.95
2.01
3.70
2.06
2.96
2.80
2.82
3.39
3.70
2.49
3.05
1.92
2.74
2.24
2.42
2.83
1.60
2.56
2.96
2.83
2.87
2.98
2.58
1.96
2.88
1.43
2.84
3.47
3.58
2.68
3.04
2.95
1.70
1.45
2.02
2.65
2.95
2.76
2.88
1.71
2.95
2.58
1.57
2.78
1.59
2.78
2.26
1.96
2.21
3.10
2.11
2.37
1.97
2.56
2.98
2.59
1.49
2.52
1.54
2.13
1.66
2.50
1.57
3.70
2.70
1.55
2.53
1.53
1.68
2.29
2.55
2.20
2.53
1.94
2.45
1.42
1.41
2.73
2.62
1.59
2.24
2.54
2.07
1.59
2.30
2.94
2.07
1.50
2.69
2.50
2.36
1.76
2.49
1.52
2.43
2.71
1.88
3.04
2.42
3.39
2.64
2.60
3.44
2.80
2.96
1.20
1.60
2.68
2.48
3.04
2.32
2.65
3.50
2.64
1.86
2.67
2.91
1.55
2.77
3.06
2.01
1.44
2.45
2.70
2.82
1.50
2.22
2.56
2.47
2.44
2.70
2.90
2.57
1.87
2.71
1.87
2.86
2.90
2.75
2.12
2.37
3.49
2.49
3.05
1.90
1.70
3.61
2.69
3.37
1.17
0.905
1.77
0.732
3.37
2.03
3.74
1.56
1.37
1.58
2.72
1.50
2.17
2.35
2.28
2.37
2.16
2.16
1.96
1.58
1.46
2.10
2.39
2.72
1.84
2.53
1.70
1.70
1.60
2.45
2.63
3.47
2.67
1.74
2.86
1.91
1.75
1.40
1.78
2.93
2.95
2.19
1.71
1.61
2.26
1.91
2.50
3.41
2.82
2.40
1.72
3.51
1.58
3.55
1.49
2.45
3.72
1.27
2.00
2.93
2.11
3.63
2.82
2.75
2.67
2.92
1.93
2.79
1.91
3.51
2.37
1.49
2.30
2.52
2.14
1.52
1.10
2.00
2.45
2.09
2.76
1.28
1.49
2.64
1.55
2.80
2.52
1.39
2.22
2.63
1.70
2.51
1.99
2.09
2.33
2.62
1.64
2.76
1.41
1.88
1.97
2.64
1.90
2.21
2.68
1.71
2.67
2.40
1.56
2.26
1.62
3.00
4.29
2.40
2.54
1.30
2.25
2.20
2.52
1.67
1.79
1.91
2.31
1.73
2.36
1.50
2.36
3.20
3.19
3.12
3.17
1.43
3.19
2.54
1.71
2.45
2.76
2.71
3.09
1.35
1.39
2.45
1.52
1.84
2.62
2.73
2.28
1.61
2.18
2.31
2.61
1.30
2.35
2.18
2.56
1.38
2.35
1.26
2.57
1.59
2.33
1.35
2.49
1.77
2.02
2.35
1.65
2.20
1.58
1.77
1.74
2.64
2.86
2.25
1.89
2.80
1.37
2.23
1.62
1.57
2.10
1.56
1.75
1.87
2.66
1.24
2.44
2.21
2.15
2.71
1.41
1.60
1.61
2.53
1.51
2.55
1.55
2.48
1.29
2.60
2.37
1.01
2.07
1.18
1.92
2.20
1.19
2.11
2.26
1.41
1.66
1.71
2.06
0.924
2.23
1.28
3.36
1.31
3.16
2.06
2.27
2.55
2.69
2.02
2.10
3.21
2.24
3.96
2.58
3.00
2.64
2.40
2.97
2.50
1.42
2.32
1.60
2.65
3.11
1.68
2.13
2.39
1.45
2.24
2.21
1.94
2.08
1.50
2.26
2.25
2.97
2.76
2.32
2.57
3.26
1.97
3.00
2.73
3.09
2.19
2.99
1.84
2.50
1.56
2.05
2.38
1.35
2.32
1.50
1.99
1.96
2.04
3.00
2.96
2.06
3.10
2.00
2.97
2.04
2.29
2.62
1.62
2.27
1.78
2.52
2.40
2.31
1.83
2.89
3.03
1.64
1.96
2.82
1.46
3.09
2.33
1.26
2.04
0.989
2.19
2.18
1.65
2.27
1.52
2.24
3.89
2.13
1.37
2.12
2.95
1.38
1.92
1.41
1.97
2.01
1.95
1.84
1.80
1.96
2.45
1.51
1.48
1.48
2.05
0.973
0.898
0.969
1.60
1.44
1.99
2.63
2.71
1.90
1.92
1.36
1.50
1.18
1.86
1.73
1.64
1.41
1.34
1.43
0.610
1.86
1.69
1.84
1.69
1.80
0.652
2.04
1.52
2.04
2.69
1.36
0.956
1.97
1.82
1.89
1.74
1.82
2.00
1.87
2.94
2.01
1.85
1.84
1.32
1.60
2.03
1.81
3.07
1.79
1.73
1.76
1.55
1.88
1.67
1.87
1.64
2.48
1.72
1.72
1.81
1.69
1.83
1.57
2.03
1.73
1.94
1.81
1.50
1.80
1.88
1.77
1.73
1.85
1.80
1.68
1.87
1.72
1.58
2.03
1.77
1.93
1.67
1.88
1.74
2.85
1.68
1.59
1.58
1.69
1.74
1.54
1.64
1.90
1.74
1.73
1.74
1.73
1.92
1.69
1.71
1.64
1.99
1.63
1.90
1.52
2.19
1.61
1.97
2.60
2.10
1.39
1.45
2.11
1.64
1.45
1.53
2.46
1.69
1.71
1.65
2.45
1.37
1.88
1.87
1.65
1.93
2.01
1.53
1.63
1.56
1.69
1.36
1.55
1.79
2.50
2.34
1.59
1.18
1.47
2.16
1.60
1.69
1.42
2.02
2.08
1.70
2.24
1.79
1.71
1.54
1.54
1.80
1.02
1.41
1.72
1.57
2.53
2.07
2.85
2.41
2.56
2.29
2.70
2.83
2.61
2.19
3.52
2.10
2.14
1.84
2.05
2.68
1.74
1.86
2.12
1.83
1.98
2.05
1.88
2.68
2.10
1.99
2.01
1.44
2.33
1.61
1.70
0.666
2.79
2.00
2.71
1.80
2.75
1.97
1.47
1.96
1.66
2.99
2.08
2.66
1.89
1.60
1.42
1.81
1.90
2.69
1.51
1.65
2.56
2.76
1.57
2.51
1.68
2.33
2.61
1.74
2.37
2.04
2.36
2.47
2.04
2.19
1.47
1.58
2.81
2.73
1.42
1.51
3.55
2.33
2.78
1.56
2.74
2.74
1.52
2.71
1.92
2.80
2.99
2.50
2.75
3.08
2.16
3.00
1.70
1.70
2.69
1.99
2.42
1.69
2.49
1.71
1.43
2.18
2.06
2.57
1.39
1.49
1.59
2.62
1.62
2.33
2.79
1.89
2.43
1.91
2.04
3.08
2.78
2.62
2.52
1.53
2.72
1.55
2.75
2.71
2.53
2.21
2.36
3.18
2.79
2.74
2.62
2.54
2.78
2.56
3.54
2.20
2.74
3.04
2.81
1.74
2.56
1.73
2.54
1.66
3.63
2.78
1.50
2.67
2.97
1.95
2.44
2.14
2.26
2.32
2.04
2.65
2.34
2.01
2.34
1.71
1.63
1.39
1.36
2.79
1.78
1.93
2.11
2.64
2.59
2.55
1.71
2.95
1.66
2.97
2.83
1.72
1.91
2.68
2.09
2.60
2.80
1.70
1.58
3.76
2.70
1.66
2.68
2.81
2.52
2.81
1.58
2.75
2.45
3.51
2.62
2.55
3.40
0.585
2.09
2.19
2.41
2.98
2.62
2.78
1.66
2.71
1.74
3.10
3.95
3.48
2.08
3.71
2.28
2.76
1.50
3.07
2.63
1.55
2.45
2.84
2.48
1.65
2.04
2.44
2.17
1.56
3.05
2.72
2.88
2.74
2.13
1.75
2.41
1.79
3.75
2.56
2.15
1.68
2.59
1.58
2.07
1.81
2.88
1.93
2.13
2.75
1.63
1.99
2.08
2.19
2.36
2.92
2.92
1.59
2.83
2.96
1.66
3.65
2.92
2.79
2.81
1.73
2.90
1.57
2.95
1.95
2.32
2.25
2.31
2.20
2.09
2.70
1.85
2.94
2.74
2.79
1.85
2.35
3.63
3.65
3.24
2.87
1.79
2.65
2.97
1.54
2.53
2.70
2.75
1.54
2.42
2.14
1.65
2.78
2.14
2.57
2.31
2.63
1.90
1.73
2.55
2.65
2.90
1.83
2.70
2.09
1.42
3.61
2.30
1.50
2.57
3.44
2.61
2.18
2.02
1.78
2.67
2.64
2.74
1.65
2.65
2.90
2.64
2.77
1.38
2.77
2.44
1.64
2.56
2.01
2.16
1.77
1.79
2.44
1.83
3.02
2.13
1.87
1.36
1.47
2.50
1.49
2.40
2.85
1.49
3.77
2.65
2.84
1.79
3.07
2.48
1.45
2.27
2.46
2.12
2.41
2.34
2.96
1.73
2.67
2.37
2.68
2.57
3.35
2.79
2.33
1.50
1.51
2.09
2.51
1.87
2.61
2.10
2.56
2.78
1.61
1.96
2.67
2.63
2.29
1.82
2.32
2.32
2.77
2.81
1.94
2.52
1.76
1.80
2.33
1.72
2.37
1.46
3.10
1.64
3.57
2.46
2.52
1.56
3.92
3.56
2.24
1.73
1.49
2.54
1.47
2.19
1.67
2.35
1.90
1.99
2.09
3.28
2.50
1.70
2.82
0.606
1.52
2.34
2.07
2.57
2.03
2.70
2.75
2.35
1.95
1.97
2.40
2.09
1.70
2.84
1.66
2.75
1.83
1.79
2.41
2.70
1.54
2.82
1.81
2.53
3.04
1.88
2.18
1.91
2.10
2.10
1.26
2.86
2.75
1.63
3.50
2.11
2.52
2.16
1.73
2.46
2.66
1.69
2.69
2.66
2.55
1.58
3.01
2.77
1.94
1.34
2.94
2.21
1.36
2.35
1.48
2.05
1.18
1.86
3.49
2.57
3.44
1.53
2.41
1.51
2.47
2.70
1.48
2.12
2.33
2.45
1.51
2.58
3.46
1.44
2.73
1.66
2.41
1.61
2.78
3.37
1.71
2.07
2.12
2.12
2.11
2.34
1.41
2.61
2.59
1.40
2.18
2.63
1.46
1.28
2.40
1.43
2.68
1.60
2.01
2.61
2.53
1.46
2.27
2.61
1.57
2.67
1.87
2.67
2.69
2.59
1.49
1.96
2.09
1.84
2.52
1.82
1.99
1.89
2.41
1.60
2.07
2.94
1.56
2.91
1.78
1.81
2.43
1.64
2.04
1.95
2.31
1.47
1.40
2.07
2.35
1.80
2.03
2.61
1.54
2.14
2.38
1.62
2.10
1.42
2.20
1.61
2.25
1.22
1.40
2.53
1.20
1.44
2.23
0.943
2.35
2.65
2.82
2.67
2.31
2.62
1.55
1.61
2.65
2.69
2.40
1.75
2.70
2.78
1.53
3.45
1.72
2.08
1.68
2.24
3.56
2.54
3.60
2.65
2.74
3.57
2.68
3.43
3.62
2.87
3.47
2.50
3.62
2.62
2.68
3.00
2.80
3.47
2.57
1.48
2.11
2.60
2.81
1.56
2.85
1.48
2.68
1.86
2.40
2.92
2.53
1.55
2.25
1.40
2.68
2.78
1.41
2.85
2.61
1.39
2.49
1.52
2.09
2.24
2.49
1.49
1.80
2.54
1.58
2.91
1.81
3.40
2.10
2.64
1.60
2.80
2.85
2.74
2.19
1.73
2.84
1.55
2.75
2.75
1.96
2.00
2.61
1.77
2.14
2.17
2.05
1.49
2.34
1.25
1.42
1.50
2.25
1.38
1.48
2.81
1.51
1.34
1.30
2.23
1.43
2.36
1.39
1.41
2.16
2.32
1.36
2.32
1.30
1.90
1.72
2.65
2.65
1.15
1.40
2.42
2.44
2.89
1.57
1.68
2.04
1.71
1.16
1.30
1.03
1.20
1.21
2.44
1.71
2.71
2.61
2.61
2.67
1.57
1.64
1.62
1.54
0.986
1.24
1.07
1.42
2.41
1.62
1.76
1.72
1.58
1.36
1.10
1.19
1.33
1.36
1.31
2.53
2.44
1.34
1.56
1.53
1.31
1.17
1.82
1.48
1.31
1.71
1.29
1.41
1.22
1.23
2.08
1.12
1.21
1.30
1.43
2.50
2.47
1.99
2.07
2.35
1.66
1.33
1.36
1.30
1.38
1.84
1.98
1.85
1.93
2.00
2.03
1.94
1.25
1.44
1.94
1.39
1.36
1.24
2.45
2.39
2.29
1.27
1.13
1.42
2.18
1.72
2.19
1.31
1.33
1.45
1.39
2.10
1.55
2.10
1.16
2.23
2.37
1.50
1.46
1.41
2.30
2.41
2.25
2.41
2.26
1.81
2.10
2.10
2.17
2.50
2.31
2.12
2.34
2.33
2.43
2.33
2.29
2.30
2.37
2.11
2.44
2.36
1.54
2.34
1.58
1.68
2.19
2.20
2.06
2.33
2.37
2.36
1.99
2.41
1.84
2.32
2.07
2.24
2.33
2.14
2.19
2.06
1.28
2.20
1.76
2.28
2.30
2.00
1.79
1.24
2.31
1.28
2.45
1.58
2.52
1.97
2.24
1.86
2.41
2.06
2.02
2.32
1.39
1.41
2.32
2.30
2.06
2.08
2.37
1.77
1.96
1.38
2.12
1.19
1.86
2.05
1.18
2.22
1.29
2.34
2.06
1.20
1.58
1.79
1.27
1.71
1.83
1.15
1.79
1.06
1.71
1.66
2.17
2.26
1.71
2.12
2.30
1.89
1.97
2.10
1.92
2.15
2.00
0.894
1.90
1.98
1.67
2.81
2.58
2.63
1.61
1.68
1.57
2.76
1.98
2.82
2.76
2.67
2.75
1.78
1.85
2.90
1.76
2.82
1.70
1.73
1.53
1.43
1.31
1.24
1.89
1.81
1.83
1.36
1.32
1.95
1.84
2.61
1.17
1.33
1.47
1.67
1.69
2.86
2.80
2.78
2.60
1.68
2.94
2.69
1.61
2.58
2.55
2.73
3.02
1.75
1.63
1.94
1.69
1.89
1.77
1.72
1.77
1.76
1.72
1.65
1.72
1.78
1.68
1.83
1.56
2.71
2.54
2.38
2.75
1.70
1.46
1.22
1.65
1.65
1.65
1.88
1.76
1.69
1.56
1.40
2.71
2.59
1.75
1.87
2.85
1.80
2.53
2.07
2.20
2.86
2.93
2.00
2.62
1.27
2.28
2.40
1.99
2.39
2.64
3.47
2.66
1.43
2.19
1.36
2.67
2.70
3.47
2.70
2.63
1.49
2.12
2.44
3.48
2.50
2.69
2.04
2.35
3.32
2.56
2.91
2.89
1.46
2.46
1.60
2.79
2.73
2.75
1.75
2.57
1.62
2.57
1.53
1.50
3.49
2.06
2.90
1.76
2.58
1.61
2.55
1.96
2.51
2.89
1.78
2.86
1.80
2.61
2.60
2.33
2.38
3.45
2.56
1.53
2.48
1.73
3.32
1.69
1.99
1.96
2.79
3.55
2.73
2.36
2.67
1.47
2.25
3.38
2.67
1.78
2.37
2.54
1.86
3.33
1.82
2.70
1.37
1.53
1.56
1.27
2.00
2.17
1.93
2.32
1.75
2.62
1.41
2.69
2.30
2.21
1.91
2.47
1.22
1.20
2.11
2.33
2.54
2.04
1.27
2.48
1.39
2.77
2.70
2.22
2.87
2.34
1.35
2.79
1.52
2.57
1.90
2.54
2.69
3.75
3.43
2.33
2.96
3.41
1.85
2.64
3.35
2.42
2.88
2.56
1.37
2.28
1.36
1.92
1.41
3.40
1.87
1.80
2.36
3.46
1.30
3.25
2.38
2.86
2.64
2.44
3.36
1.62
2.28
2.02
2.40
2.66
1.93
2.95
1.91
3.50
1.80
2.00
3.51
2.81
1.61
1.29
3.23
3.20
3.23
1.92
3.70
3.42
2.32
2.60
3.16
2.77
1.44
1.41
0.722
0.997
1.73
2.36
3.15
2.05
2.85
2.98
3.05
1.94
3.07
2.26
2.39
1.78
1.72
2.22
2.84
3.58
2.21
2.01
2.06
2.08
1.63
1.82
1.36
2.78
2.03
1.43
2.88
1.78
1.42
2.75
2.03
1.69
2.81
2.70
2.46
3.11
1.48
2.63
2.96
3.35
3.23
3.71
2.81
1.97
3.53
1.43
2.78
2.96
1.91
2.83
1.66
2.63
1.76
3.88
2.51
1.63
3.28
1.44
3.06
3.19
2.89
2.33
2.64
2.73
2.88
1.25
1.63
2.77
3.42
2.62
2.82
1.61
3.03
1.85
1.41
1.76
3.49
2.00
1.51
2.79
2.50
1.76
2.92
1.60
2.75
1.61
2.63
2.11
2.67
1.60
2.37
2.39
2.39
2.31
1.99
2.34
1.91
2.41
1.55
2.50
2.83
2.45
2.63
2.43
1.91
1.52
1.84
2.67
2.82
2.44
3.42
2.47
2.03
1.41
1.57
2.42
1.87
2.27
1.66
2.13
1.32
2.47
1.30
2.19
2.46
2.01
2.64
1.73
2.64
1.42
2.22
2.45
2.13
1.52
2.26
2.39
1.49
2.37
2.34
1.71
1.57
1.38
2.40
2.54
2.05
2.09
1.67
3.34
1.67
3.56
1.61
2.82
0.974
2.34
1.80
2.63
2.69
2.03
1.77
1.95
2.10
2.07
1.55
2.08
3.45
2.62
2.54
2.13
2.42
2.69
1.79
2.34
2.42
0.601
2.93
2.53
1.46
2.59
3.16
2.68
1.86
2.85
2.04
2.20
1.71
3.57
1.70
2.96
2.90
2.90
3.05
1.91
4.63
1.70
1.68
2.56
1.58
2.79
1.56
2.77
1.45
2.50
1.87
1.38
2.42
2.17
2.47
2.91
1.68
3.15
2.62
1.78
1.93
1.87
2.26
2.13
3.03
2.04
3.01
2.52
3.34
1.46
2.77
1.81
2.30
2.75
2.00
2.63
2.51
2.78
2.04
1.61
2.14
1.74
2.07
2.59
2.89
1.66
2.47
1.73
2.64
2.91
3.50
1.95
2.04
1.85
1.46
2.01
1.57
3.10
1.75
1.62
2.37
3.09
2.33
2.64
1.91
2.85
2.72
0.790
2.92
2.05
3.02
1.59
1.66
2.59
1.73
2.12
1.91
3.70
2.57
2.08
1.58
3.90
2.44
2.62
2.59
3.73
2.20
1.67
3.25
2.23
1.97
1.37
1.50
1.88
2.24
2.37
2.36
2.15
1.59
2.41
3.10
1.72
2.74
3.25
1.87
2.74
1.58
1.74
2.63
3.50
1.33
3.10
2.61
2.73
1.44
2.19
2.33
2.39
2.34
2.19
3.08
1.99
3.01
1.98
2.32
2.81
2.05
1.51
1.85
1.98
2.16
2.79
3.83
2.95
2.83
2.88
2.83
1.49
2.61
1.63
1.65
2.70
2.36
1.43
1.58
2.06
2.35
2.47
2.74
1.46
2.36
1.69
2.63
1.67
3.49
2.33
1.94
2.05
1.54
3.11
1.52
3.41
2.29
3.01
3.51
2.92
3.46
2.63
2.79
2.03
2.95
1.97
1.93
2.89
1.90
2.10
2.48
1.89
2.47
2.82
1.70
2.65
1.88
2.69
2.00
1.98
1.77
1.60
1.42
1.69
1.82
1.69
1.86
1.97
2.39
2.27
1.77
1.40
1.69
1.44
1.51
1.71
1.94
1.68
1.83
1.42
2.62
2.56
2.34
1.84
1.55
1.69
1.59
1.57
1.20
1.58
1.25
1.25
1.32
1.06
0.995
1.55
1.90
1.81
1.85
2.05
2.29
1.82
1.86
1.30
1.67
1.60
1.79
1.44
1.51
1.45
1.69
1.65
0.881
1.42
1.74
1.70
1.24
1.81
1.45
1.81
1.71
1.81
1.75
1.72
1.78
1.79
1.43
2.84
1.85
1.95
1.92
2.46
1.86
1.89
1.83
1.80
1.65
1.79
1.41
1.22
1.45
2.13
1.97
2.07
1.77
1.82
1.98
1.93
2.02
1.61
1.85
1.66
2.67
1.84
1.83
1.72
2.04
2.83
1.74
1.76


t

