164
133
143
143
104
121
130
150
131
147
92
130
135
150
127
175
175
132
144
184
129
119
147
132
138
146
132
132
132
166
165
159
135
132
136
163
232
120
131
129
189
138
139
143
132
141
203
86
142
135
128
161
173
105
79
130
184
180
108
131
142
146
204
103
94
128
194
202
100
129
128
185
197
104
128
131
136
174
168
155
141
140
200
186
104
141
140
215
232
107
110
141
207
182
146
141
146
140
188
109
97
106
139
152
184
111
108
140
166
1338
527
102
142
168
896
530
119
112
145
150
166
117
93
94
171
151
100
139
140
146
118
109
140
141
177
188
108
91
138
140
189
185
108
109
147
182
179
106
148
140
163
210
99
90
108
175
188
103
108
141
139
199
199
101
149
142
168
196
96
94
138
168
192
106
110
138
172
157
102
92
139
142
216
199
106
141
147
172
218
102
94
140
182
332
109
112
141
178
321
134
145
141
141
188
733
123
96
110
192
161
103
100
111
187
176
107
108
109
176
239
101
105
99
95
159
284
104
109
140
162
200
84
100
93
148
192
92
79
107
219
223
110
104
141
138
176
185
88
81
92
199
154
99
79
89
148
178
98
79
81
205
177
105
102
149
170
191
102
80
88
88
160
192
98
108
138
204
204
88
90
141
204
213
106
77
77
203
216
159
99
92
141
213
297
117
111
98
159
157
88
139
140
208
247
88
110
141
177
266
107
81
109
109
207
178
97
141
140
212
164
86
129
139
179
198
102
141
141
165
195
100
80
91
107
208
231
101
141
142
181
187
103
141
141
188
155
99
126
138
177
141
109
104
111
139
193
208
97
139
139
171
174
97
81
139
199
213
94
110
138
165
187
99
94
147
142
187
221
148
143
138
208
216
86
100
139
202
196
108
111
142
184
183
86
93
141
143
161
201
83
78
130
187
214
91
98
96
206
201
128
131
127
197
175
86
97
112
162
197
84
142
140
142
187
208
99
83
145
208
211
84
79
126
189
219
142
125
151
169
207
131
127
146
143
230
253
225
83
151
170
199
84
126
128
184
196
90
146
146
201
203
98
127
149
139
195
217
91
82
126
174
181
99
140
140
155
243
91
126
154
157
205
147
139
143
141
169
208
96
141
142
184
259
130
150
128
187
234
129
129
126
193
155
130
128
141
139
164
202
157
144
141
184
223
130
128
126
225
184
98
127
129
210
229
110
129
157
141
210
153
86
97
127
230
245
97
127
128
225
213
95
79
79
192
230
93
128
148
141
233
987
369
101
146
175
227
99
146
146
167
873
651
81
97
217
840
182
129
140
144
234
194
95
125
140
157
193
98
146
141
193
209
134
83
128
193
424
98
143
188
141
173
197
102
128
139
166
219
127
126
126
224
627
203
134
149
159
300
256
104
141
139
229
249
159
92
108
194
428
530
108
151
206
432
225
127
141
196
293
263
140
138
189
185
89
143
144
139
194
203
168
128
142
161
251
101
89
91
243
206
135
126
126
178
204
101
93
139
137
179
267
99
98
141
171
166
85
79
139
182
237
96
118
139
207
213
100
151
143
141
173
183
103
144
139
206
243
89
140
140
187
221
154
145
144
164
249
101
93
148
140
160
209
97
454
145
165
146
98
93
146
156
200
101
138
145
166
184
104
143
146
140
189
209
104
141
148
156
184
99
152
148
158
188
104
143
144
212
243
103
143
142
139
171
187
110
138
144
181
204
100
146
140
160
179
96
139
150
225
207
101
90
110
109
219
181
141
145
142
185
161
100
92
140
137
160
96
90
142
185
722
198
143
139
139
187
222
102
100
139
190
426
114
146
140
181
194
102
92
109
221
180
98
89
143
151
206
95
150
140
139
157
151
99
142
149
191
176
98
90
151
157
171
83
92
150
161
202
94
152
139
141
202
189
109
152
145
208
186
90
91
145
167
146
95
90
143
222
193
102
144
140
140
205
223
95
93
138
174
193
101
156
145
162
186
108
147
138
161
184
107
89
144
138
208
196
106
92
141
157
181
99
93
140
164
182
105
154
139
154
197
101
147
142
138
194
164
108
93
90
138
139
139
185
145
164
133
92
92
142
138
139
142
171
186
178
159
109
93
92
146
204
185
86
93
152
158
198
102
147
141
154
188
156
150
146
140
199
191
102
146
151
159
173
101
93
144
191
244
99
91
143
171
166
97
143
144
170
198
83
92
147
137
158
196
106
142
141
142
167
101
147
139
173
205
96
89
89
91
140
199
154
148
154
155
182
102
137
137
209
205
99
142
148
164
187
104
148
137
165
202
103
93
142
140
159
166
83
90
146
163
197
94
145
145
165
199
108
93
140
170
181
105
94
144
139
167
182
110
142
139
180
181
101
91
146
201
186
103
94
141
150
245
94
92
143
139
157
189
101
110
143
222
198
99
112
139
165
244
87
139
143
227
189
96
89
146
138
199
167
98
81
95
201
178
148
108
149
188
193
109
139
142
146
182
162
94
110
109
209
201
102
89
88
156
241
105
88
92
183
206
97
89
90
167
210
95
92
91
139
198
233
111
89
90
212
201
107
91
92
192
199
146
110
139
189
157
91
88
90
141
172
237
97
93
90
181
154
86
89
88
197
191
100
89
89
187
192
96
89
89
110
204
129
99
89
137
170
219
87
126
126
197
202
90
79
97
178
220
77
79
150
253
170
110
128
145
137
168
231
94
127
127
238
155
82
98
150
221
189
97
129
154
182
223
99
128
152
138
158
251
103
78
139
658
315
119
103
90
176
214
101
80
138
176
216
103
110
141
140
172
184
95
94
88
177
227
108
91
89
196
190
95
91
89
175
145
98
78
98
126
143
195
97
153
150
200
211
84
151
151
178
205
101
91
91
156
178
88
76
152
139
136
221
95
148
140
177
202
100
78
128
186
148
109
126
125
173
172
87
128
149
131
208
163
98
78
129
184
232
99
79
142
175
347
148
106
152
190
740
800
132
132
153
198
264
171
125
129
222
195
234
79
127
191
592
121
127
129
199
749
118
93
144
141
184
311
95
128
138
181
179
85
81
145
193
215
103
93
92
237
203
93
94
108
162
219
99
79
150
139
167
237
81
78
108
203
198
92
83
90
130
259
101
92
89
199
280
93
79
143
143
196
168
86
92
89
190
204
85
81
129
143
286
108
92
140
176
271
101
81
80
128
183
234
102
91
89
168
251
116
93
90
220
211
101
93
92
239
152
102
95
138
137
178
189
101
90
90
164
156
101
97
91
229
231
95
80
88
153
194
101
144
138
141
220
219
102
92
89
184
182
84
92
89
219
178
98
90
146
254
154
102
91
90
141
204
168
102
94
89
173
199
104
92
89
171
216
103
77
144
176
195
97
96
128
126
168
200
101
78
89
157
176
99
79
78
151
202
98
126
144
186
183
142
99
95
108
139
201
127
78
144
220
220
175
126
156
197
168
102
128
127
163
251
98
81
155
142
201
229
105
79
112
248
114
84
79
126
171
239
132
127
128
179
199
154
128
130
127
205
194
94
128
127
164
167
85
126
127
194
201
87
126
127
168
164
85
126
130
195
192
99
94
126
126
185
203
101
127
125
158
234
84
126
129
174
213
100
125
146
159
224
99
128
126
127
199
211
89
83
131
177
149
100
96
126
185
143
149
129
128
235
196
99
130
129
131
155
206
94
81
128
202
246
102
127
129
188
160
103
79
130
197
215
95
127
127
128
246
188
96
130
132
226
190
95
81
130
191
186
95
129
127
180
176
96
82
98
128
143
207
99
95
130
198
192
98
128
129
193
138
155
128
127
173
196
105
128
128
127
205
184
103
133
127
164
222
86
138
127
154
207
88
128
126
183
224
94
95
128
128
193
156
104
129
132
209
238
103
127
129
167
175
380
108
128
186
242
97
130
128
127
179
206
148
129
128
216
199
174
129
128
186
236
98
129
130
177
158
90
79
86
173
197
100
86
130
130
197
186
95
129
131
228
172
89
99
99
247
253
140
127
129
193
215
102
99
131
131
208
221
86
80
127
207
292
152
128
130
191
173
91
131
99
204
213
154
128
129
128
240
191
102
82
99
165
179
84
130
129
193
208
100
81
131
155
210
99
82
128
128
225
247
100
96
129
246
199
91
98
129
211
229
102
89
97
160
198
98
128
144
126
246
214
100
82
131
206
172
89
131
130
176
206
178
129
128
187
907
199
89
128
130
179
233
99
83
137
202
241
97
80
137
185
266
93
79
82
229
199
100
81
138
132
167
180
84
80
77
159
201
102
138
98
192
212
101
78
139
190
193
88
81
80
169
216
103
78
79
80
168
213
99
81
139
181
123
82
80
135
193
183
96
129
133
126
186
243
94
82
82
161
206
91
80
135
245
271
102
81
77
151
222
94
128
136
240
145
130
99
134
127
173
177
130
138
131
196
260
95
135
138
164
166
94
130
132
177
240
98
130
132
127
121
194
98
79
138
249
282
101
76
138
229
185
105
83
141
181
207
99
81
140
95
229
209
100
142
98
166
188
103
83
79
205
195
103
130
134
178
216
102
80
79
77
175
182
85
152
138
232
219
89
133
138
212
210
99
82
78
209
227
154
129
129
128
156
186
102
128
129
172
203
102
80
77
170
189
152
128
132
182
193
100
80
78
78
255
207
101
76
78
197
179
85
130
130
286
165
98
132
127
172
194
133
130
131
128
225
161
144
129
131
172
157
154
136
132
203
273
89
127
98
153
198
157
166
129
127
168
211
143
81
81
159
223
93
128
127
202
1004
276
106
126
178
225
108
129
129
224
272
190
85
128
125
208
227
96
96
126
176
237
103
129
127
187
199
98
82
127
149
133
96
126
126
125
190
187
154
125
129
180
135
81
127
125
125
162
87
74
124
167
196
157
127
126
127
192
208
86
127
125
145
156
95
78
127
233
212
100
79
126
153
195
96
79
128
125
153
185
98
128
127
159
201
97
129
124
165
200
144
124
131
181
195
98
78
97
95
154
207
101
125
128
156
207
96
78
131
158
208
100
96
446
140
200
152
128
128
127
162
223
100
126
131
190
144
98
77
125
201
177
95
127
125
207
244
94
126
128
128
158
217
92
95
127
211
202
98
127
128
151
204
88
79
125
216
224
82
126
131
127
164
166
142
125
124
162
267
171
120
127
175
182
85
125
127
177
120
80
128
127
171
286
104
129
130
127
175
191
99
127
125
161
164
90
80
126
150
145
99
77
97
185
252
96
81
125
126
153
161
98
80
126
194
180
105
80
125
171
148
95
79
128
165
186
99
129
127
124
149
177
97
127
126
213
236
99
83
124
183
220
102
127
130
197
165
98
80
129
128
180
218
91
126
125
172
230
87
127
129
193
180
140
129
126
171
193
93
97
130
128
178
244
90
130
129
159
163
83
129
126
155
184
92
129
129
190
180
96
128
128
129
170
197
83
127
126
152
193
94
127
128
187
199
103
78
129
240
202
87
77
78
76
169
387
199
99
89
168
352
172
96
128
196
189
102
126
130
161
177
100
80
125
167
227
100
99
128
125
188
176
130
127
126
174
177
87
130
126
180
186
97
128
127
126
180
183
100
128
127
162
172
99
130
127
187
223
97
81
129
156
221
98
96
125
166
189
85
80
131
129
190
232
96
126
127
195
206
101
129
126
176
181
99
96
81
158
165
92
127
126
127
174
174
140
127
126
175
203
84
96
130
195
204
93
127
128
151
195
100
79
127
126
192
201
129
96
129
210
187
100
79
127
203
204
101
124
124
175
177
99
80
126
128
194
256
92
126
125
187
201
86
126
128
177
233
152
128
128
155
189
101
97
127
127
209
249
97
125
127
169
199
97
127
128
169
200
100
127
127
170
200
101
129
127
129
204
1021
95
128
127
151
210
88
79
127
211
182
87
78
128
211
173
101
77
127
128
177
212
95
128
126
156
549
126
81
126
168
233
104
78
129
137
146
114
78
125
125
174
612
147
81
125
168
199
98
78
126
201
232
98
79
127
160
201
104
127
127
125
188
252
100
98
128
167
208
97
128
125
169
203
104
128
129
172
180
102
127
126
214
179
99
78
125
125
166
198
103
80
130
194
230
97
128
125
222
254
89
81
128
169
218
101
78
77
78
150
185
93
78
76
137
259
92
79
78
166
202
99
78
76
141
658
103
83
78
76
218
254
87
80
76
158
195
100
78
77
177
190
100
78
77
185
208
100
79
76
125
165
204
94
83
126
147
206
96
77
126
153
196
84
83
76
210
180
84
79
78
77
164
191
96
79
78
186
169
89
82
76
189
205
94
79
78
172
223
98
81
79
75
157
166
98
81
78
158
265
93
79
79
210
154
99
80
77
176
211
97
81
82
127
164
205
96
78
78
199
231
95
76
77
175
201
101
78
80
162
208
84
80
78
158
218
87
78
127
127
165
201
97
126
130
213
177
97
128
126
210
239
91
80
98
153
231
92
125
128
130
153
160
136
128
128
152
164
93
128
128
163
197
90
99
126
173
194
85
130
128
128
183
176
94
128
127
207
198
99
80
133
200
224
99
128
127
164
211
85
79
126
128
156
234
96
130
129
221
213
84
80
129
203
152
97
81
126
161
181
100
127
126
127
205
193
95
79
126
179
220
99
91
128
189
175
85
125
126
169
190
95
80
127
127
179
216
92
80
126
156
159
99
126
126
164
196
96
128
127
161
172
84
80
129
127
181
201
97
80
131
174
128
98
127
127
174
200
95
80
130
184
159
85
97
128
127
221
211
97
127
127
158
268
94
130
129
180
196
86
129
127
188
223
93
78
126
126
159
227
94
83
79
187
155
82
80
128
150
200
95
80
127
186
234
99
79
125
128
165
230
92
79
97
150
173
97
77
125
138
167
93
80
126
145
170
94
82
130
176
165
98
82
129
126
215
188
96
130
129
167
206
90
77
128
136
157
88
81
127
156
192
94
126
128
126
148
188
80
79
129
195
175
93
129
126
169
239
94
127
128
176
189
91
77
124
127
207
177
95
97
157
159
136
83
81
126
157
198
89
80
126
175
205
97
79
128
126
204
238
101
79
127
188
658
119
127
125
160
192
85
80
128
194
163
98
77
127
125
154
187
90
81
126
177
181
85
96
130
159
186
97
127
127
205
229
93
80
127
126
205
208
99
96
130
173
176
97
125
126
208
169
82
77
126
175
219
102
78
127
127
180
146
87
127
127
150
234
96
127
126
182
192
87
77
125
156
197
90
125
126
125
210
187
86
126
126
173
200
100
77
97
172
211
84
129
124
162
188
104
129
125
207
119
84
450
129
125
162
174
81
79
126
179
185
87
128
133
148
180
87
125
128
164
190
143
127
129
128
160
191
142
98
127
161
190
94
127
95
156
185
95
126
126
195
204
97
127
129
124
165
170
112
76
129
205
189
135
124
124
160
196
100
79
79
169
184
95
78
76
75
156
185
97
78
129
158
186
94
79
126
219
186
84
81
125
146
170
94
128
125
125
160
161
101
77
126
159
184
99
127
124
149
185
95
78
126
170
234
96
81
79
126
200
180
96
81
76
156
170
100
76
76
156
169
93
78
78
147
192
148
126
127
125
203
241
95
126
126
164
192
91
82
127
164
189
92
94
126
160
183
97
129
124
210
760
252
124
126
77
192
228
87
78
77
161
118
82
80
75
191
159
80
79
75
76
200
110
82
76
127
186
161
80
79
77
172
96
77
76
76
200
131
82
79
76
188
134
77
81
80
128
180
124
76
85
77
178
150
76
81
78
164
167
78
79
88
178
88
78
79
77
127
179
116
126
128
129
228
208
101
127
128
180
190
100
97
128
178
194
100
127
128
126
182
173
91
127
128
176
169
98
78
128
160
199
102
77
96
215
199
98
128
128
129
158
158
86
81
128
178
201
89
128
128
162
129
87
76
127
172
183
101
77
126
128
169
188
102
144
126
220
213
101
80
96
214
179
93
126
125
220
162
88
129
125
125
189
238
95
129
127
188
1222
708
82
72
180
488
82
80
76
179
124
83
81
78
126
236
125
78
80
77
201
163
80
76
79
178
250
81
80
76
182
126
83
78
79
127
192
150
83
77
80
178
144
84
80
76
189
159
82
78
77
176
95
77
79
79
170
119
81
79
78
127
159
168
78
82
78
929
82
82
128
129
209
148
81
81
77
147
101
85
79
76
74
169
103
82
100
128
221
178
131
126
124
150
194
93
83
127
217
174
100
81
127
128
162
188
97
81
127
157
191
102
129
127
222
247
90
128
127
218
198
149
128
128
126
193
191
91
82
127
223
190
88
130
129
198
180
100
79
129
202
190
135
130
128
127
194
360
145
127
127
161
223
82
126
128
168
396
102
127
131
167
393
218
129
128
126
212
148
99
79
81
189
206
85
80
129
184
193
97
97
126
155
116
84
79
127
128
154
141
83
77
450
164
201
101
98
126
167
191
96
76
126
150
968
167
81
80
99
194
230
99
80
127
187
126
99
97
127
202
785
131
81
96
206
402
102
130
128
180
523
112
78
129
126
211
885
190
200
126
157
161
99
80
129
147
171
82
81
127
169
199
140
127
149
128
164
165
97
79
79
182
112
98
79
76
191
202
101
78
76
183
124
83
79
77
76
197
173
93
80
76
185
171
84
78
79
169
111
82
79
76
148
134
82
82
77
78
241
95
97
77
75
165
151
85
80
78
193
136
82
79
80
225
167
80
80
77
77
216
89
86
78
77
195
101
83
78
78
204
148
82
78
76
224
160
100
83
127
126
160
145
128
131
129
196
193
93
81
126
196
638
105
130
129
191
206
87
127
129
127
244
197
98
128
128
170
200
135
130
126
157
238
89
81
79
151
104
84
78
128
126
173
1149
328
84
82
197
611
110
127
129
200
596
103
81
126
157
148
581
85
82
127
156
720
316
98
127
218
722
170
134
127
168
183
101
77
98
178
213
93
124
126
151
158
93
81
129
128
161
197
98
130
127
167
179
85
81
128
157
152
101
82
127
161
152
84
81
128
129
182
182
99
86
129
172
167
86
81
130
183
175
84
81
131
197
195
91
98
128
126
208
176
96
128
130
163
1017
241
81
78
173
237
95
80
126
175
223
96
80
127
127
184
152
84
129
128
215
190
104
82
131
225
179
100
80
129
218
206
88
83
129
128
170
199
121
127
128
174
209
127
81
127
225
139
84
127
127
220
181
85
79
129
126
192
202
98
80
128
164
199
101
79
125
187
168
95
80
128
180
179
95
131
127
126
230
168
84
80
127
248
180
91
81
77
168
142
92
96
77
156
152
98
80
128
125
153
152
85
78
125
135
156
98
82
128
189
166
86
80
126
153
147
86
80
128
130
187
214
97
80
126
174
182
87
126
130
184
174
99
97
129
208
151
100
82
128
208
201
96
129
127
127
175
194
103
96
127
167
167
98
82
126
161
171
99
79
128
185
224
114
82
126
126
198
683
261
80
130
166
205
101
80
127
200
179
87
81
125
137
190
84
81
127
126
159
187
100
127
126
219
194
86
84
126
216
188
104
128
129
182
172
86
81
131
125
168
199
99
84
127
163
686
146
81
130
187
171
95
83
127
202
224
100
97
129
127
211
233
102
128
128
182
170
83
81
128
183
254
99
80
131
191
156
98
79
128
96
153
200
83
80
124
171
189
93
78
127
173
211
100
125
127
174
194
96
77
126
124
168
243
95
79
128
197
145
81
79
126
146
331
95
123
125
160
167
84
81
126
161
184
96
131
127
125
181
169
85
79
76
144
166
100
78
75
122
153
80
79
78
197
131
80
77
77
76
180
126
79
77
77
164
131
82
76
76
183
115
75
75
77
147
213
78
80
75
78
219
96
78
125
124
151
93
97
76
124
176
113
125
125
125
165
132
90
74
125
124
154
146
76
79
126
222
143
75
127
125
222
104
72
77
125
172
94
77
131
124
124
202
704
88
86
123
171
87
74
123
126
155
122
148
124
126
193
148
128
126
125
123
141
92
74
88
123
185
106
78
142
123
163
91
80
82
124
191
93
79
127
126
124
174
143
80
84
126
189
112
75
77
126
154
114
78
125
126
198
85
76
138
126
127
192
173
126
125
125
246
103
132
126
125
175
111
76
78
125
174
114
81
95
125
128
149
99
89
78
125
199
117
77
80
127
205
110
88
75
127
207
99
76
127
126
125
198
114
82
81
126
200
100
127
125
126
215
142
77
81
124
181
126
78
77
127
183
104
75
79
126
126
161
160
75
78
124
174
128
79
94
125
141
999
118
78
96
172
86
77
77
128
125
190
127
112
79
124
185
128
76
80
128
152
153
127
124
129
171
142
95
76
75
126
182
133
75
78
125
207
91
90
125
127
183
164
75
80
127
200
133
143
125
126
78
192
99
77
124
127
195
119
84
124
124
197
179
146
140
127
162
121
96
130
125
129
171
229
160
129
135
156
113
130
129
128
157
183
144
128
127
185
152
127
130
125
125
175
178
144
125
126
198
174
138
126
126
175
181
151
128
127
151
157
155
131
126
125
153
120
148
125
125
177
167
144
130
126
167
221
156
127
133
188
154
145
126
127
124
194
165
127
126
131
196
155
163
126
130
190
157
152
125
126
168
147
151
129
128
169
179
131
126
126
127
174
168
153
128
125
169
153
152
129
128
171
774
112
99
128
164
174
97
127
128
126
143
172
147
93
124
162
1214
1224
271
95
187
638
142
129
125
184
168
132
127
125
126
181
121
83
127
129
168
136
143
126
135
165
124
98
126
127
181
89
94
135
127
126
156
581
291
146
126
167
593
158
135
96
389
131
126
128
124
789
146
84
96
140
128
662
150
130
96
130
374
151
80
129
128
188
187
98
80
79
199
189
80
82
78
78
149
164
81
81
77
179
121
82
79
76
196
112
81
83
78
170
159
83
77
79
77
132
247
153
81
128
215
102
78
83
78
182
92
78
78
77
178
150
81
78
79
201
113
81
79
79
126
160
126
82
79
78
169
120
77
79
77
174
97
77
79
79
77
186
172
83
78
76
212
149
81
80
79
203
96
82
82
79
158
103
82
80
77
172
153
84
78
130
126
179
185
82
79
132
184
77
79
78
77
188
110
83
79
79
185
120
81
78
77
132
170
161
102
82
77
155
116
77
79
128
198
169
85
80
130
190
176
95
78
126
126
169
172
97
80
127
190
133
75
83
130
209
117
76
83
127
163
160
127
127
126
128
171
214
96
127
127
213
97
84
80
77
173
102
83
79
76
190
100
82
77
77
125
227
168
86
79
78
154
125
82
81
79
198
110
82
128
127
161
198
99
80
128
128
202
186
87
86
128
162
131
83
98
128
215
156
99
128
128
151
203
101
129
129
130
170
169
127
128
126
174
174
100
78
126
163
214
97
79
78
179
146
99
80
128
126
170
204
85
95
126
204
174
155
127
127
187
204
145
127
125
209
221
98
78
128
128
191
186
94
78
125
222
200
101
80
127
203
215
104
81
127
181
171
149
127
126
165
178
101
78
127
127
169
180
89
80
127
186
170
100
81
127
141
159
79
129
128
225
194
102
84
97
129
169
154
82
132
127
163
209
79
83
127
150
201
117
130
136
196
161
107
82
99
98
210
204
78
85
132
168
200
91
88
129
191
524
119
96
79
172
100
81
127
128
127
191
87
78
131
128
201
101
129
128
129
173
86
79
127
128
202
93
128
129
130
128
206
88
128
131
130
217
94
81
79
81
174
174
84
100
130
132
188
98
128
127
129
162
210
151
128
128
213
153
95
79
131
175
203
98
82
129
204
126
81
134
127
127
173
207
86
84
130
205
190
98
131
127
174
176
103
86
129
658
290
120
129
138
205
1006
337
91
129
129
168
546
120
79
128
179
408
183
98
129
179
210
85
81
130
161
240
102
131
129
128
189
200
89
83
127
179
176
89
82
127
206
173
99
128
130
165
183
98
127
127
128
190
158
100
80
131
166
228
100
82
128
203
225
87
87
127
200
196
93
128
129
128
175
241
104
144
129
232
190
146
126
127
193
238
97
84
130
161
245
95
130
127
128
156
206
100
131
128
162
174
83
131
128
204
215
103
78
78
262
152
104
80
130
98
145
96
87
89
83
228
98
79
78
138
201
137
93
94
83
204
137
93
84
82
80
145
89
80
80
79
162
99
83
79
76
153
102
82
81
78
826
282
83
139
147
663
89
128
192
103
81
78
187
91
79
80
79
123
102
86
79
128
128
99
155
148
78
79
76
131
140
95
78
92
81
171
193
94
82
77
91
881
453
86
88
79
77
163
104
79
79
79
105
488
122
77
77
77
194
97
84
85
126
207
94
79
83
131
146
102
79
82
130
126
204
98
78
79
76
189
108
80
128
133
199
178
135
129
136
209
167
102
98
132
127
182
204
128
128
131
156
182
95
85
128
186
152
99
129
134
217
193
128
131
128
130
153
200
143
128
129
198
184
94
127
130
170
244
102
81
85
208
96
79
78
93
129
144
103
82
78
78
225
99
77
79
82
201
104
80
78
81
154
150
76
82
79
80
210
174
80
81
81
157
101
82
129
128
154
94
80
77
79
156
100
78
79
82
78
229
104
78
84
75
150
92
79
79
78
235
102
93
79
133
207
86
77
83
79
127
143
89
80
78
79
199
100
78
80
80
159
99
79
77
77
164
106
78
82
81
128
183
102
81
77
129
186
87
76
79
78
195
137
81
78
79
210
109
95
77
77
206
122
91
78
78
77
188
129
80
82
77
196
130
79
79
76
192
101
94
80
77
183
108
90
80
77
75
141
124
85
77
76
191
107
91
79
77
204
102
80
82
127
222
167
84
94
127
127
210
131
81
129
127
240
167
84
80
126
178
160
84
78
127
186
167
86
84
126
128
164
203
102
79
86
201
118
129
125
126
198
93
79
96
77
189
122
127
99
127
125
160
125
85
81
76
161
150
82
80
126
165
142
82
127
128
190
209
411
84
129
126
169
233
177
103
127
189
230
103
81
128
165
181
101
130
126
204
154
103
126
126
124
188
207
85
80
125
190
206
101
80
126
172
249
104
77
126
154
198
83
98
127
184
214
101
127
128
128
171
169
94
80
127
164
158
99
80
126
199
201
95
128
132
128
175
135
83
79
127
168
196
91
127
128
193
187
86
128
130
171
223
102
81
78
199
175
92
80
100
97
169
186
86
79
80
181
102
77
80
76
208
95
78
128
128
163
139
81
97
124
127
157
116
84
81
126
278
146
158
109
128
190
159
100
78
96
164
160
98
91
89
87
187
247
99
93
89
171
192
99
77
128
165
194
103
126
125
214
172
98
80
128
125
178
165
100
125
126
214
221
86
127
130
212
170
156
127
126
155
165
101
79
127
125
180
186
99
80
127
175
173
90
80
127
176
209
100
78
125
110
141
163
199
149
80
78
89
76
77
192
157
157
82
79
129
127
128
127
214
165
218
147
127
126
124
135
173
186
206
112
130
127
128
128
219
200
106
81
127
129
127
164
179
102
79
128
126
222
170
104
82
126
163
186
93
126
128
218
252
92
128
130
165
199
90
79
126
209
154
89
81
127
131
229
213
103
126
129
189
247
97
98
126
176
251
99
129
125
168
206
100
79
135
126
213
117
85
81
77
199
146
80
81
126
219
155
78
79
77
159
104
76
129
126
126
195
96
87
78
128
160
202
98
129
130
185
1311
397
89
128
195
1246
549
83
130
126
184
619
92
79
127
185
201
103
135
127
177
235
93
128
128
189
772
149
128
96
130
144
541
100
132
129
156
665
145
96
127
139
472
106
127
130
176
168
96
81
130
127
153
191
97
80
129
143
158
152
126
126
167
188
101
127
128
166
148
101
81
125
130
179
167
100
126
127
168
234
98
81
129
178
164
83
82
128
198
178
100
124
125
127
210
194
99
81
130
169
189
98
81
76
206
100
80
78
77
186
132
96
80
77
220
674
96
77
82
81
231
151
79
78
78
163
590
82
128
129
157
873
263
82
96
210
882
429
79
79
127
205
153
88
79
97
211
157
82
79
76
163
99
77
82
78
194
102
127
127
125
127
172
123
126
126
128
167
115
80
79
78
220
93
76
130
128
137
97
150
128
444
128
184
140
81
79
126
240
135
81
78
76
215
105
127
127
129
159
112
81
80
127
126
172
140
79
129
126
173
166
79
129
126
149
107
89
80
128
192
108
147
139
126
125
185
117
130
126
127
207
208
85
135
127
227
224
127
128
128
193
91
92
128
126
127
177
89
127
131
126
231
102
128
129
125
191
138
130
128
126
178
1016
175
91
97
190
162
88
127
126
129
144
178
96
128
127
164
153
84
128
127
174
279
92
80
125
126
148
182
95
126
127
157
199
154
128
125
165
157
101
79
128
207
169
93
131
128
183
138
95
126
128
126
195
182
85
127
130
218
168
128
129
128
175
177
96
127
128
156
120
96
78
126
126
207
186
99
150
97
260
214
157
127
126
195
172
152
126
126
230
266
91
126
127
125
227
237
133
128
126
144
135
129
126
138
144
164
87
129
126
189
245
160
128
127
127
139
166
99
126
128
194
170
85
129
128
177
189
152
128
129
178
135
152
126
130
128
178
198
159
127
127
186
149
128
128
130
231
175
160
125
130
244
193
154
127
127
129
189
243
101
129
128
166
175
161
128
126
193
194
160
127
128
237
211
104
127
129
126
210
193
102
126
128
227
222
88
127
126
199
195
149
126
126
200
192
158
126
129
128
223
123
128
125
125
210
249
97
127
128
142
202
128
129
127
183
271
159
127
127
128
175
205
97
128
126
196
202
128
127
128
167
139
78
98
80
179
251
129
127
127
164
222
156
127
130
130
192
193
104
129
127
168
173
149
128
127
145
248
101
127
127
182
126
129
127
128
127
185
171
96
126
127
254
181
92
127
128
190
160
96
126
127
146
241
152
126
128
130
218
168
88
127
126
223
1177
127
126
127
183
160
146
128
126
220
201
133
128
127
127
199
193
155
128
127
169
172
144
128
126
223
165
134
129
126
216
170
86
129
127
127
223
278
147
129
126
182
174
145
128
127
157
202
104
127
128
195
195
128
126
127
127
172
170
155
127
130
175
191
102
126
128
172
230
134
126
128
177
182
98
128
126
125
134
138
102
129
129
175
265
147
128
127
228
238
148
127
129
160
202
129
128
128
176
251
153
128
127
126
220
244
157
127
127
164
207
90
127
126
172
193
103
128
125
175
245
98
127
130
127
680
290
113
128
129
173
207
153
126
126
168
231
129
128
128
196
162
129
129
129
129
221
188
89
127
125
187
186
156
128
126
159
193
102
130
127
158
183
130
127
108
93
170
184
99
89
89
205
192
95
80
77
228
192
86
127
126
184
175
100
127
127
127
224
174
99
129
127
206
172
99
129
126
179
201
100
129
126
154
258
152
128
127
126
234
174
132
127
127
182
238
127
127
128
157
178
147
129
127
169
151
126
127
125
127
167
239
99
129
128
171
179
152
126
125
168
167
140
128
129
181
183
159
129
127
125
158
164
145
127
127
183
216
147
130
126
132
161
102
128
126
202
202
92
129
126
125
167
204
176
127
127
225
84
139
126
126
241
263
136
127
127
162
145
126
129
131
126
223
154
161
127
129
223
211
133
127
127
196
282
130
127
129
173
94
128
127
129
165
173
106
79
129
127
189
177
196
127
128
160
164
181
127
128
195
159
120
125
128
168
212
173
129
126
126
170
111
82
128
130
184
175
133
127
126
179
191
100
79
125
200
182
147
129
124
128
130
152
87
77
124
156
164
101
101
95
157
184
88
82
129
178
196
99
132
128
125
172
161
98
130
125
160
147
93
78
127
197
163
100
79
96
166
169
100
126
130
134
212
181
95
129
127
166
217
95
80
128
185
188
106
131
135
167
194
93
129
128
128
215
200
137
131
127
170
194
83
100
130
164
170
117
80
126
211
203
92
128
98
98
177
178
142
126
129
178
200
101
80
129
189
191
99
78
126
195
218
97
81
128
132
145
177
94
126
125
160
185
96
130
129
144
178
144
128
127
147
224
105
79
127
155
187
103
128
129
126
191
215
98
127
128
199
173
102
75
229
192
778
331
71
87
178
528
110
83
126
126
193
438
92
80
77
202
170
79
77
77
180
137
80
79
77
184
177
76
80
76
126
162
137
78
86
79
147
167
80
78
79
148
135
78
76
75
156
125
78
80
78
78
142
121
81
78
76
158
127
77
78
81
175
100
91
77
77
185
124
75
76
79
127
181
167
76
82
79
154
117
126
126
128
181
162
77
76
79
201
119
77
78
81
130
164
170
131
125
127
190
128
94
77
79
152
99
95
79
76
171
117
94
76
76
74
185
96
78
81
77
184
153
137
76
80
160
101
79
78
99
148
189
78
76
77
213
126
99
77
75
78
188
125
128
97
98
162
102
79
75
79
141
108
80
76
97
78
198
110
81
78
128
146
131
80
76
75
168
102
94
77
76
210
145
80
79
76
176
98
80
80
78
127
196
155
80
81
76
181
120
79
81
78
210
123
80
78
78
176
558
77
130
125
127
225
818
212
79
80
955
297
86
82
133
168
150
87
90
125
499
121
77
79
77
127
157
113
79
82
74
140
113
77
77
126
216
116
129
126
128
159
119
77
78
80
128
172
121
79
78
79
158
121
81
78
79
190
151
79
78
77
168
290
79
73
81
78
190
322
78
126
126
156
103
79
77
78
175
108
87
79
78
134
106
78
78
75
127
164
140
155
127
127
177
186
140
127
127
169
173
100
127
128
193
181
153
129
129
128
164
195
148
127
127
184
167
96
80
78
111
101
79
77
79
176
151
79
78
80
130
141
134
97
77
76
172
141
79
75
78
161
84
79
76
78
144
158
127
128
127
149
130
98
78
79
126
213
124
128
126
127
169
109
80
79
78
134
160
130
127
128
173
186
99
77
77
77
157
113
91
126
130
157
158
81
76
76
178
114
155
126
126
166
166
78
78
79
126
162
145
98
77
79
146
142
79
98
125
173
169
130
126
127
178
230
99
127
130
126
178
164
95
126
127
181
165
160
127
129
174
234
94
126
127
155
128
152
126
127
97
179
173
99
130
98
174
216
148
128
128
169
159
142
128
126
173
165
152
128
125
129
151
143
102
127
126
178
165
133
127
129
197
218
97
129
128
191
157
83
77
77
126
185
140
79
77
79
175
100
78
77
77
175
135
93
76
75
91
78
80
127
131
129
152
154
81
77
75
182
130
78
78
78
194
131
79
80
75
172
95
78
78
78
200
99
81
78
80
76
153
99
81
78
79
135
148
78
79
79
197
138
90
78
78
214
88
78
78
79
79
188
99
79
78
77
197
101
91
76
79
200
148
93
78
78
223
101
92
77
78
76
171
150
87
87
87
144
140
83
94
90
164
426
146
81
128
144
173
92
81
127
129
190
197
103
80
125
156
152
102
80
130
160
186
98
82
127
204
134
81
82
78
79
203
151
79
80
77
183
154
97
79
407
229
129
81
81
79
170
117
81
80
77
79
178
110
83
81
141
198
140
80
80
77
170
178
81
79
78
210
91
78
78
78
78
193
99
78
127
129
212
104
77
79
77
214
94
77
81
78
161
96
78
79
127
130
196
98
77
80
79
179
99
77
132
126
164
97
77
80
82
164
97
77
127
125
126
167
139
79
79
78
144
147
88
77
79
146
99
79
78
77
170
103
95
76
77
166
113
76
77
76
76
185
123
76
75
76
200
391
78
84
128
180
601
177
128
127
138
161
76
76
76
77
188
112
98
79
75
122
96
78
77
77
139
127
79
77
79
144
107
104
79
75
79
172
108
80
79
79
147
140
79
77
75
166
135
81
77
74
196
118
86
78
78
76
157
123
79
80
79
172
136
93
76
77
179
121
78
78
78
184
94
94
77
76
77
146
139
90
77
78
178
111
88
78
77
155
132
79
77
76
145
128
102
77
78
76
154
167
82
76
76
160
192
83
74
75
152
156
102
79
78
160
187
85
78
75
75
179
170
93
77
76
171
139
100
78
76
152
104
98
75
76
176
148
95
77
129
126
154
168
98
77
76
154
146
97
76
77
153
173
84
78
75
140
184
80
126
125
125
190
179
82
76
95
162
188
100
76
75
169
226
93
76
78
157
157
101
76
126
159
147
100
76
78
131
169
196
93
76
127
181
157
94
76
76
156
151
84
76
76
155
124
99
74
74
125
131
161
100
76
78
160
171
89
76
75
158
164
101
76
76
167
125
94
78
75
74
147
160
99
76
76
185
169
86
77
125
181
177
97
79
73
139
158
101
76
74
75
193
170
153
125
123
146
184
96
75
76
135
149
96
80
76
122
167
98
85
130
126
182
139
81
81
82
173
140
80
78
77
200
99
80
78
79
199
102
83
79
85
128
169
99
80
78
98
181
151
80
78
78
192
126
81
80
81
154
118
79
77
85
126
150
126
80
79
83
146
242
137
127
129
185
124
83
77
77
140
127
127
129
126
156
102
84
83
76
80
161
151
127
98
98
164
159
81
79
82
198
120
84
78
78
204
89
80
80
130
126
138
81
83
77
76
183
127
82
79
132
183
89
79
147
136
159
138
79
79
77
78
564
179
81
76
77
178
95
79
78
126
660
134
80
130
129
171
103
78
79
80
77
161
94
77
78
126
174
154
129
128
124
202
86
76
79
77
201
89
79
80
77
84
175
99
106
80
82
154
100
80
95
78
180
97
76
76
128
208
152
128
128
126
127
171
138
149
128
130
173
170
105
77
77
196
98
80
94
75
272
87
129
130
127
129
179
142
144
128
128
273
157
130
130
129
154
83
79
77
78
164
98
78
77
128
127
244
103
91
77
129
208
101
79
78
128
213
148
79
78
76
181
158
131
127
129
128
239
104
82
129
128
157
103
82
79
127
199
89
81
130
129
174
98
82
78
127
129
179
84
78
126
126
128
84
78
75
80
174
96
81
96
78
212
102
76
128
127
180
86
80
76
78
77
156
96
78
79
77
181
95
78
76
129
144
80
81
86
127
155
101
83
74
75
76
537
122
84
85
77
448
85
82
91
129
183
99
81
75
127
130
80
81
141
128
127
589
173
80
78
80
181
84
82
77
128
185
95
81
79
129
192
99
83
78
127
130
200
102
91
76
126
168
100
76
77
124
127
96
79
77
125
105
82
80
78
78
77
176
97
84
79
79
167
101
91
79
77
156
92
80
78
77
166
148
130
129
129
126
206
108
79
78
78
155
94
78
78
129
192
83
80
80
135
215
92
79
76
131
128
154
98
78
92
139
168
101
78
77
140
101
80
77
129
132
215
98
82
81
79
77
182
85
78
130
129
179
95
81
79
129
195
104
93
78
129
177
92
83
143
127
117
82
77
76
129
129
181
92
81
82
131
142
95
76
77
128
168
98
80
77
144
148
98
80
80
128
127
162
94
78
127
110
206
95
90
89
87
154
147
105
130
127
174
181
96
129
132
190
83
79
77
76
77
127
117
76
78
76
192
131
86
78
78
149
125
79
78
79
127
147
130
79
76
78
202
517
78
100
130
147
99
129
127
98
179
105
78
78
79
78
170
100
93
76
77
139
100
77
78
78
164
85
79
80
79
138
89
80
78
78
78
158
99
78
77
78
176
126
78
77
78
146
96
78
76
77
188
98
79
79
78
77
202
99
77
78
81
159
98
77
80
77
176
101
77
79
77
154
94
95
77
78
190
100
81
78
79
78
177
86
90
78
76
184
113
79
79
80
192
100
78
379
77
78
181
133
91
80
79
155
87
79
78
78
206
91
78
77
78
168
97
78
77
78
182
106
92
79
76
79
173
140
77
77
77
198
91
77
79
77
172
109
83
81
77
156
87
80
78
78
98
182
159
89
78
78
166
100
78
79
78
144
87
76
75
77
177
108
94
78
78
78
184
140
94
77
77
127
118
76
78
76
216
100
78
82
77
163
100
76
77
78
77
145
110
78
81
76
160
114
77
78
78
175
121
127
99
130
158
92
94
77
78
130
154
139
94
81
78
173
93
77
79
78
178
142
94
78
96
128
90
95
76
76
77
173
96
78
80
79
169
181
153
126
127
156
137
152
127
127
159
178
102
129
129
127
157
189
132
128
128
152
126
139
128
125
176
193
95
78
80
172
143
79
77
78
76
136
110
97
77
78
180
97
144
127
129
181
191
141
129
129
163
204
156
127
127
127
147
171
107
134
99
157
144
96
80
76
165
121
93
77
77
145
101
77
77
77
160
151
79
79
79
77
191
126
78
78
77
145
118
79
77
78
171
138
78
78
79
173
144
76
76
78
78
164
95
78
78
77
190
99
125
125
128
158
95
78
77
77
181
114
80
78
76
78
159
131
79
80
79
150
99
77
78
76
160
124
78
78
80
177
126
79
75
76
77
153
457
121
98
96
144
147
80
75
74
145
163
99
76
78
185
187
96
77
73
96
147
173
97
77
77
157
137
86
77
74
168
182
84
127
125
177
143
81
76
75
126
154
187
93
126
126
201
194
97
77
77
189
192
85
74
74
162
653
97
78
76
77
173
209
88
75
74
154
161
78
77
76
141
129
127
142
124
176
172
96
76
77
166
233
99
78
77
125
1163
171
124
126
126
157
136
92
77
78
143
124
76
79
76
163
184
96
126
126
127
157
182
94
76
77
160
172
92
76
74
160
172
96
129
128
166
143
96
128
125
128
181
208
99
78
75
176
230
151
128
125
150
155
86
76
79
144
175
93
77
98
94
144
161
152
126
130
151
170
99
78
131
136
189
88
75
76
162
210
94
75
75
130
164
189
101
78
75
140
189
95
77
77
165
157
95
79
76
174
203
131
128
126
125
190
161
97
78
77
162
195
97
128
127
165
240
158
128
127
163
177
93
77
77
452
181
152
98
127
128
146
193
96
79
78
155
165
99
78
75
147
189
247
81
79
126
195
208
137
98
127
208
543
89
79
79
172
180
85
79
127
182
173
98
77
78
127
179
192
84
77
76
198
179
95
76
78
154
155
95
77
79
154
168
85
80
78
126
148
160
152
126
128
166
149
103
79
80
150
210
93
78
129
176
192
127
126
125
143
188
129
128
127
129
182
205
99
77
78
178
183
92
77
77
123
185
85
77
78
163
193
92
78
77
126
123
154
99
80
78
205
187
94
77
76
199
176
99
76
77
189
206
89
76
76
126
168
135
78
75
80
165
177
98
79
77
142
181
103
79
74
166
880
155
80
77
127
198
211
97
78
75
158
184
100
127
126
159
76
82
79
129
151
179
152
129
128
128
196
194
87
79
78
171
153
81
77
84
179
180
128
128
127
157
183
98
129
125
126
176
89
79
79
125
153
157
145
126
128
182
180
101
78
78
164
189
104
78
78
127
157
161
128
127
129
182
184
97
82
80
150
115
81
125
125
173
147
87
79
76
126
166
143
85
75
75
152
150
131
126
128
167
179
100
79
76
179
152
88
77
78
152
113
126
130
128
128
167
176
99
99
96
133
142
133
92
90
144
186
91
88
88
152
194
82
79
79
98
202
824
199
127
130
142
626
145
126
129
187
746
139
129
126
157
769
126
128
127
126
155
703
174
127
128
181
669
118
126
127
154
687
103
126
128
162
173
81
78
79
127
183
157
92
128
126
187
173
142
127
127
178
171
153
126
124
169
154
155
127
126
127
162
187
129
129
126
165
178
148
129
128
169
151
130
128
127
151
173
127
129
125
126
193
169
152
127
128
152
139
98
83
77
171
138
96
82
76
151
201
95
76
76
74
157
168
95
77
78
149
201
97
78
78
177
144
89
78
77
156
167
93
77
75
191
141
96
78
80
79
145
131
96
75
75
141
727
101
76
78
157
155
96
79
77
78
164
187
99
78
77
166
173
85
79
78
160
217
96
80
79
167
168
103
78
79
134
176
101
78
74
127
181
176
99
79
78
151
144
100
79
79
136
161
83
78
75
167
180
89
78
78
131
185
247
101
78
77
162
213
101
79
76
191
156
98
77
78
284
234
85
79
78
126
181
663
188
78
77
165
123
82
76
85
212
173
99
78
79
180
201
97
79
78
127
158
191
101
78
77
192
246
104
78
77
227
185
99
79
78
216
168
91
80
79
77
159
97
105
79
79
177
118
81
82
77
185
139
129
127
129
202
112
79
78
78
78
188
104
81
77
75
168
128
84
79
77
161
98
91
82
79
206
117
127
127
127
128
148
127
82
79
80
153
121
89
79
76
151
129
82
82
78
182
91
77
79
77
78
154
82
80
80
78
213
112
85
78
77
136
114
82
79
78
175
141
80
76
78
210
141
82
78
79
79
167
95
76
79
76
198
93
79
77
78
178
96
78
78
78
137
82
80
77
78
78
212
127
91
79
76
140
131
95
78
127
159
124
90
78
78
168
95
78
79
77
128
173
138
77
80
78
132
127
96
79
79
163
141
77
79
77
190
119
81
78
127
130
190
91
78
76
78
164
110
91
79
78
185
102
79
77
127
140
128
78
75
76
80
149
130
89
80
76
243
174
78
78
78
180
142
79
77
78
200
124
77
76
78
129
196
178
98
78
86
222
96
89
78
77
168
114
95
78
78
196
109
79
78
77
77
154
111
83
78
77
187
152
91
79
76
142
112
79
77
78
185
99
81
78
78
126
149
127
93
77
78
203
219
79
78
79
177
163
78
78
78
171
139
79
75
76
204
103
78
77
79
128
176
111
93
76
75
181
94
78
78
77
207
125
79
77
79
178
101
77
76
76
127
154
115
77
78
75
179
129
87
76
77
145
234
143
128
128
192
199
96
77
127
125
242
145
79
126
127
246
274
100
126
124
216
183
151
125
126
180
205
96
75
127
125
172
257
100
127
126
189
126
80
78
127
167
101
75
78
74
183
96
79
80
126
125
200
121
80
78
125
173
130
75
80
127
200
169
80
80
127
202
176
97
78
125
125
203
95
77
79
76
173
127
81
78
74
156
180
83
78
125
193
111
81
81
75
75
177
126
99
80
126
146
180
80
79
125
208
122
80
77
75
157
94
75
77
98
124
188
95
74
133
124
177
134
93
76
77
158
128
80
126
125
147
169
93
75
77
77
149
171
98
79
78
194
190
96
79
81
184
165
101
79
79
153
122
102
78
78
171
184
95
77
78
128
149
146
92
405
129
148
167
96
80
77
163
205
101
77
76
133
140
93
76
75
76
155
162
99
79
77
159
179
92
75
76
149
201
90
79
126
148
169
89
79
77
126
190
163
97
80
77
172
196
87
78
76
176
212
95
79
80
175
219
92
77
78
78
161
188
98
77
79
165
159
85
82
80
169
138
94
78
75
158
192
92
76
74
77
185
159
103
78
79
162
175
95
76
75
169
204
100
77
77
198
180
98
79
77
127
169
190
91
79
78
133
150
86
77
78
165
121
91
78
81
181
161
98
77
77
127
151
139
95
79
78
149
139
98
79
78
178
175
99
75
75
149
178
98
78
79
175
194
98
77
76
76
158
179
86
76
78
183
173
104
83
126
178
743
261
104
127
128
161
936
383
102
125
146
177
130
80
78
176
212
100
77
79
175
167
89
79
77
141
222
90
80
78
79
162
137
86
78
80
160
186
97
78
76
165
605
266
78
78
157
173
92
78
77
77
158
147
82
76
76
168
119
81
79
77
158
142
80
78
78
159
204
99
77
78
77
166
182
94
79
81
156
166
104
80
78
168
199
98
77
78
149
121
82
78
78
79
163
180
94
79
77
188
173
88
78
77
184
203
105
79
76
173
177
96
76
77
76
148
149
98
78
78
197
278
79
129
128
222
512
122
78
82
203
165
98
80
76
75
200
101
80
80
80
137
99
86
79
75
152
112
88
77
76
202
97
82
87
79
77
154
96
97
78
78
168
87
77
79
77
176
103
79
78
77
117
87
87
77
77
80
133
98
77
77
80
191
104
79
76
78
189
101
96
79
79
206
88
75
76
77
163
85
77
77
78
77
175
104
75
75
74
158
102
76
80
76
153
86
76
75
141
186
101
79
76
75
75
156
100
80
79
78
146
103
75
75
75
197
95
79
76
79
182
146
79
80
124
125
155
136
77
77
76
165
113
78
77
77
144
119
78
77
76
151
124
78
77
76
77
183
120
78
77
77
200
110
79
76
79
187
95
79
76
77
143
94
79
78
76
76
184
85
78
77
76
197
100
78
77
79
151
92
80
77
79
193
104
80
94
76
129
174
103
95
78
78
156
135
77
76
75
169
103
78
74
75
174
89
78
78
74
126
141
103
85
75
75
163
132
81
75
76
639
276
106
81
78
136
99
79
78
80
127
189
100
79
77
75
196
87
80
77
80
195
95
80
79
78
192
104
93
79
78
214
102
81
76
77
80
141
122
77
79
78
159
99
79
80
79
178
101
78
76
76
183
114
79
77
79
76
142
96
91
78
77
191
118
80
77
78
166
101
76
75
76
159
101
78
77
77
77
160
99
76
75
74
141
84
77
77
78
165
84
80
76
76
169
110
77
79
75
126
181
101
89
78
79
184
121
77
81
77
135
93
77
77
78
179
110
80
78
78
78
140
80
91
77
79
166
102
77
80
86
168
101
78
76
79
171
127
89
77
78
80
126
104
79
79
77
168
93
79
78
77
185
103
91
77
77
158
140
85
76
78
77
150
104
78
78
78
126
104
92
77
78
166
95
77
78
79
169
102
76
76
76
77
160
102
78
78
77
202
102
78
74
107
79
194
104
78
77
77
129
196
120
78
78
77
78
116
186
100
93
76
75
83
150
80
80
77
77
129
118
103
76
77
77
75
78
76
201
101
79
79
86
126
183
93
77
80
76
126
163
113
78
77
76
77
157
99
80
79
79
78
167
92
77
77
79
176
111
78
78
78
150
118
78
77
76
172
94
77
76
77
126
176
131
76
77
77
180
101
77
79
77
184
98
78
78
77
182
86
80
80
77
128
193
98
80
80
76
161
100
79
78
77
161
101
89
78
82
169
85
76
78
79
77
196
129
80
78
79
194
87
79
81
77
198
100
77
76
77
156
104
77
78
78
125
205
90
78
78
78
205
98
77
78
80
173
85
76
75
78
225
101
81
77
77
127
223
88
78
78
77
152
128
78
79
78
193
102
91
77
78
207
88
79
76
127
127
183
111
78
80
81
236
98
76
75
77
275
96
78
77
78
205
134
77
78
78
126
201
96
94
79
78
151
86
92
79
76
234
133
80
80
81
233
154
91
76
77
160
175
99
77
76
126
156
163
87
77
82
231
128
86
77
76
175
215
87
76
75
162
538
125
125
125
125
193
180
93
76
75
226
206
94
77
126
180
182
98
77
76
156
162
82
76
77
76
170
176
90
76
75
205
596
152
76
75
198
254
104
76
77
165
180
94
75
96
125
174
244
88
79
76
196
132
81
75
75
146
151
423
79
127
184
163
100
77
74
126
249
197
91
76
76
648
1394
421
84
125
190
225
86
77
126
224
125
79
77
125
125
179
200
94
127
126
232
241
96
76
133
185
205
89
78
78
186
184
89
78
76
126
139
225
102
78
132
219
164
89
80
76
161
123
82
78
78
155
184
97
77
78
189
167
98
77
76
127
206
211
91
78
80
220
91
99
78
127
173
181
97
80
77
246
196
103
77
76
77
157
183
100
78
77
254
177
99
79
77
352
111
79
78
77
228
185
82
80
77
75
300
144
79
78
77
229
167
98
80
77
186
175
80
78
78
206
179
82
76
78
75
208
101
77
77
78
215
170
80
76
79
324
125
82
76
95
246
163
89
78
77
76
234
129
79
78
78
249
191
94
78
77
197
202
78
78
78
230
132
85
77
79
76
196
164
100
78
76
207
115
86
79
79
184
122
111
77
76
192
157
80
75
76
79
185
195
95
79
77
223
82
104
75
76
229
152
82
76
77
217
110
127
126
128
127
233
103
75
75
75
213
168
77
76
75
219
167
78
125
125
199
242
87
76
125
125
171
234
98
81
126
183
237
98
77
126
171
226
94
81
76
209
187
97
76
77
76
156
223
98
75
78
170
119
80
78
125
182
243
101
78
75
163
216
93
76
77
192
198
102
76
99
95
228
195
93
127
126
201
122
84
96
125
142
125
79
75
127
185
308
98
76
127
128
184
255
96
76
76
167
194
93
78
77
214
219
93
75
77
208
223
97
125
125
123
181
216
99
78
125
177
166
84
76
97
167
212
99
127
126
150
176
78
77
76
128
217
202
101
76
77
162
293
97
90
76
212
118
77
78
75
161
182
84
77
127
126
150
156
225
143
128
156
602
150
126
126
188
218
86
95
126
224
213
95
127
127
131
182
157
133
128
127
225
217
92
78
75
202
287
100
127
127
210
243
97
75
77
128
142
175
77
77
84
206
277
94
125
127
210
202
95
78
78
179
194
129
126
127
126
189
141
129
126
126
192
279
99
83
124
172
217
85
76
78
163
157
85
133
126
194
207
85
81
128
125
229
197
89
129
126
223
288
92
127
136
217
210
86
78
137
189
187
94
77
85
126
137
171
91
76
131
216
202
86
77
78
195
273
136
126
407
234
209
127
125
126
129
172
238
97
75
75
163
117
130
127
126
189
217
103
130
126
209
150
98
78
76
76
191
309
102
76
77
179
204
97
77
82
216
95
80
126
126
196
176
95
79
81
124
177
156
91
76
96
149
176
128
99
125
208
231
99
77
75
186
252
96
77
75
125
181
180
78
77
76
166
266
100
78
75
176
249
96
78
82
185
182
100
84
128
124
163
144
85
79
77
162
237
95
85
128
283
210
83
84
127
189
280
95
93
124
220
268
97
78
77
76
183
122
82
77
97
239
99
75
80
88
184
99
78
78
77
125
201
97
77
127
126
170
98
77
78
77
195
94
78
126
128
176
95
77
79
75
210
87
75
76
82
131
175
100
77
79
75
210
94
76
141
126
191
126
128
126
127
183
87
113
78
75
79
180
95
78
126
125
194
99
77
78
75
136
116
78
126
126
232
87
77
77
76
74
166
128
78
129
126
163
85
77
85
93
177
96
89
126
133
207
101
77
78
74
76
174
112
76
78
77
210
97
77
125
125
128
97
76
80
74
132
82
81
78
125
125
150
101
129
126
125
193
115
83
130
126
187
99
77
78
76
191
99
74
77
88
126
183
85
78
131
126
178
104
81
76
76
147
86
74
76
75
231
83
76
78
77
76
161
122
75
77
76
197
114
77
76
77
150
129
76
127
149
207
101
76
94
75
77
171
119
76
128
125
196
114
75
126
126
175
100
82
125
133
203
92
78
126
125
126
179
85
78
126
144
197
96
96
92
79
206
194
78
79
97
180
181
95
77
80
207
186
95
82
128
131
271
160
85
75
86
143
171
91
140
125
154
195
94
77
81
142
275
89
78
79
127
191
1156
81
75
76
149
205
82
77
76
181
183
97
77
126
193
288
82
74
75
123
211
240
98
76
125
164
225
95
77
74
156
168
97
78
77
146
172
96
126
126
124
168
241
98
99
124
150
278
99
77
125
182
204
98
77
79
146
178
93
75
76
124
190
218
98
88
79
157
194
97
76
80
150
168
97
76
78
188
173
143
127
127
126
177
283
100
76
77
168
227
96
78
77
164
203
95
97
126
168
142
87
76
77
125
168
194
82
75
79
183
162
79
75
126
184
199
102
75
76
195
163
98
76
124
169
698
186
78
126
125
213
873
94
77
76
166
170
100
74
75
250
121
80
79
75
195
210
88
78
75
125
157
207
82
78
75
193
212
96
77
127
155
220
87
77
78
177
193
103
75
77
76
145
103
81
80
78
198
226
88
78
78
210
134
78
78
77
186
123
95
77
75
98
143
142
90
81
80
185
145
79
76
128
160
92
74
78
76
134
120
79
81
74
75
158
124
78
81
76
151
126
79
79
75
142
86
78
76
78
179
143
80
77
74
125
180
131
79
78
76
147
120
81
76
124
175
147
79
78
74
202
134
99
98
125
128
173
173
87
76
125
155
170
99
77
75
131
164
129
125
126
163
158
100
76
77
75
135
164
95
76
75
165
185
130
125
126
143
141
97
76
78
161
153
91
128
128
126
155
111
81
78
77
160
133
78
79
126
172
105
78
76
94
176
129
78
76
78
130
131
169
95
79
76
174
115
79
78
79
200
109
78
78
96
148
108
80
77
74
137
152
96
78
76
76
171
168
97
80
77
203
230
98
76
125
168
128
80
126
96
167
108
81
79
124
124
196
112
80
77
74
171
157
93
126
124
165
166
94
124
128
190
204
100
78
125
124
167
175
89
78
79
184
128
87
78
126
176
159
100
78
126
159
188
100
78
126
129
201
166
97
79
125
170
174
93
78
125
198
196
99
124
125
143
184
96
78
124
125
143
207
94
79
125
174
143
85
77
129
164
160
84
97
125
141
135
82
79
125
125
151
181
81
77
76
177
154
99
78
75
162
140
202
125
125
152
190
166
129
126
124
151
159
134
126
125
143
173
130
125
128
190
109
127
127
78
158
189
170
125
126
127
153
196
129
127
125
173
176
120
126
169
175
120
126
126
127
164
165
145
124
128
156
129
113
126
126
127
183
768
151
125
128
138
840
181
124
126
172
1040
287
131
127
185
934
249
126
125
128
218
620
181
126
124
184
582
131
124
125
144
675
151
125
126
187
165
97
126
125
125
176
218
99
126
125
194
157
139
128
122
140
173
130
128
124
165
135
93
125
126
122
180
178
163
125
125
211
126
145
126
125
198
104
126
126
124
203
137
127
126
125
126
174
143
138
126
125
155
86
125
125
128
208
129
86
97
127
189
131
78
128
126
126
188
595
133
126
127
195
98
78
126
125
171
96
82
124
126
200
135
95
125
141
125
200
117
123
125
122
198
90
125
128
126
228
126
76
127
123
177
146
76
77
126
172
157
143
124
128
126
200
100
77
76
75
199
100
75
87
97
163
143
95
125
127
125
223
101
76
77
75
171
100
77
124
126
232
151
80
76
76
163
102
75
79
75
221
103
78
78
76
75
166
100
78
76
75
182
97
76
75
75
168
101
77
85
125
182
93
78
76
76
124
191
87
76
124
127
185
98
76
75
78
135
90
78
78
76
156
93
78
124
126
124
158
102
78
77
77
183
96
79
93
76
199
95
79
78
76
241
104
77
78
75
125
179
97
77
79
76
261
91
76
77
75
206
99
76
74
77
217
100
74
81
75
74
169
94
75
127
125
225
85
77
76
75
211
93
81
125
128
129
85
76
128
125
125
214
97
80
77
76
190
101
80
80
75
202
118
77
76
75
181
91
75
127
126
126
195
122
76
77
77
165
100
74
74
75
161
93
76
125
124
251
100
78
76
74
76
169
84
75
73
74
206
490
94
75
76
169
502
101
128
126
137
1261
597
408
79
172
1041
274
205
125
126
184
218
126
126
125
191
841
186
116
74
153
422
148
101
130
200
181
87
76
125
125
182
184
98
126
125
155
172
100
75
75
202
112
78
75
75
160
164
95
78
125
127
140
721
124
79
75
149
171
92
78
73
179
211
93
75
126
142
187
85
75
76
75
155
197
93
78
78
149
208
88
73
76
157
185
101
75
128
158
159
103
77
75
125
167
183
85
75
77
167
182
98
76
76
141
186
94
75
78
158
144
85
78
77
128
147
174
87
77
76
142
190
94
75
77
1185
87
127
126
126
160
307
121
81
122
126
146
140
96
76
77
156
212
92
77
76
146
176
88
77
76
156
706
114
80
76
76
168
183
98
79
73
160
183
83
126
125
140
191
101
77
74
140
153
99
80
127
143
198
85
75
78
123
160
196
93
76
74
125
180
98
77
76
156
210
96
78
77
180
218
80
76
74
74
164
209
90
78
79
154
216
90
76
126
152
193
92
75
75
166
137
98
76
78
125
172
551
108
73
75
176
151
94
77
77
158
146
97
77
78
140
146
96
76
76
77
172
197
94
127
443
134
147
95
75
78
146
183
90
75
73
141
165
89
77
125
126
165
171
99
74
75
162
400
402
77
125
159
175
90
92
77
156
142
85
75
78
130
148
485
82
78
75
162
655
104
81
77
160
626
150
78
75
135
562
102
77
95
125
150
166
103
76
77
168
202
96
79
76
174
195
126
127
124
153
215
87
76
79
74
150
209
101
76
125
194
176
101
76
126
151
142
85
77
77
142
188
101
76
76
126
157
689
91
75
76
157
147
94
77
79
161
169
98
76
76
149
199
94
76
75
158
192
97
76
125
126
163
175
95
76
75
188
123
82
77
77
174
167
94
77
76
159
192
101
75
76
76
145
167
98
79
75
130
157
97
78
77
169
148
92
75
75
149
198
94
78
126
124
183
174
90
77
76
157
943
286
80
75
129
824
290
81
75
171
212
104
125
127
126
179
189
156
126
126
136
224
133
77
125
158
764
122
78
77
181
669
137
76
75
76
206
612
104
76
127
139
144
144
126
126
172
129
103
77
129
140
172
98
75
77
127
190
94
76
127
125
253
90
77
124
126
201
85
76
76
75
181
84
76
130
126
125
183
127
78
76
76
199
84
75
81
79
197
98
76
77
77
160
93
75
77
77
75
129
98
76
78
75
179
97
79
77
77
207
91
80
76
75
209
94
78
77
75
76
170
99
76
77
77
215
99
76
77
74
227
86
75
77
78
204
84
75
88
127
164
92
126
129
126
128
221
113
80
80
81
177
148
77
77
77
211
127
83
97
96
190
118
81
126
127
126
162
109
82
84
99
199
115
131
131
126
208
172
82
81
127
223
123
128
128
125
126
166
138
84
97
127
194
695
175
94
95
167
184
100
129
126
150
164
76
79
80
76
161
143
81
80
78
171
114
81
79
79
182
140
82
80
78
189
138
81
80
77
78
183
124
81
78
78
166
85
78
82
80
188
125
81
78
128
196
130
80
79
77
127
215
137
81
81
77
226
103
80
79
77
219
116
80
80
127
182
97
79
84
78
127
182
99
77
79
77
211
133
80
79
77
212
142
99
80
126
202
125
81
80
78
78
189
133
90
79
76
202
96
89
79
78
200
100
82
83
125
202
89
77
79
76
182
147
77
80
79
80
195
112
81
81
79
201
605
157
81
81
198
96
94
126
128
185
171
81
80
78
129
164
134
82
78
127
199
116
95
79
76
188
136
81
80
77
159
157
81
81
76
77
180
101
81
79
80
213
130
80
79
77
185
170
80
79
79
211
106
79
80
79
78
177
104
93
79
126
253
81
79
80
78
190
161
82
80
76
180
166
80
79
78
77
216
184
82
79
126
214
131
83
79
77
178
175
79
80
77
226
141
80
80
140
128
174
145
81
81
76
191
159
128
95
126
235
140
80
81
80
174
133
80
80
77
78
194
509
85
78
99
207
460
83
82
76
178
476
82
78
127
228
146
83
85
95
96
254
122
85
81
129
189
1053
325
83
84
246
136
412
81
132
203
178
126
126
127
128
182
375
117
78
77
167
112
82
80
80
168
227
79
78
77
178
127
82
80
78
212
89
78
75
78
125
147
145
130
125
130
129
110
78
78
98
159
133
147
129
127
174
177
99
128
128
127
185
205
128
127
126
144
152
157
128
127
169
184
141
128
131
170
177
148
128
128
128
170
142
161
129
129
178
179
104
130
126
171
183
155
125
126
165
163
139
127
127
127
179
127
77
126
125
185
130
96
78
78
201
102
80
77
77
165
145
81
77
78
77
182
136
90
76
79
189
86
81
78
78
180
98
77
78
79
173
113
77
76
76
128
156
85
81
79
77
136
160
75
77
85
185
105
78
79
77
196
134
83
78
74
124
167
90
78
76
81
167
90
79
76
75
187
92
88
79
77
194
98
83
77
74
78
207
111
94
81
77
182
94
78
77
79
196
95
77
77
78
153
117
81
78
77
142
86
78
78
127
128
196
146
83
78
77
142
139
85
77
77
147
131
84
76
75
159
141
104
76
76
74
181
164
98
77
75
167
188
94
75
126
135
186
144
126
126
145
186
96
75
76
125
168
183
101
78
77
155
167
98
98
125
201
176
95
75
124
135
150
145
125
125
123
170
129
95
76
74
170
180
96
77
77
158
456
272
97
126
176
201
92
76
76
125
169
167
87
76
78
133
160
82
76
76
150
182
94
77
125
157
203
99
77
125
127
154
179
95
76
77
153
171
94
79
76
189
218
90
99
124
163
180
96
76
127
124
177
189
101
77
76
133
140
94
78
75
183
176
99
229
125
148
166
104
78
79
189
152
96
78
75
126
172
191
99
77
78
145
127
80
80
77
180
685
112
129
126
126
185
916
118
79
78
140
1018
309
80
77
173
668
172
79
76
113
176
84
81
78
170
152
84
76
79
127
146
159
96
88
129
147
206
101
78
78
152
191
102
76
76
157
176
97
76
78
100
177
873
139
79
74
173
190
86
78
77
163
104
101
77
77
165
211
98
78
76
130
173
119
101
79
79
154
120
79
78
80
210
179
95
79
75
172
131
98
76
77
125
171
108
82
76
76
166
107
79
78
76
183
115
132
127
125
173
746
147
79
79
128
171
191
93
78
76
140
205
89
78
75
153
164
95
77
76
175
113
80
79
75
76
155
144
82
79
77
166
188
92
80
78
170
149
86
78
79
152
155
91
77
76
126
182
201
86
80
77
146
116
86
77
77
182
191
95
78
78
169
181
93
79
77
126
178
200
91
78
76
177
189
93
78
76
129
161
82
77
79
164
117
80
74
75
165
154
95
78
79
78
175
138
104
77
75
171
117
81
76
79
181
154
97
78
76
161
175
95
77
77
86
162
200
103
78
76
185
161
102
78
77
215
139
82
81
76
196
352
94
78
76
127
851
1291
564
85
77
201
104
81
77
127
163
237
86
77
78
205
196
97
81
77
128
189
213
83
79
76
180
189
104
81
77
194
159
80
79
77
236
141
78
79
128
126
259
149
83
79
78
208
126
81
79
76
232
102
77
78
127
171
131
75
76
77
76
174
91
81
77
75
275
138
82
79
77
276
89
101
78
77
186
89
77
78
78
76
164
136
78
78
78
251
142
98
79
76
235
96
79
77
130
180
100
77
79
77
126
201
162
128
128
249
100
82
81
78
150
111
92
78
76
128
168
98
80
78
79
238
98
79
77
79
81
175
103
80
78
147
111
92
80
79
127
187
90
80
128
127
207
100
77
78
130
127
895
189
78
128
143
211
95
80
77
128
262
121
77
78
215
142
83
79
143
131
126
204
100
80
77
77
210
102
82
127
129
253
88
83
82
140
180
99
78
77
128
128
250
99
80
93
128
142
82
78
74
126
114
82
78
78
130
283
100
80
76
130
99
167
102
80
78
128
155
115
79
78
74
209
128
79
78
127
655
309
153
78
88
97
163
205
83
77
76
157
215
96
76
77
158
236
102
75
74
143
172
94
77
77
127
179
145
79
75
75
187
276
98
76
79
160
172
98
127
126
222
177
96
78
75
125
235
199
98
75
75
226
175
100
78
126
171
157
82
75
77
169
200
97
75
75
126
257
158
97
76
77
197
189
96
76
127
187
150
93
75
76
197
169
96
75
77
125
200
235
99
75
75
202
164
102
76
125
163
211
96
78
76
167
223
92
78
76
199
198
89
76
78
74
190
188
88
76
127
157
182
102
98
127
174
163
97
74
74
181
213
93
77
77
127
227
195
95
78
74
258
176
101
126
126
205
197
95
126
126
192
218
99
76
81
127
233
194
84
76
76
225
209
101
77
126
190
188
100
78
79
198
173
92
79
78
128
241
211
86
77
79
190
194
84
77
78
156
163
94
76
76
163
182
99
86
78
126
186
242
87
76
78
206
191
95
80
78
233
173
86
78
78
202
179
95
75
78
76
221
212
99
79
76
205
180
101
78
81
243
201
100
78
85
213
197
99
77
75
77
207
188
96
77
85
177
215
100
79
76
229
195
88
77
77
227
156
104
77
79
126
175
193
93
81
77
178
102
84
76
79
183
196
98
81
78
182
130
81
78
76
250
197
83
78
77
129
262
211
94
77
76
160
171
84
79
79
202
182
85
77
77
211
154
98
77
77
125
164
227
92
77
75
159
175
102
77
76
226
214
86
79
77
199
196
99
78
77
125
226
198
98
78
76
159
132
79
76
78
194
178
91
78
79
234
169
93
79
77
127
204
199
93
79
78
204
178
93
80
78
136
153
98
78
77
157
107
80
78
78
129
211
181
96
83
81
175
126
80
78
79
139
128
82
77
83
167
108
83
78
84
128
169
156
87
79
79
189
99
79
77
95
166
142
82
77
76
175
121
81
77
84
127
202
128
81
78
76
162
119
82
76
77
155
158
80
80
78
136
102
77
80
77
145
142
85
79
77
77
138
85
81
78
79
176
136
83
78
86
167
173
81
81
79
156
121
81
79
80
81
139
127
84
79
132
180
117
85
79
78
171
122
81
79
81
174
120
81
78
85
127
201
145
81
80
85
198
138
80
79
149
153
102
82
76
79
182
113
175
79
80
79
114
120
82
76
76
172
113
80
76
76
169
123
98
80
77
183
121
97
76
77
79
169
97
81
79
82
190
121
83
76
77
173
115
83
78
81
185
113
82
79
78
77
175
144
89
77
76
262
140
81
78
82
168
131
83
78
82
245
143
79
78
139
127
183
125
82
83
91
193
147
83
77
133
213
962
122
81
90
179
444
83
94
75
137
204
561
138
81
82
229
124
81
81
76
203
133
81
78
80
206
88
82
81
77
76
172
132
77
80
77
177
123
80
79
84
191
87
82
79
78
177
97
84
77
98
128
178
144
79
79
79
192
122
82
78
79
169
146
84
76
80
171
113
82
81
85
226
141
82
77
85
126
177
145
81
78
78
221
135
85
77
77
178
134
82
77
77
185
93
82
81
128
127
188
119
81
77
76
180
109
80
76
77
187
163
81
76
77
196
128
82
77
83
129
178
155
82
78
76
224
151
80
77
83
211
119
144
133
128
230
167
129
128
128
127
207
176
152
128
129
223
131
128
128
128
245
132
131
132
130
192
167
152
127
129
126
227
95
77
91
147
146
86
79
78
77
139
100
78
76
76
192
101
80
77
77
128
173
88
77
82
75
143
125
77
77
80
171
190
128
130
128
147
156
157
130
128
126
189
165
154
130
127
141
168
148
128
127
173
184
149
127
133
156
308
133
128
126
132
179
168
98
129
129
163
1201
600
79
132
172
192
157
129
127
149
500
121
127
129
147
483
123
84
128
128
171
180
143
127
142
202
202
99
132
132
182
238
100
126
129
172
146
145
130
127
127
239
182
101
78
77
230
223
121
136
128
142
178
86
127
127
190
313
130
130
132
127
282
189
97
98
98
268
183
122
80
96
199
98
129
129
127
197
145
82
97
126
125
185
82
85
78
75
174
136
127
97
125
147
117
80
80
127
140
194
95
78
97
96
178
206
104
129
131
133
138
93
81
131
172
199
84
127
128
132
175
135
128
127
128
201
167
152
129
126
148
176
89
127
125
160
180
135
128
128
138
160
153
126
127
127
172
188
145
127
127
187
193
91
126
127
158
184
153
127
128
143
139
132
128
127
150
140
144
128
126
127
166
177
132
126
127
140
149
152
128
126
161
171
89
127
127
125
177
152
149
459
127
146
206
157
132
126
191
200
98
127
128
164
173
93
127
128
191
178
144
127
130
126
163
212
130
127
127
203
164
127
126
127
203
244
96
81
96
217
277
102
127
125
126
133
228
103
97
127
274
85
129
127
130
191
328
97
96
126
199
339
106
98
128
127
212
206
97
80
95
179
265
105
98
97
200
299
102
78
98
177
222
130
96
126
126
193
240
97
97
96
185
294
103
99
95
192
193
95
127
129
200
239
99
128
126
126
143
223
88
129
128
178
208
96
78
76
154
170
96
127
126
203
567
172
164
129
126
225
446
99
82
98
194
236
97
125
126
190
184
98
128
128
156
105
79
79
76
79
206
112
81
77
77
161
117
78
77
77
164
114
81
79
126
169
105
77
78
127
126
171
113
79
77
78
168
81
92
77
78
206
106
77
77
77
189
84
79
79
76
99
167
128
90
78
77
168
127
76
76
76
126
127
127
187
89
78
127
136
126
144
169
126
77
76
74
74
123
165
168
131
75
76
76
127
177
168
109
81
133
126
138
125
126
123
176
169
102
83
77
125
126
210
170
190
101
77
77
236
182
92
77
128
208
232
99
76
76
96
193
214
95
75
75
164
232
99
126
125
171
107
78
79
77
150
115
78
79
126
127
196
113
76
78
76
173
99
77
78
78
167
114
77
79
80
164
101
79
78
77
76
160
105
79
77
75
169
135
98
77
76
210
168
96
82
124
199
101
77
77
124
126
197
115
77
78
124
198
137
80
125
126
127
132
77
78
77
167
88
79
79
76
76
173
119
77
78
76
210
153
85
77
96
158
136
79
79
76
169
121
79
77
77
212
83
77
79
76
76
189
115
95
75
75
177
120
80
77
207
84
138
95
125
127
191
95
131
127
129
128
155
89
80
74
126
145
129
79
79
83
147
91
84
75
129
177
89
77
75
76
75
418
103
81
127
145
236
99
77
76
77
209
155
127
126
126
252
88
78
77
77
77
265
89
79
81
77
273
118
75
77
76
197
82
126
127
96
206
105
91
80
77
76
127
80
79
76
192
86
75
75
74
159
114
80
79
77
208
125
84
76
76
75
78
142
92
140
127
129
211
107
78
74
125
93
76
79
79
116
141
81
77
87
75
133
161
111
80
77
76
690
136
81
80
75
569
413
85
79
125
160
95
77
76
138
95
155
184
90
89
97
196
158
100
95
102
167
194
98
76
77
141
162
95
76
75
77
164
100
77
77
76
222
96
77
77
126
224
98
87
91
75
182
146
77
126
127
125
153
96
75
75
84
168
96
76
78
84
172
100
129
126
126
169
1504
678
81
75
167
1051
140
96
133
129
280
845
154
78
78
174
704
115
78
75
162
665
99
77
77
178
184
104
77
95
96
136
182
95
145
128
161
176
93
78
79
164
210
94
131
126
154
197
102
80
128
126
175
161
80
78
95
152
136
86
79
78
142
205
88
76
96
143
172
95
78
75
76
162
201
92
77
77
146
170
96
78
76
187
201
93
78
75
166
166
101
77
77
77
174
184
88
77
75
158
114
100
79
95
151
119
129
127
126
135
132
96
129
127
126
131
161
152
133
140
207
188
139
127
125
162
162
153
126
127
210
152
147
128
127
126
158
174
93
127
126
169
164
95
127
127
140
202
96
129
127
165
201
103
128
127
127
172
185
102
134
126
159
196
82
129
129
164
203
98
126
127
197
181
102
81
96
192
178
86
80
127
127
194
212
91
79
127
150
158
82
126
127
156
167
102
79
95
214
244
101
83
129
127
188
171
97
80
131
180
194
100
78
79
148
455
99
81
98
241
87
127
128
125
129
180
195
99
127
127
166
215
147
127
126
213
137
127
127
124
250
177
103
127
125
126
210
209
131
126
126
220
88
130
128
125
204
198
143
128
124
174
202
101
128
127
126
184
190
134
130
124
164
223
87
127
127
189
196
90
128
127
184
149
135
127
84
79
241
284
97
126
128
174
182
94
128
126
219
156
94
96
207
185
109
130
130
128
125
181
197
98
126
127
198
173
133
124
126
217
205
157
126
124
238
165
151
125
125
218
221
97
124
124
125
194
191
94
76
76
211
180
83
75
127
144
151
95
75
73
126
146
194
98
96
123
194
155
96
75
77
169
215
97
75
77
259
194
97
77
75
159
211
90
77
128
125
224
245
98
78
126
250
233
86
81
74
180
206
99
76
77
169
156
101
77
75
126
240
182
98
77
75
216
199
93
126
125
131
204
94
76
124
280
190
85
76
76
125
204
162
95
76
75
177
204
414
77
75
189
232
89
76
76
190
181
95
76
77
124
176
148
99
75
74
180
181
99
76
128
200
222
84
77
76
174
249
101
74
73
124
153
179
100
78
74
181
198
87
74
77
219
175
92
76
75
198
206
85
78
76
124
239
235
85
77
78
238
272
99
76
75
186
255
99
75
126
242
169
108
75
81
125
162
168
90
75
75
191
188
99
78
77
185
234
85
76
73
173
167
97
78
80
127
182
180
98
75
77
172
118
88
75
75
210
229
85
77
73
186
131
94
77
125
148
229
100
76
75
77
178
174
98
75
97
218
228
85
79
75
141
151
80
78
75
145
223
102
73
77
75
280
202
98
75
78
246
154
96
75
124
216
150
98
75
79
162
243
82
79
96
96
180
197
94
76
75
192
178
101
77
124
202
185
101
74
75
168
233
92
75
75
73
197
211
93
76
78
216
224
99
76
84
238
185
95
76
78
224
166
101
76
78
127
155
292
87
79
76
161
225
96
76
74
168
201
93
76
75
205
145
99
75
73
127
162
164
98
79
77
158
165
86
74
74
184
158
96
76
74
141
151
96
76
77
127
157
166
98
75
77
200
176
93
75
127
195
173
87
76
74
157
147
96
78
76
126
152
186
100
74
74
148
143
101
78
126
151
156
100
79
75
154
151
92
76
126
154
136
82
75
76
76
185
186
96
75
75
157
176
95
77
81
177
604
133
77
76
171
190
80
75
79
127
137
545
101
76
76
189
177
86
79
77
176
169
84
76
76
155
553
199
76
75
77
165
498
100
77
125
210
192
85
77
100
209
164
152
127
127
216
227
92
126
125
130
256
211
148
125
126
208
179
98
129
126
206
187
155
126
127
1158
325
79
76
76
76
213
274
167
128
126
159
172
143
124
127
229
169
96
126
124
152
178
99
125
128
124
159
174
100
129
125
218
97
89
78
95
206
75
77
125
95
181
123
125
124
125
128
124
104
125
78
128
195
103
78
93
124
173
110
80
97
126
194
125
125
125
127
125
194
152
126
128
124
182
93
125
126
126
171
110
125
128
126
191
88
138
126
126
127
181
99
126
129
125
153
128
76
124
125
161
125
125
132
127
167
164
141
126
124
198
166
154
125
124
126
181
189
138
125
125
145
168
85
78
471
182
156
99
77
75
149
128
80
76
76
76
175
189
96
77
125
166
202
98
77
76
138
148
99
77
85
160
177
83
77
76
128
172
174
99
77
77
168
114
80
76
126
162
190
86
124
126
166
152
97
77
76
124
167
189
100
76
76
163
172
97
76
75
165
179
95
77
77
153
130
127
128
128
125
159
128
98
78
126
143
208
101
76
76
139
151
95
130
127
187
192
89
75
75
96
142
171
99
77
77
126
179
90
76
76
139
180
98
76
76
152
168
99
77
77
75
182
175
94
79
76
194
197
103
76
75
147
148
84
79
77
154
178
83
126
129
126
132
176
99
76
78
150
160
83
76
78
187
163
93
77
78
146
181
96
78
75
76
179
183
98
76
76
167
211
97
77
77
172
190
101
77
75
179
166
97
76
79
140
204
85
78
77
76
177
203
97
76
76
150
143
100
77
76
178
166
98
77
76
181
148
96
74
76
123
144
157
152
126
128
180
175
140
127
124
170
171
155
126
126
167
202
139
128
124
126
188
179
100
126
127
190
119
127
128
125
169
190
156
128
126
189
175
146
127
137
124
142
211
151
125
124
161
145
148
126
126
157
122
128
127
126
130
154
146
126
126
127
136
166
152
128
126
159
174
159
126
126
161
171
92
127
126
194
197
130
126
125
125
147
136
148
127
127
152
171
139
126
125
158
182
155
125
127
143
155
98
79
76
74
133
145
146
96
125
164
126
78
75
74
148
157
98
75
77
156
176
84
76
75
147
182
82
77
74
126
196
160
93
77
125
207
179
96
76
76
190
110
80
76
76
166
150
81
77
129
125
147
195
97
77
127
171
190
99
76
127
167
191
98
126
125
161
179
93
81
124
127
183
98
80
76
76
187
211
88
76
125
175
154
97
79
76
162
150
91
75
79
125
150
172
97
77
76
140
141
93
78
125
151
127
80
74
75
169
192
99
80
76
125
174
168
91
77
125
152
163
100
75
76
135
158
95
75
77
166
123
92
74
76
126
168
164
124
77
76
169
904
264
81
126
165
203
127
75
77
160
771
136
79
75
75
172
207
84
76
73
168
171
99
125
128
140
165
96
77
76
181
170
100
125
127
126
188
187
96
77
80
149
140
100
79
125
150
173
100
76
76
125
629
152
77
75
74
174
177
97
77
78
156
183
102
75
77
159
179
92
77
76
166
203
88
76
76
128
158
144
98
75
77
132
170
94
76
75
144
174
95
75
78
167
163
92
75
75
182
139
96
77
75
73
156
184
81
74
73
164
140
102
74
77
161
162
95
78
77
152
180
99
76
77
124
163
161
100
78
73
145
144
101
76
78
198
476
133
76
97
190
388
99
79
125
127
171
132
80
74
76
192
91
79
80
75
176
126
82
76
77
134
150
95
79
75
124
166
148
101
77
75
132
154
92
76
75
194
178
103
75
78
172
179
83
76
77
76
146
137
79
79
76
227
92
79
78
75
185
119
78
80
78
191
121
79
72
73
75
152
87
79
79
75
162
158
102
73
73
172
172
87
74
75
140
165
101
77
75
74
143
172
99
75
76
158
188
100
77
74
158
125
88
77
76
187
133
75
78
74
126
184
137
80
80
74
182
138
83
73
84
183
1016
285
98
76
200
112
76
78
127
157
547
87
126
125
127
174
171
101
80
124
152
910
186
78
76
167
127
133
126
124
167
187
94
75
126
127
178
154
139
98
76
165
168
87
76
75
145
178
98
127
131
171
212
95
125
126
124
153
221
81
128
125
173
204
101
76
76
184
324
141
73
74
141
109
128
125
127
125
170
159
139
129
128
184
147
96
77
75
116
183
90
75
76
149
154
96
131
126
128
172
183
135
127
126
134
176
102
78
83
168
203
88
128
126
201
176
96
75
75
126
185
179
128
125
126
162
112
77
125
124
195
98
78
75
127
177
83
77
128
124
126
207
126
77
124
123
153
106
80
80
127
176
114
76
80
128
167
146
149
126
128
172
125
98
95
1128
120
81
75
78
77
75
200
108
76
74
74
189
104
76
76
76
76
182
126
77
74
75
105
80
81
74
76
221
86
76
126
126
224
84
78
76
130
174
90
77
77
83
126
220
108
78
76
75
152
604
110
82
80
191
159
78
125
96
153
116
79
78
75
76
204
88
78
76
77
194
193
77
126
124
162
345
129
125
125
153
176
86
81
126
125
169
96
77
77
75
136
98
83
124
125
184
120
125
98
126
156
104
129
125
124
124
160
127
128
126
127
168
90
126
129
125
165
115
127
125
125
212
148
78
314
126
124
187
104
128
125
127
176
136
78
125
126
197
132
78
129
129
146
124
78
126
124
128
174
125
128
125
127
168
95
126
129
126
189
146
77
127
127
217
127
76
129
126
128
168
123
77
96
94
139
147
91
78
127
189
123
77
125
125
166
97
126
126
130
176
97
95
79
126
125
165
119
77
128
125
167
146
127
125
125
218
102
92
124
125
181
172
77
127
129
125
164
86
125
124
127
189
100
126
126
125
174
106
129
127
125
197
93
78
128
127
129
178
109
126
127
124
186
105
129
125
126
130
93
78
126
125
138
104
78
79
127
126
168
89
75
78
77
157
99
79
76
76
149
89
75
80
76
197
92
78
78
76
93
184
125
77
77
138
174
95
76
76
75
144
85
75
77
75
194
96
76
77
78
127
185
92
75
78
74
184
133
76
79
77
173
121
77
128
129
188
104
78
125
125
127
163
101
93
126
128
203
163
128
125
129
190
75
85
124
128
142
90
76
126
127
125
200
127
76
79
80
142
136
143
127
124
196
145
125
125
129
210
121
127
126
126
126
202
156
82
126
126
199
139
78
125
127
205
124
126
125
126
221
137
130
128
124
127
199
153
149
127
126
181
112
95
128
126
172
135
80
130
125
169
117
77
125
127
219
112
128
127
126
124
206
120
127
129
128
183
114
125
126
125
173
117
128
126
127
195
185
98
127
124
127
186
134
126
78
96
168
83
145
125
125
181
105
78
127
127
138
169
78
125
125
124
184
138
128
125
125
212
142
79
127
125
202
138
125
124
124
192
112
127
127
127
126
181
119
78
126
126
167
117
83
79
80
225
140
76
78
77
170
102
77
74
78
75
231
92
76
78
76
140
81
127
127
125
217
88
77
76
75
238
111
78
76
75
76
177
93
76
76
74
277
134
77
75
98
300
83
76
77
75
199
135
80
75
76
96
161
195
99
76
75
189
301
98
77
76
200
261
99
75
75
280
181
126
126
126
126
156
314
150
82
126
160
185
133
138
125
177
675
216
126
125
211
695
149
76
127
167
686
167
80
78
94
180
211
93
79
125
181
134
80
80
125
155
163
97
78
125
169
194
89
80
127
127
164
1336
457
125
125
161
660
120
78
79
190
370
85
77
124
165
162
131
125
125
438
174
146
102
125
125
150
193
178
128
126
213
258
130
125
127
191
216
128
126
127
126
212
209
148
127
125
148
144
127
125
125
160
260
113
123
126
236
252
126
127
127
128
196
273
143
125
126
189
936
420
126
127
269
804
124
97
125
165
205
157
126
126
127
243
187
85
127
124
173
213
145
125
129
251
263
135
125
129
177
225
150
127
126
126
221
212
148
125
127
235
231
190
126
127
191
216
148
129
125
234
194
123
76
95
195
227
90
97
125
128
155
178
114
82
126
190
165
94
127
127
212
205
94
78
126
129
160
172
90
78
95
158
188
98
78
125
169
232
103
80
125
149
204
118
80
127
194
96
81
129
125
125
183
216
96
125
125
185
798
214
80
126
195
617
152
88
94
205
800
150
78
96
124
149
827
149
80
125
181
738
101
79
76
156
570
113
76
125
208
711
158
76
77
126
219
184
97
80
131
165
188
83
127
127
182
174
100
78
124
189
217
153
126
126
127
178
201
98
83
124
206
688
146
83
128
207
214
93
126
125
206
267
100
125
125
125
190
209
92
126
125
196
97
82
96
128
172
178
148
126
125
184
198
143
127
124
128
204
172
100
125
126
213
171
82
77
96
153
173
135
128
127
172
116
86
127
123
127
189
277
95
126
126
189
260
86
126
126
158
232
94
130
126
176
260
148
127
126
123
182
239
94
125
126
204
109
83
126
127
189
194
98
76
75
160
225
147
127
126
130
142
231
95
128
127
264
269
98
78
76
183
140
84
128
127
197
116
72
77
78
216
115
82
76
77
127
218
113
82
78
76
187
150
78
76
77
197
109
78
74
74
173
94
74
78
74
74
179
104
87
75
74
164
133
82
125
145
140
98
78
127
125
158
105
126
126
124
129
182
88
78
126
127
184
139
128
126
125
190
98
76
127
129
170
110
132
127
127
123
223
105
80
127
125
191
105
76
74
76
192
103
75
77
73
199
102
76
77
77
76
219
86
78
77
74
203
96
77
77
75
195
84
76
79
76
168
93
78
77
75
74
164
100
77
124
125
226
98
78
75
75
493
472
143
75
74
203
87
78
126
126
125
181
217
133
128
125
196
575
101
75
125
160
265
81
79
125
166
129
76
126
126
172
138
75
81
125
123
187
317
126
82
128
171
99
126
127
129
198
110
146
127
125
191
107
76
125
126
126
200
91
128
127
124
233
85
130
128
129
200
163
88
79
127
228
249
99
98
95
100
208
204
99
80
98
156
166
83
97
127
211
179
140
126
127
177
208
142
127
128
127
167
110
85
79
99
245
164
80
78
77
233
208
136
127
130
189
220
97
78
127
128
209
172
84
79
126
215
153
79
80
127
198
147
81
81
126
168
146
84
96
96
98
146
207
129
96
126
219
585
83
83
129
174
99
77
100
77
211
159
82
79
126
126
163
864
163
99
92
239
463
81
93
126
191
145
77
79
128
210
135
81
80
128
127
204
130
78
78
78
250
114
83
80
128
153
107
79
80
129
179
116
128
97
98
98
217
125
80
78
129
200
157
126
96
99
203
105
78
131
126
231
799
212
130
133
126
171
117
78
80
127
193
248
96
80
126
155
264
84
95
125
181
218
94
74
125
187
906
200
137
127
125
152
135
99
79
124
155
162
91
78
95
160
187
82
81
128
162
155
102
127
127
127
181
217
92
81
124
179
164
100
127
125
211
181
89
128
126
189
230
102
95
95
97
183
192
143
125
128
180
198
112
97
96
185
185
91
79
128
172
157
97
78
129
127
200
196
96
84
125
150
174
126
126
127
167
179
107
124
126
167
186
97
128
125
125
181
195
101
126
126
160
177
133
80
126
162
153
92
80
127
178
211
100
78
124
125
177
302
153
76
125
153
517
169
80
125
154
209
96
77
78
185
202
101
81
125
125
187
145
97
129
128
201
212
98
83
124
225
204
98
79
75
180
227
99
75
80
95
209
135
125
126
125
197
95
79
75
79
199
266
135
126
128
222
149
104
126
649
150
137
128
131
143
130
162
125
127
126
127
134
91
78
127
127
157
144
127
129
128
174
157
128
129
126
130
160
96
78
136
129
236
87
144
126
128
180
96
77
126
127
208
149
127
125
133
126
198
84
78
128
126
202
109
127
128
125
218
91
126
144
129
195
88
77
127
125
126
183
93
87
77
126
204
95
81
87
165
108
78
78
76
81
154
82
81
125
127
97
295
94
77
76
134
244
153
135
126
129
182
99
79
95
92
280
104
92
126
126
129
163
87
125
126
99
189
99
77
242
97
178
92
76
125
126
186
542
82
77
80
97
298
143
169
134
126
147
97
82
126
126
101
82
78
140
128
206
134
129
138
95
401
156
129
125
127
126
221
87
140
126
133
381
111
81
126
124
163
99
139
125
125
123
184
86
81
126
129
187
94
79
127
126
186
95
77
129
125
148
97
126
147
127
126
90
79
128
111
126
235
100
128
127
128
196
90
126
141
98
165
100
126
127
126
291
97
127
126
125
127
268
97
75
126
127
256
217
149
127
148
165
122
81
79
126
194
98
128
128
125
126
281
125
91
127
126
180
88
124
127
129
213
143
129
126
131
163
147
125
144
131
128
226
89
80
125
127
225
88
127
127
126
149
251
144
128
129
231
205
149
126
127
126
156
191
147
126
126
217
186
149
139
127
177
179
153
129
125
153
174
153
127
128
126
225
115
93
132
127
212
215
135
126
125
184
133
128
125
132
204
214
148
129
128
127
208
168
143
129
130
208
97
82
96
95
164
1021
156
87
139
286
99
78
125
130
94
208
94
128
127
126
235
87
126
127
128
222
99
127
136
133
200
89
89
131
134
232
135
127
128
128
125
187
144
146
128
126
129
240
156
129
127
256
89
95
125
123
192
84
125
129
126
126
248
99
130
127
126
171
94
126
127
127
227
85
87
82
74
230
88
77
79
78
75
