197
471
370
133
493
431
178
536
568
149
504
472
308
485
493
129
437
519
184
502
525
179
346
506
151
344
366
148
443
495
153
449
505
148
352
510
285
505
279
424
579
228
309
551
283
497
484
414
392
476
556
186
439
420
251
402
424
241
412
461
135
346
490
173
365
457
173
500
511
149
522
387
248
536
443
90
475
519
229
461
530
176
470
507
146
469
498
143
492
618
158
369
527
301
489
513
293
366
395
190
436
465
367
533
568
335
497
531
178
538
548
206
468
627
145
487
386
288
360
391
289
488
518
157
396
361
329
477
509
279
404
386
282
485
649
177
334
412
278
528
551
196
493
524
169
616
532
166
347
419
284
380
371
249
568
601
270
563
593
147
474
387
257
473
504
276
485
516
284
542
550
212
479
597
265
477
506
154
362
518
290
487
390
285
359
392
159
535
554
320
470
375
183
305
599
242
486
519
289
360
525
271
394
409
275
536
563
203
539
553
208
471
493
262
482
492
265
486
506
268
484
514
283
413
655
206
473
499
277
490
388
161
616
648
288
485
394
288
493
527
172
486
645
163
361
388
287
345
387
289
489
520
164
550
461
211
344
375
273
374
522
295
310
451
213
589
622
139
357
392
291
356
393
295
462
496
399
434
591
240
463
496
135
462
362
153
465
627
272
467
496
143
595
496
526
299
473
505
136
497
401
234
479
621
268
436
444
190
580
484
383
413
448
227
474
216
371
473
420
238
433
552
326
469
510
279
453
609
386
423
454
227
457
483
262
504
513
292
448
353
233
436
466
240
340
490
259
460
475
252
446
479
254
452
478
252
451
485
251
453
478
276
454
486
258
452
486
256
451
484
389
425
458
227
452
479
130
580
488
243
443
610
254
451
479
253
456
355
259
450
483
255
449
485
255
446
614
387
413
451
223
447
505
254
460
489
255
325
364
153
515
551
194
359
363
261
450
473
248
450
478
252
454
482
258
457
487
259
459
986
418
409
528
286
579
625
253
457
654
261
457
480
251
449
486
258
462
611
379
416
450
221
453
359
129
455
615
393
426
472
234
347
361
255
578
481
255
452
487
254
427
476
286
432
589
365
405
439
213
448
492
135
461
483
256
435
335
181
570
601
369
406
440
215
453
490
264
328
493
136
434
527
213
594
496
268
449
483
258
454
618
257
477
464
247
492
526
293
452
615
261
452
489
280
456
541
260
428
523
293
571
597
239
457
476
248
346
365
171
423
380
288
369
521
291
461
494
260
458
489
253
447
354
253
521
529
299
509
473
372
408
443
219
457
623
251
452
482
258
453
484
255
453
537
254
348
364
170
361
383
249
501
522
291
457
498
260
452
341
306
450
482
258
470
499
257
413
580
222
451
619
259
429
327
176
513
454
222
436
440
342
506
415
315
472
506
273
441
475
316
421
459
229
456
441
218
532
454
268
564
592
236
332
439
320
501
532
306
467
501
274
445
468
191
390
343
227
467
497
275
439
470
314
417
381
242
368
531
290
453
494
162
420
466
561
271
451
609
253
328
485
253
452
487
260
424
527
294
445
455
231
576
493
370
411
447
217
449
350
248
454
491
285
456
489
257
451
482
255
344
361
259
575
509
289
441
472
283
579
486
257
420
413
169
444
456
229
567
606
260
409
438
209
448
477
277
344
488
257
448
482
253
450
485
254
447
484
226
369
383
246
488
389
159
432
525
297
445
480
382
422
441
222
532
628
292
442
598
241
577
606
254
460
488
257
453
483
256
453
482
253
451
483
257
457
482
263
585
606
255
455
532
251
572
476
248
453
478
119
448
484
381
416
585
352
388
417
317
477
511
286
580
486
255
454
487
257
454
486
388
422
583
261
415
449
607
670
497
431
592
500
272
489
519
291
489
651
293
471
562
216
470
629
272
622
531
163
486
521
164
617
522
167
416
520
172
489
519
292
491
519
165
362
394
280
482
520
164
361
394
295
372
404
304
546
556
211
470
499
269
547
557
218
464
419
264
493
531
175
545
553
207
475
499
273
617
519
163
488
390
292
489
517
284
484
519
290
619
522
291
537
556
327
483
648
209
446
611
258
495
391
284
358
390
291
494
527
201
397
416
279
540
567
204
493
525
169
374
519
787
532
685
324
597
629
267
540
647
161
487
519
165
556
562
214
468
629
270
619
642
163
503
527
174
517
502
178
477
589
110
466
495
367
550
580
230
349
470
258
460
494
289
376
390
160
487
647
290
363
393
291
490
523
168
362
395
296
485
523
294
365
397
298
370
394
297
490
523
196
437
601
253
490
392
295
361
388
283
544
546
205
344
379
278
556
473
223
474
503
273
629
663
210
468
631
270
618
523
295
420
392
434
332
629
532
176
496
533
302
369
526
288
364
398
289
364
396
293
493
653
292
498
527
130
518
504
175
515
542
185
409
388
291
368
382
290
495
523
299
365
399
293
490
399
299
358
521
320
362
395
294
491
516
158
362
391
296
488
520
164
380
441
287
358
390
292
364
528
292
361
394
290
361
517
293
312
366
213
456
502
177
520
540
181
499
533
183
419
509
179
512
538
128
497
533
307
338
329
280
469
587
253
605
521
154
489
390
294
365
383
530
464
538
363
189
410
500
453
287
154
506
590
428
358
239
458
403
496
289
352
384
289
359
389
291
490
518
290
368
391
293
489
523
291
357
389
288
607
518
160
359
396
295
497
443
169
494
519
165
390
364
211
646
498
267
483
505
278
403
375
213
598
629
145
489
653
165
388
557
333
482
381
284
368
391
205
448
613
254
489
393
295
361
385
292
496
659
305
360
527
293
489
518
289
483
518
294
548
458
216
561
599
266
405
501
154
529
504
147
467
376
277
474
465
214
472
507
151
395
369
216
484
497
149
607
508
153
372
389
293
471
563
334
480
495
151
401
495
261
346
524
288
376
393
292
360
396
317
487
525
165
355
388
295
383
366
212
596
635
274
501
531
168
498
403
304
375
524
186
427
454
358
525
557
201
498
499
225
444
560
208
390
466
213
468
627
269
615
522
289
356
382
287
489
391
286
484
517
159
535
648
287
371
513
286
488
515
155
355
516
290
493
526
168
488
393
292
496
646
160
483
519
287
356
396
288
484
391
287
482
445
287
484
521
158
360
397
297
486
648
291
484
649
290
361
517
309
486
388
287
359
385
291
488
517
163
491
386
286
481
514
209
446
478
516
274
381
400
246
452
359
254
618
520
161
480
518
163
608
533
291
361
395
289
376
504
290
484
527
159
467
484
221
447
496
273
466
483
253
471
377
276
485
511
156
495
539
161
488
517
288
373
391
290
488
520
163
357
390
291
491
525
165
500
557
211
476
495
267
607
504
145
360
388
316
358
394
293
498
518
294
356
388
287
368
419
271
394
415
279
555
595
255
479
429
273
358
519
291
487
517
287
359
389
291
365
526
295
372
397
302
394
360
216
470
503
279
371
398
291
360
394
292
486
527
242
435
467
239
366
400
299
488
394
292
370
530
303
369
399
298
488
395
293
494
526
171
363
395
297
493
520
166
367
394
290
415
514
289
364
405
255
349
424
290
528
560
199
490
520
291
358
398
320
491
524
289
361
399
292
491
526
168
491
392
163
361
443
292
359
394
293
363
394
294
486
646
288
382
455
215
471
376
276
494
525
167
370
398
300
620
525
295
547
551
212
601
629
190
424
595
233
490
520
288
357
389
289
358
399
294
464
521
168
485
516
290
468
554
210
471
499
270
367
398
298
498
409
303
418
393
176
388
409
276
524
555
198
383
356
209
476
634
278
363
392
288
373
527
292
385
553
327
354
511
282
489
530
166
385
574
292
306
354
218
601
649
273
497
545
158
350
339
188
516
542
123
462
595
175
517
545
184
496
402
299
367
397
298
488
648
208
449
491
262
489
394
293
363
395
295
493
519
168
622
527
296
489
646
292
365
400
297
486
523
292
364
523
198
497
525
172
414
387
292
490
528
160
369
392
291
361
393
293
497
394
295
368
398
300
500
530
436
336
505
529
293
355
397
293
372
404
303
411
388
292
368
396
289
364
394
293
492
652
171
360
394
299
497
652
291
359
518
291
362
391
292
380
394
297
359
394
293
492
569
287
483
520
294
491
522
292
496
525
297
356
433
401
593
620
368
667
568
197
546
563
216
470
502
271
506
653
303
554
664
238
329
363
259
374
395
293
477
513
166
356
385
287
489
530
295
359
394
294
502
535
171
358
533
293
389
357
211
479
599
268
533
639
284
388
458
217
466
626
268
364
391
291
469
467
209
464
500
143
316
370
218
595
628
270
616
515
291
554
562
219
475
502
140
463
482
257
480
508
276
538
664
210
346
508
279
621
394
296
361
392
293
554
467
328
476
636
281
548
564
214
326
396
152
1014
781
342
375
501
271
610
533
284
484
520
291
620
519
160
485
391
162
549
457
217
401
389
267
479
513
283
482
642
291
413
645
164
387
457
217
394
486
256
475
387
280
615
521
162
366
389
294
485
645
291
617
530
291
388
560
331
353
513
287
619
443
288
543
559
209
473
492
265
485
515
287
485
515
159
482
511
288
385
456
214
597
633
148
481
515
160
480
517
161
486
530
216
452
361
257
489
520
290
359
391
289
544
445
208
466
625
268
464
645
287
488
646
163
501
534
304
492
389
286
486
388
286
406
390
289
485
522
293
357
385
289
488
390
290
362
393
296
487
536
163
361
526
294
485
531
292
563
471
232
495
510
163
396
498
499
390
425
461
231
354
125
549
562
219
482
491
364
567
604
155
478
640
282
498
659
304
496
524
290
359
393
293
548
561
611
325
546
227
442
565
471
365
270
437
205
325
356
208
331
367
264
357
391
288
490
652
295
370
398
304
406
385
228
597
629
196
430
463
238
360
390
293
491
521
171
360
516
294
370
394
293
392
446
189
468
501
270
367
397
297
495
530
174
377
402
292
440
575
225
471
510
144
538
551
203
472
501
270
371
396
168
489
524
165
488
655
297
476
457
213
468
501
272
490
388
292
362
444
292
383
359
217
566
494
150
476
491
149
471
376
273
489
517
288
379
407
307
394
460
218
602
632
152
533
672
222
471
519
212
448
483
252
379
445
208
464
496
267
496
535
177
361
392
297
485
528
292
487
515
291
485
514
289
487
531
291
362
399
292
448
394
294
511
648
291
362
392
290
490
523
160
361
527
291
493
659
299
486
648
163
489
527
294
484
647
288
487
648
284
567
554
400
533
557
329
620
657
293
487
519
161
483
650
292
366
521
681
256
498
140
489
391
291
488
516
289
360
519
293
493
532
194
321
465
239
489
515
287
482
647
290
540
556
211
322
388
264
489
504
273
476
506
275
505
651
310
486
520
291
506
409
178
419
518
169
491
398
288
487
519
165
379
393
295
371
518
290
491
518
293
621
649
289
373
407
213
487
508
202
601
500
277
495
438
285
474
470
342
473
511
278
489
522
165
362
390
293
544
555
329
486
499
268
354
521
285
376
531
292
543
671
216
465
495
190
557
360
239
488
840
379
425
525
359
520
548
321
325
395
269
405
598
266
359
515
287
486
517
162
487
511
286
638
662
214
522
596
268
471
509
153
555
663
212
466
628
317
544
556
207
469
511
273
635
562
214
482
393
146
469
374
273
486
520
292
358
569
288
348
386
291
360
389
289
356
518
292
489
521
426
325
622
653
293
387
357
211
555
486
260
480
511
155
501
521
288
371
447
296
355
389
290
493
391
292
393
365
210
597
636
276
394
361
217
484
509
272
476
509
283
555
566
220
489
600
264
482
640
200
433
472
247
312
456
213
469
638
277
370
395
300
488
517
158
381
355
210
468
502
272
363
394
296
542
559
212
317
491
266
522
629
147
362
385
291
488
521
289
360
393
289
488
395
291
363
413
301
394
363
216
485
601
266
473
507
274
387
369
217
472
424
270
498
524
171
490
525
291
391
363
335
480
385
287
408
506
272
406
494
266
355
385
287
490
523
290
391
563
220
398
487
310
393
428
331
367
397
297
357
391
287
501
646
327
360
394
291
496
527
169
487
396
292
358
390
295
495
656
293
625
523
164
418
450
206
468
627
143
490
655
173
497
394
295
364
522
298
370
394
298
362
394
297
368
402
303
387
358
215
465
372
276
497
448
167
497
403
299
490
649
160
364
527
299
470
565
333
349
509
277
472
564
217
353
381
280
402
572
229
478
379
282
496
398
194
562
592
242
371
403
304
491
527
299
503
532
307
373
393
297
379
521
298
472
472
333
480
383
280
359
390
294
465
560
213
520
499
142
482
607
273
478
375
270
487
647
294
365
395
295
386
460
213
593
629
272
369
390
295
492
524
294
355
387
290
486
437
160
483
514
285
621
648
287
546
560
221
474
507
280
469
455
332
486
510
442
488
451
436
594
504
271
622
397
170
362
395
212
452
492
249
611
514
291
493
522
295
360
524
291
360
391
290
484
520
165
392
456
216
466
630
275
623
518
165
323
394
269
526
642
152
487
667
430
328
497
264
488
388
552
324
495
533
174
471
562
336
567
499
156
478
509
157
494
391
294
395
466
212
396
503
277
372
531
196
518
505
277
465
481
254
483
639
284
493
520
289
485
502
272
479
513
279
358
392
291
360
390
290
491
447
167
488
383
294
360
385
286
539
1021
413
428
570
273
385
367
216
479
509
281
487
519
289
491
520
292
492
523
295
491
521
152
521
557
195
501
528
301
486
394
297
364
391
289
487
517
291
490
522
290
361
519
295
474
568
219
398
493
264
473
504
148
401
641
159
487
524
294
493
524
166
382
400
295
493
393
293
495
392
290
488
644
285
489
520
295
372
400
302
622
648
290
488
466
288
483
517
291
459
453
319
472
507
280
482
518
163
363
397
298
617
648
291
360
522
293
364
398
297
484
406
292
386
365
191
529
432
204
364
399
304
338
324
272
405
446
202
372
397
296
489
390
294
356
390
293
488
524
292
492
653
163
361
398
292
541
518
283
351
387
287
545
557
214
472
514
277
493
526
168
497
523
167
368
399
298
482
512
286
354
385
290
357
389
314
464
456
328
477
494
151
463
377
269
357
386
160
553
559
217
462
375
262
362
395
299
486
388
290
490
392
163
553
572
211
475
632
215
451
616
261
493
399
296
489
650
293
360
395
296
360
390
295
487
516
292
362
395
297
622
521
167
490
397
295
373
400
300
536
518
291
490
514
162
490
643
291
490
390
291
323
365
219
600
633
277
490
522
165
498
535
162
476
513
284
485
656
299
324
454
210
472
377
271
488
520
154
617
520
162
355
394
295
370
397
299
490
388
289
361
390
292
488
518
553
324
360
521
295
386
130
371
370
202
339
407
276
526
558
461
234
492
524
296
362
391
291
487
510
156
486
642
290
489
519
292
482
566
217
565
607
220
572
471
248
496
658
295
614
653
292
358
392
294
487
393
292
362
394
293
410
402
276
480
515
278
361
390
300
623
519
318
424
386
287
485
525
166
368
397
169
494
520
160
487
516
288
487
526
163
519
483
307
616
644
575
530
624
548
710
748
420
480
564
249
362
409
298
460
450
206
395
384
260
626
634
282
466
569
216
468
373
272
488
520
294
358
392
284
488
522
293
620
519
211
449
485
386
432
337
221
489
518
189
526
498
279
556
555
202
504
533
306
493
391
292
466
429
283
353
387
279
484
707
294
602
572
331
468
505
280
578
589
226
469
511
273
489
522
164
578
514
275
493
379
280
360
397
299
386
372
215
466
623
272
486
438
287
573
551
213
471
507
275
623
655
295
418
475
293
479
501
344
548
489
392
433
460
222
503
513
291
362
520
289
500
402
219
332
493
396
436
470
239
463
566
214
464
492
270
614
522
164
490
522
294
363
391
165
491
538
295
485
390
292
463
491
265
429
493
263
467
496
269
467
495
263
462
495
264
464
495
270
338
499
264
461
496
266
464
495
266
539
544
309
466
483
254
465
382
262
562
493
333
521
447
264
550
508
397
449
467
238
444
435
193
538
470
240
457
622
265
468
505
270
466
495
398
434
466
202
514
546
190
593
626
269
462
364
267
463
494
265
434
427
185
454
462
238
449
613
386
420
449
225
466
497
141
444
431
190
503
462
237
575
482
257
518
535
189
441
476
245
462
494
265
466
627
144
463
492
263
463
510
398
562
477
239
440
430
191
575
454
247
467
496
532
302
487
511
394
438
464
238
463
363
267
468
508
272
469
629
271
463
508
268
468
505
269
460
495
178
595
602
395
434
595
361
399
560
329
495
530
297
592
626
267
514
524
303
579
486
258
463
496
264
465
580
248
576
632
277
492
542
215
455
484
258
358
407
296
484
520
295
373
516
291
489
521
162
491
525
163
368
399
267
470
496
274
466
497
269
465
361
266
444
491
265
459
621
266
467
368
269
458
491
268
594
511
400
432
466
236
463
624
268
471
511
277
464
624
267
351
500
264
432
438
231
459
497
266
469
498
268
467
509
270
471
508
269
466
511
265
464
368
270
466
631
400
433
463
237
460
494
264
465
495
152
432
462
104
596
508
273
466
491
268
459
489
266
468
510
274
465
497
285
350
510
270
468
491
261
462
493
267
463
517
166
534
642
160
488
393
169
487
646
290
357
392
285
484
533
292
490
654
292
363
393
293
486
522
163
494
396
299
376
449
288
449
400
255
356
384
290
487
519
164
492
392
291
361
394
294
489
536
170
388
363
210
468
502
272
361
523
294
553
566
221
477
503
190
431
598
237
368
402
168
383
357
215
402
389
264
399
490
267
481
520
288
474
568
220
474
491
261
399
496
270
478
493
264
441
495
270
474
509
276
361
391
292
370
402
300
489
528
291
367
396
296
367
529
300
367
418
297
390
453
216
474
482
258
474
426
266
482
521
295
359
391
289
356
389
291
490
653
293
389
371
216
967
760
383
352
408
177
489
392
290
356
392
293
488
523
210
452
488
259
362
393
164
483
511
289
499
646
292
620
394
293
366
395
297
541
562
214
476
641
146
495
525
159
463
463
445
375
484
516
139
334
408
278
527
559
203
492
400
295
491
525
161
482
515
291
617
521
294
501
523
166
492
526
301
495
394
290
406
385
288
612
516
292
399
465
223
477
499
147
567
602
271
480
638
277
545
565
334
483
637
152
485
515
161
358
388
292
380
440
291
358
391
294
540
555
204
474
508
136
460
558
215
472
500
148
496
652
292
386
361
214
486
393
265
402
393
268
601
639
197
439
612
251
494
394
297
355
389
292
489
519
163
627
661
172
487
387
286
360
391
293
487
517
162
370
533
303
496
408
297
405
389
290
488
522
158
484
520
289
502
530
173
492
392
295
490
524
297
543
659
328
353
518
287
487
522
293
490
519
291
485
614
282
489
391
167
487
515
162
616
517
292
362
513
289
491
646
292
360
391
290
492
521
294
632
529
302
493
398
297
357
389
186
559
470
248
495
529
293
549
561
217
476
518
282
550
670
334
479
381
281
491
517
162
490
525
170
468
555
208
478
491
266
529
637
278
471
468
218
467
494
267
355
391
293
486
521
167
398
469
218
476
377
278
499
531
175
455
598
279
401
432
333
498
447
189
337
410
276
531
559
199
469
564
216
561
601
152
477
593
148
473
505
146
502
519
164
370
400
305
362
391
293
490
522
203
448
474
248
488
519
164
484
522
166
362
393
166
467
562
219
472
371
268
469
564
226
400
389
266
475
507
279
395
366
216
438
492
322
475
516
285
492
521
293
355
389
291
366
394
293
472
418
261
461
621
264
470
563
220
474
634
273
489
385
157
367
440
501
318
449
165
401
378
251
318
371
217
478
491
145
472
633
269
492
651
163
359
393
295
491
652
163
368
399
297
487
520
476
322
496
531
297
485
524
164
490
649
291
485
520
165
488
523
291
546
562
329
489
386
287
383
355
218
562
493
265
476
381
182
551
583
357
395
682
323
490
517
364
471
557
331
562
601
269
481
643
281
487
522
164
540
566
330
478
512
285
499
661
167
419
558
329
347
397
282
491
387
292
470
562
214
476
628
271
488
517
290
465
563
224
845
787
346
326
462
357
525
556
197
548
452
212
476
503
262
608
505
146
470
562
212
470
502
272
489
524
294
491
395
294
366
526
297
390
452
206
467
496
272
617
520
212
328
362
322
498
528
173
357
523
293
488
399
294
493
530
304
379
538
306
370
406
177
491
391
292
499
527
164
489
392
296
458
514
286
489
392
165
492
648
160
548
561
218
474
634
148
617
521
292
496
396
291
358
519
293
360
394
295
496
525
167
376
457
295
545
557
216
467
376
269
492
646
288
496
395
299
365
398
299
470
563
332
479
394
151
477
377
282
490
515
289
362
399
199
428
465
233
475
490
268
464
498
269
437
431
187
454
572
353
504
531
175
464
496
268
467
628
270
472
498
268
442
343
191
419
477
376
408
444
214
472
625
267
442
436
189
536
575
360
508
538
306
479
504
274
527
531
249
498
480
254
513
542
312
350
360
185
496
562
359
412
444
216
467
621
388
426
596
365
422
455
232
501
525
170
364
396
295
364
393
294
493
528
169
489
521
216
453
494
267
491
396
292
359
398
291
491
522
267
469
372
274
471
489
397
437
469
111
470
502
271
469
375
272
526
535
194
421
481
125
464
624
265
592
626
269
471
501
143
465
501
270
373
527
292
466
638
268
465
495
527
294
601
625
268
358
500
267
435
509
263
620
559
213
471
495
271
551
561
332
478
639
282
486
516
287
375
410
313
493
526
167
492
391
296
367
400
296
501
435
153
367
402
303
499
533
105
326
422
266
524
559
200
621
400
166
491
521
159
614
390
166
497
530
299
492
520
165
613
523
166
399
418
282
472
588
258
603
631
151
486
519
164
488
524
294
499
394
292
367
402
296
370
401
299
490
391
293
386
362
215
518
622
266
614
185
355
419
591
278
539
566
209
365
395
292
498
398
300
365
388
289
489
652
164
392
361
219
597
633
145
469
457
215
460
367
271
544
563
334
478
521
287
618
664
290
497
527
296
548
460
335
475
509
277
491
394
296
368
658
300
393
452
216
385
418
319
492
392
292
492
392
287
378
456
215
470
373
277
488
653
296
375
404
298
615
650
166
551
482
217
462
495
267
407
392
289
542
558
329
482
491
265
477
634
274
619
651
294
488
641
289
496
529
299
373
394
293
361
803
519
640
567
329
524
475
278
310
481
255
399
390
260
398
395
266
606
642
285
367
401
298
408
390
233
525
557
330
503
404
306
398
381
227
481
642
203
445
476
250
471
565
222
483
498
147
563
592
262
483
597
265
483
515
285
373
527
292
359
397
300
490
523
165
364
524
291
404
513
288
488
521
167
362
394
293
500
395
293
392
367
221
468
373
270
486
530
293
393
463
339
495
503
274
602
503
145
362
448
288
487
520
169
493
657
289
386
361
214
468
498
271
380
453
328
480
646
281
487
520
293
375
536
288
615
521
294
357
392
213
457
486
260
376
524
292
494
526
299
487
519
291
356
391
289
498
530
304
491
522
294
362
393
551
328
489
526
164
491
520
216
454
489
258
358
390
287
486
651
290
488
519
292
494
525
299
626
535
201
343
406
275
403
426
202
553
568
103
465
495
270
405
515
291
359
394
288
491
391
289
484
652
289
363
397
297
497
393
292
359
394
293
365
526
296
489
390
294
482
512
288
464
449
205
482
497
264
478
639
278
372
393
292
387
379
334
605
631
279
460
555
227
350
374
275
390
360
220
468
375
270
467
560
165
365
529
198
468
508
286
533
435
207
388
557
330
475
508
276
360
395
291
493
537
171
545
528
424
437
471
113
462
494
145
566
493
268
463
626
268
470
490
132
331
488
260
465
633
267
351
505
268
464
497
267
522
534
194
453
571
240
462
620
381
422
591
351
399
427
199
439
536
304
450
480
253
465
493
266
460
497
264
457
620
262
462
367
268
462
491
262
463
521
291
553
668
248
329
361
262
356
514
288
510
392
293
361
395
293
489
522
291
360
394
295
492
526
296
491
399
289
360
525
158
507
537
180
414
391
293
486
391
296
491
519
624
569
538
452
478
509
416
456
484
262
328
405
270
544
474
154
398
594
175
465
582
216
345
476
277
538
567
209
392
459
331
483
526
283
613
524
290
361
396
296
491
657
163
358
389
291
345
417
180
389
536
307
492
524
214
452
359
258
361
393
290
532
546
208
467
500
145
460
556
209
477
509
279
487
522
293
501
534
156
395
410
274
531
560
203
411
650
294
497
539
172
373
401
292
616
521
166
490
532
160
614
649
294
485
389
165
628
655
170
495
396
294
492
392
205
570
692
218
564
486
252
381
396
293
358
393
293
361
394
295
464
504
493
311
550
563
218
482
495
267
401
398
268
489
502
270
368
435
285
361
388
295
491
525
294
393
449
211
475
504
153
498
529
302
371
531
303
488
393
289
386
561
332
604
637
271
507
658
218
459
623
267
490
396
293
378
397
292
486
518
165
367
394
296
485
647
291
487
515
291
493
393
293
488
518
293
364
368
269
435
495
262
465
497
266
587
623
266
472
502
403
437
478
242
467
366
262
463
494
264
459
496
261
458
624
267
471
631
154
494
467
149
486
514
285
527
537
307
469
493
263
461
491
267
460
498
272
447
524
182
437
472
247
466
516
269
478
513
94
500
477
232
455
481
254
467
492
266
466
498
269
522
431
187
444
473
247
461
496
260
363
498
266
474
507
278
465
496
268
460
495
267
600
619
265
460
496
268
462
497
273
461
491
263
349
498
263
462
499
269
472
483
254
579
611
257
472
488
260
452
531
236
451
496
238
451
477
252
462
490
266
460
494
268
461
622
260
588
624
263
461
502
269
464
497
267
460
365
265
464
497
270
464
495
154
467
498
275
461
494
392
426
592
359
394
429
241
463
497
140
461
632
396
429
458
358
403
556
329
497
528
173
469
633
401
534
464
236
469
503
289
592
623
259
548
483
256
449
478
254
464
623
139
467
502
273
467
496
268
442
436
188
452
481
253
588
465
263
358
501
275
473
496
267
468
494
269
341
504
273
468
496
268
491
480
252
378
403
305
527
537
306
462
467
241
448
608
240
560
589
287
466
508
273
463
499
268
439
429
189
571
625
270
390
559
330
605
639
282
390
384
219
472
372
270
462
550
209
357
487
264
478
516
283
366
390
296
377
515
288
501
445
151
506
409
310
495
531
560
330
623
536
174
613
523
294
622
643
293
411
514
290
492
390
292
489
517
164
362
399
292
359
390
293
550
562
211
347
383
278
369
533
303
487
522
293
360
394
293
552
455
208
469
488
254
381
451
322
476
506
322
371
397
301
378
393
203
342
412
278
526
557
326
367
390
294
392
460
220
600
634
189
571
597
240
617
655
168
487
523
294
490
524
288
356
400
289
490
398
293
490
527
293
362
519
294
358
521
292
467
363
207
508
627
270
551
598
336
509
600
272
399
428
327
500
544
177
624
664
296
472
560
214
559
588
259
469
631
147
494
398
167
488
436
160
358
395
293
395
461
213
464
498
272
363
393
294
376
397
318
374
524
291
386
355
213
598
499
271
480
643
288
381
393
209
404
456
209
493
524
295
372
526
293
384
454
213
473
506
271
490
526
293
491
391
292
490
394
295
491
658
292
360
394
297
412
549
204
463
503
274
493
527
294
376
391
295
380
394
294
498
523
166
356
394
295
617
649
292
375
518
292
488
392
293
506
439
291
490
525
166
489
390
292
373
388
291
550
564
107
483
628
274
492
394
295
506
410
310
473
668
217
474
509
273
380
396
192
393
412
314
473
591
259
479
634
148
543
661
331
480
513
285
362
399
300
486
390
289
378
447
208
402
395
269
485
639
154
538
651
293
390
357
210
461
497
271
499
531
175
396
367
218
476
509
280
398
357
184
570
472
240
470
507
278
474
600
528
465
202
427
637
570
525
231
221
440
398
362
318
178
396
347
571
531
481
564
270
490
440
271
143
487
439
404
497
467
413
260
503
495
426
389
101
563
522
617
571
276
491
440
410
494
278
619
651
291
363
387
288
490
392
296
360
397
297
554
557
327
617
524
199
445
610
253
374
398
291
358
392
201
357
519
164
358
394
292
503
531
172
494
525
297
489
526
292
483
520
293
498
398
300
408
391
289
489
647
292
491
521
288
361
390
287
383
452
209
466
372
270
484
530
295
336
413
277
525
556
330
495
657
292
491
435
284
496
644
282
354
389
290
487
523
164
490
527
167
494
401
298
363
391
207
490
515
165
362
395
296
381
392
294
372
398
181
554
335
236
495
653
371
383
394
292
497
391
290
491
652
293
487
431
269
462
485
255
619
529
166
362
523
288
487
524
292
536
646
167
489
516
290
487
652
292
489
394
294
492
656
294
355
518
290
492
524
164
496
390
289
376
404
302
492
524
163
490
485
290
364
397
292
494
517
294
379
398
299
367
400
299
492
395
295
365
396
294
488
530
158
499
646
293
488
393
290
620
651
211
453
488
271
367
396
162
359
393
292
353
518
293
367
399
298
365
393
296
382
397
295
378
394
295
488
521
292
382
394
293
409
517
290
485
520
290
829
859
534
551
571
340
506
665
309
359
392
285
361
393
293
360
393
292
490
396
296
499
663
179
487
436
285
451
613
252
617
521
298
496
398
293
500
531
305
572
610
274
478
513
283
502
651
295
495
389
291
467
562
239
474
636
199
437
469
376
541
574
216
619
647
292
491
521
164
359
391
296
560
576
229
480
385
282
497
397
295
486
519
293
398
523
295
379
511
289
486
521
168
473
564
334
479
511
147
498
531
303
494
395
295
361
517
290
376
517
291
489
523
426
329
491
263
495
571
287
498
528
552
320
613
646
159
485
649
291
488
521
166
476
459
218
350
379
150
546
562
218
476
511
277
490
528
293
363
399
268
460
495
265
344
508
178
494
481
253
383
408
179
459
623
393
426
613
261
491
532
291
500
528
213
519
589
274
400
427
191
558
464
237
368
528
288
491
520
293
489
392
295
488
520
295
364
523
295
363
526
288
617
652
293
382
366
207
469
498
142
540
526
301
627
525
296
490
522
294
360
521
291
364
394
294
492
398
295
500
525
296
490
515
287
480
517
160
370
524
292
488
437
292
370
523
297
489
651
291
494
527
216
340
417
284
530
561
328
491
530
296
371
395
295
383
364
212
601
507
280
628
655
212
589
620
264
384
364
216
474
377
151
493
396
293
360
391
290
492
645
287
496
524
297
487
387
289
358
392
293
492
523
297
462
394
296
502
402
303
492
393
294
373
391
290
377
397
296
490
523
293
373
391
291
489
522
167
501
533
303
495
402
294
483
429
156
615
650
166
359
392
293
493
513
163
369
385
291
493
529
298
364
517
288
487
522
293
489
653
164
358
391
292
489
651
212
452
486
259
559
364
217
475
638
275
376
523
291
490
526
166
361
395
292
489
665
606
193
457
214
516
530
164
490
522
294
412
517
295
623
520
162
365
390
294
398
360
219
602
637
272
390
357
212
483
602
267
401
496
266
484
517
286
390
357
210
595
416
263
353
520
293
489
524
165
363
400
296
497
528
298
465
455
211
467
496
273
490
516
296
377
393
296
555
568
217
470
629
207
449
612
257
472
566
224
477
496
271
365
394
293
540
554
210
468
630
273
496
525
169
371
402
294
494
528
291
616
523
294
405
392
295
368
398
430
200
491
659
294
851
790
349
444
580
218
406
400
274
605
637
282
494
529
295
457
447
206
469
375
269
408
648
290
484
512
289
484
644
288
361
397
294
360
392
293
393
364
219
567
504
266
480
639
278
362
519
294
494
652
293
492
437
291
483
491
270
465
498
265
489
507
275
525
433
188
453
355
253
598
628
393
450
488
254
494
523
169
497
393
297
359
523
191
436
597
235
386
457
213
468
372
272
497
534
100
336
415
284
530
554
197
485
522
295
542
552
208
486
522
286
375
537
302
408
522
296
496
531
166
485
522
164
621
530
168
370
388
286
486
646
292
381
398
294
497
528
172
360
392
297
492
525
203
397
473
275
411
554
197
365
415
299
487
522
165
618
520
289
356
390
295
500
660
189
347
421
288
408
429
330
496
525
145
451
589
252
353
508
278
488
393
294
354
387
287
367
397
301
497
529
172
493
394
294
356
389
289
486
519
294
369
403
306
497
394
294
415
525
253
348
423
284
402
421
325
490
527
170
495
395
295
506
652
296
358
391
294
373
393
166
361
392
288
370
407
303
489
438
285
484
519
294
365
393
209
515
498
174
518
543
318
616
644
291
485
518
290
366
530
300
360
523
295
487
536
291
356
389
189
444
460
236
487
517
292
375
519
289
489
524
166
487
392
289
368
400
176
493
390
289
364
396
206
334
410
276
407
570
337
414
397
273
394
501
274
401
426
199
485
519
104
451
499
277
533
436
206
487
521
163
491
521
172
516
500
169
509
531
94
517
377
169
508
534
181
359
386
292
359
520
292
491
521
562
328
490
258
484
648
290
539
556
212
345
510
280
367
402
437
337
628
580
173
363
392
285
485
517
158
515
418
318
372
419
307
375
403
211
348
424
288
531
564
208
492
214
148
387
498
293
527
558
243
487
524
139
440
535
307
453
472
243
382
469
242
452
485
256
468
496
271
469
504
271
462
497
398
435
464
237
522
533
185
501
569
357
505
532
306
469
652
299
369
402
299
469
564
218
404
394
266
475
505
278
495
535
304
368
399
300
396
365
223
327
496
266
326
391
269
480
504
265
399
392
269
478
384
284
475
460
223
471
375
267
363
396
294
492
653
163
365
398
300
357
392
208
322
488
260
474
560
220
474
502
275
501
680
305
342
849
423
438
412
333
489
395
290
356
388
290
392
375
219
566
496
264
346
484
255
482
495
153
331
398
275
478
512
156
560
574
226
470
370
271
543
555
207
479
494
271
328
398
268
479
381
285
359
481
161
309
366
216
471
372
272
485
517
165
553
567
216
472
511
145
491
522
169
474
565
218
491
391
270
484
632
152
360
392
164
407
450
212
532
535
192
388
484
257
458
475
248
474
497
268
466
631
146
477
500
275
467
500
267
444
542
307
465
496
271
569
496
142
512
529
422
450
467
238
468
476
248
458
491
264
467
503
271
520
426
301
444
486
123
469
502
276
529
546
344
474
476
182
511
583
267
378
534
178
468
367
261
467
631
270
526
538
430
569
600
242
474
592
257
588
489
262
476
504
276
529
541
242
395
555
333
500
531
174
468
496
266
468
629
393
436
467
237
466
491
136
465
372
271
443
645
553
308
472
246
527
641
310
531
479
253
465
627
257
439
440
431
312
349
510
277
461
482
248
452
481
253
466
497
142
596
629
266
337
367
265
340
375
179
410
481
258
382
540
307
520
638
422
439
473
247
470
506
153
475
499
290
490
524
294
368
396
198
458
510
183
511
670
188
344
468
318
527
554
325
494
653
294
492
526
296
505
525
170
499
531
302
492
401
265
461
495
270
463
495
269
353
369
270
461
496
191
382
545
180
469
504
147
460
496
266
465
501
267
443
431
193
545
470
241
456
480
253
591
624
265
587
621
261
463
494
263
445
390
275
461
493
265
466
497
271
458
377
147
467
498
261
461
492
259
463
494
399
434
349
238
356
389
290
487
515
268
505
444
297
489
391
295
368
401
302
395
367
335
477
510
282
367
402
300
503
528
167
503
516
161
368
529
264
346
419
585
623
450
394
511
543
186
485
643
166
490
392
289
489
523
167
366
400
295
493
521
168
360
390
289
355
516
290
362
517
292
485
516
293
452
391
294
491
527
165
391
561
335
474
383
283
553
565
223
413
399
158
478
504
276
396
405
308
561
575
228
510
511
162
348
430
278
504
540
180
504
537
304
510
418
317
390
414
310
360
393
293
492
523
289
494
388
293
367
514
290
502
536
179
504
409
205
445
493
260
631
661
305
524
543
176
359
336
290
414
441
215
371
664
305
566
604
344
599
504
148
510
543
187
502
660
295
418
651
300
363
392
292
378
529
174
615
649
288
509
665
179
630
665
306
498
532
176
498
534
305
368
404
302
374
409
310
381
455
306
496
403
302
500
526
168
634
530
319
376
409
309
508
534
303
507
540
307
371
523
295
491
522
157
385
398
304
372
662
219
460
498
286
398
474
227
349
382
286
372
408
307
481
577
228
488
516
540
312
515
416
318
370
401
301
505
537
305
373
401
203
569
477
379
410
460
219
371
401
306
498
659
303
633
545
305
502
404
306
506
530
176
477
682
233
617
516
288
558
567
225
397
514
155
515
533
179
377
404
302
369
536
177
501
401
176
476
579
225
609
383
155
468
564
330
493
507
279
483
520
288
631
582
306
362
415
291
497
530
177
547
557
331
492
651
292
621
644
287
498
404
305
402
471
341
490
523
295
371
407
303
371
402
207
452
484
251
504
408
305
404
373
228
596
638
277
562
575
230
332
506
279
492
387
286
485
644
291
372
404
304
399
467
225
520
509
282
376
402
304
512
544
183
500
660
297
499
405
304
359
404
290
371
405
305
374
533
178
371
404
305
503
538
176
369
445
297
502
535
308
499
537
303
630
407
179
360
521
292
496
660
178
505
421
184
631
406
177
546
561
211
595
628
266
496
529
254
451
485
260
547
658
210
479
492
149
468
497
272
486
524
167
368
398
302
402
370
221
465
372
267
489
528
169
388
568
334
381
489
261
601
635
276
473
372
268
592
502
272
470
503
406
439
474
245
472
505
146
346
502
268
463
502
269
466
500
271
469
596
265
461
487
263
440
432
193
580
606
379
419
443
218
350
383
277
499
528
292
459
365
267
474
507
278
469
501
272
451
541
213
302
491
199
363
415
296
362
397
299
378
522
294
362
391
292
487
518
162
501
660
305
490
521
293
388
361
209
481
492
265
431
485
259
394
599
266
481
392
269
345
382
282
501
530
295
337
415
276
469
486
256
477
380
281
469
361
218
344
375
274
388
452
452
205
627
271
549
559
331
558
487
259
567
496
509
270
498
532
301
553
562
220
473
505
275
490
650
297
375
394
299
490
438
261
465
367
269
353
373
269
522
527
423
441
600
374
411
571
215
467
492
268
342
508
275
533
575
323
465
486
364
379
544
243
428
463
237
462
494
267
462
495
138
466
501
271
475
503
267
466
499
268
459
495
283
365
394
292
490
525
296
393
467
219
493
341
244
459
487
260
462
363
267
341
373
271
475
502
277
450
557
310
457
490
394
426
460
226
461
492
263
466
366
263
362
460
191
570
472
248
468
490
267
467
493
260
441
338
188
536
575
359
376
405
181
473
497
264
348
502
271
462
493
267
468
495
196
388
421
324
493
520
165
525
443
193
458
482
254
442
451
194
300
365
238
536
470
359
503
534
306
347
511
142
460
624
292
435
500
269
591
634
281
434
327
190
582
614
383
418
579
230
341
498
275
466
494
262
340
523
298
464
557
330
344
375
278
467
575
205
467
499
269
542
555
212
400
392
266
356
516
284
544
675
218
465
380
268
489
393
296
319
361
215
475
385
276
409
498
181
530
437
215
472
364
218
473
506
279
550
561
107
461
618
327
487
523
159
495
523
170
370
402
305
493
523
295
469
562
214
519
506
275
491
393
293
490
526
156
362
397
294
494
394
295
392
465
336
476
381
282
391
360
215
600
491
138
382
452
331
488
567
286
484
526
290
359
390
293
484
519
164
494
526
171
371
396
301
489
390
294
361
396
294
491
521
165
365
395
293
366
398
217
336
494
261
366
388
294
490
516
291
362
395
294
502
650
293
366
396
297
306
363
215
601
504
279
496
660
176
499
531
303
412
364
213
466
373
273
488
522
426
326
491
262
490
521
443
329
360
395
298
547
556
217
470
498
144
491
522
292
361
386
285
336
367
218
589
624
268
359
393
296
487
515
286
362
389
289
488
523
290
361
393
292
362
394
295
483
571
221
475
371
270
492
570
294
361
393
296
400
596
301
467
633
269
553
571
222
478
509
151
568
505
156
471
501
271
362
382
287
488
649
292
492
405
192
437
346
245
465
458
216
341
377
278
384
356
210
596
507
146
362
392
292
491
392
289
489
522
165
366
399
295
490
524
163
405
516
297
491
516
289
497
519
166
360
392
294
375
400
301
620
653
167
359
386
288
355
514
286
360
395
290
381
366
205
469
416
267
382
348
321
481
392
286
491
528
173
625
661
301
495
653
298
366
399
300
461
457
213
346
375
277
845
682
398
364
355
176
423
586
232
496
529
300
492
391
292
360
393
292
362
386
287
490
653
296
494
394
292
487
515
287
357
385
292
496
647
165
445
386
280
481
520
287
367
404
172
366
398
298
486
518
164
360
391
291
490
654
293
356
393
292
486
521
161
361
394
290
360
435
284
354
390
291
486
516
289
356
382
156
486
520
164
363
395
293
496
656
172
364
388
291
487
516
165
360
391
286
485
519
132
380
542
308
484
535
288
359
518
290
380
527
296
361
392
294
354
386
291
358
391
294
366
399
301
488
656
291
393
463
220
391
498
273
618
529
285
496
532
173
461
554
208
473
501
272
543
555
213
471
371
271
360
387
285
489
640
290
491
517
290
618
571
160
488
648
292
544
556
213
465
501
270
483
517
290
359
390
292
489
522
293
361
391
285
358
394
292
487
527
164
490
386
185
433
465
241
488
406
293
364
388
293
489
516
295
489
523
552
327
502
523
297
547
664
209
463
498
266
490
408
295
618
524
208
454
486
257
549
555
210
472
490
265
608
641
283
391
363
219
399
391
265
478
513
280
376
398
173
385
468
215
402
403
267
521
636
147
374
401
144
531
506
278
542
438
206
469
559
217
472
505
143
490
518
289
486
519
164
485
650
293
490
520
166
376
435
288
470
561
215
465
499
271
369
396
294
357
396
290
541
560
211
344
381
275
492
516
290
389
458
215
397
384
259
319
489
185
541
447
215
492
531
293
482
672
215
478
489
148
476
370
144
492
521
320
487
537
290
325
398
269
472
503
270
385
354
215
441
468
362
506
540
313
473
505
406
444
601
246
478
503
145
514
535
304
448
489
390
431
454
229
464
490
238
591
630
266
478
494
264
418
390
264
476
379
279
495
222
354
362
407
166
413
547
317
415
510
278
611
514
152
543
665
217
480
599
265
479
495
253
303
466
236
490
654
166
617
518
164
315
357
215
602
633
143
618
659
295
414
400
271
398
393
265
405
397
271
482
502
145
401
515
288
355
394
292
363
391
292
489
522
293
359
391
292
469
578
214
478
598
268
486
516
286
547
470
213
479
494
264
472
424
274
493
530
174
485
382
289
378
361
209
598
629
272
397
361
217
372
510
285
480
566
221
482
489
263
353
524
289
467
874
313
506
506
198
572
508
158
364
509
273
468
459
213
468
373
271
489
650
166
367
390
290
396
566
219
599
652
274
493
525
164
407
510
160
483
517
289
362
394
294
550
561
218
492
501
158
325
394
266
323
492
263
325
502
272
560
494
268
483
509
277
395
452
213
482
600
264
478
516
251
520
535
550
307
472
507
406
439
477
244
463
495
269
464
498
269
480
642
153
483
524
298
486
433
164
616
648
159
623
658
301
394
377
222
607
509
154
402
498
330
483
409
289
623
656
292
551
561
101
337
369
270
548
557
237
591
491
267
391
360
221
406
498
267
397
393
267
488
503
158
463
497
272
365
392
283
462
561
217
396
493
266
400
392
261
408
377
278
618
389
288
545
558
215
457
488
267
488
521
164
389
357
215
617
518
162
407
500
272
484
495
269
477
502
275
367
441
294
500
532
300
491
611
279
489
649
164
501
661
300
490
608
261
473
598
264
488
507
314
466
558
216
415
596
267
481
507
239
371
397
162
545
558
216
478
493
269
483
644
157
487
643
165
499
535
306
390
458
331
479
503
277
410
399
271
604
639
278
412
661
216
473
512
280
552
561
217
402
391
260
604
642
286
619
523
170
376
404
174
502
647
292
393
361
218
482
511
153
390
366
216
398
494
264
476
386
279
366
399
295
550
566
108
467
501
145
499
649
295
393
458
223
489
502
271
606
639
156
498
663
214
453
363
262
330
396
266
486
385
324
365
396
293
488
528
295
474
464
332
475
382
278
473
465
223
597
629
275
494
535
303
407
528
292
365
532
297
487
392
294
380
401
296
359
392
294
489
517
165
490
393
291
491
522
294
622
654
292
499
396
294
364
434
280
483
652
294
372
391
291
467
563
219
475
507
453
524
621
369
535
567
467
623
534
301
498
538
304
492
522
298
362
395
189
434
471
240
620
648
188
407
505
181
521
420
229
418
431
295
424
452
349
383
414
217
411
424
285
413
567
335
377
414
314
547
528
447
207
518
419
300
626
663
304
514
541
313
501
532
299
500
658
302
499
399
171
378
399
302
506
531
304
376
403
306
426
543
270
526
511
292
540
566
210
500
408
305
372
407
301
493
529
172
375
403
301
377
413
219
507
542
186
400
368
224
483
430
155
500
864
573
382
480
361
394
426
319
496
399
176
369
397
302
499
404
303
326
367
223
336
396
274
486
510
277
396
368
147
481
390
291
500
527
302
370
374
277
382
341
198
582
616
258
453
652
199
335
366
269
480
506
279
450
445
203
452
484
258
441
377
279
529
540
267
457
481
128
525
545
198
391
483
140
457
499
260
474
503
279
474
505
275
593
492
272
590
628
395
428
564
365
398
565
202
464
499
400
435
461
238
594
497
135
599
502
275
597
625
267
446
542
311
576
480
253
522
533
306
456
588
230
537
573
214
460
494
264
468
494
266
353
368
268
461
495
269
463
498
263
517
535
249
447
466
235
459
491
262
464
491
262
589
487
268
340
508
271
469
486
262
470
501
269
466
499
266
520
532
309
460
491
266
466
503
267
465
500
267
460
495
268
467
592
266
466
497
269
473
504
270
439
336
187
573
473
245
344
367
270
464
498
269
465
491
267
361
527
297
486
518
294
362
391
207
580
608
252
491
516
294
484
520
292
356
391
293
498
659
167
496
395
297
475
464
211
590
499
141
493
525
165
360
392
293
403
514
158
491
524
297
366
397
206
391
412
277
527
559
331
493
528
167
487
521
291
360
392
294
359
388
292
502
523
168
374
436
284
370
389
293
483
520
292
502
524
168
491
651
163
366
397
291
362
524
202
342
417
283
469
481
192
319
496
265
601
634
161
405
428
468
363
528
564
208
616
517
290
388
455
215
470
499
273
363
393
289
331
502
271
472
503
280
465
455
216
478
605
201
428
466
234
485
517
158
363
394
291
363
511
288
369
401
303
320
372
216
400
390
269
606
632
150
493
525
227
532
512
177
502
478
252
475
510
151
496
658
103
347
424
289
530
560
202
623
653
613
549
510
396
702
590
230
487
517
163
489
606
273
476
424
150
550
557
214
472
482
259
477
637
284
491
652
293
356
390
293
483
650
292
365
402
298
494
520
158
361
393
289
488
648
206
324
490
262
412
607
275
477
506
152
497
522
294
485
496
268
475
514
278
369
400
168
619
520
294
491
523
164
370
388
290
524
508
156
366
522
295
493
530
296
374
393
292
384
454
211
469
515
146
493
523
289
486
521
161
485
518
292
496
524
300
368
443
297
550
472
218
478
637
280
562
610
352
562
603
266
477
506
278
495
527
298
360
390
291
488
526
163
382
354
214
599
629
234
432
465
240
414
602
270
476
384
281
500
532
303
389
464
212
461
371
265
465
475
214
480
497
265
569
604
273
481
491
148
611
594
262
472
501
146
487
521
323
362
524
297
365
393
293
541
553
208
486
600
266
473
498
272
490
522
296
318
365
219
402
490
256
558
596
149
597
631
270
544
557
205
475
484
142
465
498
274
409
468
111
459
621
263
361
392
296
489
520
160
353
514
186
432
464
240
362
398
167
488
391
294
490
518
162
498
657
170
491
539
163
374
527
294
489
521
163
392
464
218
471
514
146
408
517
166
494
526
163
491
523
296
486
386
290
412
503
277
487
496
154
403
398
269
483
498
269
474
637
153
490
522
296
495
442
429
332
504
398
297
459
453
211
477
488
258
484
497
272
326
399
273
479
511
282
388
355
213
602
630
273
489
402
162
617
434
150
612
644
289
613
518
291
500
652
297
362
391
291
552
462
217
467
629
263
387
367
216
562
594
265
483
499
152
465
393
188
560
598
241
397
463
221
592
623
271
548
664
212
469
501
149
543
556
333
481
383
281
488
516
288
361
386
286
373
385
291
416
355
216
479
503
149
404
390
264
476
377
282
359
392
288
464
554
326
479
379
282
627
530
172
467
560
217
473
631
275
552
554
332
478
488
151
403
387
264
479
493
265
483
519
294
619
653
294
617
653
294
359
512
282
487
521
164
366
524
298
375
529
175
427
456
227
499
391
291
361
392
291
488
521
292
362
390
293
368
395
296
488
524
167
368
400
298
547
560
218
400
391
268
519
505
280
491
393
288
368
396
298
368
401
300
492
392
290
498
522
170
363
391
294
409
476
174
351
428
288
413
534
180
336
504
272
475
507
272
458
496
268
468
497
271
468
499
270
442
337
192
575
604
247
343
507
276
591
626
267
443
436
190
456
469
193
365
531
300
465
494
267
466
494
267
463
486
258
463
366
266
465
516
159
494
398
294
467
558
219
475
504
149
491
395
289
401
515
287
486
658
292
361
390
294
489
521
296
368
396
297
467
560
217
464
369
272
485
518
291
363
394
294
550
461
216
472
551
271
480
644
291
486
512
287
490
519
293
822
725
364
457
469
236
497
396
294
492
391
297
376
403
297
460
367
331
485
383
199
576
472
249
494
392
293
391
372
212
605
505
278
354
384
291
488
522
167
361
389
294
490
522
158
493
524
425
201
497
524
165
455
507
108
340
420
281
412
440
207
361
392
164
493
520
170
363
393
294
363
387
290
463
553
209
481
493
265
478
509
153
591
566
220
467
497
269
544
456
203
458
366
397
431
469
235
397
362
218
472
372
274
465
559
213
467
631
272
363
393
210
462
385
283
406
306
201
494
527
166
359
390
295
372
401
268
400
411
276
531
558
199
489
395
162
389
452
212
484
645
287
614
651
211
452
367
254
486
517
293
489
394
293
392
463
218
348
509
279
480
512
289
488
525
294
357
390
294
363
393
295
542
550
206
513
590
263
490
516
289
491
521
292
362
515
290
491
517
287
377
392
297
363
397
296
490
519
289
467
568
216
403
495
257
601
557
278
489
603
270
479
509
604
657
221
337
424
502
458
157
132
479
434
393
475
180
399
359
451
522
356
541
570
215
316
360
240
348
510
144
428
473
246
501
530
179
521
537
188
448
610
380
412
439
217
465
496
138
463
497
269
460
366
268
356
393
292
445
521
293
355
520
291
490
522
292
363
518
292
484
515
291
377
524
293
367
400
300
455
590
177
394
414
310
492
523
167
371
566
290
489
527
295
356
387
290
490
655
319
489
521
166
486
515
180
399
411
177
435
480
363
421
580
347
513
547
188
589
626
232
431
464
366
403
429
203
335
369
273
591
624
284
445
436
194
445
626
277
490
390
295
489
524
295
364
516
289
463
351
214
510
497
271
486
520
162
361
388
288
389
421
323
494
658
298
494
392
294
369
392
300
485
519
292
489
568
639
348
491
262
618
434
161
365
516
290
488
391
294
496
526
433
332
501
530
302
402
470
223
473
395
276
367
522
300
375
396
294
365
398
295
494
441
296
359
517
294
490
530
297
365
389
291
316
362
219
604
638
277
487
391
292
371
397
298
390
361
213
469
505
272
391
357
188
531
569
210
363
399
295
489
650
296
358
395
296
473
565
218
391
389
240
464
576
248
462
615
132
474
631
274
517
531
297
554
355
259
469
491
269
442
534
306
449
355
257
463
500
272
791
773
331
375
461
216
382
333
278
547
481
259
482
601
269
357
558
282
495
526
299
487
527
292
360
390
292
485
520
164
372
396
295
499
524
297
365
395
293
489
525
294
361
393
294
615
642
202
449
373
254
362
398
300
373
394
297
366
526
167
362
393
296
472
564
209
460
368
268
480
518
165
361
390
293
488
521
297
410
515
291
359
389
296
486
521
295
494
527
169
392
363
336
477
388
279
492
524
169
363
392
293
490
517
286
356
387
286
358
433
289
504
525
293
494
524
297
363
391
296
493
520
161
465
360
218
601
503
274
364
388
291
490
652
163
357
520
291
360
393
153
471
379
283
554
565
219
475
506
147
365
393
292
363
390
294
365
397
297
493
512
158
388
367
215
401
390
268
480
514
284
529
605
275
482
382
283
486
517
155
359
393
293
475
464
110
461
494
264
504
536
173
488
500
272
568
604
273
472
506
284
490
437
288
486
520
294
487
392
290
356
391
294
491
523
294
618
519
160
356
384
290
358
390
293
488
520
293
496
398
297
362
390
183
426
590
228
589
628
267
595
498
269
352
502
271
594
512
144
464
494
266
463
499
141
462
623
269
351
494
269
464
494
265
436
495
263
463
495
138
439
432
185
447
477
246
590
624
142
459
493
269
519
536
550
180
474
504
271
523
535
194
443
471
118
434
622
267
468
497
265
467
500
271
464
626
268
468
497
269
464
364
262
442
435
193
462
475
247
336
369
269
463
625
266
465
461
267
460
489
261
457
484
264
457
494
250
469
496
270
464
492
137
444
438
191
576
606
251
463
488
262
359
392
294
386
539
234
458
491
263
491
393
167
541
557
213
475
504
274
538
555
328
598
632
278
360
391
290
485
519
162
477
563
214
400
229
114
384
419
279
378
477
254
456
501
279
526
555
201
498
528
206
344
423
287
534
560
206
394
462
337
402
391
268
479
376
278
486
435
289
358
393
294
545
556
208
474
491
259
474
509
277
570
608
275
486
384
287
490
516
287
353
515
290
357
522
294
545
561
156
502
538
212
517
518
278
530
564
209
492
397
297
364
517
290
397
463
340
493
518
289
392
362
213
470
503
277
494
522
292
526
644
157
380
451
325
479
377
273
462
560
214
480
498
267
486
645
160
487
955
403
673
462
216
616
648
293
494
522
295
368
489
298
484
513
164
498
528
304
493
513
288
393
361
218
596
629
272
545
562
219
472
374
274
363
394
164
366
397
293
486
521
207
453
360
261
487
517
287
490
391
291
359
391
288
495
525
299
482
515
290
498
533
174
493
393
295
376
530
301
488
518
291
339
366
218
470
497
268
488
391
165
467
461
212
469
502
146
361
394
295
492
528
286
369
403
294
486
399
290
374
390
294
495
445
164
492
387
291
362
386
289
389
465
216
465
497
272
468
461
218
404
498
154
351
509
283
493
529
302
417
406
277
361
513
202
452
485
255
359
393
291
490
403
292
374
399
295
317
362
456
212
499
655
297
402
418
283
406
430
329
492
396
296
468
455
188
406
446
214
494
651
287
486
523
298
366
397
297
353
365
270
336
498
266
465
502
269
437
341
185
441
472
246
595
513
288
382
506
269
465
368
267
350
369
270
463
499
266
472
499
273
476
504
280
463
498
267
465
371
268
464
503
264
469
497
273
465
468
262
461
367
269
469
496
272
366
348
190
571
479
247
466
383
269
468
503
268
466
490
263
344
487
262
465
497
271
371
335
154
456
534
191
434
457
240
370
469
248
502
534
178
467
498
271
460
495
265
464
366
264
333
503
137
604
434
300
447
480
381
379
451
221
522
536
193
443
473
250
355
371
270
524
531
306
448
481
254
463
487
268
459
492
264
445
438
194
450
467
237
574
449
249
466
492
265
472
506
277
467
497
266
467
492
264
484
634
363
435
480
255
519
542
308
344
533
309
463
462
210
402
492
183
541
574
217
466
567
216
473
505
325
493
523
212
330
409
277
489
517
252
296
518
178
348
420
165
349
421
282
411
432
206
464
530
477
679
517
388
582
501
280
403
430
200
503
536
177
341
410
271
401
429
333
367
399
303
380
390
295
365
391
296
494
441
165
363
394
292
362
523
299
355
516
293
369
403
304
374
413
301
381
535
306
628
546
305
512
659
299
503
541
309
491
390
203
318
479
257
498
412
299
330
559
332
505
501
156
474
507
277
379
531
304
382
417
312
499
539
306
373
404
302
372
401
302
408
518
169
368
400
304
378
537
309
498
401
302
380
405
307
375
403
304
374
530
174
370
408
302
499
615
251
595
488
259
506
451
173
499
401
307
506
394
559
332
501
537
311
500
405
307
376
407
304
502
660
307
387
402
303
371
404
300
504
535
310
389
447
300
363
403
296
403
371
334
480
508
282
556
561
219
467
505
275
489
523
162
488
520
316
372
517
289
491
653
291
363
389
205
456
486
125
613
533
160
364
396
296
500
534
174
362
399
294
391
560
330
478
509
277
486
519
293
497
527
169
361
390
294
407
523
295
358
516
292
491
522
166
362
281
298
488
518
160
359
392
294
486
522
166
358
519
290
484
518
290
620
649
285
486
435
289
491
520
290
491
521
296
325
358
332
602
636
153
363
393
291
367
392
291
394
464
219
489
498
269
377
447
205
559
495
182
523
558
202
484
521
290
491
522
325
362
398
294
496
525
296
361
394
293
502
537
177
452
491
167
467
480
257
487
500
272
525
515
284
617
651
164
627
520
164
472
462
214
464
499
275
393
361
215
487
498
270
482
499
153
477
500
268
483
511
154
478
427
285
355
388
290
490
523
295
311
357
217
471
382
272
496
519
164
358
385
287
496
521
292
627
519
164
390
358
329
482
505
204
408
325
216
489
522
291
356
396
291
362
397
293
485
645
293
389
368
212
483
496
266
488
520
286
541
552
211
465
382
266
404
385
291
361
392
294
489
520
294
364
391
293
489
515
163
363
391
295
504
527
169
491
652
170
489
394
292
360
518
291
491
446
285
379
362
212
482
501
270
617
526
294
487
527
168
507
529
97
410
511
184
374
470
201
342
416
281
403
428
328
363
397
192
558
469
246
377
391
292
486
519
164
495
392
295
366
393
293
490
521
163
487
516
162
622
525
296
371
400
295
375
395
297
416
453
212
476
509
540
474
545
507
384
550
582
223
370
399
291
489
518
293
491
521
171
371
400
205
339
418
281
409
431
197
405
389
296
489
521
165
368
403
303
371
403
196
341
328
279
536
565
210
499
527
233
347
419
269
533
565
204
623
529
169
495
442
170
614
646
291
467
660
333
475
508
275
548
562
221
557
491
262
479
515
153
623
527
298
359
520
292
361
394
295
486
523
179
426
464
235
398
458
220
474
375
148
493
523
167
362
396
296
496
519
299
502
530
173
390
472
217
598
631
273
632
540
150
505
498
277
529
556
191
484
518
292
317
361
219
565
499
151
478
509
279
409
504
269
485
390
290
488
391
289
362
395
297
560
449
216
464
496
265
371
401
302
613
649
159
386
452
211
557
596
263
484
529
287
618
647
287
483
648
261
592
619
261
459
362
152
608
516
281
441
555
287
582
478
253
469
494
266
468
494
268
467
499
272
587
494
267
440
535
308
580
480
256
443
336
191
539
603
247
450
535
305
452
482
380
417
450
351
385
548
322
486
520
288
477
623
267
462
494
134
446
533
304
449
500
384
421
461
226
447
536
309
459
492
266
461
490
265
358
505
275
460
494
260
462
497
265
460
622
265
468
501
271
464
513
166
369
400
190
436
484
238
370
399
299
543
562
215
475
529
279
619
652
168
488
522
164
362
393
289
489
525
171
372
401
302
397
415
276
441
555
199
554
464
218
346
378
279
491
526
302
496
530
199
343
418
284
406
427
203
491
648
205
347
421
208
461
505
283
404
472
197
489
522
165
493
655
290
357
386
288
487
519
163
332
398
267
488
385
420
195
495
266
503
529
301
501
400
559
334
627
450
299
621
528
169
499
529
106
351
338
284
414
567
213
379
411
216
351
602
287
415
434
209
485
492
266
475
505
280
475
510
208
391
425
198
477
636
178
346
507
280
477
504
275
489
635
281
347
377
276
346
377
276
469
374
272
477
639
279
348
382
274
456
503
276
461
356
259
467
624
270
471
373
273
468
499
400
433
462
234
460
494
266
468
369
267
472
499
268
466
501
266
465
591
397
432
592
237
468
495
135
465
497
269
469
500
270
468
367
265
475
504
144
602
507
275
466
624
263
594
652
296
361
391
210
327
621
262
548
459
216
475
506
274
554
502
338
453
485
262
493
395
292
365
392
293
491
524
297
362
524
295
493
651
291
401
514
287
362
395
293
490
520
164
495
527
299
492
390
292
492
395
295
495
522
290
356
387
287
491
392
292
492
393
291
491
433
162
361
389
289
489
525
295
485
518
164
488
523
292
618
651
162
359
521
293
490
391
295
501
651
293
485
514
159
491
652
204
453
619
259
363
390
293
491
519
167
361
401
294
366
524
160
358
388
292
491
393
292
464
558
213
471
634
275
488
649
291
873
803
362
496
513
415
579
501
251
367
397
293
488
393
292
492
396
296
492
525
165
360
511
288
361
391
294
474
558
211
473
415
271
491
523
294
363
392
295
468
558
213
464
371
273
541
561
217
475
632
275
547
576
213
478
494
264
490
393
167
614
515
187
427
586
233
364
390
295
364
395
297
492
519
292
363
394
294
492
384
288
615
649
166
366
397
295
500
661
301
488
650
294
539
520
291
410
400
270
526
462
231
460
363
265
468
498
270
467
365
267
466
511
268
604
504
275
465
493
267
463
365
268
352
462
396
300
594
627
267
464
497
272
469
499
272
438
429
186
572
604
247
353
503
272
473
372
273
465
625
396
432
464
234
466
569
267
469
498
271
353
499
268
477
505
166
434
480
149
486
513
230
442
480
250
501
531
300
464
620
267
459
494
270
466
490
196
521
555
192
467
508
266
454
355
265
463
496
273
469
499
272
468
500
182
445
348
191
566
599
369
406
568
334
501
529
306
484
641
307
459
470
244
586
616
389
416
453
224
363
399
199
391
412
273
526
563
200
483
650
162
489
513
272
487
499
269
570
493
261
473
504
279
485
521
295
490
522
293
375
399
300
618
518
291
469
560
221
484
500
147
403
391
385
523
434
206
371
530
192
394
413
280
533
563
204
546
558
210
397
388
264
353
388
282
622
652
296
486
389
288
310
359
216
476
633
273
611
511
161
403
392
297
364
394
198
395
409
277
525
556
200
491
504
276
407
493
266
607
508
151
384
367
208
606
637
152
625
557
214
477
488
146
458
470
237
581
632
278
359
391
290
487
520
293
363
397
298
491
650
294
356
385
288
370
518
292
489
523
292
360
529
154
613
641
286
503
650
160
356
518
291
470
453
213
468
564
511
222
359
258
360
519
292
364
395
293
361
393
295
362
521
288
396
513
290
358
395
291
389
456
216
477
492
151
471
504
273
498
532
174
485
388
295
365
397
299
378
393
295
390
351
214
475
419
143
621
659
97
459
615
257
490
524
299
620
524
167
367
523
297
373
403
299
488
393
290
370
522
283
545
558
214
467
513
205
447
619
257
493
651
167
489
520
164
617
649
166
486
518
168
497
394
296
488
520
293
360
392
427
327
496
528
301
618
651
211
445
609
258
884
796
361
456
344
370
424
591
234
547
558
99
454
500
259
496
648
164
616
653
297
546
565
220
481
607
269
524
508
280
487
521
289
623
522
164
505
651
294
373
396
294
377
390
291
493
526
169
491
391
291
357
394
293
485
650
294
616
567
163
497
525
169
377
392
291
490
396
295
362
393
290
620
518
289
487
393
293
489
396
296
370
404
306
494
532
294
362
394
204
586
488
262
616
650
291
492
397
169
369
397
301
360
395
298
492
524
294
496
396
292
483
523
158
486
535
167
620
649
294
405
532
298
387
359
212
597
630
275
489
644
292
492
534
165
494
531
168
497
531
296
352
389
291
381
524
293
369
393
287
490
444
162
364
522
295
363
401
295
487
530
167
363
392
294
488
651
166
359
512
290
388
458
270
592
629
274
487
520
166
489
647
203
450
356
255
359
386
288
357
390
290
489
522
161
364
523
292
356
395
289
485
518
292
493
525
164
357
389
292
491
518
291
402
513
163
490
649
293
363
396
293
399
369
227
472
622
145
486
392
293
371
398
297
368
391
289
466
559
330
475
631
276
362
339
288
379
452
209
564
499
152
470
500
272
475
567
221
484
603
154
472
502
269
616
648
325
462
563
214
391
490
265
485
500
177
521
434
199
512
528
172
484
392
291
371
391
294
360
389
291
360
390
292
497
527
174
379
522
289
363
390
292
487
647
292
578
567
205
464
369
270
550
480
219
325
389
264
354
386
285
485
520
163
363
393
296
468
565
220
599
505
148
543
553
211
484
489
255
340
503
278
491
525
427
327
616
522
165
390
172
328
435
204
487
523
554
325
463
558
218
474
506
276
545
573
213
488
416
268
532
571
341
504
538
161
351
496
279
322
493
264
342
505
275
406
314
96
340
504
277
558
490
144
329
397
266
396
392
183
544
448
220
473
456
216
477
596
266
328
393
269
479
644
284
496
538
299
393
360
334
470
377
276
464
561
217
402
394
260
429
491
152
472
468
238
441
537
192
454
480
254
473
504
275
466
493
269
476
500
146
441
530
302
580
613
258
465
374
268
463
338
270
460
495
265
366
456
197
574
606
247
444
433
309
458
577
254
454
490
257
453
451
309
455
483
253
468
496
271
542
571
166
473
503
100
431
568
255
510
1068
289
327
545
307
469
632
344
384
485
264
509
427
183
594
495
266
466
497
264
462
493
171
399
390
257
500
534
304
463
498
269
376
440
196
462
577
246
455
470
242
456
611
385
418
578
94
469
495
265
443
445
306
456
499
238
460
489
261
519
533
186
452
615
254
442
542
303
452
487
258
474
507
276
453
515
275
573
601
248
352
366
266
462
624
228
419
580
228
464
493
263
466
497
268
464
624
266
588
623
268
468
495
183
374
471
245
503
531
176
591
626
142
461
486
136
595
622
268
464
626
267
592
625
263
462
625
272
337
498
267
347
378
275
464
510
266
469
498
269
466
498
265
468
499
227
491
465
252
504
535
302
469
503
271
476
634
151
437
341
184
453
564
235
580
614
386
420
451
226
589
495
136
331
366
266
467
499
150
470
503
141
464
496
264
467
491
265
464
495
393
433
466
236
434
342
183
448
612
253
457
482
264
520
534
323
483
514
286
403
511
287
487
522
166
540
551
208
467
621
528
303
492
263
383
399
432
206
571
603
270
403
391
267
479
381
282
362
388
287
496
555
212
464
626
270
487
522
166
492
392
294
494
393
295
495
527
158
483
390
288
486
392
208
366
394
296
363
393
291
364
561
289
364
404
297
488
650
176
491
520
193
497
533
302
489
392
193
384
451
208
598
628
268
619
513
286
613
644
162
377
395
186
341
424
285
477
497
256
478
492
267
544
552
317
474
508
278
488
391
293
495
651
165
487
397
294
377
536
308
543
557
101
503
490
265
621
649
295
398
465
261
598
632
270
488
648
166
489
649
293
491
516
290
369
518
287
384
353
211
476
387
261
486
560
286
501
405
305
478
455
206
471
637
282
371
529
299
380
397
298
508
520
395
433
598
641
580
678
429
467
748
390
427
586
194
444
476
248
465
369
212
603
640
283
489
530
297
360
513
286
488
646
291
359
391
288
487
644
293
490
389
294
489
648
290
400
391
284
377
356
215
481
493
263
601
633
149
486
519
291
494
652
170
621
650
166
485
520
163
365
398
209
347
422
205
398
472
276
415
439
209
616
519
161
389
349
207
469
498
269
362
398
296
497
530
301
368
528
262
347
418
281
409
436
201
486
649
238
442
343
245
392
459
217
595
625
270
314
370
217
538
502
249
476
490
263
473
507
145
616
518
293
364
395
295
494
524
166
409
394
193
517
493
165
508
534
223
521
593
177
516
426
228
396
505
176
515
408
120
456
589
274
403
430
200
375
405
302
467
471
169
505
532
176
615
652
165
394
360
220
398
389
265
477
491
505
393
428
329
550
561
337
477
379
280
363
395
207
344
416
184
452
483
129
489
644
290
469
561
454
338
503
401
213
343
333
210
514
536
149
339
417
284
408
437
207
492
524
165
359
391
208
453
360
259
364
524
289
618
647
290
491
393
296
496
524
170
606
654
235
350
335
287
530
559
203
362
395
295
612
654
290
526
520
162
496
398
294
488
649
293
316
359
214
471
368
269
381
451
205
340
377
273
489
518
156
489
522
297
364
524
292
487
563
280
336
405
266
402
556
202
619
651
295
365
392
295
360
393
202
340
419
284
399
425
202
496
527
221
518
592
173
397
415
225
477
386
156
367
395
292
498
524
188
520
501
172
466
475
248
485
496
154
345
377
275
544
563
213
475
490
254
469
592
259
512
490
267
403
395
268
479
511
277
490
396
295
389
563
332
599
377
281
468
665
214
347
382
280
495
524
227
397
414
276
405
472
201
488
384
289
372
529
194
395
412
275
466
482
256
477
635
281
497
529
233
397
413
266
400
431
203
356
515
292
486
515
201
451
495
381
545
579
224
496
529
301
363
395
300
491
391
290
363
394
292
391
357
215
462
497
273
375
519
264
354
497
234
402
485
260
500
531
173
464
496
266
465
499
269
473
506
278
467
496
262
347
497
264
440
536
306
459
492
262
460
493
261
459
491
261
464
498
271
462
491
270
462
495
267
469
627
266
339
504
176
493
568
359
413
570
215
528
532
307
544
604
311
446
604
205
323
490
265
549
461
332
474
509
282
495
530
171
479
518
290
492
393
293
490
652
290
490
393
288
490
519
164
550
563
219
379
493
270
493
659
299
488
517
288
464
557
211
477
637
279
495
653
196
380
483
262
444
561
273
452
500
387
549
587
232
594
466
286
468
503
274
342
382
269
467
493
269
439
344
546
306
595
629
402
433
465
242
521
538
427
443
605
371
406
445
215
360
478
270
468
492
269
463
631
269
463
624
267
462
496
266
460
490
264
517
689
343
463
495
265
474
506
404
443
346
248
472
504
257
448
491
269
357
390
291
494
394
293
498
517
163
483
389
292
365
396
296
465
560
211
397
595
265
473
508
275
490
522
292
401
518
292
486
517
287
481
603
270
473
504
279
540
658
213
473
503
277
492
653
163
510
655
167
460
552
322
476
502
145
493
433
162
491
520
163
358
518
288
494
519
297
362
395
293
489
518
161
357
519
290
486
518
159
356
520
291
492
653
295
361
394
188
572
475
244
479
644
288
356
390
294
378
519
291
491
522
296
495
519
293
364
393
294
491
517
292
361
394
295
497
525
166
406
517
297
487
394
296
502
530
172
491
391
288
357
396
287
488
650
293
490
524
297
491
392
292
491
514
291
488
525
290
478
428
286
481
650
159
489
519
164
496
526
297
396
365
221
468
497
272
360
388
287
492
520
167
542
551
91
457
618
257
360
397
203
456
487
385
423
457
223
466
555
328
484
388
158
490
393
294
363
396
296
493
519
163
484
644
292
480
385
291
486
655
293
444
519
288
620
649
292
366
391
292
483
520
295
360
388
291
489
517
290
493
518
292
360
394
291
361
391
294
491
527
291
362
434
282
480
643
287
359
512
163
367
404
301
496
530
301
377
521
292
359
391
291
485
392
295
497
659
303
388
366
218
594
623
184
431
466
241
411
397
271
485
375
275
312
356
213
600
634
277
568
607
271
483
640
286
488
648
166
363
395
284
479
515
290
405
645
165
499
530
435
332
623
658
174
359
506
293
490
392
288
360
394
294
487
648
160
387
460
212
596
628
270
357
391
293
523
513
289
352
388
287
486
385
287
357
388
294
486
389
293
359
400
294
484
647
166
499
521
166
453
448
209
344
384
273
447
432
244
457
620
255
494
393
292
362
396
290
498
525
300
367
396
169
464
449
320
486
395
285
491
390
290
362
396
293
492
525
210
457
503
265
488
393
293
363
402
294
490
519
292
623
648
291
497
656
164
357
386
162
492
650
293
364
390
293
376
396
298
399
515
167
367
395
289
358
394
293
362
389
295
485
649
292
364
520
294
494
525
295
485
517
288
363
515
290
487
521
165
354
432
289
357
395
289
359
392
297
490
518
158
360
513
284
492
518
295
371
400
302
836
693
343
403
507
393
573
604
251
489
523
154
406
573
217
495
525
298
496
525
172
366
399
170
494
394
295
357
389
201
351
386
286
361
394
297
361
397
290
488
389
291
403
394
293
364
397
301
488
516
288
359
522
294
545
561
101
466
505
261
556
570
214
473
502
274
366
532
165
484
388
289
353
429
287
496
532
174
390
362
218
479
638
282
464
456
209
590
494
139
488
652
166
489
651
158
489
389
290
359
522
290
489
656
196
420
439
239
523
535
306
465
482
249
453
484
385
417
448
226
465
625
266
468
627
263
439
436
191
448
610
254
594
495
393
398
590
361
397
432
193
461
513
160
480
513
289
363
397
295
491
520
163
501
405
306
468
457
214
471
500
145
550
661
215
475
421
277
541
658
213
467
502
273
488
521
294
464
564
217
471
630
265
486
606
272
356
388
288
405
400
160
474
504
275
410
398
188
414
446
490
383
417
588
223
486
518
292
363
394
292
365
398
292
431
491
439
520
352
217
423
470
521
400
203
406
495
463
324
175
516
467
557
510
213
431
512
470
560
260
79
560
516
677
452
175
390
468
561
519
227
464
435
516
471
297
128
487
423
531
347
235
451
409
291
358
524
297
377
520
291
491
520
292
361
395
294
364
529
299
490
522
165
492
525
172
485
392
291
382
441
206
472
631
263
357
385
286
494
522
166
361
398
296
382
525
293
493
522
295
355
383
288
361
523
288
366
529
292
542
458
120
468
508
280
375
522
291
368
389
293
377
519
289
303
351
212
470
375
270
363
396
285
485
635
286
490
531
292
560
568
104
508
578
250
477
507
154
540
553
209
477
500
151
464
364
265
485
520
293
513
543
312
552
560
333
477
509
280
549
666
210
464
540
268
358
214
139
389
503
276
526
557
334
550
562
219
487
501
268
367
393
297
493
520
163
358
394
296
359
513
285
544
558
117
472
524
278
488
537
292
614
519
161
485
525
166
390
356
209
598
629
276
497
520
158
363
397
164
360
517
291
363
388
289
396
513
291
485
516
289
382
352
210
588
622
266
365
400
301
371
402
301
489
522
289
363
519
293
480
385
299
380
452
209
481
498
143
476
487
260
354
512
286
385
555
207
475
377
281
412
401
273
330
396
270
478
381
153
487
962
438
477
506
350
390
418
189
433
600
242
489
520
288
483
519
166
359
393
295
493
522
164
417
497
270
471
514
281
361
393
294
361
521
292
464
367
214
353
493
262
481
501
144
475
600
266
609
639
277
358
392
294
497
531
301
390
365
211
472
496
270
366
388
293
367
395
208
518
554
583
282
472
503
274
469
625
263
460
579
363
372
406
181
596
497
272
465
362
264
458
476
248
453
483
258
479
509
152
462
456
260
467
498
271
461
497
268
464
363
267
467
497
140
335
496
265
461
496
258
458
622
266
469
367
269
466
370
269
472
504
231
427
454
355
391
424
323
480
512
163
467
509
142
465
494
266
458
490
136
337
502
227
371
390
253
378
524
299
442
433
186
535
474
248
590
625
395
434
334
365
530
452
207
472
501
394
562
468
241
462
510
268
447
351
193
573
606
377
538
569
211
462
465
270
478
386
292
492
653
291
340
424
278
401
559
198
465
565
334
491
512
284
566
482
143
467
494
267
489
647
289
482
517
209
460
621
259
495
525
170
387
359
210
594
629
272
363
519
295
362
391
293
490
522
163
492
648
292
554
562
219
473
486
264
384
504
279
491
517
292
385
459
331
602
635
277
357
394
292
363
393
292
488
649
293
359
390
293
490
522
293
548
567
218
470
412
268
484
516
279
483
390
313
490
520
290
370
401
303
489
401
290
366
392
297
363
395
297
486
650
297
359
393
289
483
515
201
453
486
258
367
397
298
488
517
290
391
454
210
594
625
269
487
520
165
615
651
216
332
328
275
530
552
196
360
389
286
441
395
287
488
523
293
357
391
289
364
391
294
492
526
299
495
394
293
353
391
288
306
351
208
471
506
278
491
392
292
360
432
288
388
375
211
471
491
457
529
482
340
419
512
185
518
541
115
409
505
177
403
537
200
338
416
274
387
381
257
618
644
147
392
553
199
487
647
291
361
396
293
491
526
164
463
552
213
476
507
279
389
358
216
478
490
259
485
511
423
188
621
654
206
445
493
259
486
520
293
358
393
291
489
520
291
370
398
294
486
389
293
361
388
290
360
392
292
490
526
167
489
526
290
535
525
168
542
556
211
477
488
255
472
506
148
495
528
171
369
403
304
495
532
178
379
523
295
395
462
219
476
858
571
476
526
353
390
421
324
366
395
296
489
409
294
372
533
306
360
388
288
470
559
249
504
621
290
448
483
128
461
625
139
439
427
190
501
396
298
463
493
265
465
499
271
467
627
266
468
495
267
469
499
270
349
367
269
463
366
265
466
497
269
351
496
271
436
499
269
442
429
182
447
480
249
466
489
154
359
393
291
359
513
290
489
517
164
486
392
289
310
365
215
462
493
264
357
555
286
489
530
292
360
390
294
490
523
295
492
652
291
356
391
294
483
521
160
489
651
293
488
388
292
362
390
293
487
515
191
446
482
255
498
519
163
505
523
297
359
391
293
488
521
164
489
394
293
491
523
288
482
386
284
481
515
160
490
520
165
537
522
163
487
523
294
386
448
206
601
635
150
488
518
290
488
526
294
376
523
293
360
409
289
488
519
295
620
392
293
618
554
285
489
652
164
360
394
289
363
395
298
491
520
166
493
650
290
487
387
285
486
517
157
484
522
162
488
521
163
616
527
244
449
485
254
492
528
293
355
385
291
486
518
291
360
392
294
489
648
161
355
390
293
490
522
295
366
514
288
361
387
289
400
519
166
494
522
291
489
522
167
358
391
288
356
514
286
479
516
159
367
394
295
362
394
294
488
522
133
447
490
165
515
454
170
450
496
278
402
435
200
495
525
146
330
402
268
523
559
202
490
522
293
488
517
287
471
563
458
340
505
536
272
432
463
257
446
457
250
371
387
251
504
534
301
596
629
270
473
500
271
461
495
268
464
627
269
467
498
145
597
629
155
482
536
202
454
491
260
492
517
289
365
406
299
614
516
294
497
530
153
452
499
278
533
554
201
362
522
293
492
524
299
489
521
293
523
511
292
491
519
291
360
394
296
467
475
416
346
575
277
438
472
244
487
650
294
389
363
205
589
627
141
383
366
210
475
540
276
365
400
290
487
525
163
492
392
313
361
524
201
455
498
173
395
281
211
460
513
278
406
428
198
500
518
165
361
384
200
323
484
259
361
390
290
367
390
292
488
625
262
601
505
144
468
499
392
430
462
237
459
489
263
451
531
306
456
613
272
436
496
268
473
635
270
456
490
266
345
508
280
468
498
145
467
624
396
430
590
236
347
367
273
467
500
268
466
493
268
357
333
270
520
686
229
532
469
241
454
486
257
474
499
263
334
370
268
470
500
267
466
630
270
443
341
210
470
370
272
375
536
216
464
502
270
481
408
293
493
394
299
363
396
294
487
523
295
358
395
294
370
524
173
497
393
290
363
398
289
488
521
163
531
521
295
498
526
295
620
648
288
366
394
164
374
399
302
494
655
173
490
523
167
496
528
171
377
525
292
460
554
211
466
585
272
362
392
292
367
398
170
495
526
297
496
395
296
362
390
289
488
523
295
366
391
290
496
522
295
364
396
293
362
390
206
451
488
129
363
397
297
369
388
289
366
400
297
491
649
295
362
393
293
489
528
167
312
459
222
474
511
284
491
516
292
409
388
293
492
522
160
491
650
167
499
528
299
497
396
557
327
488
524
298
493
396
298
495
525
167
374
425
258
342
409
273
453
561
211
495
528
172
496
529
294
489
522
295
387
461
331
479
513
279
496
658
297
555
567
219
482
500
273
364
391
291
363
434
290
546
562
215
461
627
273
373
523
297
360
394
295
498
534
174
492
524
168
497
395
164
495
515
288
359
391
294
363
395
194
328
473
261
494
393
166
385
402
302
486
518
288
485
520
293
491
516
291
495
525
170
353
516
286
538
450
208
465
499
266
394
516
294
357
385
289
484
521
293
363
521
292
491
394
293
491
523
291
493
517
160
362
396
294
499
530
172
361
391
290
489
558
162
363
394
295
490
652
285
358
521
294
368
529
301
488
519
291
360
391
293
487
512
160
361
389
293
485
651
292
355
389
179
433
470
111
364
520
292
370
401
304
493
393
294
492
520
163
363
394
295
469
561
240
323
293
268
479
510
283
489
385
292
408
401
298
483
649
161
489
606
270
482
496
268
487
516
286
436
633
342
461
490
138
487
515
288
388
358
217
486
503
264
371
558
286
366
395
298
367
524
296
490
514
291
491
526
168
362
391
292
364
389
289
366
399
299
494
529
304
387
396
291
353
385
181
560
353
239
496
528
301
493
525
162
471
566
223
478
377
279
485
516
165
361
395
289
363
390
292
361
391
293
360
522
289
440
643
161
358
387
290
494
527
170
379
522
298
363
521
296
492
520
163
371
395
299
492
526
291
354
390
288
490
521
167
364
433
288
491
522
291
882
735
382
476
613
257
361
392
299
492
395
295
367
396
298
494
529
168
319
360
339
479
508
286
392
357
183
533
439
210
497
530
300
489
392
297
395
464
341
215
497
527
172
364
383
288
489
519
290
365
392
295
493
526
171
489
393
206
452
485
260
391
358
209
596
628
143
361
396
291
496
530
299
479
567
221
470
504
269
487
508
280
474
478
258
464
496
271
428
363
265
465
497
268
591
495
142
463
627
268
348
489
264
351
504
274
468
499
269
467
503
273
339
369
270
477
522
277
463
464
262
367
337
196
576
612
382
422
453
227
468
624
270
440
434
191
459
469
241
457
464
241
540
471
364
503
532
310
472
512
227
492
568
264
501
537
303
465
489
266
466
495
269
372
335
190
540
576
363
503
538
311
474
632
274
466
627
394
437
465
233
486
535
192
452
485
261
520
533
304
458
490
133
598
634
272
592
493
268
463
497
267
470
499
403
438
472
245
468
625
265
441
450
202
440
594
368
422
442
343
506
433
184
468
498
270
339
510
277
464
495
273
467
377
270
519
530
305
462
493
137
476
508
222
429
457
233
454
542
311
587
612
257
460
492
270
357
506
277
434
442
209
400
495
265
479
385
285
491
388
159
358
515
288
397
517
164
364
395
294
367
391
291
491
530
165
620
650
294
361
397
293
496
529
167
363
395
296
366
389
290
358
390
291
494
438
290
360
397
295
361
389
294
485
657
296
366
398
300
491
520
294
637
530
172
357
387
287
483
514
160
538
556
210
469
501
222
430
601
363
531
561
200
469
561
217
471
505
143
356
387
293
372
401
175
489
522
295
495
529
171
622
653
297
496
653
296
402
448
207
365
552
301
483
521
292
496
656
302
461
454
210
469
499
272
486
476
540
243
491
262
495
646
167
493
531
302
499
442
298
364
526
301
367
530
295
542
555
571
334
468
457
103
645
501
149
346
394
278
487
651
293
364
391
290
367
407
303
389
451
210
606
515
155
621
649
289
491
389
289
362
529
298
359
388
294
388
458
218
475
637
275
560
462
216
323
491
265
488
650
202
446
473
119
548
458
217
482
496
151
354
511
283
361
394
292
552
567
218
476
506
273
388
464
218
565
493
152
479
512
159
545
526
301
364
527
301
365
399
292
884
747
393
374
508
274
489
391
295
485
647
292
472
463
215
472
506
278
491
521
287
373
432
287
363
391
290
489
533
293
468
564
217
482
598
267
370
518
152
496
528
177
474
463
110
461
493
265
481
564
215
470
503
187
434
472
252
550
553
214
480
511
283
496
649
164
615
519
292
360
523
328
366
526
297
405
492
265
484
516
159
362
521
290
398
522
296
361
518
292
501
536
305
360
516
287
359
391
294
471
568
221
402
495
145
483
599
264
355
515
283
503
533
176
484
429
290
360
523
296
370
399
189
458
507
178
522
543
319
497
529
175
401
457
217
480
507
278
357
392
291
492
528
173
361
517
198
453
490
257
466
567
212
479
493
266
481
495
268
402
501
265
355
518
287
370
529
301
498
661
174
496
656
175
452
498
172
552
541
314
367
400
201
466
520
183
522
546
191
548
552
98
466
507
272
371
531
303
546
558
215
401
489
152
477
490
261
480
458
264
480
518
290
464
462
212
468
629
271
492
525
299
494
532
295
364
399
300
483
517
164
367
527
295
486
520
289
370
529
213
587
621
268
473
567
216
492
494
261
484
493
267
484
503
158
483
516
286
471
464
107
455
616
264
617
519
287
391
359
215
611
489
261
471
508
146
501
523
428
199
489
650
294
616
652
158
465
459
217
476
491
265
476
598
264
360
523
290
395
363
219
381
494
268
463
559
212
471
501
145
547
660
213
474
627
274
495
654
295
502
529
173
489
526
291
489
520
163
361
394
291
484
432
158
612
647
166
472
565
218
485
497
264
485
502
154
467
508
147
487
516
162
482
511
280
491
397
295
371
388
287
489
524
115
553
577
219
602
639
279
542
561
217
471
509
154
369
402
302
392
453
210
604
504
145
497
269
95
372
415
278
555
501
142
382
502
275
553
556
207
342
505
277
555
517
291
368
402
303
395
463
222
603
524
147
472
566
216
475
629
281
493
526
293
498
443
169
371
530
302
491
394
295
544
557
215
478
636
280
500
526
170
364
524
296
487
517
160
359
516
288
357
390
292
488
519
143
393
427
201
490
520
162
398
368
224
475
506
150
364
527
296
363
394
286
498
403
180
409
398
225
598
502
273
472
561
221
521
510
157
548
563
217
401
489
146
477
493
265
487
882
398
370
467
345
510
412
267
456
507
175
468
481
197
399
422
178
392
450
184
500
527
302
395
457
217
560
595
261
398
490
148
486
497
155
482
603
266
484
513
284
494
524
170
550
561
216
479
494
188
430
451
223
356
388
286
547
561
105
484
604
269
344
506
274
367
420
299
375
390
282
363
385
291
389
456
210
481
598
269
435
647
163
500
524
166
380
351
208
473
489
148
482
504
263
476
380
276
485
402
290
490
521
167
373
392
295
364
387
288
464
443
206
479
597
268
494
509
281
360
392
290
490
525
166
490
522
162
496
535
174
472
460
218
341
501
274
499
528
168
361
390
336
322
494
528
170
362
525
298
362
392
295
551
560
213
470
504
276
373
529
301
473
565
216
467
498
147
488
530
165
394
467
176
535
431
326
496
524
299
468
559
210
560
586
257
397
496
265
476
507
279
490
522
166
471
566
221
468
501
143
500
529
165
509
557
210
479
494
145
479
490
260
354
386
290
491
523
294
366
396
294
486
513
162
487
522
294
372
419
236
461
508
177
461
477
135
336
496
276
538
567
205
490
520
165
490
395
295
364
393
290
411
506
275
494
517
284
364
524
293
366
528
302
555
563
140
489
517
163
495
520
291
366
536
299
467
359
216
592
515
275
487
523
170
369
527
301
387
356
212
595
501
270
477
560
214
507
495
269
497
530
295
490
520
294
619
648
162
375
529
301
413
505
274
608
640
276
369
527
300
492
526
296
362
388
291
489
435
161
361
392
287
472
553
327
473
490
148
335
501
272
551
559
215
486
494
149
475
509
151
373
533
305
362
390
291
495
530
211
461
496
266
492
515
164
374
528
300
496
531
177
472
564
212
472
506
269
546
561
217
470
502
278
558
564
514
588
550
358
682
674
451
360
513
291
471
572
214
481
505
267
482
513
153
316
462
218
470
497
271
377
519
293
489
521
158
504
536
300
357
427
289
363
396
164
464
559
217
478
493
259
484
494
269
492
645
289
487
523
168
364
397
292
462
563
212
474
634
150
538
554
207
516
548
197
499
536
175
368
532
296
553
466
222
477
637
283
488
499
272
350
507
281
477
565
219
449
461
232
326
494
263
439
633
297
384
522
288
360
524
299
545
560
215
481
509
152
492
522
161
626
714
256
455
487
258
496
401
189
453
591
387
311
532
520
164
356
387
288
485
520
163
359
394
291
485
516
163
487
527
292
491
525
291
485
518
291
358
396
290
492
536
172
387
451
257
397
557
197
491
522
169
387
363
216
324
396
269
483
648
160
488
647
286
456
448
205
403
388
264
486
496
267
477
608
169
397
437
207
476
560
336
480
495
272
321
393
264
397
487
263
408
500
275
481
513
280
395
372
222
481
490
267
481
510
269
525
516
291
484
571
107
458
618
260
500
532
133
349
422
283
473
489
145
400
496
267
353
635
279
615
649
166
615
651
295
360
432
289
361
521
295
613
519
292
555
570
339
405
398
271
488
497
264
355
389
285
622
519
291
466
456
215
404
394
270
404
515
177
534
437
212
491
519
324
358
391
289
493
527
297
391
457
214
467
496
272
487
522
163
360
390
290
489
648
294
359
386
285
396
391
290
487
520
160
361
391
297
490
518
167
361
403
291
490
517
156
487
393
295
500
652
166
361
390
294
359
519
291
484
428
290
359
279
289
484
524
161
489
393
163
496
655
295
365
397
172
490
527
292
489
517
289
356
387
290
487
515
157
358
521
202
453
375
256
464
497
268
461
497
269
445
531
305
468
523
279
360
391
290
487
517
288
473
560
215
477
511
280
618
656
287
573
559
216
598
629
319
485
517
289
492
518
293
364
520
293
491
649
293
354
512
289
490
521
296
460
560
213
474
633
278
468
460
213
478
494
153
470
480
296
477
503
283
493
509
298
371
389
290
392
456
220
480
496
152
479
513
279
373
522
293
358
392
205
434
615
258
467
457
102
458
618
257
365
528
298
384
453
213
557
502
147
479
512
157
488
519
425
325
626
662
215
479
493
480
482
499
363
486
514
282
354
383
285
387
458
214
481
512
283
497
526
137
350
418
286
530
557
330
477
562
220
480
601
154
380
496
143
492
526
296
488
516
288
481
519
294
492
524
169
621
523
296
498
529
229
338
330
280
403
558
207
614
647
294
488
429
206
273
492
275
522
424
199
363
396
201
452
497
172
390
405
200
451
494
172
511
535
181
490
530
292
364
393
291
495
528
205
461
493
251
491
542
102
341
416
281
405
559
202
622
646
162
491
522
167
491
393
295
540
616
260
456
486
259
489
524
159
526
515
292
616
518
164
357
392
294
488
644
284
489
519
293
359
393
293
490
522
295
377
395
296
364
393
295
490
648
279
351
430
290
490
525
294
359
391
295
487
518
165
489
521
162
377
396
296
463
453
96
476
483
257
308
441
201
467
502
270
617
