184
147
215
110
137
318
620
91
236
97
189
196
92
189
467
239
378
158
147
296
185
147
307
165
374
129
208
416
106
202
308
251
181
127
197
310
180
230
297
101
80
94
268
137
174
441
109
125
488
108
448
161
133
382
116
175
333
188
453
123
94
489
114
108
296
154
420
122
216
488
107
548
104
128
319
159
96
199
181
260
134
109
295
182
80
217
134
220
93
101
245
120
214
157
99
238
87
131
254
180
233
402
143
216
134
90
340
207
326
204
122
226
170
476
128
99
274
178
116
483
170
370
173
171
333
148
138
437
162
503
122
133
434
209
454
105
89
401
143
105
433
173
520
127
104
459
202
491
131
105
408
122
174
498
158
514
263
109
487
128
107
255
100
246
169
97
281
156
404
153
128
473
149
113
308
187
290
169
82
246
170
97
169
132
291
95
80
276
206
250
115
84
268
149
126
314
204
411
253
114
460
213
128
312
188
263
223
109
426
234
382
98
126
514
145
145
522
260
646
173
92
542
167
236
407
133
434
142
94
478
146
593
177
156
530
192
87
444
319
475
130
106
402
199
236
199
138
236
193
150
310
162
343
101
148
225
144
110
219
168
180
161
148
213
245
193
121
153
267
114
165
218
178
199
174
128
288
125
206
157
244
255
126
197
179
207
439
143
177
249
124
148
372
326
563
278
178
465
185
171
524
251
626
159
213
549
214
511
165
130
458
127
172
527
162
479
205
188
465
161
187
475
201
467
126
197
446
249
438
84
154
520
127
212
313
328
390
139
125
288
187
404
140
173
267
119
106
234
218
216
153
147
218
103
136
171
258
220
231
192
186
264
188
96
130
605
1240
376
406
1081
944
849
418
373
146
185
252
296
260
142
194
311
170
261
97
134
247
131
147
241
139
266
149
152
352
157
126
177
275
192
112
146
191
334
246
87
94
244
131
183
314
208
276
126
160
268
240
271
112
221
233
111
143
341
229
227
122
183
453
168
126
317
183
326
122
201
261
245
316
102
202
302
110
221
748
391
1136
433
278
775
227
167
832
266
789
150
324
343
262
369
138
196
278
92
129
336
233
291
129
212
174
144
217
226
195
195
129
143
173
196
204
115
149
186
106
133
262
181
219
128
157
244
109
132
247
218
199
175
145
185
433
831
860
185
1051
860
195
1166
613
1086
668
227
249
196
159
123
146
1080
315
153
816
1103
1222
663
241
677
324
197
205
213
173
113
236
292
235
345
188
166
332
130
221
587
312
367
106
177
413
133
122
270
245
460
104
133
321
265
519
213
262
892
149
160
687
320
157
106
130
487
156
201
419
191
389
104
168
517
243
450
121
161
603
111
168
442
175
424
127
133
433
108
161
420
191
449
102
302
249
181
485
190
182
453
85
187
412
168
405
148
215
452
242
487
120
155
484
119
163
488
257
494
145
139
319
198
162
329
312
298
117
142
155
150
272
130
187
252
174
166
335
288
319
154
122
268
164
158
211
241
362
142
156
370
229
348
164
199
415
146
155
424
254
413
166
211
373
124
120
605
276
549
205
134
299
153
479
129
133
472
145
163
530
223
347
184
141
533
203
153
182
188
416
203
176
450
199
547
155
176
464
111
158
538
240
460
141
186
427
210
410
111
186
518
184
220
509
226
489
167
153
280
134
315
500
236
473
158
187
542
245
550
205
162
425
124
205
492
250
659
158
194
446
119
194
213
293
344
109
181
308
137
259
104
164
349
168
164
525
161
461
189
487
133
111
146
249
139
237
178
133
245
217
160
106
138
250
190
106
246
177
307
123
267
337
160
328
155
143
350
107
90
238
208
229
119
139
282
106
105
302
273
253
114
97
155
112
288
143
122
179
629
136
305
689
1129
879
203
198
134
107
282
90
323
144
127
415
173
369
96
113
558
90
107
263
167
269
134
143
300
178
223
216
142
225
135
89
151
173
171
132
119
207
105
129
197
108
186
99
100
219
114
94
184
153
292
83
108
188
110
1903
1121
227
1166
921
186
1256
517
1425
800
195
579
162
120
282
146
1063
124
128
274
210
251
125
112
398
136
135
419
171
470
167
106
360
282
356
101
136
254
93
186
334
188
580
128
97
288
134
110
299
142
218
142
88
373
207
564
110
143
468
148
90
511
172
539
122
106
368
88
169
384
146
513
134
116
529
182
547
163
107
565
149
102
445
157
414
100
114
303
156
115
311
129
304
118
103
329
181
440
160
234
326
196
121
220
157
212
142
135
192
216
203
118
98
189
112
95
194
110
215
137
113
171
149
103
363
136
470
111
84
259
184
993
677
170
358
171
187
160
222
263
122
85
459
173
90
490
200
504
140
136
373
149
431
99
130
525
130
129
402
231
427
233
134
492
98
119
365
129
373
170
137
489
217
542
170
126
375
116
143
357
244
474
170
159
484
133
95
529
191
188
235
222
528
192
431
97
168
412
166
135
477
213
371
193
106
505
107
551
154
107
486
106
125
541
90
580
160
122
516
172
151
503
143
260
120
96
539
148
581
109
92
552
125
97
517
215
552
177
127
630
259
122
681
209
552
190
134
529
171
258
505
117
229
401
135
107
265
480
106
263
464
149
94
142
294
117
85
97
262
441
141
238
460
147
88
147
227
155
196
369
196
93
99
233
232
105
150
284
389
183
334
473
217
100
89
97
107
263
171
227
154
107
341
286
263
122
132
393
126
123
508
167
777
119
100
483
158
141
550
103
508
189
238
508
185
496
159
151
475
94
99
515
175
540
264
103
328
173
149
328
175
282
211
144
373
178
278
130
146
195
122
159
237
267
283
201
114
285
118
94
445
242
600
141
99
334
119
487
199
125
612
276
218
477
128
572
172
112
287
131
123
380
283
473
189
98
280
219
306
117
170
123
86
190
399
135
309
164
137
500
116
498
187
154
501
126
121
533
90
243
120
131
459
121
123
543
254
503
122
198
455
189
500
131
94
514
178
135
326
131
589
146
170
309
191
122
376
253
366
176
293
381
165
218
115
136
414
114
102
230
186
226
185
181
554
109
122
414
260
497
147
152
526
204
506
139
178
519
116
169
389
380
122
109
142
167
271
157
294
266
346
80
173
468
148
468
186
135
478
134
124
495
200
544
186
208
627
303
488
108
147
513
183
200
498
156
511
131
142
506
141
166
464
184
342
151
192
511
182
281
176
146
205
163
135
394
224
481
127
168
474
130
140
176
269
371
158
168
401
270
440
197
198
417
185
146
421
376
540
162
176
374
141
180
243
244
287
162
170
505
390
427
116
172
145
115
172
333
241
362
166
197
234
217
249
93
200
225
93
164
505
216
584
214
147
243
133
149
260
301
341
140
147
213
259
218
138
161
288
166
178
230
329
254
115
202
357
126
152
290
196
410
120
125
530
199
407
133
152
505
112
157
509
223
476
142
285
422
131
140
467
223
494
98
139
474
162
469
138
162
515
113
159
539
240
547
200
189
487
144
452
140
168
504
152
187
493
448
293
95
181
514
190
173
468
256
447
109
147
467
255
486
104
147
476
120
172
435
147
475
145
148
526
114
167
456
187
594
188
180
495
241
520
158
182
472
118
185
514
287
490
131
189
556
148
193
470
230
501
132
165
507
164
483
122
176
471
161
202
217
193
457
117
197
450
163
189
526
232
541
203
164
229
172
431
148
200
511
153
217
461
171
311
155
136
434
251
396
189
218
156
150
175
502
239
488
163
162
522
185
144
510
342
554
292
265
479
254
500
97
85
380
124
140
389
102
409
166
176
405
159
283
371
191
240
98
158
417
209
512
117
109
292
164
139
270
217
656
348
159
300
161
176
441
179
416
263
144
405
175
410
157
265
513
141
108
481
126
587
132
96
581
194
110
547
188
590
181
119
523
218
559
111
135
533
125
106
568
151
576
94
121
1371
990
661
506
110
534
160
111
429
185
497
178
127
185
163
125
282
124
294
127
204
390
153
353
185
157
334
148
102
205
237
376
270
173
378
206
136
279
173
382
180
148
322
125
229
166
100
353
121
260
279
198
563
185
110
227
133
107
277
145
1146
266
94
370
117
515
145
127
485
271
115
441
178
521
167
128
427
214
85
299
187
511
227
106
423
189
950
165
116
430
137
88
307
172
136
139
110
433
189
226
153
115
425
153
88
319
208
347
130
104
322
183
92
418
181
416
110
101
214
157
226
142
168
186
230
332
172
240
1327
473
109
162
172
105
168
106
148
98
84
213
122
971
387
182
195
126
132
251
98
200
174
115
163
154
96
251
228
235
106
100
195
190
223
142
103
226
181
130
153
167
273
197
98
281
194
93
235
117
306
108
83
200
206
257
115
123
271
181
109
216
203
303
226
135
208
133
268
174
100
350
125
86
192
194
237
167
135
409
192
111
420
162
437
150
85
454
145
518
116
125
426
146
106
482
144
433
148
103
361
130
162
450
167
554
145
119
249
129
296
131
89
277
89
108
399
149
337
173
165
347
191
218
294
113
367
156
99
266
169
280
187
95
195
177
96
266
205
234
294
163
194
116
203
424
390
376
186
110
184
127
264
95
96
325
140
110
301
105
424
169
133
212
198
200
117
125
158
129
139
210
182
208
98
109
200
115
134
243
182
224
102
165
208
164
295
141
115
259
124
127
263
195
608
191
115
327
139
113
221
180
357
171
115
562
173
526
150
127
509
158
119
460
318
565
137
141
521
127
136
536
218
442
134
136
557
285
557
255
220
572
148
132
555
105
397
159
102
397
198
523
85
141
363
187
97
360
160
307
111
136
448
118
108
166
196
299
142
113
551
161
504
186
177
220
133
116
203
116
257
121
139
172
160
130
227
182
241
131
121
196
133
207
124
111
154
126
112
141
100
197
137
92
158
164
87
197
121
163
113
141
170
176
282
223
175
372
170
116
260
183
277
153
135
235
167
81
297
143
228
141
105
364
184
488
110
156
199
160
137
252
218
402
186
202
323
147
185
114
140
197
190
108
218
196
350
154
114
188
115
109
185
156
164
130
103
178
126
181
94
111
169
101
83
225
167
279
187
165
202
138
107
150
197
220
121
110
217
142
219
96
109
178
121
109
201
135
310
140
93
161
86
115
216
189
155
125
114
178
125
212
87
134
195
128
120
176
137
189
160
94
207
89
122
208
115
191
140
123
249
208
181
170
146
306
124
87
241
167
322
414
126
253
87
293
177
153
316
128
112
173
108
200
97
120
353
147
113
274
128
291
86
95
364
200
452
138
98
311
112
115
404
110
351
146
112
255
129
95
285
123
272
162
119
296
133
218
170
112
224
119
126
266
181
351
86
109
261
130
179
289
88
411
130
90
402
265
452
123
82
238
158
115
201
234
204
106
113
171
109
210
105
114
157
92
108
159
82
226
140
127
184
722
190
525
472
1069
607
179
221
190
354
154
110
199
116
177
177
171
242
159
102
234
135
122
961
122
370
168
101
256
106
354
98
208
359
140
89
390
133
386
181
116
215
132
81
170
156
235
100
121
308
135
246
527
98
211
173
91
194
111
230
162
113
282
101
113
187
128
244
118
157
284
88
287
167
112
190
154
99
202
115
182
90
110
157
108
240
126
98
315
186
158
269
129
256
104
96
213
179
97
283
138
238
159
129
210
121
224
145
123
210
178
180
250
88
211
91
88
198
105
142
195
114
220
89
96
220
160
256
130
130
189
88
101
280
125
251
154
109
333
157
88
395
160
342
142
136
608
126
536
185
89
489
159
113
423
206
338
154
119
286
200
124
266
134
414
194
98
202
136
301
108
111
242
279
79
317
294
245
151
90
367
257
618
194
135
481
245
202
426
129
598
162
95
394
190
99
323
228
304
188
107
376
254
396
175
100
326
215
128
336
150
402
126
106
369
202
107
403
205
495
159
88
278
186
227
137
138
211
124
90
234
93
361
150
135
317
99
140
205
143
242
145
124
208
113
367
168
165
479
171
126
291
154
234
154
88
260
109
125
224
142
275
139
164
302
169
200
101
122
272
118
135
282
156
207
203
151
218
145
285
145
143
291
93
246
258
139
378
117
89
222
167
182
292
162
228
276
132
319
172
405
204
143
545
159
117
412
192
590
119
180
396
98
120
314
236
360
191
125
357
113
294
171
144
466
160
86
504
131
515
181
96
419
112
126
358
151
304
153
87
234
111
241
125
88
311
121
86
222
271
356
151
142
206
130
119
206
85
322
112
89
219
179
284
179
94
283
185
87
234
204
368
141
232
301
150
467
134
82
292
175
87
174
128
151
133
94
252
115
108
279
95
210
153
123
173
191
163
150
180
208
155
83
211
199
236
107
140
221
179
81
148
184
191
169
102
168
187
181
120
113
162
151
109
196
196
227
183
125
197
137
93
208
93
211
132
95
205
159
255
109
89
236
92
117
249
129
192
162
94
225
186
211
135
110
258
189
82
232
188
465
115
104
259
154
84
345
264
326
189
106
255
130
245
156
87
248
128
126
205
158
195
139
92
239
102
99
266
97
183
144
126
223
99
194
147
97
267
143
103
244
115
205
125
90
198
149
100
267
284
182
81
100
191
163
219
197
84
281
184
157
225
177
849
133
109
216
103
160
227
120
263
159
99
229
120
154
108
123
187
97
98
237
129
216
128
102
227
192
201
109
106
179
121
99
161
88
187
125
155
196
94
132
197
96
183
150
110
215
84
240
89
91
214
93
125
206
103
164
88
123
178
103
108
180
83
173
84
112
210
161
168
87
120
197
116
115
174
117
249
150
104
305
127
83
185
149
259
113
90
260
109
341
102
87
262
130
86
185
137
198
135
105
389
130
149
191
182
321
127
143
194
165
267
93
84
207
130
80
195
95
257
167
120
189
116
181
97
134
168
174
87
208
181
229
144
127
209
147
120
195
96
178
123
93
203
98
190
126
115
163
91
111
155
120
245
144
94
161
110
109
136
138
156
130
110
178
106
175
106
123
248
131
107
178
158
189
104
107
181
187
110
206
156
237
104
82
233
125
249
125
89
324
118
219
242
123
290
153
113
323
126
130
304
234
250
150
98
207
112
436
119
115
251
170
83
236
207
205
117
126
239
151
206
125
165
213
113
201
247
224
189
115
87
200
136
98
179
115
201
112
91
181
142
198
159
106
182
147
83
159
171
207
134
157
172
124
100
185
110
200
94
101
216
117
250
98
83
184
184
114
310
162
300
208
114
243
126
93
220
195
169
116
130
231
85
1298
490
98
1021
354
157
201
133
252
124
137
290
174
230
138
106
233
124
113
314
91
286
82
83
212
98
114
414
314
616
110
120
219
146
184
130
110
214
157
113
210
120
192
102
86
227
205
113
299
134
217
153
114
339
141
309
137
89
440
173
95
381
146
377
125
86
564
115
88
526
154
430
186
147
497
203
598
149
78
486
188
83
404
182
517
163
89
461
131
89
207
135
171
113
193
217
129
265
111
113
296
88
115
231
125
212
163
109
243
164
168
177
250
291
98
97
185
120
231
188
120
230
158
96
270
153
237
178
87
372
234
287
131
88
292
164
93
363
139
444
144
112
287
89
92
258
104
261
124
89
222
159
245
92
100
210
149
115
198
179
275
120
107
238
100
127
255
93
340
140
179
245
169
485
186
202
353
155
108
383
159
375
118
90
376
142
169
215
135
515
192
83
515
202
535
156
102
523
221
116
529
113
558
99
101
511
196
464
117
107
573
176
117
505
138
567
202
189
316
87
103
541
137
531
83
77
550
168
641
147
139
498
196
84
573
169
597
171
96
435
160
97
356
134
501
212
134
419
204
394
89
90
404
93
89
349
215
476
152
104
502
120
95
449
206
473
146
88
265
101
269
131
87
275
180
90
347
174
301
164
217
391
125
84
340
187
185
119
114
220
143
207
176
79
198
173
84
251
123
527
146
142
365
148
462
156
91
302
152
85
284
217
320
169
132
346
240
129
250
113
332
149
97
319
142
196
107
109
246
162
106
214
90
170
144
124
166
144
101
157
125
194
88
108
152
126
172
115
87
192
93
112
217
104
411
787
144
217
167
181
160
250
875
177
96
293
126
366
139
90
196
118
93
115
107
262
270
467
703
221
163
295
160
294
181
133
246
92
207
107
102
254
164
122
356
169
258
110
140
295
127
269
117
93
227
178
121
176
157
260
140
112
246
124
130
308
123
288
131
93
316
179
371
147
102
272
124
87
202
201
385
119
101
251
101
170
275
121
308
133
88
244
279
927
207
86
272
97
88
223
178
246
119
91
275
127
85
229
100
232
99
98
243
138
331
93
147
378
118
90
350
189
452
223
83
361
201
517
132
189
456
226
81
406
182
343
119
79
354
140
83
352
128
281
158
85
254
158
211
122
90
178
166
112
238
82
183
128
88
218
126
87
207
104
188
126
108
182
125
186
173
165
196
95
108
174
162
224
97
122
199
135
99
176
90
248
151
92
214
144
301
152
158
231
173
164
261
105
232
96
121
224
140
113
211
203
334
149
92
258
222
215
121
115
233
93
84
184
154
149
137
79
188
85
155
177
104
171
143
119
156
120
197
107
109
162
114
105
180
133
193
127
168
170
160
139
133
98
153
103
96
176
146
157
746
169
173
241
119
166
128
180
104
112
186
110
1286
498
171
164
124
134
159
165
1116
409
120
216
145
94
183
144
275
93
116
237
142
178
110
122
176
82
109
150
162
187
113
90
184
243
76
167
145
190
98
74
192
141
198
143
85
174
122
92
240
88
237
193
119
624
750
1622
1487
965
1282
1252
377
1403
647
981
878
110
205
148
88
230
153
304
136
84
180
162
207
128
83
190
124
86
223
112
182
116
77
183
101
109
207
132
194
123
78
142
161
241
188
79
197
267
184
172
113
201
81
78
221
109
88
158
128
159
107
78
193
123
189
100
95
193
96
75
207
196
194
148
76
206
154
156
104
84
176
115
89
190
128
221
133
91
315
144
80
320
122
317
113
79
239
150
343
126
114
442
140
92
459
105
334
94
104
326
165
114
447
223
411
165
92
331
108
295
119
73
230
108
90
222
146
230
82
90
221
90
95
220
95
288
115
133
230
112
226
166
86
265
108
97
198
99
168
98
83
205
131
114
210
112
196
143
85
277
207
266
132
85
300
114
91
237
240
290
155
177
196
146
407
148
91
293
119
132
167
108
187
117
84
226
79
128
187
167
146
145
83
152
137
177
113
78
249
186
83
301
109
174
116
86
198
181
85
259
184
401
134
99
333
129
356
114
95
271
238
81
280
141
316
168
86
324
130
76
285
108
250
117
88
232
191
158
136
90
208
113
76
830
329
1169
728
150
274
124
74
293
157
317
120
85
265
119
312
163
88
391
93
115
224
121
328
101
113
357
209
542
143
115
556
190
107
454
114
353
120
92
393
148
107
300
197
291
149
108
211
167
356
126
127
256
100
115
223
151
335
104
110
201
154
116
299
148
366
168
103
319
93
288
121
107
282
141
92
368
150
383
138
185
232
175
81
360
104
407
164
110
229
115
323
97
124
209
125
107
240
190
319
127
101
237
169
136
176
196
246
109
82
191
218
263
153
85
209
147
78
190
119
316
166
80
207
94
248
107
128
217
131
124
218
122
210
89
113
331
159
115
540
91
469
122
80
331
170
370
129
113
290
124
81
420
115
411
141
111
378
110
101
320
146
354
154
83
343
105
284
109
121
180
127
143
254
181
194
115
83
243
203
225
136
101
196
92
113
195
125
179
125
82
195
93
109
174
142
162
124
101
257
206
243
128
125
171
130
93
170
96
181
150
119
155
127
104
166
137
219
143
98
165
107
179
133
120
195
114
125
182
134
199
119
121
297
139
156
228
121
276
133
111
327
131
368
185
98
243
134
77
264
128
1195
940
85
592
128
124
1373
465
1175
754
183
462
183
539
169
216
368
180
132
338
168
482
150
98
442
246
127
514
206
531
131
119
536
124
619
148
87
580
131
84
422
150
352
124
96
266
213
312
186
135
171
132
103
1024
144
281
87
112
199
137
96
275
162
248
109
78
159
107
198
135
86
238
137
73
206
99
206
129
85
205
123
83
267
83
186
152
86
394
647
1121
561
136
541
124
85
255
130
260
123
84
274
139
90
246
92
182
152
101
243
106
251
106
106
292
139
165
246
147
233
146
85
188
113
79
167
175
201
145
85
209
138
155
124
96
217
127
83
228
139
325
146
78
328
130
311
126
90
254
138
84
274
86
459
188
96
456
174
86
457
170
525
174
86
514
163
448
154
78
557
108
209
351
181
362
129
84
242
133
99
299
165
435
124
113
437
188
358
158
85
155
135
102
231
193
280
162
88
230
157
105
194
213
189
80
83
206
224
154
134
86
211
131
75
179
137
163
145
84
217
128
97
186
119
196
143
91
191
114
196
133
75
170
115
95
210
132
291
155
81
316
144
401
101
112
424
196
101
517
131
509
121
97
445
163
81
533
95
621
117
146
560
167
522
106
65
561
107
74
537
119
565
197
95
532
97
100
609
253
391
247
81
210
168
592
121
80
546
77
81
563
125
564
107
77
361
137
163
556
105
539
117
83
572
118
550
139
108
553
114
86
561
167
624
102
84
589
98
149
571
132
559
106
110
608
210
366
142
111
466
148
70
517
139
641
150
91
385
122
490
83
90
396
172
98
395
132
425
168
123
430
199
94
338
108
410
149
233
474
142
499
138
96
564
120
100
507
178
469
127
104
276
116
105
314
156
486
170
125
253
158
345
131
99
560
181
97
314
213
436
175
92
281
182
91
286
161
306
103
96
312
144
231
148
97
269
140
85
324
178
262
143
101
331
172
346
106
73
307
209
77
281
102
420
144
90
226
134
131
112
180
431
213
205
237
423
383
113
162
423
208
118
432
197
496
135
116
566
156
132
343
123
582
131
117
574
152
603
147
86
367
180
110
393
203
312
188
107
413
177
80
277
200
389
117
140
225
156
232
200
116
301
124
116
242
109
194
166
89
442
161
80
264
131
212
101
82
279
87
227
150
122
248
187
83
259
170
1309
654
176
433
402
1103
433
114
270
173
137
213
127
176
123
127
278
147
88
258
174
362
148
90
316
115
355
91
87
182
157
148
367
113
242
118
219
296
156
87
244
110
267
187
111
492
188
980
137
83
332
141
132
255
164
282
121
105
234
137
82
214
124
171
125
82
182
176
162
130
102
187
118
108
175
172
228
122
90
153
171
86
221
161
259
136
113
174
155
182
105
86
211
92
104
179
121
254
149
103
218
165
182
126
123
187
137
96
192
104
190
89
113
205
130
138
260
86
216
151
106
265
180
292
127
86
217
99
89
244
171
199
124
85
213
137
88
224
250
298
153
133
248
158
261
110
107
302
104
91
295
125
411
188
99
284
165
107
310
222
309
131
107
225
136
286
142
92
223
82
115
275
126
422
208
74
232
128
132
269
156
377
152
89
175
128
179
119
97
172
209
170
190
169
183
122
131
188
108
282
140
86
282
160
90
233
142
245
95
115
219
128
75
284
142
286
96
81
291
110
313
143
199
384
104
103
404
127
516
177
160
427
110
180
544
214
530
165
181
587
176
539
134
108
580
144
91
522
165
629
172
140
549
191
93
558
223
534
188
110
559
107
520
130
102
496
112
100
364
154
403
91
99
517
143
597
117
92
544
132
124
607
194
553
117
100
539
196
83
514
122
604
133
92
531
179
594
92
84
574
122
85
552
148
571
103
88
547
137
84
558
110
579
85
89
380
158
207
171
116
378
128
105
498
134
539
134
102
518
109
99
539
175
557
197
83
504
174
600
190
90
536
167
148
609
102
367
131
98
438
123
111
279
201
333
163
121
345
151
597
128
100
308
155
107
842
180
1334
797
109
1737
735
832
686
86
319
137
249
269
164
434
117
102
467
205
89
316
208
551
130
137
403
192
565
129
114
591
150
96
440
86
493
108
77
436
142
131
566
360
532
157
152
455
100
349
180
121
345
290
103
399
123
128
96
95
410
125
95
357
125
623
96
94
413
204
484
126
89
588
131
113
392
130
503
134
82
592
93
204
344
229
278
134
113
317
91
368
131
127
239
92
96
286
122
322
129
122
213
153
304
142
99
279
138
89
313
130
234
178
95
405
125
189
346
175
473
136
91
542
177
443
99
92
497
143
124
464
167
399
164
88
429
134
139
342
181
570
187
144
412
133
340
126
181
362
304
92
641
139
606
136
108
430
201
228
324
177
500
178
177
546
202
326
113
122
441
183
116
480
128
495
99
114
269
115
110
280
230
446
142
78
320
177
281
140
88
237
119
102
208
90
308
102
177
190
100
280
176
115
268
114
117
303
180
371
155
96
312
114
139
258
120
270
118
158
247
129
336
163
109
456
186
144
696
273
256
172
117
546
182
105
512
189
470
173
109
620
252
690
209
130
413
222
106
527
139
623
189
116
467
182
84
469
156
470
126
98
304
202
370
107
106
282
137
85
346
157
401
135
94
333
156
427
214
93
388
162
120
405
167
477
111
109
380
90
99
402
94
244
173
131
327
128
418
148
98
338
203
90
236
115
798
353
97
941
1316
342
666
262
395
141
88
281
161
314
121
117
335
145
83
381
125
652
150
128
526
111
79
484
123
671
98
78
571
144
612
144
84
594
160
116
558
207
551
95
87
586
191
330
572
131
628
89
102
588
279
552
107
75
631
130
126
629
150
731
91
92
577
236
579
120
80
579
162
106
521
213
556
105
283
601
112
86
590
109
543
162
85
542
90
522
182
95
498
158
106
567
138
562
150
94
459
143
87
520
167
686
192
122
570
292
546
141
209
622
162
171
441
170
474
137
166
407
178
171
430
141
537
143
88
251
103
310
170
111
357
98
168
276
95
220
182
104
150
157
126
171
123
168
155
105
179
140
369
100
106
216
122
92
336
128
422
178
105
331
170
590
125
83
447
179
111
457
121
484
160
126
507
229
116
435
186
535
115
97
526
185
393
181
110
275
149
111
502
88
613
99
91
643
211
91
534
102
323
140
105
556
96
487
129
98
466
157
116
564
144
611
174
97
416
120
82
370
104
297
118
86
434
152
277
161
123
419
146
226
464
292
267
193
89
534
119
123
306
168
256
116
87
230
134
449
127
213
304
189
150
296
113
212
160
104
330
171
486
201
272
606
102
113
321
156
255
95
89
429
142
108
390
187
370
165
107
276
108
220
127
108
500
133
99
214
195
315
94
89
281
148
127
244
132
312
128
100
350
158
443
130
110
875
160
143
410
113
521
178
109
386
130
224
395
141
573
242
127
708
172
496
204
98
216
120
99
385
154
617
132
82
348
214
282
157
103
353
142
122
479
142
400
127
91
240
131
86
326
156
300
125
106
273
139
240
155
132
253
165
119
318
218
261
147
106
990
146
109
299
147
306
240
112
561
459
1451
688
205
369
174
109
450
131
316
108
98
508
92
114
299
206
325
187
101
478
158
409
155
101
512
125
99
305
158
486
174
123
293
138
110
331
129
462
114
190
499
146
515
115
89
543
154
115
643
112
533
141
100
608
151
633
141
94
563
128
90
592
118
552
116
107
521
118
95
558
251
580
127
109
490
102
459
141
127
548
162
97
513
166
504
147
103
552
133
86
512
116
496
162
182
515
136
607
152
85
581
137
96
655
171
564
162
182
496
144
195
407
191
336
168
98
325
148
301
101
121
215
125
91
289
152
544
174
198
316
207
120
354
121
316
170
77
163
140
264
138
92
279
248
90
223
723
687
93
76
185
132
268
191
97
348
111
72
184
115
205
99
103
241
147
88
284
234
331
247
117
299
231
413
175
73
254
96
96
374
158
303
100
95
326
161
79
224
100
364
105
101
428
206
358
121
86
286
158
85
290
134
332
239
223
396
160
82
395
163
509
114
85
415
194
407
106
80
236
165
83
391
92
318
162
278
575
104
81
305
263
142
129
176
372
235
98
215
244
127
83
80
212
214
308
94
207
240
109
87
80
225
242
117
85
277
287
509
103
94
531
171
85
560
163
581
130
88
498
162
667
143
127
545
140
88
508
135
553
137
84
570
134
85
559
147
529
79
72
578
109
555
147
126
738
216
78
581
145
576
143
97
577
142
81
674
174
536
154
92
400
159
387
133
82
318
152
93
345
148
486
275
87
350
118
537
113
85
668
126
93
1190
691
1161
634
397
1009
265
78
323
115
379
153
88
835
260
658
225
83
393
86
91
439
187
446
127
76
459
114
153
409
219
476
118
76
627
171
643
144
168
1665
296
544
219
121
539
88
90
528
151
243
533
118
573
116
92
553
151
561
155
101
554
96
80
466
152
307
126
80
470
127
93
456
175
495
175
87
691
110
597
149
237
484
162
79
309
236
211
170
120
484
144
401
140
75
414
88
106
397
207
273
130
102
256
169
89
233
170
384
94
92
291
202
269
150
102
263
82
91
303
186
305
137
82
334
134
93
328
147
440
156
104
428
112
411
165
85
296
109
116
357
143
268
143
92
751
84
95
1098
224
248
143
84
238
107
394
148
114
261
177
88
392
199
329
202
365
1107
231
103
227
191
429
182
177
390
127
493
119
89
510
115
81
470
150
635
174
99
424
154
517
118
103
327
211
93
422
186
538
133
81
517
127
81
328
121
368
119
120
481
170
288
111
100
411
151
86
299
168
318
174
102
268
136
83
248
142
284
119
82
223
169
215
98
90
311
153
173
245
103
277
152
89
383
200
99
328
168
186
122
96
223
236
347
95
93
361
126
93
234
203
315
97
121
253
136
83
271
254
453
173
124
439
140
518
138
88
676
158
100
583
144
628
123
97
616
155
578
128
82
553
140
93
509
142
575
123
80
535
159
97
563
148
536
124
116
544
208
617
142
86
501
170
76
533
95
588
96
110
609
154
79
537
133
612
135
119
401
153
533
153
115
687
104
86
500
196
543
106
89
586
110
147
638
190
533
102
87
598
129
521
116
75
554
111
78
587
183
627
127
87
306
111
100
579
251
576
154
98
335
158
305
182
104
360
153
95
283
177
384
175
116
200
122
261
126
112
242
155
89
337
160
350
145
121
237
105
83
158
198
251
144
125
369
113
418
169
116
308
111
105
544
168
511
125
131
528
107
97
534
100
576
99
230
600
163
698
291
139
661
93
82
589
130
627
188
91
343
142
113
475
89
296
186
100
467
147
538
151
92
565
143
91
292
275
326
123
88
247
156
639
132
95
468
138
97
598
184
620
124
118
618
178
152
563
149
613
119
82
595
190
523
123
90
577
181
94
494
96
532
224
180
594
147
93
561
161
688
159
93
321
166
366
169
104
269
157
158
315
201
397
282
95
238
88
103
351
100
375
109
93
307
95
263
156
92
290
162
99
276
128
278
138
78
227
151
92
391
126
527
172
75
126
313
392
215
87
313
121
80
386
120
491
98
98
452
130
567
147
78
413
162
71
467
119
404
98
77
338
115
93
266
139
280
133
85
397
174
277
127
100
265
105
96
378
120
524
108
96
335
123
95
470
220
438
129
111
482
98
498
196
95
524
147
105
617
183
523
159
216
549
180
93
460
130
428
192
97
472
148
655
147
93
547
172
87
471
156
470
167
89
407
104
124
619
151
486
151
83
323
415
449
127
93
401
171
101
294
165
304
110
103
294
129
336
125
85
341
156
93
211
134
310
145
97
361
151
222
462
138
466
196
96
355
210
379
160
95
490
143
94
473
161
557
130
119
667
173
116
568
174
628
269
97
569
137
438
150
110
581
132
106
395
144
250
174
169
394
186
80
463
158
540
97
92
536
138
353
108
126
433
129
70
544
129
298
126
81
546
202
102
534
131
392
120
76
596
107
603
149
83
547
108
69
599
122
637
166
101
557
90
659
163
87
473
124
92
468
153
285
137
88
454
168
219
594
286
412
200
85
344
209
328
153
122
366
117
83
230
117
205
173
96
232
128
93
295
96
268
82
89
496
146
305
172
186
276
101
168
334
138
345
176
80
322
156
82
374
110
244
134
73
171
143
307
140
96
280
132
89
293
179
449
144
118
453
161
90
410
209
497
148
98
525
190
261
144
77
570
99
81
549
163
605
132
98
645
139
564
140
84
477
123
78
487
124
498
106
93
587
191
83
589
170
506
135
138
387
171
441
141
83
552
162
83
504
107
544
182
95
591
148
86
497
112
543
139
85
296
117
547
191
89
530
101
82
512
139
356
160
96
246
153
105
234
138
220
164
92
216
231
511
196
73
207
125
109
204
100
417
220
107
285
171
253
86
88
405
107
88
292
151
202
220
126
363
167
78
194
107
198
225
105
405
133
339
156
91
305
144
162
237
167
233
89
84
225
149
97
336
128
325
130
95
337
170
291
140
102
222
134
132
221
117
316
99
84
314
127
89
295
233
242
160
97
244
171
507
142
83
490
153
92
545
226
1176
266
87
631
135
93
1114
378
1215
1042
122
501
90
159
176
144
373
173
110
524
114
504
145
79
453
178
836
614
97
183
165
99
284
128
952
126
71
214
127
91
281
172
284
98
74
206
129
256
87
157
227
135
88
189
128
426
133
101
267
130
86
209
128
230
128
90
220
110
278
176
84
290
97
92
245
139
286
179
99
289
97
89
248
173
248
148
115
316
156
276
124
115
390
266
91
180
186
606
148
97
352
141
108
317
133
300
141
102
273
128
369
104
92
401
187
116
299
83
322
174
99
354
112
528
110
91
289
154
81
444
212
384
148
94
376
235
146
405
182
384
146
206
264
270
442
251
150
452
158
95
255
160
229
80
98
253
182
91
282
147
186
120
86
274
92
367
151
78
247
178
81
238
342
303
187
87
184
123
87
243
106
266
128
95
255
158
255
166
77
276
162
85
196
223
335
120
82
229
146
304
141
86
371
391
84
1216
609
950
164
137
265
132
90
178
164
198
129
105
477
137
839
174
79
470
135
109
211
166
389
127
99
277
186
104
270
112
168
169
72
167
136
306
121
82
186
125
82
249
145
216
113
117
199
119
78
176
126
152
113
253
1100
399
424
125
230
174
109
100
199
123
210
95
87
187
120
106
136
128
280
274
188
184
150
360
131
85
240
153
83
178
146
345
129
80
151
130
149
159
142
183
99
97
172
98
184
97
88
132
114
91
186
126
220
111
95
341
82
796
292
130
258
484
149
550
161
413
113
205
340
92
85
283
111
355
93
83
417
90
666
95
74
454
161
85
376
200
1030
847
86
692
140
127
397
114
378
156
131
282
269
357
125
133
286
121
111
214
178
162
156
96
279
153
83
160
139
199
152
77
205
117
291
169
172
359
171
109
381
194
440
196
147
454
124
406
148
142
288
193
97
282
174
285
191
99
260
178
70
274
99
202
217
82
209
155
154
95
78
195
183
89
158
130
255
171
81
250
162
84
160
156
153
136
97
190
200
143
94
108
180
138
83
197
200
207
108
93
200
141
93
221
108
241
161
83
194
132
290
148
88
319
140
149
322
128
408
126
96
232
520
126
563
232
897
125
107
395
165
272
151
145
338
141
208
463
123
406
89
83
259
205
311
152
87
226
116
87
232
114
296
127
86
280
136
118
210
132
295
135
87
240
157
220
119
193
197
132
110
316
149
335
110
98
231
144
90
195
121
248
91
99
303
90
305
147
96
317
151
91
191
159
350
135
72
328
155
86
310
305
300
148
76
391
111
416
113
89
560
126
89
573
89
282
146
77
156
196
241
119
85
250
113
112
330
137
257
168
99
285
133
99
282
176
273
136
89
232
119
307
115
88
244
169
93
168
156
323
163
82
180
120
89
188
150
215
108
115
212
130
181
158
120
180
108
92
182
102
223
235
87
200
142
195
227
132
181
193
73
190
154
217
105
123
272
174
148
186
103
176
116
110
216
217
134
255
144
204
101
105
409
121
459
145
74
249
117
196
348
137
379
132
97
319
137
425
160
83
413
193
196
284
170
329
179
103
211
157
92
270
214
201
140
104
179
125
240
135
93
202
112
95
184
142
248
136
130
259
111
108
181
225
150
154
110
174
182
162
84
108
243
167
76
201
112
437
170
111
245
171
109
251
97
217
121
111
170
104
214
198
83
198
114
84
235
240
523
104
98
425
181
93
471
150
492
132
97
302
127
293
128
97
217
126
90
330
220
411
188
98
319
191
351
148
96
287
79
113
410
163
425
157
139
322
167
82
549
216
574
185
96
556
101
606
180
109
500
121
88
502
124
562
172
114
218
102
111
550
164
599
145
87
554
115
571
114
93
608
181
97
506
195
523
111
94
540
128
92
572
189
566
107
125
618
198
285
93
89
479
103
77
559
121
606
119
111
490
106
83
561
175
565
161
86
510
213
548
106
78
566
161
104
577
160
527
154
210
330
108
479
123
96
310
222
98
381
140
591
147
169
368
181
145
223
124
268
108
92
279
135
451
131
77
429
197
195
473
311
287
227
132
277
192
116
302
156
278
156
117
292
160
353
182
128
223
166
82
342
162
397
176
94
460
98
113
403
118
491
87
93
451
294
472
169
172
415
180
90
607
214
559
163
139
541
139
527
183
82
521
166
96
614
235
637
120
88
503
144
91
337
119
464
208
195
629
157
430
107
164
453
170
109
413
240
441
198
84
346
148
135
253
201
284
127
95
202
139
258
163
97
412
150
85
337
96
226
113
88
357
230
117
318
128
287
131
137
308
130
562
201
109
276
187
124
440
112
287
136
105
463
115
186
241
169
338
159
95
326
145
375
94
81
193
178
133
494
155
482
134
83
384
167
546
163
79
259
116
85
168
133
162
118
170
245
144
93
157
186
209
251
206
218
222
231
128
94
280
175
106
273
114
346
111
104
230
142
82
246
155
389
180
134
240
181
542
113
79
209
161
107
305
174
287
150
85
285
116
91
313
153
308
140
93
431
168
550
137
94
531
208
93
460
100
483
127
86
493
165
85
516
165
605
84
92
443
148
424
157
85
221
114
101
352
153
318
144
84
397
147
348
104
100
151
125
98
199
97
221
172
107
165
108
85
193
103
200
127
91
160
109
147
131
118
234
118
90
145
162
164
214
193
274
168
85
133
103
156
168
77
152
85
187
98
116
963
131
78
172
133
310
151
112
166
100
87
192
134
230
223
107
188
217
147
157
87
175
115
156
235
209
242
192
177
229
129
87
202
160
183
181
96
164
212
194
128
94
214
161
86
218
100
202
102
85
213
108
204
137
128
242
129
158
548
163
414
252
87
232
114
82
213
124
174
113
113
152
156
318
154
102
177
107
74
217
85
192
123
103
145
145
89
180
116
197
151
100
214
163
294
119
75
168
145
91
221
110
261
128
76
230
82
77
221
138
278
107
75
173
131
199
139
101
175
145
100
170
106
172
102
73
165
135
76
166
149
163
93
86
158
112
149
108
93
192
117
85
167
99
148
149
85
190
138
180
86
88
153
150
85
183
137
165
128
92
188
111
83
170
101
196
114
85
163
116
196
127
90
181
135
96
201
129
144
132
78
204
134
125
197
237
174
133
82
220
167
224
184
73
244
153
102
219
111
290
130
253
382
127
87
275
162
317
112
294
319
227
395
116
81
350
182
72
396
230
349
218
145
431
246
395
161
124
364
116
108
173
176
148
134
81
192
214
92
181
254
191
144
96
213
141
262
134
109
172
161
83
208
189
223
168
114
175
141
108
217
96
219
160
138
195
101
244
117
112
213
214
148
213
155
204
120
91
190
147
104
222
141
211
129
122
305
121
287
107
82
255
138
95
301
171
467
248
195
428
104
119
354
167
313
227
122
267
113
219
111
135
282
189
88
376
288
250
126
78
271
158
235
127
111
240
116
124
187
195
322
147
95
336
142
114
294
138
446
98
99
338
128
318
169
101
295
101
158
348
97
224
128
93
298
160
109
265
142
271
161
86
299
176
270
150
93
197
174
90
197
143
210
152
85
70
71
77
256
123
172
139
85
231
115
208
92
77
200
127
87
212
117
195
112
156
195
134
86
185
97
183
125
92
188
147
213
119
95
207
144
151
135
144
213
125
93
307
153
185
130
117
193
110
91
221
184
329
107
87
156
125
104
222
83
215
111
104
157
126
168
116
99
222
141
79
139
140
176
84
114
179
119
89
211
129
211
182
92
216
103
205
145
90
191
119
85
170
110
226
80
99
242
181
97
188
90
218
112
94
199
207
173
127
97
247
124
108
253
131
324
100
98
317
126
111
241
175
272
102
167
179
164
294
137
95
252
105
97
185
173
231
107
97
337
105
399
99
96
260
129
109
197
114
220
134
74
245
151
84
286
153
236
140
75
282
201
396
187
108
508
144
98
578
188
608
199
95
602
171
287
526
182
614
145
100
578
135
614
147
108
416
101
93
312
134
380
163
94
340
115
92
268
214
282
223
93
175
115
226
125
198
229
183
105
237
176
219
154
90
199
146
265
148
81
180
117
78
182
149
204
134
88
219
73
100
208
151
185
128
119
158
187
351
132
116
230
208
74
223
124
234
115
94
281
161
90
228
104
145
122
93
249
118
285
128
98
203
165
87
167
191
207
141
102
172
148
114
152
128
220
168
82
213
203
216
128
73
179
130
91
232
128
165
102
102
173
132
97
243
177
239
177
76
208
213
255
154
82
171
151
94
264
219
156
234
80
174
183
212
118
92
223
106
75
183
140
186
127
100
203
199
93
229
92
229
82
100
247
137
223
222
81
288
138
81
227
140
291
172
155
284
149
78
233
107
269
113
88
181
109
389
132
98
337
135
155
409
169
529
145
70
449
119
133
518
111
599
156
84
511
272
576
127
125
526
148
90
550
191
597
170
193
342
228
145
242
152
169
229
104
195
122
183
111
112
170
116
139
274
202
263
184
151
193
156
391
142
85
222
206
103
170
219
229
151
72
153
102
94
283
136
275
114
92
335
150
248
88
106
305
233
82
191
154
161
163
100
246
149
85
318
159
188
97
105
161
84
250
134
97
164
99
90
248
100
210
121
73
229
109
101
273
159
215
123
70
195
115
181
124
93
237
188
88
197
179
238
124
89
237
173
97
183
126
188
128
93
264
235
192
150
93
242
98
186
162
262
271
116
105
278
144
235
181
147
401
193
96
282
187
377
165
80
330
144
72
404
127
528
139
105
475
176
635
167
111
614
163
102
551
133
558
105
81
564
91
118
438
163
619
257
198
241
170
468
162
100
417
166
151
277
186
493
118
123
428
202
100
484
205
323
186
94
284
139
260
185
89
302
169
151
197
235
176
175
83
196
113
90
324
191
381
162
129
251
158
275
115
111
271
140
139
205
84
183
116
84
169
114
224
173
81
230
84
104
247
139
198
133
78
222
147
101
259
117
233
110
91
235
231
436
116
101
374
111
94
267
158
275
150
97
228
129
110
258
116
211
109
93
220
192
188
128
90
245
120
94
252
177
251
87
126
204
173
96
205
141
187
110
95
169
110
282
117
99
416
171
87
278
125
314
123
87
244
240
225
116
79
272
146
92
275
115
266
150
105
300
125
97
240
157
270
115
89
250
179
332
111
92
202
161
75
203
131
213
126
80
298
137
79
312
104
236
123
97
307
145
235
125
82
188
231
113
300
195
211
152
204
264
170
82
304
147
275
182
83
240
119
185
107
81
230
130
81
257
104
357
190
90
207
182
79
198
123
259
126
98
225
188
213
216
82
206
174
84
249
112
194
103
99
298
111
264
87
83
248
164
81
258
91
203
195
70
157
208
84
245
134
304
155
97
201
82
212
101
78
181
137
83
237
162
225
100
84
210
154
82
207
141
349
119
92
360
116
308
133
86
199
137
81
432
124
289
141
94
280
104
85
392
123
297
135
110
360
236
416
309
105
663
139
104
315
90
288
165
132
370
172
135
418
116
308
97
99
398
116
265
178
141
330
174
102
229
230
251
207
87
217
176
208
128
86
229
123
135
209
182
163
137
93
202
119
190
217
136
231
142
73
220
102
256
183
82
227
139
121
318
134
238
104
100
214
106
101
236
109
270
125
96
314
130
212
108
149
265
181
82
248
99
352
212
97
201
190
104
305
217
198
148
91
221
81
267
183
101
221
133
107
222
108
299
175
82
233
264
519
109
142
399
156
124
390
127
372
179
72
257
162
84
278
154
385
138
113
292
139
340
181
93
264
165
94
163
110
375
139
105
232
147
107
217
126
237
182
111
276
140
235
176
118
183
116
83
317
212
225
111
121
205
156
119
294
250
596
128
105
277
89
434
129
101
380
172
125
351
147
296
89
111
231
187
107
262
128
170
139
101
240
188
235
129
109
221
111
121
212
186
254
136
113
269
134
306
173
110
208
129
101
263
141
224
133
80
144
121
82
282
141
214
144
121
249
151
197
141
113
172
135
141
236
182
340
108
84
201
134
80
225
133
226
320
109
256
328
861
249
103
279
140
92
301
199
259
187
111
430
134
105
265
197
333
147
88
328
199
181
137
88
227
171
111
240
103
390
193
104
221
203
100
1124
207
463
122
113
307
161
316
153
115
353
141
96
180
210
243
132
122
375
200
490
124
81
283
130
116
527
95
490
159
132
620
144
100
603
122
597
180
83
545
164
647
208
82
514
127
102
550
133
536
242
251
465
131
107
543
219
499
128
186
510
133
571
158
99
429
160
115
492
190
430
149
101
292
208
109
288
146
534
148
98
334
128
295
113
91
261
168
110
320
229
241
169
132
279
163
112
282
167
325
101
93
206
172
276
166
122
314
143
108
209
172
160
125
102
198
146
281
125
125
225
132
122
210
85
217
115
108
213
137
86
200
106
174
205
197
311
101
230
117
97
203
204
116
302
102
270
405
387
1425
1117
119
1082
1270
1543
1052
137
423
104
261
98
78
170
397
92
147
175
284
134
84
180
116
109
262
133
279
147
101
192
120
212
95
79
248
118
121
276
90
323
147
94
306
129
83
260
202
287
254
136
292
203
425
123
165
331
173
86
420
172
453
162
121
429
152
549
191
105
502
109
87
585
149
582
142
124
545
183
105
307
135
520
183
76
525
113
545
162
172
604
151
116
538
181
505
114
103
524
115
88
232
189
317
100
113
331
115
403
161
87
255
171
128
276
143
420
139
105
192
96
114
421
134
355
146
104
260
146
216
132
113
284
132
107
201
104
445
174
205
410
266
260
167
114
230
189
137
352
138
298
167
87
248
89
128
278
271
197
170
109
227
197
312
136
87
257
123
102
278
247
198
135
262
256
216
150
427
170
248
101
103
393
201
358
163
127
274
172
108
157
124
199
125
99
185
145
107
185
210
283
164
81
383
243
486
194
94
293
202
110
250
255
261
143
97
329
172
117
265
130
277
172
100
397
256
354
226
218
115
90
95
318
151
169
140
150
176
133
221
108
136
142
120
217
217
178
265
220
96
508
122
141
155
211
144
123
111
188
152
192
116
102
160
99
95
197
181
206
148
117
212
160
119
201
86
273
108
85
295
116
448
197
102
222
169
102
245
140
263
164
100
430
187
77
445
171
316
147
123
281
246
244
138
105
256
129
104
350
206
1122
321
81
329
129
97
344
217
331
122
74
259
121
241
120
83
228
120
223
293
118
274
163
88
333
141
361
161
93
257
159
84
290
148
254
116
97
286
145
135
302
123
1137
242
83
235
106
193
118
188
248
122
115
188
172
221
111
96
211
139
84
207
111
209
115
168
254
151
212
132
90
411
125
119
445
277
326
179
112
297
114
81
290
263
411
138
165
389
126
573
154
111
406
124
113
356
95
427
197
86
380
98
98
476
206
365
194
137
450
311
630
152
91
595
202
259
445
226
634
150
86
263
203
352
156
103
293
112
90
217
178
250
187
100
267
113
107
242
169
329
138
111
222
124
249
126
94
195
171
105
235
166
231
100
180
206
232
99
254
157
239
173
83
169
164
244
118
116
221
166
98
205
222
254
212
116
133
181
73
200
173
207
85
89
183
162
221
119
76
190
145
91
168
138
240
126
110
232
263
171
111
107
183
100
152
213
152
217
198
119
174
161
116
183
158
193
163
112
202
108
205
166
108
203
192
112
168
114
159
141
110
194
169
104
212
214
141
112
103
260
109
217
81
123
195
153
104
221
186
214
89
116
187
146
103
158
165
266
144
110
194
168
193
195
103
203
131
113
188
183
184
171
108
183
189
109
212
177
229
95
103
180
87
254
105
115
184
111
78
222
107
170
91
123
227
171
202
111
106
210
114
123
195
200
183
116
107
183
126
100
142
131
236
213
81
197
153
327
139
98
184
104
91
293
156
228
179
183
292
223
96
221
170
322
197
173
210
132
734
430
121
300
165
97
234
224
1294
401
102
167
129
86
243
160
289
216
111
219
167
267
168
96
294
105
112
211
188
252
221
86
279
133
86
224
112
183
199
96
182
194
202
153
88
230
97
93
301
113
207
100
208
196
215
261
91
88
238
134
117
208
115
198
112
99
204
97
80
254
104
245
158
105
246
104
229
108
79
122
110
82
178
177
333
151
87
258
123
208
338
166
318
107
99
287
229
370
112
101
286
249
100
318
143
475
210
82
388
270
113
314
259
394
175
106
250
149
326
127
85
296
220
109
235
152
213
108
95
256
84
95
221
180
328
123
82
275
130
363
96
85
286
176
78
291
131
420
108
105
198
230
267
130
121
251
145
80
283
182
372
186
82
342
197
86
406
189
442
133
116
417
141
232
117
104
246
161
96
580
166
567
142
142
524
175
155
576
192
703
201
171
629
276
496
152
120
542
155
136
522
139
539
128
223
596
195
233
489
134
677
229
120
598
123
582
105
94
477
226
91
451
147
572
118
157
377
102
493
171
108
495
151
98
515
231
638
134
199
562
222
125
529
166
612
186
105
587
236
616
256
105
519
140
98
555
177
547
193
80
477
167
102
539
236
604
171
126
539
304
566
230
103
673
175
86
472
191
543
237
85
553
203
114
524
216
574
238
132
606
172
540
143
103
551
140
180
544
218
586
124
111
393
170
156
451
151
252
245
110
338
165
361
254
222
361
151
113
305
198
340
139
139
198
103
249
258
190
353
245
121
374
110
623
104
99
268
134
112
395
216
549
155
90
324
214
499
212
122
463
137
82
330
129
496
190
158
509
147
99
471
192
408
133
96
453
151
460
203
199
461
250
84
398
125
378
170
89
308
160
157
298
205
396
186
151
323
138
324
140
121
314
165
269
595
142
338
145
100
273
150
92
409
164
402
175
105
523
126
471
196
97
537
104
103
407
158
429
158
110
568
173
553
102
218
327
208
179
310
227
493
206
86
179
122
92
266
95
173
90
280
328
141
128
98
315
481
262
179
361
537
229
183
118
362
592
144
206
355
331
112
193
102
314
543
194
167
206
457
655
114
176
561
148
81
545
145
177
516
125
513
148
102
610
122
544
154
149
524
91
171
501
159
507
163
170
492
203
243
432
117
270
169
127
324
158
359
141
145
190
206
105
845
153
1113
1182
250
1547
845
1075
614
113
343
143
85
469
115
294
145
104
447
124
85
430
142
406
104
113
369
145
467
138
123
329
124
111
248
128
295
184
119
179
122
122
291
139
393
107
93
198
160
273
133
119
288
158
140
344
100
411
151
87
307
133
103
342
233
536
151
341
456
234
528
237
118
608
187
104
542
207
583
175
136
571
174
103
627
127
501
175
103
365
106
488
147
97
541
156
104
427
238
475
182
100
548
218
515
119
101
419
125
108
506
126
449
174
85
408
137
114
594
120
558
110
100
549
121
526
146
91
563
171
119
591
185
597
161
101
653
145
100
596
213
545
105
106
541
132
595
99
94
557
118
102
520
189
607
132
89
623
105
116
358
81
424
145
117
387
183
408
196
128
387
113
117
415
165
535
107
111
309
181
469
130
90
449
194
94
441
139
481
209
101
467
275
89
370
123
620
144
88
438
196
327
157
133
546
123
91
348
136
468
130
118
230
158
87
246
155
393
148
119
386
114
359
118
94
269
146
107
279
102
253
131
79
260
192
109
337
117
219
138
90
221
166
526
161
123
389
135
119
332
171
428
117
187
363
104
91
364
163
349
108
91
390
128
279
146
88
188
140
85
143
137
219
112
89
254
100
214
96
128
178
127
83
279
206
205
140
121
298
145
125
265
119
416
133
192
262
106
302
144
83
164
130
95
245
125
169
123
89
187
139
113
212
118
157
138
115
223
135
250
89
100
278
135
89
167
117
228
147
115
183
136
88
228
150
281
92
103
259
144
461
120
92
287
164
94
257
124
612
172
84
335
150
93
190
153
399
174
88
229
126
383
141
82
170
182
101
295
94
265
109
109
622
165
565
161
136
231
88
100
551
153
616
132
104
544
141
90
523
88
505
101
94
543
201
515
153
97
534
122
110
405
194
613
134
92
475
161
215
309
168
574
160
82
268
139
609
654
244
286
207
158
250
286
289
194
79
396
144
174
285
156
250
231
141
461
176
363
265
349
470
186
101
309
258
380
180
114
368
128
162
420
158
369
162
140
347
168
369
124
132
329
101
138
219
196
385
184
90
431
250
257
78
114
266
222
130
325
300
288
153
96
444
200
87
489
136
238
156
166
322
184
453
271
197
443
150
150
375
150
485
148
153
360
166
132
254
147
320
154
99
330
159
343
99
187
498
220
99
400
149
365
149
106
471
134
116
494
192
647
194
101
319
125
439
261
171
576
156
120
623
261
563
189
81
621
207
408
156
96
452
188
166
338
207
257
258
151
218
195
116
295
180
290
143
173
368
212
316
186
285
258
134
131
254
170
275
115
159
298
185
113
411
204
213
124
108
369
139
322
170
134
263
212
279
348
212
544
161
106
330
145
109
446
227
448
152
77
332
160
388
120
119
288
185
101
255
122
532
130
88
292
172
153
430
326
408
148
137
346
192
574
178
114
380
161
119
493
199
617
128
120
527
134
422
136
96
612
134
104
446
197
325
131
115
595
167
123
346
149
325
126
85
268
139
224
138
103
199
110
85
160
114
233
130
106
205
100
99
192
116
177
145
107
219
104
180
192
110
228
121
121
1084
223
485
150
90
228
159
82
175
134
186
134
96
171
154
190
108
86
290
166
87
200
164
290
145
165
255
101
126
306
153
267
111
84
205
162
392
155
80
395
113
84
283
123
472
131
114
289
98
197
436
102
337
131
83
1128
131
364
177
122
252
181
108
336
131
365
95
98
445
205
619
107
145
449
188
91
534
139
564
174
78
343
165
123
232
258
323
179
216
246
132
222
170
111
192
123
79
159
361
1671
2745
1993
2175
1605
2046
1991
2174
2409
3324
2527
1780
865
802
965
922
707
265
228
474
296
325
176
249
300
94
100
312
89
316
125
93
439
104
529
134
75
379
135
82
333
152
310
102
100
254
111
260
100
120
242
161
117
235
151
898
395
128
449
168
123
291
136
351
171
111
226
159
215
148
119
232
180
129
203
121
207
156
112
227
141
120
236
149
235
120
110
193
118
379
135
118
250
123
82
362
143
327
123
126
431
149
126
248
165
269
119
89
193
158
200
128
107
241
131
79
323
125
218
125
108
301
143
285
118
117
237
126
110
226
110
284
162
84
356
130
73
255
98
248
120
83
233
184
329
130
106
264
175
99
180
129
194
140
114
243
184
111
237
129
179
186
106
255
129
313
150
93
367
154
99
389
150
519
112
190
438
178
88
489
127
570
107
81
522
162
627
124
102
565
158
97
569
139
615
136
98
393
152
119
437
142
519
128
113
332
244
374
127
210
267
99
113
280
226
210
150
121
365
133
318
143
94
172
103
102
200
249
259
109
113
274
168
131
298
208
199
182
122
316
94
317
121
93
205
127
78
173
215
220
161
86
180
137
85
159
138
268
139
99
276
99
257
168
125
214
159
142
975
451
1080
538
202
401
154
143
153
255
277
160
111
256
198
419
141
131
317
169
86
421
206
373
156
105
419
144
106
619
178
253
145
112
514
153
488
125
133
479
113
97
518
112
444
128
112
535
260
652
138
168
550
224
109
594
234
466
183
164
486
100
223
313
138
370
159
118
293
179
244
141
122
401
139
112
437
136
1197
407
150
281
140
102
217
180
343
134
123
354
140
371
146
171
155
123
86
236
101
935
864
104
703
131
210
451
135
422
131
109
252
147
375
185
146
292
115
128
302
144
313
110
92
375
152
106
396
120
446
127
121
442
127
964
117
120
501
117
110
445
247
576
106
90
344
140
494
98
100
499
119
91
316
179
519
151
101
387
132
103
248
123
377
142
113
246
137
264
110
114
362
116
100
188
106
212
140
148
284
155
101
614
116
411
149
113
292
119
343
96
98
278
121
119
367
142
358
151
121
334
127
121
329
119
400
175
81
321
132
274
127
105
268
172
105
204
131
281
122
121
243
141
274
155
103
206
224
107
178
173
221
151
96
209
144
116
191
143
190
130
117
249
127
201
160
106
236
145
225
316
139
460
169
180
223
140
108
231
156
238
116
124
243
148
178
161
129
237
138
123
220
182
208
166
112
184
106
105
147
183
284
134
121
197
114
143
151
88
155
149
82
228
125
296
198
110
229
124
122
384
207
297
130
83
292
129
267
164
114
381
159
110
204
148
384
127
113
224
200
377
172
104
429
154
128
332
120
321
133
77
289
117
89
374
135
377
169
119
322
136
396
184
145
427
213
119
354
214
439
129
97
224
136
107
313
133
148
141
97
297
105
235
105
84
216
252
181
196
225
373
159
118
322
130
117
239
151
498
106
69
386
197
428
128
148
340
189
107
271
144
521
116
105
379
109
90
369
150
446
165
122
528
161
368
102
122
496
161
99
437
214
495
154
114
614
213
525
142
123
506
102
100
522
107
499
146
88
543
205
88
481
177
606
147
266
536
122
588
133
86
549
100
106
401
183
552
126
124
566
133
125
543
144
459
98
86
374
159
437
149
137
413
161
72
308
255
333
203
98
408
206
71
257
199
521
121
122
368
122
579
150
193
334
152
110
339
152
527
134
166
274
116
127
748
415
812
140
104
388
238
318
148
108
233
126
111
325
105
293
146
113
209
95
232
143
102
209
124
151
242
148
295
152
137
232
119
108
213
103
228
94
77
227
123
412
193
118
296
144
125
278
138
281
164
104
211
98
89
227
209
296
147
94
368
124
317
110
105
359
95
94
233
107
165
249
166
298
189
146
193
102
201
150
101
234
195
224
174
84
319
293
92
937
419
690
264
103
1049
433
878
238
231
242
107
114
222
117
222
122
91
217
93
80
204
129
216
119
112
284
123
260
154
87
182
123
96
246
144
229
97
164
264
158
119
219
94
244
178
124
266
173
250
130
180
182
101
95
160
117
203
116
124
223
126
119
278
106
178
118
119
159
181
261
156
100
209
127
102
295
146
182
127
139
221
93
119
1838
1125
1117
584
286
677
101
405
130
108
298
128
106
242
192
880
759
80
241
774
557
121
115
453
165
104
522
182
501
87
88
530
103
83
488
155
589
137
106
545
174
528
103
108
558
107
104
403
180
619
111
117
545
140
94
436
165
592
110
88
491
147
504
172
137
322
116
109
228
106
270
165
104
241
114
101
298
117
339
146
109
292
131
267
172
122
235
156
116
200
134
228
166
123
278
512
465
169
172
229
99
79
204
173
204
222
95
288
194
170
199
138
210
168
107
255
154
248
105
93
270
159
126
236
264
193
115
103
224
186
85
190
150
264
155
72
286
142
181
154
281
266
200
112
251
150
210
98
143
198
161
144
253
126
215
259
144
354
222
424
148
94
360
170
95
269
165
225
132
117
174
183
103
230
224
370
176
90
265
123
309
109
104
326
142
136
320
183
315
156
80
234
155
115
196
94
216
212
148
158
188
235
210
140
291
167
151
259
175
194
195
110
165
181
239
142
91
216
95
114
161
120
160
199
102
357
135
85
207
180
203
97
99
673
443
724
412
103
216
130
98
234
140
388
107
124
151
148
115
257
141
240
164
77
222
108
322
135
78
230
88
79
220
133
190
122
113
203
92
93
218
113
225
162
127
198
157
239
149
119
236
107
121
248
156
203
144
111
225
163
124
314
189
204
100
133
271
131
194
129
113
222
103
115
326
102
211
129
121
153
96
194
105
108
211
111
115
265
137
256
105
83
283
110
95
230
210
907
893
114
695
229
777
140
123
242
114
106
334
158
360
128
170
273
129
155
272
198
410
90
243
562
397
735
125
93
579
152
103
538
123
557
104
120
533
136
117
586
283
582
115
112
580
126
641
161
106
556
135
105
590
203
557
299
218
505
195
555
135
99
554
173
112
581
141
663
121
83
536
158
201
524
159
699
133
82
553
182
621
165
172
571
149
80
538
178
622
127
105
366
104
99
578
123
622
132
100
627
151
549
161
104
567
126
78
518
99
303
119
98
509
116
92
256
131
469
138
101
275
160
332
104
117
486
103
111
360
286
434
153
110
344
123
108
463
129
431
192
122
365
209
544
140
115
464
164
106
641
258
487
186
280
505
169
570
148
103
451
187
108
569
129
564
161
113
281
103
100
285
139
332
168
110
404
154
441
193
86
505
245
119
553
503
227
98
121
200
633
161
499
179
592
148
123
450
151
559
159
107
339
163
93
282
153
219
167
93
259
149
95
191
100
233
140
98
269
130
208
117
90
243
141
110
263
209
453
210
110
335
118
85
298
152
369
119
101
280
184
543
168
131
441
135
126
351
197
561
118
102
454
178
559
197
120
289
127
103
342
148
564
136
104
475
210
118
598
191
615
134
89
627
142
590
154
121
298
102
102
541
200
535
138
93
527
138
107
566
124
562
148
91
554
143
527
138
106
485
179
108
371
165
465
199
87
435
203
207
566
149
608
185
102
365
174
347
104
99
422
131
80
494
135
431
163
121
429
136
105
258
138
351
161
109
243
157
305
100
190
242
144
110
289
138
280
154
79
186
209
312
211
88
277
149
108
218
166
240
147
122
284
146
108
164
199
214
165
112
173
216
249
251
202
250
152
99
315
81
275
166
111
208
137
112
224
90
259
151
96
300
129
250
151
135
213
177
116
209
147
295
135
83
234
83
77
196
125
206
163
108
249
128
265
159
81
205
156
128
270
189
426
187
80
559
138
567
115
108
506
106
74
269
124
527
108
103
496
163
114
537
176
543
114
119
281
183
440
158
118
455
97
112
248
164
308
153
110
347
156
116
230
202
310
205
118
230
135
1240
451
193
1040
306
146
415
310
750
390
92
220
115
114
379
224
824
180
106
458
172
438
179
78
475
170
186
441
170
561
211
167
531
128
103
515
119
455
118
107
497
165
344
152
145
288
249
494
109
122
268
160
101
283
212
182
197
175
313
108
120
269
180
249
107
119
173
123
103
162
103
175
148
126
175
119
202
93
100
220
96
127
311
148
992
156
128
375
162
105
415
106
788
189
103
535
127
546
131
120
523
155
87
590
111
457
180
110
619
189
115
397
127
611
195
112
593
241
616
160
113
572
179
104
642
151
612
173
191
625
261
150
1694
706
789
266
121
588
167
603
180
110
583
123
111
567
126
560
187
127
433
211
281
200
155
263
140
188
191
139
309
104
129
305
186
95
361
231
343
173
127
1152
147
2018
1030
148
1125
741
118
493
121
418
140
104
494
188
205
589
290
612
194
159
566
169
629
180
225
562
230
146
672
89
597
142
162
587
298
171
575
150
662
183
237
429
130
519
184
151
556
207
115
479
207
458
179
87
408
174
157
518
200
266
127
106
251
149
188
113
82
171
94
124
316
242
175
129
93
263
156
198
127
99
238
111
108
250
152
266
197
119
235
104
99
247
262
213
192
170
231
157
209
154
103
209
141
101
190
149
205
128
189
238
100
131
233
150
195
154
113
184
145
492
189
126
226
228
154
215
118
213
180
122
222
141
227
237
106
337
228
83
243
212
302
156
99
217
168
110
297
90
179
147
111
221
152
188
111
80
283
105
109
180
130
463
114
97
212
105
86
214
177
304
114
84
803
456
1061
881
101
293
376
195
185
118
1238
511
190
263
167
111
211
163
178
204
117
875
851
545
623
138
296
135
86
302
211
237
162
116
282
128
106
208
99
206
144
104
267
120
371
118
76
262
155
95
337
218
396
195
178
251
135
192
465
199
254
144
171
236
183
368
110
110
269
129
88
306
112
390
138
150
401
263
351
135
97
249
168
175
251
243
289
206
93
210
125
122
172
106
247
103
120
194
124
230
159
127
233
114
115
154
181
425
148
98
571
116
97
516
171
482
163
102
597
173
672
170
85
583
161
149
567
145
542
165
90
582
154
98
596
149
654
98
86
540
164
551
149
118
406
148
87
428
139
438
111
90
307
170
145
305
218
375
132
94
465
134
475
99
102
337
106
104
436
162
563
163
106
614
166
609
147
105
371
139
124
578
145
627
114
115
608
130
125
581
203
701
125
103
621
196
589
150
103
627
133
98
647
960
1247
290
148
616
194
284
635
240
537
218
139
454
233
473
200
125
422
199
119
321
205
321
223
157
334
244
119
331
162
562
127
154
209
144
292
196
203
289
234
118
288
202
451
149
272
220
284
228
234
128
213
122
140
219
138
211
166
259
221
95
116
223
132
306
129
113
267
199
245
122
119
210
88
94
188
131
202
136
109
271
174
88
257
101
295
196
100
393
177
330
148
129
313
110
109
363
113
394
171
89
476
149
95
348
164
358
135
97
278
129
365
101
124
287
186
112
235
111
391
146
81
199
128
214
339
198
233
197
118
187
107
249
148
98
220
107
78
220
107
176
148
94
241
177
232
92
90
226
111
111
308
154
281
107
85
255
149
112
177
170
237
125
83
204
161
222
134
113
182
117
99
207
144
260
172
117
161
158
81
242
380
423
96
103
239
183
253
125
106
259
84
249
275
97
213
132
110
184
85
124
189
134
192
94
93
269
101
205
106
118
228
122
100
261
96
262
94
74
432
108
81
619
292
488
189
89
458
171
536
190
94
519
277
142
551
161
571
187
83
524
272
617
104
111
558
113
96
575
170
566
148
78
482
118
101
522
92
399
145
120
331
114
385
147
108
442
100
106
331
117
539
146
84
364
157
99
260
194
279
181
79
306
140
403
113
92
226
132
92
272
159
473
138
132
217
112
111
238
100
268
144
108
312
206
365
162
97
276
216
210
399
156
357
148
93
266
143
87
278
170
339
138
95
215
160
293
172
122
239
117
139
228
149
296
228
104
292
139
190
101
119
158
136
107
196
130
417
114
117
181
111
115
147
164
198
149
96
175
127
302
136
119
194
110
81
231
197
256
132
98
188
143
99
193
139
279
153
181
270
193
290
130
108
493
201
107
886
450
858
598
107
281
162
107
273
113
436
196
119
872
293
938
383
362
864
107
101
479
255
434
154
96
309
170
117
397
219
438
258
142
424
135
388
167
89
194
143
119
186
141
270
144
106
388
127
376
117
163
609
126
123
398
116
461
156
111
566
152
94
530
165
519
180
96
421
214
587
184
86
445
134
87
288
281
383
178
105
402
121
113
404
119
383
137
103
268
159
270
178
89
279
261
102
282
149
328
155
111
235
126
111
236
239
280
170
103
176
140
115
170
136
143
151
157
356
120
399
213
107
588
132
136
435
163
463
172
105
438
126
499
121
112
601
135
99
671
123
634
132
105
511
124
365
119
117
340
145
145
563
283
366
246
105
405
157
129
316
269
390
248
79
167
138
239
155
106
247
175
107
173
158
235
109
168
182
116
110
181
147
251
119
121
184
118
195
122
115
169
136
109
236
148
160
148
101
169
117
108
177
122
207
84
91
233
190
206
142
111
185
109
108
202
241
291
201
96
297
93
240
131
85
211
468
99
192
897
1073
216
101
212
89
103
257
247
416
156
112
439
131
433
153
98
490
124
113
697
477
249
928
95
415
244
97
440
121
373
168
94
404
97
422
145
89
326
137
81
122
193
381
205
97
388
124
111
268
110
273
161
93
266
223
471
176
77
483
121
88
299
170
329
204
90
399
120
98
374
116
269
149
106
244
180
387
150
93
286
91
98
195
134
295
116
116
235
111
372
99
100
444
299
208
189
193
421
131
80
261
169
211
314
194
252
116
116
183
238
168
94
135
324
165
158
308
254
228
122
99
275
176
150
312
210
179
202
123
287
185
292
151
152
223
86
108
232
178
321
135
94
257
99
95
248
100
222
125
106
204
196
282
101
114
190
184
106
179
162
300
192
113
246
150
87
211
161
293
176
93
248
138
239
235
124
188
140
144
196
137
260
125
115
262
112
272
181
126
235
116
113
253
189
403
172
96
266
168
116
206
128
140
142
106
213
92
221
116
115
179
106
123
215
136
154
108
98
163
98
110
200
115
191
110
77
197
166
199
170
96
235
98
101
185
175
165
117
101
186
138
119
183
140
194
112
122
230
112
333
103
122
195
122
124
155
133
196
118
124
170
146
89
183
162
230
111
117
203
151
215
134
121
225
111
126
220
110
206
106
116
194
180
253
157
121
200
133
160
265
134
280
135
94
247
118
109
217
106
239
136
110
428
138
609
129
122
472
166
95
340
132
401
125
115
398
123
121
439
236
444
181
113
392
233
685
199
114
580
225
175
618
187
574
139
116
637
135
110
441
113
591
100
75
544
113
365
124
118
448
156
102
334
179
345
117
101
272
160
281
165
133
368
191
144
294
188
323
131
117
239
136
123
263
129
761
158
204
290
151
162
176
194
186
261
130
230
132
200
106
126
229
206
131
303
124
349
155
123
2091
2398
1748
1005
1228
1680
1524
541
1542
1088
1241
954
234
749
128
95
443
431
1150
1053
124
218
126
378
119
106
457
127
104
264
125
254
109
113
333
118
103
274
124
194
140
103
259
152
184
129
70
255
173
103
198
129
177
103
110
210
138
250
106
90
210
114
96
283
123
378
145
119
170
102
83
185
116
369
115
145
250
131
301
127
101
301
224
108
404
193
290
138
107
306
133
106
310
135
553
244
144
518
187
350
131
170
217
102
95
234
227
277
196
107
254
169
86
290
163
302
149
101
183
111
267
143
96
228
113
107
311
177
328
115
112
202
167
151
197
196
228
197
98
272
170
193
162
91
419
141
128
486
296
452
140
131
275
177
422
140
113
233
88
102
235
188
365
133
111
261
158
105
355
199
402
177
122
282
130
216
170
147
183
107
118
301
129
189
137
97
197
165
101
182
148
168
114
95
158
162
200
138
107
327
152
118
346
159
292
158
113
232
160
99
313
214
317
165
124
568
167
571
130
91
481
183
102
497
162
555
203
121
433
225
310
621
137
584
89
102
489
186
544
226
191
507
193
109
338
200
598
102
106
370
97
352
163
102
452
183
107
544
126
392
152
173
502
156
104
344
126
289
114
115
262
118
229
138
109
221
117
114
178
109
179
132
110
184
115
104
142
109
192
93
87
194
164
183
104
101
185
134
108
196
132
241
149
120
213
147
117
217
103
177
143
81
281
168
244
135
108
297
246
136
316
121
299
184
112
266
176
409
111
105
393
121
74
283
192
267
155
114
481
167
120
269
140
487
144
161
365
114
350
181
124
322
140
118
208
108
397
159
134
233
128
119
329
279
500
210
121
239
111
256
154
117
232
167
117
242
124
197
185
109
224
122
117
325
165
345
133
162
264
195
268
134
106
343
125
164
342
142
302
126
107
186
128
115
218
148
241
99
92
211
124
196
100
108
214
146
166
171
135
278
121
124
226
180
199
120
100
191
136
125
197
109
246
121
116
232
142
127
169
106
178
229
125
209
138
211
163
141
278
131
118
225
104
225
99
110
177
126
89
175
113
186
150
183
208
167
165
107
120
237
115
118
241
127
234
179
103
280
134
117
269
111
255
211
330
154
164
313
161
102
303
127
106
255
110
356
108
115
282
128
104
358
113
317
122
123
210
109
226
171
118
223
154
126
239
177
248
139
114
203
149
205
132
99
217
117
118
182
136
161
134
112
179
104
124
271
114
326
131
124
282
125
325
113
100
288
194
136
279
146
423
129
110
472
239
103
537
131
589
173
80
576
149
538
165
112
528
174
104
547
176
371
101
106
583
120
103
550
135
557
140
116
307
120
226
129
86
285
113
105
303
187
328
151
104
241
142
103
260
203
279
223
173
289
159
283
111
134
1059
194
104
535
137
418
110
105
342
155
356
93
115
333
138
112
398
103
370
135
121
272
111
125
259
157
320
112
106
280
242
230
122
86
299
97
106
202
176
247
100
90
176
127
91
189
151
291
516
97
198
172
1138
570
84
209
127
99
197
187
178
145
126
251
130
86
205
188
272
117
115
165
105
275
140
80
268
112
124
229
132
231
106
119
220
159
155
153
122
190
163
115
178
107
197
108
97
185
182
84
187
118
199
139
85
213
110
261
126
121
196
132
115
206
150
212
144
85
399
125
89
227
169
298
137
118
186
81
254
173
117
257
129
109
248
166
205
139
98
273
102
111
243
113
343
181
89
280
128
278
119
134
234
147
137
175
146
207
136
74
220
99
154
149
127
231
141
110
208
194
172
132
111
190
118
91
173
117
1045
1155
292
290
115
182
90
94
259
125
116
216
82
187
102
80
211
175
230
202
233
192
155
115
209
144
243
117
114
388
148
136
386
242
419
176
103
326
90
80
531
131
485
129
116
515
159
527
92
95
527
110
126
492
199
506
131
301
314
127
76
104
161
199
159
102
88
187
162
187
110
204
242
115
83
85
157
263
185
97
85
155
229
129
259
139
123
215
166
301
132
122
305
192
111
335
136
446
187
104
322
277
523
140
107
293
144
96
277
134
537
175
167
408
160
124
282
96
362
125
101
268
144
274
154
116
265
150
92
218
132
160
134
127
208
166
118
176
165
242
145
117
187
177
185
123
105
189
134
89
239
112
403
128
87
250
121
223
286
219
330
167
176
388
180
472
101
156
478
147
122
569
125
554
142
120
540
124
80
496
120
643
168
137
682
163
643
116
325
549
111
144
605
168
497
120
92
178
365
422
163
119
322
154
108
261
146
273
125
90
354
161
119
249
126
306
144
97
292
229
253
142
83
242
139
104
365
285
257
143
95
267
113
123
243
131
254
204
97
268
211
467
517
114
446
183
94
159
236
286
132
102
204
115
97
240
124
254
143
99
177
143
176
163
106
184
160
80
152
220
298
107
110
294
119
228
255
148
246
122
119
250
113
193
93
102
233
169
90
288
145
316
211
99
196
249
220
131
84
315
121
88
304
198
239
104
85
296
249
151
299
138
273
138
82
219
133
247
84
97
228
120
267
446
115
365
140
121
269
114
88
264
87
229
152
125
235
162
253
166
116
267
104
206
229
101
176
127
86
164
116
160
257
158
553
366
83
183
164
174
133
110
186
127
83
188
110
173
119
115
158
137
431
274
175
179
159
81
187
144
153
105
115
180
132
118
165
175
206
116
112
170
128
205
126
108
157
188
123
165
128
170
120
130
151
164
127
175
155
178
115
107
164
148
304
165
122
240
157
123
222
154
326
158
157
275
157
129
276
164
313
169
131
183
120
211
121
113
256
121
130
304
143
381
154
130
273
142
124
302
157
271
113
129
357
102
312
148
124
290
140
122
251
198
272
115
127
240
107
221
118
122
185
112
96
213
81
234
145
117
258
178
132
212
93
181
106
133
198
168
206
154
119
170
148
131
170
127
204
162
95
236
101
120
194
114
253
198
112
226
134
289
130
133
295
148
75
248
145
219
126
128
235
126
97
182
169
217
109
174
283
131
213
114
115
173
135
123
219
192
860
1213
320
703
309
301
1174
1055
1164
958
544
1396
668
1270
409
268
331
127
107
539
296
385
110
94
309
143
328
190
132
244
173
78
269
163
308
124
132
335
149
125
191
138
242
119
123
299
142
997
309
146
207
123
102
254
121
222
161
105
250
142
99
215
97
274
104
105
229
219
359
151
117
384
144
99
349
172
562
225
182
480
153
98
600
181
603
153
90
799
316
535
151
115
502
172
84
443
148
475
144
117
381
126
122
446
196
423
112
150
280
104
323
107
90
338
117
111
303
120
207
133
131
169
135
457
155
133
227
185
76
217
138
227
165
114
213
173
123
204
152
189
109
109
227
178
213
110
124
166
156
115
346
181
208
165
141
394
183
202
338
124
219
344
141
518
99
501
188
122
477
179
115
602
250
648
102
269
558
182
91
531
223
584
101
109
521
210
461
205
140
614
219
93
523
154
376
181
136
334
234
310
131
135
370
200
113
505
255
476
143
130
235
184
95
327
221
266
111
138
290
168
510
154
116
425
107
191
276
196
380
177
155
249
128
133
286
205
385
137
115
388
251
385
131
106
262
185
89
328
173
286
98
95
308
139
119
283
82
186
158
120
167
174
277
97
122
214
98
135
284
181
187
122
129
200
175
119
230
139
186
144
127
203
284
507
203
114
154
154
115
221
149
215
113
127
185
164
257
117
122
194
106
122
225
118
230
138
85
254
133
134
245
140
276
140
88
307
153
240
191
104
262
113
86
240
143
283
153
98
374
195
195
294
102
278
160
126
167
138
191
118
121
204
136
120
226
112
269
139
106
217
123
123
226
151
205
113
114
193
138
230
88
209
192
146
121
259
121
323
241
100
230
105
98
265
158
186
87
122
164
194
206
111
108
201
144
115
192
153
177
101
110
186
191
181
140
117
163
124
111
196
134
186
106
98
201
126
123
236
100
171
121
111
162
138
280
119
98
202
119
115
283
174
208
148
107
208
117
141
167
137
191
105
87
169
117
268
136
85
203
189
105
229
158
285
172
110
272
118
120
230
228
210
93
88
350
169
340
242
151
279
135
85
243
116
179
98
88
222
119
110
211
136
259
162
88
344
165
260
178
106
336
131
85
324
107
380
88
100
267
121
207
120
108
177
133
78
334
143
420
134
106
440
157
97
334
107
514
186
104
408
152
418
165
109
454
155
164
417
250
298
174
100
288
140
135
427
123
276
136
110
233
120
196
132
91
203
165
96
155
155
215
107
89
207
93
102
215
144
199
143
87
190
173
196
100
105
178
101
80
187
168
236
148
117
281
205
184
194
135
175
161
94
248
236
1179
311
92
239
133
107
273
175
202
191
122
178
107
283
102
126
263
138
125
241
106
275
171
246
372
123
193
348
192
323
120
109
415
120
409
153
123
170
150
132
421
159
328
118
115
352
135
101
290
197
298
144
138
319
125
365
142
100
354
132
153
492
211
606
108
117
217
163
81
492
174
578
208
82
473
241
184
148
126
608
145
123
1522
308
561
129
137
206
334
545
103
123
554
203
120
624
146
390
136
108
529
158
114
427
166
456
125
106
508
175
416
155
132
429
152
108
327
200
456
154
111
277
138
192
1115
280
629
142
308
414
115
405
139
101
531
172
86
429
185
226
129
107
261
127
126
228
102
193
97
139
245
117
329
168
88
190
169
127
199
199
212
155
99
184
133
104
298
108
213
113
136
196
168
353
97
128
233
143
86
292
190
417
99
98
376
152
260
140
124
222
153
127
233
100
195
178
86
182
150
122
215
134
211
160
92
215
128
318
207
103
278
153
85
201
168
264
148
82
210
112
113
252
120
209
168
102
206
132
240
215
105
183
111
110
199
145
154
121
127
210
99
109
238
104
166
142
98
167
116
165
152
135
215
124
114
275
101
191
119
177
184
174
190
282
168
247
129
104
236
134
282
113
130
195
158
123
231
123
173
114
92
220
125
254
100
94
320
157
83
245
158
232
168
140
646
237
155
258
138
245
203
97
180
130
229
141
131
280
106
122
266
160
290
155
123
277
127
120
223
113
183
151
93
261
130
230
136
119
141
119
102
230
89
202
115
96
193
110
119
209
120
281
173
114
205
148
238
170
101
230
123
130
215
99
217
122
130
212
130
250
152
96
231
159
126
211
145
337
198
141
247
112
114
195
110
230
108
96
190
129
271
118
111
234
138
121
257
145
171
119
108
235
102
106
181
159
301
145
136
270
140
195
134
135
260
113
113
330
170
267
127
143
266
182
127
276
128
278
153
82
393
121
421
171
101
438
154
102
334
114
373
120
101
354
158
111
331
103
347
102
95
356
107
198
148
111
238
106
118
237
181
238
107
105
200
100
186
188
97
330
132
104
262
108
250
166
118
289
183
216
260
104
228
137
123
317
172
330
136
134
262
104
121
189
95
242
113
94
196
128
116
186
133
297
93
110
207
122
196
101
330
228
134
131
253
105
211
115
122
314
167
117
283
203
367
212
101
225
190
360
155
95
439
204
103
554
276
405
149
108
396
140
97
505
149
452
151
97
390
147
576
115
88
553
161
99
601
124
627
133
97
573
166
567
186
199
248
125
102
462
120
547
178
109
378
129
89
280
144
365
165
107
572
226
590
217
113
417
149
102
241
178
353
250
376
138
102
106
306
107
293
108
97
249
198
264
127
105
314
141
108
295
156
240
141
97
273
98
116
274
105
474
122
115
240
187
216
101
103
239
85
95
223
209
252
149
127
302
222
118
223
129
218
125
109
221
155
235
128
98
208
167
141
270
174
203
148
115
313
129
311
141
101
288
154
169
403
197
449
183
179
392
227
201
360
134
221
187
108
259
138
238
129
101
286
182
150
218
142
321
426
107
194
147
78
190
247
225
90
146
238
119
176
108
126
284
200
147
239
148
279
222
105
199
161
100
209
119
1040
159
104
349
187
197
188
103
275
141
177
290
141
286
118
153
206
155
175
165
202
192
163
99
223
122
251
208
111
233
172
133
190
124
244
142
89
222
117
184
106
104
236
135
108
218
152
207
236
104
209
116
83
278
142
331
129
108
189
202
224
112
114
246
93
123
182
137
225
125
127
181
188
119
244
161
218
165
120
197
146
180
151
105
236
163
108
145
168
219
109
125
207
121
105
194
138
223
182
103
248
113
182
109
65
230
143
100
248
130
268
104
101
312
138
532
170
124
213
349
129
195
137
178
143
117
185
132
79
189
125
181
120
135
194
142
195
154
115
191
133
136
186
158
198
138
121
182
111
117
225
118
235
195
239
262
118
278
131
117
258
118
112
265
281
246
231
168
303
113
123
205
180
255
127
118
160
117
205
116
116
234
173
102
136
171
355
116
104
290
122
115
232
99
217
121
115
281
122
608
147
687
1062
489
103
257
175
360
147
107
203
119
1307
485
105
416
124
133
473
141
585
168
110
455
163
106
356
199
566
212
122
628
199
614
138
137
567
164
106
435
210
620
156
110
436
156
107
528
141
622
154
106
541
141
541
176
100
325
125
145
449
121
426
134
106
365
206
131
466
191
553
240
139
496
184
377
223
167
304
158
121
222
132
279
94
102
288
182
244
551
285
450
277
78
271
127
247
131
140
276
94
93
1707
796
429
499
277
1101
1009
1494
492
99
506
187
118
265
152
309
155
194
873
230
112
301
221
258
156
111
429
376
394
152
119
246
158
90
220
172
236
99
79
241
144
132
222
162
273
141
104
336
336
390
209
120
590
146
114
239
225
246
75
198
378
116
109
274
123
477
121
107
226
189
336
111
148
280
92
107
226
120
302
107
127
239
87
132
299
105
217
122
125
279
87
253
134
99
307
144
106
267
114
289
165
114
402
134
281
131
107
315
107
130
319
110
369
103
124
311
126
121
361
122
331
127
85
333
137
390
103
147
262
187
108
228
163
321
109
84
385
471
130
280
624
635
90
120
212
141
305
119
96
329
117
117
244
111
208
117
117
268
127
105
239
123
279
93
135
300
120
401
163
114
245
97
182
254
174
307
186
125
285
116
250
174
105
380
123
135
415
261
585
132
91
389
139
130
281
109
238
135
221
398
156
344
139
213
301
132
123
212
118
274
404
121
287
107
127
306
102
323
125
142
275
118
307
123
131
312
83
110
310
109
305
163
91
170
159
99
277
132
279
121
117
268
173
338
168
118
161
161
105
244
114
246
131
115
222
117
121
246
145
336
113
121
300
97
212
96
132
322
109
131
302
109
338
110
105
277
121
207
87
122
219
152
95
227
125
215
123
113
224
132
79
149
133
350
146
138
223
116
266
121
115
206
98
137
169
122
200
123
131
232
120
109
227
134
264
118
112
203
102
189
144
116
238
154
127
232
106
201
130
126
271
117
92
210
92
153
96
87
214
109
289
99
133
275
149
137
241
147
225
117
80
209
127
116
205
154
235
118
163
261
83
197
120
119
229
110
98
190
111
218
105
120
140
122
185
141
139
154
154
132
211
166
176
128
133
234
91
111
184
212
210
108
128
167
112
228
163
122
146
107
112
208
84
223
103
116
189
102
134
199
96
192
114
118
191
181
221
128
114
209
155
119
141
144
226
126
493
1817
944
141
277
134
203
533
131
1466
1283
2032
2077
1143
1529
1024
119
258
131
261
139
134
242
183
128
226
219
328
112
110
292
120
233
130
109
202
144
126
257
174
255
112
116
278
144
213
173
109
293
98
93
255
120
232
89
124
274
138
116
214
137
174
119
126
205
119
258
449
145
217
90
114
139
94
199
131
95
156
627
106
215
460
698
195
119
193
173
933
305
110
226
124
114
175
174
299
122
125
222
116
205
195
143
311
120
127
204
119
222
130
106
229
130
137
284
155
317
185
194
229
115
216
175
109
260
158
126
242
157
256
93
104
256
117
99
205
150
218
127
133
265
124
259
164
311
269
180
223
241
252
300
116
118
262
127
116
360
135
333
161
123
430
152
590
119
98
493
181
101
508
132
638
115
121
646
119
194
566
110
590
130
119
568
107
562
159
110
583
128
134
598
112
569
110
131
260
140
129
432
187
407
140
113
438
217
807
328
276
418
192
104
307
190
541
196
105
534
130
330
119
116
577
147
109
548
172
584
81
106
581
166
119
519
109
539
167
98
560
158
638
109
100
330
193
214
605
122
707
224
139
580
168
85
598
197
629
193
85
880
162
606
164
101
774
379
435
604
116
660
217
172
632
190
201
544
155
563
173
89
605
148
556
165
104
409
139
88
419
104
257
111
96
432
110
91
504
100
405
116
89
277
119
245
184
261
301
144
149
396
222
517
111
156
411
204
473
130
183
509
109
85
438
236
400
169
198
236
239
87
395
143
406
109
92
512
640
1088
452
129
720
373
161
387
143
391
185
114
419
133
123
285
136
381
111
104
274
170
234
124
91
203
111
127
309
194
318
173
98
379
159
104
267
150
260
146
125
228
114
229
133
82
291
109
147
322
162
364
149
132
335
108
88
381
134
305
141
114
244
113
308
124
122
421
154
125
424
204
353
150
113
406
187
427
127
113
299
150
98
334
191
314
117
117
377
170
97
290
147
354
96
113
292
145
187
180
110
284
136
112
297
197
423
114
130
568
111
91
461
137
596
223
164
542
104
637
166
93
589
129
244
551
94
590
117
96
542
164
88
537
186
542
169
81
388
125
451
136
112
374
203
130
472
99
383
138
151
190
169
264
107
183
296
122
99
288
120
240
163
94
174
127
89
187
117
236
175
136
326
147
333
181
127
311
203
96
373
120
571
124
116
380
136
128
401
145
476
179
131
462
105
536
155
112
533
143
87
518
151
654
180
128
472
140
97
572
135
576
127
158
555
130
643
176
136
575
145
114
579
115
565
161
124
404
144
95
589
162
342
141
135
548
245
486
254
159
327
141
104
354
192
381
144
130
369
195
370
187
138
273
126
111
190
173
218
405
152
264
147
79
311
126
421
155
219
309
112
231
182
116
200
118
112
265
160
430
178
114
387
173
114
361
188
477
152
107
316
157
399
209
92
283
158
127
247
117
317
99
116
218
208
102
214
229
282
108
184
331
210
280
116
119
241
100
90
232
130
273
166
117
266
187
127
391
159
612
128
120
434
298
419
129
130
431
148
108
558
236
407
135
96
465
207
593
162
78
411
137
121
311
117
558
141
109
636
109
196
432
116
576
180
121
523
196
526
127
107
391
182
110
550
164
599
160
129
627
148
96
462
210
336
141
92
418
115
328
119
96
342
122
182
219
261
567
157
95
365
127
97
309
125
694
148
104
419
179
520
154
98
341
130
125
377
122
569
104
172
302
150
84
261
264
469
195
129
260
152
278
226
141
288
128
90
1030
175
295
156
88
411
215
396
193
138
238
134
112
362
226
235
179
132
296
185
95
395
168
654
108
98
286
182
296
137
119
227
167
126
221
170
198
202
133
281
145
110
312
149
302
139
112
190
207
297
104
156
355
153
90
181
166
384
189
144
282
145
89
226
195
358
135
85
322
175
400
202
107
422
173
100
294
160
226
146
177
407
169
110
307
237
445
124
228
431
194
346
166
204
535
264
216
358
233
302
180
111
298
168
298
159
107
388
231
124
329
166
401
258
156
311
125
103
534
162
568
211
120
573
226
1580
578
101
203
181
178
1060
129
1072
1154
154
1228
205
136
581
137
597
151
114
540
194
597
167
125
532
142
88
315
186
548
138
136
452
210
127
480
163
492
153
92
327
222
453
171
89
340
171
87
307
133
446
164
103
195
197
263
174
99
455
151
113
306
139
514
171
128
251
137
88
278
137
338
189
205
566
182
442
112
117
463
187
87
520
124
432
191
81
306
166
161
272
153
283
200
113
251
124
571
186
184
569
129
81
463
241
226
247
118
520
145
153
607
195
517
102
153
560
185
520
136
219
567
161
94
536
118
510
198
98
419
162
104
215
333
446
191
108
480
201
548
167
101
593
191
178
377
162
462
119
107
359
240
435
179
81
463
180
130
681
182
1399
413
95
576
191
97
303
104
177
149
103
341
156
361
131
87
240
160
96
285
126
557
105
102
262
161
113
447
173
294
174
120
351
294
292
130
120
385
122
95
234
224
293
123
125
339
154
108
355
268
276
199
123
277
156
493
209
91
281
163
170
439
150
444
233
99
383
239
93
233
271
285
188
140
323
152
264
111
115
1161
1056
179
279
1912
892
560
205
1021
555
2090
556
477
844
137
107
305
116
342
100
114
209
178
123
210
122
200
463
143
152
160
722
158
98
202
161
226
203
131
373
145
121
180
165
98
232
128
202
161
105
242
124
169
138
124
205
95
107
277
125
281
127
147
331
157
127
282
315
337
174
86
218
158
278
155
168
497
186
98
220
150
283
97
100
311
182
87
296
192
325
135
88
292
100
544
198
98
947
540
100
701
152
401
154
131
275
127
441
120
99
744
201
102
396
108
397
166
106
295
188
182
388
167
460
159
117
317
167
451
140
130
298
158
123
272
140
1064
128
81
462
142
115
457
243
279
125
84
390
124
318
210
107
240
163
91
234
186
266
170
92
258
126
101
265
106
734
98
125
330
133
493
135
125
586
110
118
523
183
519
185
79
463
192
423
120
102
515
143
106
535
253
738
176
102
466
119
124
477
119
471
149
101
320
232
553
213
221
361
136
108
327
191
311
239
96
350
116
150
287
181
312
124
312
532
175
384
145
98
404
144
139
232
188
333
117
118
349
108
106
336
170
575
101
120
369
189
525
169
130
339
159
101
