475
251
438
489
213
492
500
142
439
521
179
440
471
121
429
439
163
451
470
147
359
442
135
446
420
127
391
339
117
357
446
153
444
418
105
384
447
404
437
116
439
414
455
154
443
506
491
215
420
473
186
407
396
136
393
364
196
451
490
237
441
463
195
410
434
148
428
431
183
398
378
152
376
448
185
374
416
172
385
458
171
385
477
171
475
457
169
407
387
149
437
357
114
410
495
193
469
492
169
413
376
116
408
417
213
432
376
169
385
361
121
352
414
121
347
415
170
397
459
194
443
445
164
433
469
235
347
422
156
447
362
114
436
400
156
437
370
172
382
435
194
364
424
175
446
414
114
409
381
202
416
413
175
448
368
178
404
410
159
441
413
133
360
434
143
351
420
175
354
426
159
433
457
119
358
377
152
378
413
174
436
402
172
374
448
155
375
437
139
434
403
170
474
444
184
381
368
175
377
446
197
322
393
200
441
437
223
383
430
168
385
444
187
410
405
173
438
460
165
330
398
200
378
438
175
395
397
164
431
443
178
395
381
161
378
421
218
375
444
150
383
426
165
386
409
163
431
436
175
395
371
191
441
438
193
1326
391
286
427
426
151
413
390
149
435
460
173
399
409
160
417
427
138
413
375
133
408
393
173
340
356
178
344
419
141
404
466
181
404
448
187
445
385
184
383
427
174
342
417
169
337
427
127
401
388
129
386
406
180
381
407
167
340
413
122
391
449
130
394
364
114
388
439
135
416
424
164
413
428
145
425
461
178
389
469
188
389
466
133
407
408
116
386
400
152
334
401
264
428
424
173
425
441
130
416
402
408
418
446
221
381
406
100
389
432
145
377
392
165
334
407
162
433
456
197
391
403
151
382
397
126
401
409
122
434
415
120
395
407
157
376
388
156
376
466
155
447
468
159
416
438
146
419
427
131
401
404
151
417
443
136
388
381
397
222
413
432
144
407
413
163
386
413
160
335
453
180
342
430
185
436
370
122
396
445
137
408
406
128
387
405
121
394
407
181
397
444
185
438
454
168
387
426
129
412
375
155
417
446
124
401
374
148
411
403
178
384
455
171
341
408
135
431
453
174
368
440
136
418
432
159
423
406
167
427
377
165
334
473
159
416
418
138
379
407
169
340
424
134
383
452
150
464
477
119
395
450
153
411
419
170
407
409
178
383
408
168
390
411
134
408
431
127
399
413
154
428
446
165
420
422
126
407
432
120
391
407
155
425
455
175
404
411
200
388
460
166
397
379
152
418
388
150
417
424
178
366
413
216
479
450
128
392
390
281
394
423
184
445
436
122
410
421
172
398
535
178
346
425
186
340
423
163
431
443
173
359
445
166
403
379
217
388
369
139
416
412
162
339
469
101
389
477
121
406
421
179
390
408
158
391
441
139
409
388
161
411
447
164
393
362
164
412
402
166
339
435
123
382
355
178
408
382
153
392
429
146
416
437
444
218
420
471
452
141
398
442
442
204
430
364
425
140
413
454
332
179
461
388
130
389
435
402
172
409
396
298
302
522
473
299
367
413
421
120
362
391
367
118
404
444
375
122
354
455
343
213
482
498
117
422
467
422
129
407
417
352
225
444
473
251
385
512
415
195
325
458
484
130
389
412
178
439
447
186
381
444
140
414
474
120
430
383
147
380
466
135
418
424
181
432
429
115
392
408
145
432
441
159
390
477
167
377
458
174
386
418
171
391
457
272
455
479
178
367
1432
433
351
491
177
372
412
181
407
408
152
385
447
186
398
403
214
451
382
157
390
351
166
431
385
463
119
389
414
116
376
460
173
392
425
169
407
421
172
394
433
183
460
384
143
403
425
214
479
428
167
399
453
200
416
418
158
429
448
183
462
386
143
384
412
173
394
417
166
442
456
176
398
405
201
414
373
171
387
463
215
325
472
174
400
429
189
417
474
162
380
455
188
438
453
201
467
376
189
457
402
486
517
496
199
410
438
203
446
452
210
384
374
169
380
403
220
390
447
182
336
454
236
398
403
166
390
438
179
435
398
180
400
370
133
386
412
173
389
381
147
368
452
205
394
454
194
414
416
181
399
383
197
386
448
180
402
425
183
404
414
211
413
405
179
345
408
164
333
388
209
415
462
145
390
462
166
443
413
229
343
441
206
377
424
189
382
455
267
459
495
268
483
489
232
375
442
200
441
409
205
487
456
236
406
414
245
445
368
225
339
465
188
420
441
247
431
394
208
472
396
213
420
466
212
476
478
237
440
453
211
488
493
216
388
485
273
441
434
209
412
518
232
451
425
218
381
442
190
469
368
155
432
427
186
410
424
193
385
450
195
507
404
250
435
421
178
415
475
245
434
387
257
422
433
243
433
490
213
414
425
237
370
418
239
383
446
243
444
510
248
379
477
273
391
431
185
465
366
224
389
458
188
467
424
202
417
428
176
395
392
169
388
397
181
396
395
151
335
398
169
404
428
166
412
381
166
393
451
171
331
455
216
385
463
220
376
477
176
411
392
176
400
404
176
401
480
159
385
413
195
412
429
202
384
374
172
393
396
206
418
421
175
397
390
154
374
466
177
406
396
171
391
365
150
395
448
201
426
420
166
390
454
188
472
401
181
407
451
187
408
414
177
409
487
463
271
447
499
195
464
469
214
436
462
226
454
438
224
399
410
215
395
465
187
384
401
214
461
470
253
429
439
240
477
401
178
384
441
182
387
438
177
439
402
220
436
405
134
382
382
191
411
398
174
396
436
224
387
459
217
379
394
165
398
451
186
449
413
196
370
406
163
378
460
219
382
455
210
403
432
168
344
455
217
331
457
187
386
395
183
446
446
231
388
462
234
353
426
188
412
389
165
382
408
211
386
435
170
383
1352
463
466
414
194
392
422
257
406
382
151
412
434
196
397
384
148
436
480
231
358
463
126
432
438
178
380
401
246
408
370
169
424
400
148
381
466
235
381
456
209
464
410
230
354
381
190
463
394
149
382
454
186
458
437
144
338
400
153
384
377
125
432
397
163
395
453
202
413
402
177
388
451
189
410
401
142
384
448
186
414
401
148
381
439
183
403
377
161
376
450
182
400
407
112
383
430
147
387
465
206
783
772
370
445
472
188
416
398
188
382
425
175
399
429
186
343
415
200
411
388
159
330
410
178
386
431
175
382
457
167
370
443
205
374
462
223
437
429
146
364
458
167
432
417
163
372
443
133
433
424
153
409
413
149
382
446
157
398
466
202
414
408
177
403
409
172
386
428
175
399
424
165
401
439
221
379
478
209
468
400
148
381
445
198
462
446
226
382
365
160
373
449
172
386
376
154
388
421
169
384
389
200
409
430
148
381
423
190
345
422
184
403
405
122
379
408
225
378
424
164
388
415
168
395
493
188
413
387
140
383
458
165
389
443
180
404
386
228
364
450
212
320
436
176
386
452
198
409
401
167
384
420
173
389
470
149
377
448
216
387
435
448
169
431
454
227
382
394
199
434
412
151
380
412
167
346
463
172
415
401
229
394
442
182
432
458
188
410
377
144
384
392
212
393
420
168
400
440
181
401
431
184
379
400
211
385
454
207
410
399
149
378
471
180
402
399
173
382
405
203
418
461
191
363
425
162
379
443
175
393
457
179
388
374
153
380
447
184
403
380
134
387
406
144
368
435
192
415
431
186
402
412
146
387
391
186
404
382
139
378
359
122
372
457
153
381
428
223
375
475
196
378
446
155
332
459
166
381
383
161
398
439
182
407
419
212
376
446
204
478
418
177
334
416
217
385
381
192
406
405
184
408
378
161
442
422
169
392
461
191
416
380
192
366
449
202
417
453
207
368
380
185
416
431
119
414
372
170
423
416
189
378
442
195
416
428
182
368
400
199
351
380
190
368
414
219
383
389
239
388
438
188
420
448
208
393
434
164
369
386
183
415
427
222
429
477
183
414
399
221
386
377
166
418
459
208
368
420
185
365
465
224
360
425
156
375
454
221
419
423
221
381
405
161
417
421
180
420
414
176
400
449
406
422
468
211
383
385
173
366
388
196
380
430
161
362
429
123
408
455
186
375
425
219
382
431
222
392
438
230
393
383
181
372
382
196
415
377
193
413
387
202
382
439
191
371
390
199
432
447
232
338
426
181
396
431
195
370
423
218
476
420
216
424
418
184
393
455
173
397
404
201
398
457
167
398
422
179
396
402
168
395
370
197
418
411
197
341
407
202
391
438
169
399
473
184
410
413
163
404
910
544
470
480
248
391
421
174
453
411
196
404
445
196
418
387
136
345
407
213
462
449
205
335
449
190
339
413
183
339
437
471
176
489
417
235
396
410
219
371
454
168
388
433
269
395
393
186
401
412
172
395
431
181
397
409
216
383
435
158
400
384
170
397
442
181
363
499
115
397
367
181
395
378
149
323
422
192
330
465
173
365
448
212
429
400
163
392
450
187
399
416
200
398
426
182
399
412
233
358
412
171
340
426
196
419
403
168
399
433
201
420
383
157
393
426
173
410
399
214
475
412
159
398
357
150
399
420
204
369
392
207
414
407
192
395
413
198
421
381
174
378
368
224
459
478
186
420
389
198
366
430
234
402
450
198
422
441
226
412
393
158
422
403
202
441
422
204
425
477
185
426
368
224
444
373
181
363
438
197
370
437
259
373
437
182
374
377
200
370
429
225
448
395
249
394
417
164
377
403
202
358
436
231
394
395
216
372
411
180
375
411
191
420
397
192
419
422
154
415
384
241
364
374
170
377
436
179
412
429
180
421
471
169
424
429
157
434
454
202
426
465
281
382
441
193
372
423
173
369
394
197
424
470
185
416
376
162
383
430
178
371
427
220
427
426
173
375
402
159
370
423
166
422
419
192
422
481
189
368
444
192
431
411
175
365
430
211
375
454
231
391
354
208
368
392
214
398
404
218
425
434
228
402
405
205
370
393
155
372
367
174
436
424
219
402
403
185
371
414
115
419
426
179
424
391
164
365
422
197
417
492
177
427
444
184
430
431
156
374
458
209
375
419
217
390
432
218
364
428
175
454
427
217
390
365
212
369
452
240
400
424
190
379
400
224
425
405
169
378
444
197
367
423
195
367
409
153
374
458
205
372
464
173
349
408
201
423
411
164
369
464
165
382
430
222
432
420
180
370
410
419
401
453
378
221
492
451
245
314
447
197
407
414
186
432
396
205
374
435
94
409
447
161
477
412
207
367
391
199
367
429
170
370
389
203
374
420
213
358
427
174
421
419
113
416
459
171
419
480
185
365
373
155
415
422
272
362
381
191
374
402
169
365
418
210
371
421
218
364
368
220
385
383
208
395
470
213
386
426
172
416
406
191
369
440
203
374
399
207
371
421
220
380
452
171
414
417
215
382
866
570
506
421
265
422
444
223
428
403
232
448
397
224
396
460
161
371
385
197
425
413
188
407
413
207
423
424
222
353
380
180
372
407
177
376
433
122
408
411
177
372
381
195
368
436
155
372
393
211
369
395
214
357
422
231
424
426
224
391
429
156
418
367
176
376
401
174
385
405
225
399
453
172
420
381
172
368
402
200
427
488
219
388
458
191
371
424
159
364
430
170
428
429
215
385
449
172
367
416
177
364
427
224
384
450
242
366
427
155
419
371
180
415
427
158
425
428
226
451
362
162
419
399
159
416
434
223
389
418
120
428
356
172
363
426
232
395
345
195
370
432
204
370
380
173
378
443
201
375
441
199
420
432
255
378
456
210
368
387
203
386
376
190
412
375
187
374
372
174
361
434
187
366
425
223
472
421
166
391
381
171
369
389
198
374
436
165
423
458
219
370
421
190
420
371
187
419
424
178
410
431
159
439
369
197
363
379
177
360
444
222
392
405
208
423
413
152
422
425
215
382
402
116
383
436
165
414
429
185
368
408
174
369
412
221
391
447
167
367
440
193
366
390
159
420
403
192
475
368
231
453
464
175
386
457
170
368
433
183
420
455
230
452
391
400
220
457
397
224
390
448
174
420
449
207
419
366
221
356
431
184
369
412
171
427
384
194
425
473
180
364
432
173
419
399
175
371
387
199
422
475
187
366
426
219
381
369
157
368
433
155
421
428
166
369
453
220
438
396
181
367
399
175
423
427
227
395
389
197
367
459
210
375
434
161
423
428
227
392
372
165
368
401
239
454
453
226
410
420
220
414
415
220
381
362
162
422
370
174
416
411
166
419
398
174
436
416
155
420
435
259
397
440
156
424
390
204
387
399
196
378
381
174
378
427
157
447
437
215
381
359
162
452
370
158
368
417
207
1374
411
438
430
448
202
380
427
223
388
441
176
377
389
199
419
375
168
412
422
172
420
403
164
394
376
162
366
447
204
371
389
200
425
388
201
314
432
287
398
416
154
351
365
161
356
423
183
365
430
158
371
430
224
387
375
157
472
474
178
380
415
165
374
381
268
371
414
195
414
403
191
394
427
221
384
403
226
394
453
250
443
479
179
399
403
188
421
424
176
422
384
197
377
452
202
416
429
293
397
401
591
370
431
256
422
466
182
370
439
188
365
425
218
387
445
173
422
468
182
373
427
199
388
448
172
336
458
171
380
386
172
414
438
183
412
413
173
374
374
158
421
395
203
373
403
166
369
452
238
402
404
188
370
433
256
423
449
203
369
398
224
372
429
223
445
415
218
374
441
204
422
385
182
367
450
203
368
375
225
375
402
212
379
406
230
399
403
198
421
431
185
375
363
191
371
414
226
366
420
225
447
403
181
368
368
156
371
363
169
368
375
168
365
399
184
369
437
161
416
427
216
384
438
160
425
427
135
406
398
183
371
440
214
386
453
454
173
378
391
226
426
422
220
364
181
372
379
420
285
369
450
219
430
401
211
380
438
183
328
471
230
422
390
202
436
388
157
424
385
198
379
397
179
386
413
170
427
418
187
382
401
223
389
374
165
380
387
192
390
380
173
419
412
196
381
402
219
387
403
176
386
427
216
389
443
168
390
435
160
368
384
225
398
380
168
395
446
183
381
395
219
371
429
173
412
350
210
393
416
217
387
470
207
395
364
185
428
428
233
424
405
232
361
427
234
393
396
184
422
456
120
428
414
209
365
431
214
385
449
159
397
456
168
363
422
218
403
410
229
406
387
174
428
405
219
392
396
169
428
444
181
389
438
183
426
415
187
372
377
179
380
410
158
366
398
176
371
423
221
407
474
164
382
413
185
371
378
169
421
375
225
377
465
157
383
467
181
370
366
217
428
430
224
389
381
161
378
399
167
371
423
214
381
410
152
371
386
199
422
439
160
372
440
127
394
401
188
372
442
194
373
399
218
404
452
175
360
412
219
392
373
166
381
404
194
379
392
200
365
438
170
369
403
199
453
358
206
385
421
214
392
444
241
448
392
172
379
387
224
429
432
216
411
406
152
414
397
205
396
1364
437
482
427
153
479
465
183
418
386
205
418
429
178
368
423
222
385
376
161
370
435
157
371
379
192
374
393
203
426
403
167
379
436
225
388
403
115
416
440
237
435
434
163
393
436
224
423
460
191
416
423
221
388
376
168
383
405
209
384
446
167
373
404
188
419
365
155
445
428
216
388
426
188
384
443
209
416
453
275
361
448
203
370
381
188
385
434
223
479
438
166
389
394
183
369
482
172
367
425
202
769
811
419
526
440
472
208
443
487
240
356
440
192
370
409
192
431
459
201
357
423
175
383
488
188
350
426
203
375
434
180
344
427
178
328
414
207
367
377
225
423
444
199
422
416
162
365
434
165
423
429
173
427
413
186
380
382
169
368
382
118
421
385
188
418
453
207
377
431
185
383
391
207
371
381
186
367
420
221
386
385
167
417
380
173
369
421
214
421
420
216
403
411
220
392
404
230
424
396
192
418
421
171
366
446
210
381
419
210
381
438
188
381
426
180
396
451
202
370
456
238
401
382
172
424
420
192
367
391
204
414
404
181
365
386
199
395
401
173
419
372
183
382
415
174
375
409
180
369
455
208
380
442
120
412
386
199
368
494
200
379
384
179
382
406
229
450
407
181
366
399
169
365
413
201
366
435
208
375
427
170
369
425
222
446
420
165
356
420
165
365
427
223
385
379
167
475
476
189
376
400
218
393
359
167
366
429
167
428
469
211
386
437
179
424
364
211
433
375
181
420
429
167
380
394
212
377
362
171
379
380
211
425
463
220
373
386
205
379
428
156
379
415
212
378
426
113
414
441
190
366
423
193
362
435
185
418
412
233
371
439
189
372
455
216
381
425
216
423
412
189
367
398
175
419
424
223
446
429
157
368
426
223
386
372
171
366
448
201
369
430
165
422
441
192
366
377
172
367
367
182
420
473
160
369
371
156
366
405
180
416
393
151
418
428
159
367
431
179
366
418
214
375
366
163
369
392
182
367
414
168
365
429
168
367
430
158
364
431
122
441
395
213
421
420
185
402
392
186
399
412
206
450
402
206
427
444
170
383
408
237
364
437
161
432
454
205
363
367
183
438
430
470
226
518
446
115
412
457
160
394
438
197
365
431
160
359
413
214
373
440
166
369
412
174
363
419
174
364
1337
379
335
431
145
474
420
218
371
425
223
390
412
168
420
455
207
416
396
221
426
429
180
375
423
225
364
441
205
367
441
194
319
442
226
398
416
192
371
384
168
369
387
203
364
391
204
373
395
205
368
365
219
382
446
174
372
404
181
371
398
176
369
427
116
387
427
186
418
418
166
372
428
224
383
444
217
421
467
185
366
484
174
361
436
195
370
455
212
368
408
208
404
412
159
447
403
175
362
433
211
778
765
426
441
470
285
362
422
217
386
388
207
380
402
216
386
393
202
383
425
178
387
445
198
423
448
174
344
421
199
353
434
210
365
429
192
364
382
173
375
409
163
370
457
211
387
434
160
380
443
189
385
416
163
382
403
129
412
402
229
367
376
194
426
428
190
367
426
155
376
412
213
373
420
152
342
435
218
348
493
199
354
376
208
415
465
177
400
412
160
364
394
194
415
411
161
412
389
152
420
413
193
367
390
164
420
453
211
379
411
203
371
396
172
419
382
171
414
415
193
356
387
189
410
381
192
363
450
203
365
361
165
405
431
189
388
441
173
366
437
259
321
439
162
415
456
217
385
441
114
410
416
198
417
406
169
419
422
171
423
370
222
383
423
202
368
396
148
471
454
204
359
453
213
383
443
240
392
371
196
439
466
173
413
393
172
369
421
156
366
432
165
365
375
189
424
398
230
389
426
203
480
512
181
399
371
223
420
475
210
419
400
183
370
383
199
419
415
185
422
430
159
370
429
185
365
376
184
412
420
220
384
356
172
359
394
227
396
406
370
174
477
442
181
415
452
197
408
419
220
389
386
155
369
428
178
421
464
180
367
430
183
365
450
211
369
435
171
416
426
220
389
381
190
405
413
169
418
389
195
419
410
182
421
421
180
415
436
182
420
426
219
411
486
223
396
386
214
419
399
159
415
380
194
374
403
207
367
443
149
416
393
156
413
417
216
477
420
214
380
398
220
386
362
163
416
423
222
415
410
209
372
370
167
363
420
196
421
393
213
383
443
162
390
393
236
356
417
161
369
390
159
416
422
222
384
367
165
419
409
212
413
419
229
419
426
120
409
416
227
449
466
157
415
416
178
418
424
218
379
362
187
371
404
204
416
378
189
359
423
178
412
384
193
370
400
266
368
444
187
386
443
485
412
449
173
374
428
222
386
420
194
418
465
175
420
376
189
413
429
180
421
411
185
471
473
186
380
359
197
380
451
170
381
422
216
474
395
171
415
391
172
420
429
221
392
379
188
421
464
181
375
393
212
377
424
147
406
414
116
382
456
198
420
448
198
430
393
199
379
385
194
422
398
175
368
379
177
377
420
188
379
433
183
416
386
269
378
447
171
384
436
206
371
369
184
415
451
208
370
937
579
438
446
284
354
376
197
378
427
180
423
424
223
396
470
190
372
378
176
430
469
224
389
406
170
427
468
227
407
444
169
322
441
187
381
380
186
334
416
232
393
386
198
375
428
176
419
404
200
415
405
124
412
408
222
392
469
228
369
429
231
396
378
176
413
448
201
433
375
182
413
387
200
418
409
177
371
423
221
412
391
269
401
367
168
417
396
193
435
440
195
372
426
177
381
418
207
380
439
193
415
402
148
417
476
182
388
386
386
192
448
470
168
378
420
164
416
385
194
374
428
182
421
426
177
380
398
168
381
433
167
414
413
213
383
441
165
414
432
188
419
421
220
414
411
198
410
423
230
395
470
225
440
385
200
421
436
224
391
378
189
379
412
162
419
381
157
419
425
159
423
449
221
388
400
120
352
415
207
374
435
157
412
418
213
392
416
172
365
451
212
417
452
272
357
452
163
368
391
213
375
438
160
469
386
198
384
383
182
418
381
190
417
392
168
419
394
205
365
432
183
416
420
220
384
370
196
421
429
220
381
402
166
419
424
216
387
390
169
478
467
182
417
371
169
369
424
222
388
387
194
391
460
237
394
400
202
367
413
169
416
432
176
411
427
160
418
462
130
412
429
170
419
424
220
476
446
187
411
360
215
384
449
187
420
421
221
385
455
225
415
424
220
391
451
195
379
369
168
437
419
206
373
438
159
417
421
173
417
429
181
415
478
187
375
409
174
419
394
204
423
445
193
419
453
174
425
387
201
425
394
165
369
420
213
377
404
214
423
440
174
373
427
221
380
368
164
414
407
215
416
429
179
421
396
208
421
426
206
418
464
131
414
440
227
397
455
181
417
380
190
428
462
171
413
421
218
441
378
207
414
462
196
413
449
274
360
401
184
412
404
204
377
428
174
429
467
177
1294
450
490
454
442
245
373
376
186
418
466
179
368
437
220
389
397
173
368
450
216
382
365
173
365
378
174
418
428
223
386
369
177
464
404
203
418
424
216
383
409
164
422
386
197
473
365
230
391
473
164
349
438
206
354
400
159
371
428
199
362
452
184
397
380
181
325
392
177
330
442
188
418
423
199
418
414
432
185
426
488
258
361
429
205
416
403
135
414
392
189
382
430
158
373
440
230
452
464
219
379
892
531
400
433
293
410
424
170
415
450
194
420
427
172
416
369
210
416
415
206
374
395
189
379
397
174
371
426
204
355
395
212
356
426
198
410
387
269
348
395
109
410
474
218
408
411
222
375
427
222
364
375
194
373
372
223
421
390
160
417
370
220
389
453
196
356
444
189
412
382
200
419
365
162
350
451
167
372
413
119
416
394
175
413
421
220
387
350
162
367
448
199
424
367
218
364
429
156
424
381
192
419
372
185
419
435
189
366
417
170
397
413
279
383
368
180
416
366
223
390
368
165
340
393
188
366
416
210
343
367
170
362
424
219
385
369
162
421
434
181
416
400
219
380
411
163
378
416
215
386
419
170
421
452
237
420
424
216
384
446
170
373
358
154
417
388
199
395
362
168
369
432
115
412
391
170
370
376
158
417
427
169
365
399
170
415
440
209
378
439
245
395
482
175
420
412
176
416
402
254
362
424
219
420
378
171
368
424
179
413
433
191
364
406
161
419
402
156
365
421
168
369
442
190
370
436
206
378
382
171
366
392
215
384
387
162
416
419
223
388
383
198
368
370
180
368
423
210
381
424
190
376
392
197
411
402
195
368
429
170
372
377
184
361
407
123
406
431
188
417
434
214
379
354
169
368
431
160
372
398
220
388
445
172
418
426
154
422
421
216
382
373
191
420
420
180
446
428
208
364
388
201
370
458
168
362
369
190
367
378
190
413
419
173
413
386
201
373
381
176
366
428
222
391
404
178
414
412
193
371
368
168
371
431
160
394
435
168
402
404
156
405
375
395
209
401
376
203
335
147
399
461
461
194
458
491
132
409
513
255
382
403
172
400
387
182
403
382
149
399
408
206
376
442
168
383
384
182
389
436
225
393
424
225
383
437
162
384
388
125
409
403
164
386
373
171
382
444
191
1368
396
471
451
417
217
384
358
186
420
428
222
409
414
209
386
380
164
390
432
224
364
380
203
376
427
170
372
427
156
380
389
202
379
403
236
400
406
206
377
428
158
380
421
169
380
447
198
421
447
199
377
456
223
385
384
166
378
408
182
365
409
223
392
361
165
381
413
166
375
398
215
388
421
175
381
412
211
384
389
201
423
420
113
410
446
167
380
430
223
389
418
169
379
398
177
376
436
189
387
386
515
417
419
247
330
457
273
384
444
198
394
424
213
399
397
212
371
419
216
436
405
181
353
400
231
374
459
187
332
432
230
351
370
206
347
417
205
348
409
225
354
431
179
379
443
172
327
472
183
373
378
181
416
435
172
381
444
189
423
476
172
381
419
217
383
412
162
376
423
174
380
435
158
414
392
122
411
421
174
415
401
182
375
394
182
372
433
157
378
428
220
386
463
245
376
389
197
416
397
199
373
428
177
419
423
217
408
417
178
370
373
184
351
433
205
416
425
219
383
374
199
377
426
224
391
380
179
421
452
218
385
374
167
375
391
187
420
420
199
370
388
197
421
433
162
371
433
181
377
412
208
421
431
220
410
382
186
413
385
191
423
430
215
419
392
200
415
421
120
416
450
262
338
476
238
386
456
182
386
437
163
379
430
221
399
459
204
379
425
219
412
411
228
394
414
173
421
377
178
442
413
174
413
417
230
399
403
186
364
385
147
415
427
164
375
436
462
204
429
499
260
364
397
178
382
371
166
482
422
180
435
464
170
415
415
171
377
376
164
377
455
198
419
406
159
371
384
208
375
402
172
416
447
228
392
437
195
374
424
217
392
368
162
421
369
163
418
411
155
373
446
236
379
428
175
417
426
222
391
483
241
363
413
204
516
448
162
415
417
425
447
178
339
450
431
451
120
366
373
420
394
120
298
437
436
413
192
207
416
440
182
423
415
214
372
433
171
417
445
192
389
429
160
435
419
208
379
394
165
414
419
217
421
373
158
379
432
91
383
383
151
425
430
179
386
434
205
367
384
213
386
393
166
396
402
171
416
434
226
393
420
179
380
421
197
384
414
181
381
423
161
379
400
189
384
395
166
385
393
206
389
423
221
389
376
116
414
459
204
384
456
218
409
371
168
374
393
210
374
1353
434
447
457
175
370
375
162
376
426
187
375
383
196
384
405
219
409
392
189
420
436
191
373
399
201
381
440
189
379
432
179
388
386
161
381
422
197
385
403
222
380
406
167
382
432
156
401
430
205
371
384
196
375
420
212
378
381
158
372
442
172
380
381
168
388
386
162
383
401
219
387
450
151
383
358
168
419
451
152
408
381
216
380
374
165
389
381
156
386
391
164
386
443
262
328
438
236
403
422
170
759
817
440
463
432
275
369
428
189
448
378
189
377
380
183
397
398
223
384
379
162
368
459
206
380
437
187
402
439
119
366
422
195
360
438
229
409
452
229
411
409
154
399
406
157
408
377
177
403
408
160
400
414
162
405
375
171
364
426
173
406
362
197
413
357
203
421
421
170
351
439
120
393
425
210
340
432
195
384
392
413
218
388
376
205
387
443
191
382
442
164
420
431
155
377
433
174
389
388
175
381
450
114
410
422
222
378
382
202
373
438
191
380
390
182
381
417
198
379
463
192
384
428
186
381
405
146
384
448
197
376
395
220
442
405
224
397
398
181
377
442
164
381
399
193
390
392
166
371
442
185
380
378
191
380
397
181
384
398
207
387
419
249
367
431
177
375
382
200
380
428
159
396
445
190
380
395
210
381
424
220
380
407
168
382
434
185
374
407
204
376
433
184
375
381
120
413
449
202
381
394
204
376
441
170
379
378
224
390
396
196
381
443
190
377
416
170
364
459
207
375
379
159
376
434
167
397
432
184
377
458
234
375
443
185
414
391
161
372
432
181
373
434
187
376
405
169
416
402
196
419
422
155
371
430
179
420
437
169
414
426
170
413
403
160
419
374
165
377
361
211
413
412
211
387
433
158
370
407
172
362
387
211
382
408
146
370
377
118
422
417
172
418
436
205
374
431
162
373
371
188
421
415
222
393
372
165
374
423
191
378
407
179
376
392
193
380
384
192
392
405
203
422
430
158
362
376
195
423
376
157
422
447
198
372
429
224
380
386
182
420
373
184
376
387
201
372
389
209
380
428
223
384
443
169
426
382
191
380
412
210
378
382
171
375
429
183
382
414
212
378
383
167
377
434
208
373
413
166
382
430
142
419
444
197
378
407
200
423
432
222
387
393
181
416
389
217
383
425
187
391
466
407
501
477
174
371
428
158
374
454
216
398
392
211
414
402
167
414
403
180
423
403
181
378
365
197
363
377
197
380
430
219
412
433
223
386
375
225
377
379
167
417
381
207
423
369
218
381
369
439
172
481
445
181
351
428
216
388
472
214
383
384
154
417
429
221
387
415
161
417
370
162
413
392
156
418
379
222
373
438
191
376
382
195
377
398
168
414
414
218
381
381
148
372
388
209
386
419
210
769
751
424
524
528
178
396
457
209
373
406
175
375
384
169
419
427
220
362
393
203
418
407
177
380
442
182
408
403
215
406
396
163
333
404
167
349
414
190
340
410
191
375
435
160
382
427
158
366
452
205
367
434
231
377
430
222
385
376
171
381
432
161
385
438
157
381
416
193
379
424
199
376
415
188
385
438
164
390
440
189
377
367
222
380
445
177
372
415
169
384
430
157
384
455
199
392
418
116
408
376
174
375
370
185
384
439
190
385
419
184
378
446
219
396
420
222
383
395
160
383
385
157
378
428
224
387
412
166
383
417
170
379
409
176
380
419
212
382
414
163
374
417
215
385
411
161
387
453
165
376
406
210
384
397
215
386
414
167
366
459
197
381
455
183
382
438
162
381
359
168
384
422
199
431
430
158
383
391
192
379
436
214
375
433
160
381
426
224
390
409
115
413
423
179
381
426
168
417
391
157
391
382
207
381
443
258
385
396
214
393
441
194
372
390
180
378
409
176
378
422
220
400
396
204
369
431
223
422
366
221
374
394
208
379
434
156
378
409
177
375
435
189
386
360
167
381
381
171
375
462
214
382
443
170
418
372
175
379
407
161
382
418
169
380
420
162
380
379
172
381
361
170
375
413
210
393
364
218
380
369
155
372
394
118
413
446
195
374
373
156
375
406
237
447
470
162
371
434
174
371
392
206
379
442
188
383
433
163
367
452
204
419
391
203
445
427
437
212
487
450
190
406
460
243
325
412
233
406
415
184
425
415
192
373
400
164
369
431
160
374
420
168
400
466
193
380
410
195
404
410
162
398
408
207
373
438
191
413
416
169
405
460
138
398
371
200
421
385
124
400
365
176
402
403
234
374
392
190
375
393
206
388
399
213
394
436
166
376
373
189
387
424
217
383
454
201
379
370
158
389
451
427
383
405
300
352
434
121
408
427
200
415
385
196
374
415
204
416
417
154
420
383
196
379
377
163
419
430
168
371
405
216
379
441
199
372
425
197
385
443
180
424
433
158
417
444
201
376
406
175
399
383
179
372
363
162
373
411
187
381
399
172
374
421
215
384
449
176
369
420
216
377
423
222
388
374
165
373
398
221
388
390
210
377
392
166
429
399
141
424
430
239
407
408
259
380
433
158
368
963
435
507
535
228
367
415
165
370
402
182
424
457
231
398
412
167
372
425
220
387
427
166
374
411
173
377
376
160
360
441
214
372
438
238
376
405
205
420
381
175
369
436
156
380
373
172
415
444
208
378
433
194
380
433
159
376
447
176
417
416
212
378
418
203
376
390
203
395
391
193
371
457
161
370
412
169
374
372
160
377
371
171
378
434
184
426
398
218
413
385
181
417
408
127
381
426
215
373
435
168
419
421
196
387
429
220
384
379
166
377
404
182
379
413
177
429
369
222
424
381
194
371
371
160
451
424
168
378
374
222
373
435
227
386
454
227
416
430
184
381
431
171
420
407
178
419
384
152
373
456
218
382
372
171
424
394
158
375
405
161
376
400
181
420
452
204
383
417
169
376
414
174
366
377
150
379
435
155
422
431
181
424
449
433
171
471
445
259
338
430
233
363
427
225
399
412
159
385
434
163
488
436
147
376
434
194
385
446
160
378
486
174
422
424
220
385
382
114
415
415
218
375
427
210
375
440
162
417
392
213
389
371
164
382
414
175
373
397
214
382
448
173
370
399
207
375
389
160
424
435
225
418
427
167
416
368
189
377
384
253
372
435
224
395
384
201
426
428
174
420
372
221
392
456
183
392
378
225
393
434
181
378
455
196
370
428
214
387
402
173
378
372
167
378
434
164
379
409
171
427
376
183
375
434
247
421
374
233
421
383
122
414
394
169
378
423
213
386
370
211
416
402
198
380
398
211
377
390
203
378
384
210
382
447
161
381
424
221
386
433
194
448
434
181
414
436
174
422
439
184
420
383
198
378
394
171
419
432
186
382
435
160
414
383
195
378
395
147
375
417
210
380
410
172
377
437
222
412
450
201
380
415
176
380
421
222
389
406
191
378
438
169
381
411
164
417
446
204
1363
447
440
441
412
124
414
426
175
368
484
223
412
470
197
420
397
170
373
376
171
368
432
188
415
380
181
422
421
224
412
425
179
420
369
155
438
427
158
366
432
176
416
422
224
388
372
161
419
395
200
373
430
170
415
378
188
370
408
171
417
423
189
369
372
169
369
449
221
375
376
168
375
392
188
375
418
211
368
404
168
383
424
189
364
405
184
374
387
214
379
442
165
375
435
219
439
446
120
402
409
597
534
410
257
359
444
210
373
391
197
421
440
194
424
371
221
416
399
170
368
426
219
381
441
179
371
409
194
443
478
233
362
363
224
348
442
229
358
419
163
336
459
213
358
379
191
408
408
197
369
399
171
416
423
220
411
366
384
180
449
491
254
362
369
181
368
395
144
369
390
199
368
376
175
373
450
212
377
435
223
418
397
163
422
358
194
374
409
219
381
422
169
414
363
213
385
390
214
384
402
169
370
402
190
421
420
168
424
409
162
419
413
213
368
417
204
376
374
225
389
452
126
411
386
195
376
391
163
378
420
218
379
403
226
416
372
181
371
373
221
390
434
156
369
362
159
387
373
180
418
380
166
439
395
188
380
408
165
375
438
161
378
426
205
420
402
174
417
411
208
377
439
166
380
391
203
375
424
218
385
424
169
376
433
225
421
381
196
426
458
217
421
440
191
371
441
166
363
419
167
424
429
169
422
406
189
420
391
172
386
432
160
373
422
121
409
371
173
375
454
217
383
422
185
367
383
209
433
393
166
421
386
177
417
404
235
361
406
203
377
416
179
375
409
168
445
403
176
373
406
165
372
421
164
380
416
169
364
413
194
416
412
204
373
440
165
428
377
209
379
440
99
409
435
260
368
480
232
402
455
217
374
372
186
366
371
156
372
394
165
367
414
185
369
392
221
385
380
175
374
428
199
418
430
219
417
398
116
416
411
164
419
421
219
415
383
185
371
388
194
417
428
220
377
392
167
376
376
199
374
413
163
375
490
185
379
419
171
436
440
194
369
425
223
394
454
236
374
435
195
426
397
168
383
431
157
378
374
185
373
390
191
367
384
210
385
391
211
379
410
209
424
396
156
370
368
192
376
404
148
370
414
168
427
372
189
374
447
191
372
415
166
369
425
188
424
385
158
373
1257
452
367
444
121
378
434
257
380
422
186
423
376
187
375
392
179
373
355
222
381
412
474
177
500
483
252
383
435
191
418
427
118
412
410
161
377
394
167
375
450
211
388
397
204
380
404
178
379
405
221
380
413
175
423
376
186
384
406
179
358
428
223
381
445
195
376
393
158
357
411
179
350
410
200
369
407
206
370
425
174
368
377
189
366
400
152
423
443
209
377
446
203
370
390
192
415
406
181
373
396
525
447
407
257
316
387
197
374
398
290
407
411
231
468
408
207
370
416
179
368
433
162
382
423
117
324
432
163
415
387
197
384
392
188
358
390
200
360
448
223
348
437
195
374
369
155
381
432
169
373
438
198
375
390
197
448
407
214
381
416
187
378
431
157
375
376
179
422
383
198
372
423
181
361
413
174
402
417
209
369
418
181
372
372
207
371
417
198
379
436
162
384
438
197
375
411
176
372
365
216
386
422
221
381
355
169
374
395
232
381
434
158
370
433
183
377
385
114
407
412
208
404
413
230
368
434
174
371
389
204
378
407
163
375
434
177
372
396
168
422
439
193
387
394
220
370
424
217
403
447
186
368
422
168
368
392
219
366
425
194
376
389
168
364
429
160
364
385
199
368
435
161
371
399
222
388
420
157
420
421
149
416
398
172
363
458
221
385
416
237
401
405
232
370
426
222
362
426
221
382
458
220
384
448
177
370
407
180
421
422
125
408
439
195
368
446
176
386
413
180
368
399
130
369
388
200
367
407
172
377
411
176
418
394
215
375
400
177
414
408
199
438
399
183
372
393
215
387
458
178
375
373
196
387
431
161
371
453
219
375
387
196
423
386
172
418
465
228
425
412
213
376
461
169
373
379
193
376
427
191
375
421
168
370
419
181
380
377
382
202
374
417
184
376
382
195
415
422
216
379
392
168
375
401
161
376
389
201
373
416
185
374
377
224
413
381
166
372
376
172
347
417
216
388
452
202
371
408
160
384
376
159
420
391
115
410
411
163
379
379
172
375
425
188
378
420
212
374
409
180
370
387
208
377
390
160
377
377
203
417
384
197
376
401
222
407
422
166
388
418
177
414
408
156
375
412
162
380
435
158
384
410
224
383
411
210
379
391
130
383
418
215
377
406
159
381
382
215
426
1183
463
428
457
211
388
434
182
423
429
190
374
400
220
373
376
162
375
455
159
375
431
176
377
433
176
378
410
117
401
419
166
422
396
229
396
418
121
377
389
168
381
413
175
378
398
216
378
425
168
420
376
189
384
397
142
374
378
219
405
381
143
368
410
164
379
433
191
371
388
190
372
389
211
375
369
140
384
397
172
378
406
204
377
375
225
417
385
198
377
444
178
414
389
145
396
409
222
376
391
163
784
831
440
435
530
208
396
414
171
379
398
213
382
444
179
376
418
188
376
369
118
374
395
179
377
443
194
380
441
166
374
440
212
412
425
222
361
444
165
340
441
236
336
415
286
386
382
213
373
385
158
451
416
150
380
383
197
380
411
225
392
441
206
377
426
156
385
474
230
378
386
223
387
364
180
384
457
168
390
425
223
388
448
192
387
429
217
385
437
189
387
395
166
403
409
159
386
408
177
372
423
221
351
473
190
382
458
204
375
413
187
396
443
109
358
442
202
380
425
167
382
387
165
387
387
170
390
408
176
384
397
163
400
420
216
382
438
169
374
396
221
383
374
179
396
407
185
378
378
159
381
373
199
377
441
191
369
396
392
182
451
422
187
362
426
223
388
449
174
373
380
196
377
392
202
442
417
189
378
384
199
380
386
197
382
432
223
386
407
162
389
438
172
385
477
210
389
441
192
386
399
157
426
458
220
391
436
225
373
402
214
382
412
169
389
396
221
392
415
169
394
438
162
384
452
169
387
381
209
382
450
182
388
438
165
384
392
189
335
402
244
386
426
184
389
463
213
389
408
227
391
380
183
388
447
161
379
394
204
384
417
179
393
455
198
387
463
211
403
411
161
382
408
231
401
409
234
390
443
166
389
451
168
390
446
198
385
410
225
384
406
224
395
382
201
393
387
190
382
435
168
396
423
224
390
407
178
363
380
213
385
435
164
378
428
224
402
377
203
379
443
166
379
378
175
385
369
222
394
381
117
389
387
165
382
399
225
394
382
181
391
393
182
383
383
178
380
462
188
380
369
188
386
436
173
384
360
172
395
475
161
394
445
198
377
400
205
378
404
220
387
425
167
393
397
209
391
433
230
454
456
179
386
407
187
387
447
200
394
408
215
381
418
196
392
424
174
380
381
198
380
434
448
465
417
184
388
381
165
388
398
178
381
434
204
379
464
168
388
409
185
376
460
114
416
422
233
384
387
161
390
407
225
386
378
197
390
458
206
380
426
223
392
437
162
393
416
202
389
387
165
384
399
188
402
412
224
391
439
185
382
359
224
385
407
179
386
382
175
383
382
175
391
419
179
387
412
166
373
378
202
379
404
173
384
419
159
436
447
182
382
403
225
378
440
163
386
343
231
380
963
628
487
431
129
443
441
201
384
410
183
387
384
161
385
441
119
409
425
220
392
435
186
387
417
379
189
383
433
185
392
417
218
362
410
226
363
456
216
418
404
177
339
407
214
377
445
122
415
376
167
393
380
182
386
405
170
378
422
184
388
349
228
382
400
226
388
441
180
382
381
179
363
430
175
380
417
175
455
440
166
378
384
168
377
410
221
387
454
175
378
402
171
437
421
170
446
476
247
506
406
211
376
407
220
376
400
218
400
435
264
458
494
187
492
524
169
380
407
220
444
416
183
380
400
210
377
419
193
382
396
221
389
407
170
377
382
202
381
439
121
413
437
263
332
401
213
380
404
219
449
444
168
378
443
169
381
414
184
381
383
194
381
443
167
381
392
199
385
439
217
411
449
162
401
385
159
375
409
181
379
389
213
377
362
196
379
425
209
373
438
208
377
417
219
386
352
161
394
406
231
408
493
205
385
426
167
373
405
174
379
402
192
381
445
179
374
402
227
376
356
169
379
378
164
373
450
160
377
449
155
376
422
120
409
395
267
432
405
159
437
468
240
503
526
172
495
526
172
378
463
220
383
413
171
376
388
197
377
412
162
381
380
160
455
357
165
418
469
174
380
374
195
372
438
228
443
453
178
381
382
169
371
460
227
365
421
187
373
374
191
373
377
160
375
497
186
373
445
176
372
438
158
371
428
173
365
430
181
378
451
161
383
375
156
374
407
223
425
405
247
454
492
188
374
499
199
506
536
176
478
500
174
409
384
225
347
366
158
376
419
234
403
468
200
398
450
156
410
379
187
410
388
162
404
388
155
412
415
169
411
412
174
406
389
203
405
419
209
417
422
211
404
404
212
385
447
198
442
414
166
407
395
160
439
373
198
364
421
191
397
414
186
406
383
455
196
363
378
168
397
453
408
403
431
230
376
406
181
377
378
161
373
410
168
369
428
170
375
386
168
376
429
169
438
410
154
438
471
240
495
527
292
497
524
298
374
398
304
495
523
187
492
399
299
375
406
208
378
461
120
396
434
124
374
395
218
383
415
186
385
363
168
376
408
154
443
417
263
456
489
256
488
523
153
380
386
209
380
435
201
435
413
189
380
438
181
378
398
210
379
375
161
381
438
168
417
382
154
421
902
492
510
571
237
336
448
196
381
401
203
368
437
160
379
401
223
391
450
273
352
404
166
391
453
217
366
442
198
347
457
202
419
421
216
385
550
318
355
450
216
346
412
132
420
477
209
386
419
168
381
381
193
379
424
199
381
434
164
383
428
224
361
443
174
381
406
171
377
457
197
381
421
189
401
429
224
400
454
195
378
382
168
373
385
199
376
386
166
385
458
201
386
413
185
373
395
207
380
410
153
383
453
159
381
424
226
374
411
212
376
429
170
389
446
202
381
402
221
377
455
173
378
416
163
434
409
166
464
411
155
380
412
230
432
504
122
447
487
251
487
525
172
364
525
170
371
399
301
397
532
209
487
391
173
493
525
167
492
398
169
486
385
200
373
442
161
419
405
167
432
507
253
461
486
253
495
528
200
385
538
301
495
533
300
379
527
167
383
537
301
394
437
195
381
414
161
394
399
156
377
376
182
380
359
172
376
358
172
391
380
187
380
398
219
400
381
208
380
445
171
405
399
183
408
430
164
402
394
192
399
419
175
408
418
144
402
417
149
403
394
221
397
369
167
380
371
205
370
375
161
376
438
222
441
344
181
374
445
214
439
407
460
225
392
511
181
374
371
165
423
388
183
396
389
196
414
424
171
374
397
220
377
436
171
381
430
167
374
454
202
449
428
202
379
434
214
381
373
198
379
383
166
375
444
198
365
439
186
380
416
168
441
416
256
447
486
251
494
394
291
368
446
302
491
525
293
494
548
293
494
394
289
485
391
176
499
536
195
409
461
163
379
362
173
377
392
203
371
433
188
384
404
173
381
406
163
434
404
191
454
366
169
383
427
171
379
415
228
431
408
250
454
494
195
494
393
226
495
525
173
495
526
180
420
397
168
491
519
286
363
395
173
498
526
169
373
409
227
1265
576
422
519
480
246
402
448
201
397
424
194
375
437
166
385
394
221
400
376
189
383
430
201
405
438
162
409
411
226
426
448
218
385
444
167
433
412
217
408
428
225
409
455
197
420
418
115
418
581
226
484
389
217
357
443
290
373
412
214
433
458
206
435
474
199
383
418
173
457
403
203
417
432
161
403
446
168
414
399
172
382
465
204
442
473
239
486
517
171
491
388
201
497
526
225
384
422
183
411
435
613
434
406
267
414
431
173
367
391
168
375
422
164
367
442
237
438
415
198
408
414
170
443
396
163
380
414
188
375
444
161
405
442
220
410
386
185
399
414
119
414
442
161
394
415
171
407
376
158
404
394
200
323
382
178
377
402
229
375
431
217
372
383
198
380
407
229
361
444
182
386
453
162
425
446
177
403
473
183
385
433
167
339
382
184
376
382
197
403
449
189
376
445
214
388
361
165
400
376
187
400
441
172
402
354
169
406
442
167
397
410
203
403
361
169
380
452
198
404
401
194
402
447
166
405
441
159
400
401
447
195
378
417
195
401
387
190
407
396
141
504
383
166
453
389
193
437
455
218
407
414
233
390
475
219
384
371
202
392
423
175
393
392
118
400
428
179
400
391
206
438
392
216
406
385
160
410
396
165
376
411
160
376
392
168
377
363
177
410
380
163
449
423
187
449
360
182
398
497
211
393
449
216
494
525
185
453
367
207
376
381
164
373
373
161
373
408
186
380
412
201
376
414
218
367
426
225
366
391
190
392
450
183
374
417
215
381
449
164
397
375
182
381
442
170
405
408
230
517
411
179
372
374
180
396
483
113
429
378
190
377
405
180
465
382
272
485
517
184
488
368
222
385
439
164
402
396
154
387
442
211
486
438
161
398
359
172
418
369
169
449
395
221
422
393
172
433
462
236
489
392
295
489
522
163
380
410
181
374
403
174
397
479
235
378
366
171
380
416
165
371
430
224
388
452
174
380
377
161
379
444
168
384
406
175
397
409
206
381
398
169
404
438
162
406
446
182
378
376
117
369
453
162
376
441
191
402
414
168
416
416
166
447
478
244
486
410
170
375
400
202
417
372
162
381
452
171
378
459
220
482
391
206
460
442
160
380
374
202
459
445
194
375
399
206
477
410
244
414
1425
510
508
471
138
376
448
180
371
448
233
377
533
267
444
477
248
504
410
198
399
405
154
395
375
185
387
406
161
416
369
173
383
462
166
376
378
184
375
414
187
400
455
111
435
455
214
412
385
169
386
427
244
441
467
240
380
407
186
389
487
211
378
444
174
382
406
174
364
455
256
317
406
228
415
435
210
434
472
243
368
532
157
383
353
193
385
400
207
401
425
200
375
472
219
384
368
181
377
405
456
638
461
433
193
421
410
207
387
408
177
437
405
171
446
476
243
495
525
178
377
423
173
380
447
177
410
443
162
374
396
201
432
507
255
447
533
245
359
522
164
366
525
298
369
528
294
486
387
290
496
397
292
499
533
164
486
523
290
492
398
165
377
399
206
450
401
116
432
452
213
458
433
155
404
385
220
390
447
215
498
466
224
380
360
172
453
444
169
379
406
226
426
394
173
435
462
232
463
525
164
493
395
287
490
522
291
490
394
296
502
405
302
490
520
163
490
525
296
502
531
158
387
463
170
379
454
169
377
441
234
372
396
167
409
463
202
441
403
225
456
377
191
381
429
199
376
374
199
381
452
212
379
416
193
385
427
191
382
380
118
407
481
204
374
345
173
446
454
178
403
446
163
370
395
218
449
444
158
382
401
161
380
441
167
381
363
185
405
402
166
416
426
235
373
369
158
399
423
222
387
374
163
380
432
189
381
383
167
379
455
203
378
401
204
442
372
196
368
431
186
380
410
164
382
407
162
378
438
165
376
446
175
378
385
194
380
397
209
382
452
206
387
440
198
399
454
202
382
410
161
380
379
118
422
418
212
451
361
172
408
463
223
370
478
169
379
416
171
384
414
168
378
359
173
382
362
162
436
514
212
436
443
171
449
425
456
251
228
448
514
479
279
228
402
396
404
401
124
352
424
460
448
158
237
464
361
426
170
182
428
416
458
454
117
398
491
550
501
120
415
443
216
376
429
197
386
452
164
374
382
179
381
404
225
438
415
170
429
465
229
478
385
286
485
525
116
496
527
294
497
396
294
494
525
289
486
399
291
494
521
290
492
520
293
490
526
171
496
397
427
327
492
398
295
377
437
115
394
455
206
432
374
140
426
387
207
440
439
200
383
412
176
411
441
203
343
428
162
389
1372
426
491
497
131
378
512
281
526
392
181
348
380
281
497
403
203
490
383
177
377
385
209
384
366
173
381
442
265
381
385
196
380
413
178
470
536
172
378
406
162
376
384
198
378
445
186
383
374
213
455
397
227
418
398
238
439
481
247
481
511
155
494
521
288
493
450
160
374
443
136
410
399
145
407
395
208
430
403
253
459
485
255
497
533
196
382
412
166
383
380
202
384
356
208
408
435
174
380
452
176
787
792
480
487
409
162
353
415
206
376
448
160
358
437
209
391
446
173
389
365
193
383
417
170
381
375
169
382
443
167
377
409
174
385
407
233
360
387
196
350
442
216
382
449
161
400
410
184
377
393
163
378
378
180
406
384
197
380
450
172
406
422
121
418
469
201
393
441
162
376
372
162
406
438
185
394
446
171
405
438
187
404
403
225
377
423
169
376
378
162
407
404
195
420
441
172
452
376
201
380
410
226
475
421
181
378
394
165
427
506
254
447
481
244
493
395
164
376
445
215
377
422
185
379
455
170
378
414
167
428
407
252
449
479
244
489
457
193
384
409
178
381
351
191
401
394
169
365
395
176
378
394
216
394
465
113
435
455
207
376
407
169
377
394
218
379
465
184
401
401
207
408
450
184
409
350
185
400
444
199
397
451
218
490
525
171
429
385
182
384
447
196
379
444
169
506
403
213
456
376
233
467
446
195
362
382
297
376
427
203
378
451
168
403
455
179
403
440
165
395
415
186
375
417
173
385
357
193
386
392
188
393
417
390
166
467
474
260
371
359
204
380
427
188
386
405
221
381
396
157
384
401
174
403
451
167
398
383
162
400
394
163
384
433
195
380
371
180
382
388
170
385
401
172
412
371
181
369
423
115
413
418
172
379
408
231
435
415
177
439
471
240
494
400
195
494
520
167
494
522
294
494
393
291
481
383
165
502
403
170
421
529
171
498
530
166
495
527
295
502
405
300
498
529
169
484
514
167
382
400
221
389
374
167
380
446
168
378
369
194
380
379
182
377
377
167
377
403
168
386
350
226
414
483
234
456
360
259
498
400
175
383
369
220
381
397
240
381
391
206
441
414
118
430
400
185
377
386
168
380
383
172
379
401
221
383
345
206
400
373
224
447
486
255
498
531
302
493
403
191
404
432
493
497
430
235
370
406
180
382
389
218
400
368
193
409
362
162
379
438
157
382
426
206
402
447
198
403
454
160
374
412
216
386
412
203
384
447
170
373
415
189
371
390
202
381
362
187
393
372
177
380
403
222
400
405
167
435
391
216
448
478
248
497
528
111
411
437
208
378
436
166
383
442
173
386
421
206
383
382
167
379
418
171
375
438
196
375
373
167
382
388
201
384
413
161
458
403
170
378
978
633
472
517
212
386
412
217
377
398
180
378
393
223
371
427
156
379
439
174
390
424
189
375
386
170
369
467
162
422
437
192
373
435
164
378
435
180
337
402
168
338
418
175
333
414
163
396
446
177
381
363
175
379
405
178
370
401
119
410
367
199
366
432
162
376
397
219
370
407
193
377
415
180
373
406
171
374
429
187
420
436
217
465
380
208
378
417
213
447
411
197
372
417
183
376
454
217
388
450
173
373
378
463
166
508
494
260
369
458
213
377
376
201
375
438
166
373
361
227
448
393
212
426
382
196
371
367
197
374
368
170
375
417
203
377
453
204
367
407
178
424
430
164
374
375
178
370
430
159
373
425
213
373
408
225
372
433
160
372
382
166
431
454
177
377
396
188
377
410
187
378
470
229
378
424
181
371
399
199
368
403
119
414
416
217
381
397
172
375
439
192
433
440
181
483
376
164
368
435
174
371
456
218
438
399
197
399
431
223
368
390
217
406
363
161
413
414
212
375
435
163
371
422
195
376
432
156
428
441
174
375
416
204
369
434
154
426
375
190
371
409
237
421
463
254
368
460
225
376
413
189
367
453
220
387
444
187
377
382
238
374
434
158
373
439
163
416
413
226
379
408
172
377
439
116
388
407
219
413
421
202
429
438
166
380
443
170
378
394
210
378
415
174
429
400
221
445
383
207
374
379
163
376
395
217
434
388
205
369
424
158
377
357
166
375
386
201
410
390
202
378
395
218
391
464
193
375
452
158
372
385
199
381
432
159
372
420
195
427
424
256
327
462
177
374
417
165
420
437
189
420
381
201
370
360
217
376
431
158
380
455
178
377
418
173
370
415
116
415
392
142
376
397
219
378
414
213
385
411
167
427
443
164
425
395
145
373
421
183
380
375
181
377
374
160
376
416
168
1233
480
299
412
439
200
343
414
157
410
436
191
409
436
164
398
388
174
401
403
128
418
406
149
396
377
136
400
394
159
410
440
131
400
427
137
394
429
191
468
475
174
393
463
167
400
469
196
393
421
181
408
414
156
406
448
132
395
392
123
395
455
193
426
422
137
398
376
144
400
408
165
379
374
382
200
387
418
164
401
430
165
405
400
189
396
408
228
403
374
150
397
402
194
432
422
174
404
384
166
404
925
580
441
483
266
446
449
160
400
408
147
395
406
195
401
464
168
393
386
178
401
370
150
445
404
175
405
407
196
472
368
152
397
405
215
422
460
173
368
472
185
385
455
188
373
424
181
438
402
171
385
453
182
359
470
187
465
399
160
399
368
135
392
401
158
395
412
156
382
464
168
399
448
178
342
405
190
345
413
200
339
369
197
355
412
195
384
448
256
400
423
165
403
440
130
408
407
216
351
425
218
405
406
145
387
454
137
402
399
165
379
409
112
404
448
133
369
383
145
398
412
168
422
421
204
454
409
164
405
417
181
404
426
174
404
407
210
399
398
122
405
402
140
398
398
231
396
366
135
400
462
166
394
384
146
400
424
189
396
403
220
403
403
204
407
419
228
391
400
168
387
403
212
413
424
195
411
413
195
434
368
140
397
377
183
399
385
151
398
384
136
433
420
156
398
389
180
406
386
168
394
458
192
400
416
179
395
413
193
396
380
147
435
408
117
400
452
129
433
368
168
401
381
134
410
406
166
394
377
135
398
409
205
405
429
188
383
462
164
393
434
131
391
368
144
393
420
146
401
381
156
401
409
172
389
377
223
341
434
170
399
391
166
401
417
116
389
382
130
393
457
191
346
432
189
399
400
150
395
425
136
401
425
139
386
447
183
405
417
214
336
372
224
400
374
126
391
380
133
397
422
160
439
401
174
383
461
176
395
421
176
395
381
144
376
385
171
401
430
191
397
375
188
393
444
177
431
415
132
410
417
149
399
454
145
398
407
372
184
415
376
145
390
401
178
409
419
222
401
431
139
398
422
140
395
390
165
401
427
138
390
398
214
401
371
127
391
383
137
391
382
176
397
415
161
396
385
177
404
383
137
409
398
175
412
415
155
348
403
171
400
463
171
401
400
127
422
445
204
1399
408
484
423
425
182
372
424
167
386
441
204
373
442
165
376
434
196
367
368
174
380
409
203
424
415
172
395
376
180
379
360
171
381
429
192
381
403
186
376
403
207
378
407
178
383
405
184
378
369
223
370
412
201
375
391
211
386
408
181
377
403
174
373
392
215
390
399
176
384
382
197
389
395
184
371
413
160
408
394
214
383
439
161
377
417
178
382
380
120
411
409
210
371
423
186
377
407
164
382
408
545
354
378
196
382
447
191
376
408
232
372
410
160
378
432
220
382
437
169
443
411
173
377
390
170
377
440
169
376
442
162
373
420
184
375
429
186
335
416
164
392
396
191
334
424
213
364
382
199
364
457
243
367
374
190
382
442
164
379
439
167
378
374
163
371
406
163
382
474
187
380
408
162
387
404
170
382
445
171
420
431
121
411
427
191
382
400
215
388
388
173
380
360
161
386
386
173
387
381
209
388
407
167
387
361
175
382
396
222
389
373
202
394
429
155
385
448
178
382
415
174
387
341
230
386
416
234
378
433
223
365
428
173
385
406
231
392
376
201
385
386
208
382
452
155
415
412
243
380
356
184
392
441
235
386
442
227
394
413
211
384
447
173
383
442
169
412
365
163
387
392
214
382
387
117
418
377
175
385
437
217
390
408
223
383
438
166
385
442
179
385
444
168
384
445
206
388
434
157
378
380
171
371
409
168
398
380
166
386
365
377
182
386
443
170
387
444
183
382
440
169
377
391
218
384
375
229
384
413
159
364
431
185
379
418
172
394
361
175
384
355
191
379
428
196
382
446
173
386
368
168
387
381
216
388
367
195
384
432
169
375
415
171
382
444
173
386
372
208
382
378
183
384
447
188
383
389
202
380
397
223
391
374
199
385
405
225
369
388
208
383
413
164
384
404
226
399
446
125
412
417
180
375
379
166
387
367
192
382
365
161
386
453
162
380
441
182
378
398
198
381
451
265
335
412
192
384
444
168
439
401
221
392
374
188
379
420
213
382
446
174
386
384
192
378
423
186
380
376
161
387
413
165
383
387
150
378
398
222
388
456
169
381
399
224
382
438
179
386
383
163
377
421
166
384
378
178
385
400
163
386
363
188
386
363
160
385
382
207
387
392
120
409
375
191
381
377
201
386
1212
496
408
462
149
384
365
161
387
420
168
384
424
162
352
428
174
383
447
175
382
447
175
402
387
174
382
381
192
384
426
169
380
391
183
367
375
158
387
416
177
382
446
171
382
410
183
370
444
193
384
388
174
385
467
178
378
444
180
369
439
194
383
398
213
370
433
184
385
411
190
382
400
200
381
412
190
386
394
176
384
421
173
379
451
119
416
421
203
381
403
189
388
447
184
386
398
203
382
390
169
820
800
485
407
415
261
369
405
190
382
376
163
381
443
201
398
434
156
380
413
165
377
446
194
381
418
156
383
390
201
385
443
172
367
426
165
356
467
199
344
432
187
342
406
183
376
404
192
347
386
200
384
413
163
389
369
156
388
400
183
385
448
170
378
433
161
379
387
205
381
403
172
383
403
386
203
454
434
180
381
392
207
379
368
213
382
410
177
369
448
175
382
446
173
388
438
203
382
371
183
388
372
166
380
360
174
370
392
124
411
375
185
381
409
161
390
388
171
388
430
190
386
361
173
381
392
203
388
377
206
384
465
222
383
433
160
381
440
165
443
434
161
382
376
165
386
350
169
359
419
161
382
440
176
398
396
184
387
436
166
423
419
214
390
364
177
382
362
174
383
358
184
386
370
177
384
410
179
377
406
230
383
375
172
387
355
165
387
420
168
382
385
164
380
407
176
379
359
163
378
481
203
374
436
164
386
374
167
389
369
204
386
447
172
386
415
211
384
431
208
385
386
155
385
364
161
388
356
193
385
415
209
403
430
219
379
435
159
389
363
214
382
354
206
387
349
175
385
410
230
370
380
192
382
370
195
388
416
164
390
382
210
382
458
190
385
412
164
383
438
164
385
440
167
386
434
159
384
398
176
386
388
172
388
388
186
390
448
217
383
397
199
410
419
191
413
425
171
371
422
202
423
460
175
382
443
192
366
368
205
384
363
192
410
415
223
393
363
197
379
414
172
386
358
198
403
459
193
383
427
155
385
382
190
381
438
166
421
429
157
385
385
182
386
366
178
393
400
181
379
420
194
373
373
156
386
388
180
384
376
199
383
413
160
387
371
197
389
414
192
386
368
170
390
365
201
386
445
176
390
393
165
389
384
206
385
391
116
410
419
184
380
436
169
398
452
235
371
433
183
385
402
397
378
362
225
400
408
191
388
468
215
397
408
223
395
457
175
354
414
166
394
412
232
410
422
204
383
427
192
388
425
184
390
386
176
385
400
211
382
403
212
381
392
403
178
375
396
174
450
440
164
414
111
379
429
400
168
447
464
262
319
372
159
393
428
173
382
420
167
377
375
228
379
427
190
383
373
172
387
421
193
373
383
173
390
363
164
388
346
229
404
368
189
389
446
199
397
368
164
821
755
493
496
414
269
388
454
202
394
453
118
425
429
203
382
422
207
387
384
175
390
413
177
390
406
172
343
423
192
349
439
183
313
391
201
385
427
209
419
387
201
360
373
176
383
421
184
429
438
226
399
392
177
383
401
142
379
437
216
390
391
223
385
404
195
387
387
199
386
433
187
386
381
187
386
351
163
385
377
172
383
359
171
379
447
173
393
384
185
389
449
175
367
433
180
421
385
194
377
378
165
381
445
114
425
398
193
418
418
182
386
403
162
380
436
161
387
464
199
388
450
177
398
387
169
395
404
145
359
439
215
388
436
191
403
445
176
363
425
216
385
419
210
422
417
195
398
423
182
400
458
167
402
394
166
424
411
114
382
416
229
397
393
222
399
430
192
428
398
206
383
387
192
382
453
230
396
396
211
428
455
196
380
421
161
392
409
187
386
444
189
391
388
176
401
364
119
381
439
167
390
433
175
436
435
190
391
471
237
380
381
170
385
417
168
431
420
214
387
423
175
388
368
164
395
380
191
396
418
189
395
462
186
389
416
174
390
411
164
409
452
170
390
443
169
389
403
191
388
449
167
383
413
172
381
415
182
387
375
165
389
412
192
426
393
260
333
460
168
387
368
208
399
369
181
430
386
228
399
384
207
391
380
168
375
434
184
385
380
118
350
416
167
390
378
190
386
383
195
391
433
160
392
432
168
385
349
205
386
397
415
182
521
430
112
391
452
248
340
457
122
407
427
178
389
460
178
429
480
189
389
392
175
388
404
175
385
407
230
376
492
237
381
449
233
381
411
171
389
409
197
404
381
213
389
398
202
389
398
178
385
421
161
384
401
163
374
419
168
393
380
170
388
379
176
433
412
181
414
411
202
364
371
158
377
390
214
416
400
167
389
383
208
399
416
230
388
401
216
394
445
411
425
419
169
392
392
173
385
449
195
381
420
125
424
437
196
380
460
195
383
395
254
323
392
188
390
377
178
385
428
191
389
377
175
313
374
155
385
385
207
394
377
167
401
355
161
385
407
226
420
401
181
388
402
169
391
400
176
395
462
175
385
363
162
393
361
161
385
403
169
394
413
163
382
456
187
383
386
194
401
391
175
389
426
169
387
450
177
383
417
235
380
445
192
472
443
195
387
928
596
454
483
261
355
333
190
411
421
219
387
384
187
384
366
193
390
451
171
387
414
179
386
450
190
395
359
170
380
415
166
367
391
207
394
484
208
375
377
207
368
406
169
399
364
177
374
444
198
388
429
155
391
379
169
428
410
190
391
444
174
363
428
171
384
379
171
379
411
190
385
408
170
374
435
190
400
402
219
315
464
177
416
432
181
392
376
175
380
452
173
406
397
167
388
395
268
397
451
133
422
424
197
385
399
195
393
361
176
390
458
193
396
377
180
422
458
207
380
408
226
393
408
179
397
453
168
383
366
171
408
443
169
395
376
171
386
382
172
389
367
165
385
393
185
382
360
164
391
382
235
426
484
196
390
402
194
386
398
182
381
405
162
426
467
180
389
348
160
389
364
179
391
417
168
387
417
165
391
362
422
196
478
396
177
386
431
157
380
431
156
389
434
171
389
391
198
389
385
179
460
423
265
411
410
196
387
383
202
391
453
175
389
404
176
376
391
160
388
450
174
386
372
186
424
421
173
380
435
223
392
381
165
395
399
191
386
464
226
396
404
195
400
444
200
359
385
184
389
399
206
395
424
168
392
398
212
386
436
193
382
386
170
420
411
174
391
450
191
388
423
232
389
408
195
426
412
188
393
358
166
399
474
181
388
431
219
398
419
186
401
419
176
367
405
164
396
357
173
384
374
191
376
411
164
391
477
218
390
379
176
398
442
189
402
435
180
383
454
204
388
380
188
424
431
220
390
385
205
388
395
192
388
369
218
417
471
183
389
391
177
389
418
162
395
383
172
400
459
223
388
452
180
383
404
199
385
369
178
388
407
161
392
420
227
385
380
204
386
394
166
420
434
160
383
381
202
386
433
167
387
432
175
384
448
177
392
386
207
430
389
214
394
361
163
423
455
205
1425
452
447
404
431
242
384
384
206
427
413
130
407
417
171
383
421
219
390
449
171
390
436
161
383
395
172
385
376
163
390
412
174
380
431
220
373
451
212
384
449
194
406
449
205
474
444
270
343
408
206
389
447
188
383
377
170
425
381
183
387
386
172
390
404
173
394
375
164
387
448
198
389
445
166
385
450
179
391
382
204
381
359
217
417
374
187
392
454
174
387
376
194
424
475
181
387
368
175
387
383
548
379
458
116
413
432
183
376
413
184
383
367
187
385
393
221
395
363
162
396
452
178
383
452
174
383
362
176
385
405
227
399
401
205
363
373
177
392
429
202
345
383
195
343
438
208
391
375
411
226
383
408
227
398
453
183
388
424
180
381
398
171
387
364
169
385
430
158
388
428
187
396
453
180
391
367
170
395
361
201
388
437
221
383
430
197
386
378
170
386
418
226
378
440
105
423
453
118
458
494
274
315
429
203
431
388
267
337
464
168
394
380
200
391
370
166
474
436
236
391
379
207
435
403
244
419
425
198
411
380
189
387
378
192
387
437
163
381
424
204
384
412
170
391
449
173
386
452
189
381
363
167
425
451
203
386
377
202
408
359
176
386
388
173
385
397
207
392
419
201
396
380
172
392
387
186
427
432
224
386
363
177
391
387
181
388
404
165
388
396
167
389
423
221
396
440
222
395
388
177
385
405
170
391
378
169
390
384
176
388
412
179
424
411
187
390
372
163
388
450
216
412
407
207
424
423
198
389
363
170
395
410
180
387
386
200
381
404
183
396
382
209
391
374
202
395
412
167
400
367
189
408
379
204
381
374
170
381
363
177
384
448
194
386
448
178
392
414
162
389
434
184
425
468
184
383
403
172
391
445
215
391
417
198
423
393
208
392
450
176
388
424
184
386
411
183
394
345
201
390
385
203
390
417
183
395
378
200
388
417
220
385
442
117
409
434
177
381
415
232
426
423
177
392
456
176
394
452
178
391
375
159
387
406
195
425
380
160
366
383
212
409
410
207
417
429
179
417
385
159
427
375
143
417
420
152
369
381
163
416
405
159
419
405
148
367
428
225
351
381
209
407
384
174
412
407
145
361
426
164
455
434
206
395
429
180
395
435
130
415
425
160
397
426
183
422
442
171
396
1418
448
457
437
160
382
379
117
326
472
198
394
408
162
388
424
379
194
383
384
149
386
445
174
391
382
176
392
451
177
387
431
221
422
457
174
388
410
119
425
474
188
405
384
229
413
396
255
390
381
172
389
453
206
376
422
164
424
475
215
375
404
168
382
435
153
372
426
167
397
421
163
379
412
175
386
428
164
380
407
230
375
423
182
460
461
231
385
446
199
382
367
179
461
432
186
402
425
180
376
892
563
371
424
209
418
454
135
415
440
188
386
400
163
381
412
165
380
422
174
386
424
191
383
440
174
384
395
167
382
358
119
412
411
209
385
362
164
383
381
181
411
440
193
407
440
203
366
448
198
379
456
213
373
464
169
377
405
155
378
438
173
398
371
173
408
446
269
369
461
226
372
403
169
375
364
189
381
362
189
380
403
170
378
364
163
415
411
198
471
441
261
332
436
230
422
393
160
373
369
198
411
430
262
326
456
219
391
416
197
390
361
172
385
401
165
371
366
193
380
425
183
384
421
119
410
455
194
379
443
188
387
376
187
389
372
202
418
480
209
384
430
161
385
413
167
384
384
157
382
441
180
413
375
195
407
416
161
388
441
171
465
426
225
381
464
174
382
413
179
383
368
165
426
486
219
376
422
214
386
447
238
378
374
200
383
443
166
382
445
200
394
439
162
383
425
183
390
397
223
384
439
167
441
443
170
383
404
176
377
408
179
381
390
176
385
362
120
413
413
216
474
439
184
386
405
171
411
411
176
379
390
169
407
449
166
385
359
162
384
363
186
391
409
159
405
401
166
404
377
190
383
451
176
389
391
215
425
408
183
413
384
192
383
400
161
377
375
181
474
485
220
359
394
194
383
446
169
381
467
193
425
479
210
384
406
424
163
435
502
190
391
388
171
444
348
171
391
384
199
393
429
203
387
420
183
436
398
168
385
456
192
387
384
192
392
390
213
381
385
198
410
406
178
439
400
145
442
370
169
387
430
207
426
411
183
443
450
177
391
366
113
389
429
223
436
455
207
402
393
164
384
378
204
391
401
155
371
405
192
371
386
167
420
417
183
413
401
151
369
444
185
400
418
166
390
379
188
390
375
167
421
433
231
379
393
183
394
400
224
393
375
165
420
416
185
394
392
204
389
1419
461
474
457
173
397
390
166
390
456
179
390
445
194
407
386
195
425
474
185
382
381
152
381
405
176
372
438
193
389
414
178
361
381
187
415
447
201
392
439
192
423
478
183
365
358
198
389
443
169
390
451
188
419
366
229
395
381
176
389
454
178
391
386
190
398
406
175
392
376
210
395
461
237
397
451
209
386
421
195
380
389
181
411
434
187
378
363
187
382
382
156
380
402
197
389
387
179
387
399
197
829
842
481
513
463
240
332
398
219
392
396
166
417
451
191
401
460
221
378
412
197
383
443
176
385
363
124
403
409
211
386
408
231
363
402
182
391
401
173
388
456
190
366
379
177
371
416
166
415
489
171
350
416
194
390
456
178
363
367
163
418
455
207
387
369
181
391
368
168
391
455
176
409
387
208
386
383
175
392
391
177
392
367
165
390
370
165
392
446
179
386
371
173
388
371
174
396
376
181
387
366
164
390
416
168
396
470
203
426
394
211
394
413
211
391
447
183
389
449
145
360
429
190
391
360
164
395
462
167
394
379
203
419
407
163
392
412
188
393
382
201
395
383
169
390
447
177
390
416
184
403
417
181
389
463
428
216
395
375
168
421
420
223
393
414
171
415
434
191
389
383
199
391
454
180
386
407
215
390
451
193
353
401
175
417
359
166
382
432
200
393
384
180
392
367
171
402
386
192
390
435
216
393
364
166
388
403
178
388
400
190
316
395
225
390
427
188
387
456
204
426
445
158
389
465
160
384
445
164
393
386
176
425
471
184
401
361
167
382
458
206
393
352
121
430
474
222
386
423
182
392
390
179
398
462
173
388
370
172
393
407
167
384
455
193
391
450
163
403
453
177
442
383
197
360
379
172
366
390
180
481
459
210
379
381
196
449
484
178
235
371
451
390
176
203
413
389
429
397
141
348
410
456
377
182
370
444
431
364
122
376
451
399
445
159
246
428
409
401
175
168
374
412
466
434
118
346
398
412
412
172
389
420
168
366
427
123
416
421
222
440
468
178
392
380
191
405
385
172
395
386
156
419
479
182
390
359
180
394
425
180
395
406
180
424
413
233
457
439
192
389
394
200
390
387
143
388
397
199
387
372
200
391
386
213
364
430
158
424
443
265
337
452
203
382
394
174
389
397
165
413
411
402
452
408
183
392
456
195
394
457
182
389
382
187
381
403
155
393
381
176
393
442
162
409
368
195
391
379
185
411
376
162
383
375
183
388
452
177
394
383
169
389
382
198
391
400
200
383
384
195
394
455
198
388
426
188
391
362
190
403
384
217
391
384
182
390
391
177
394
354
162
395
355
165
394
363
175
388
447
180
394
451
165
430
392
269
341
430
179
393
425
269
400
420
221
420
419
187
398
915
582
441
473
247
345
462
223
432
401
183
387
416
164
383
456
171
394
422
186
415
397
397
214
336
400
223
410
398
157
368
384
157
369
393
156
431
409
174
365
381
240
399
407
236
335
381
204
325
411
227
408
408
183
429
373
179
424
414
175
370
429
171
362
468
221
417
393
178
369
386
141
410
360
182
404
414
217
360
396
238
384
449
201
451
371
156
400
409
176
423
411
205
390
464
202
417
427
228
369
357
210
383
436
186
406
411
156
411
447
200
382
406
154
386
421
205
420
384
223
383
447
191
361
431
174
396
401
167
396
353
164
422
429
215
392
398
181
401
429
175
383
390
182
419
395
154
423
424
161
392
392
180
389
484
174
394
418
188
388
385
172
390
453
206
393
369
183
465
483
216
389
414
169
387
369
171
404
379
194
428
424
225
392
413
166
393
382
169
388
356
163
391
425
172
394
381
197
391
450
218
453
424
152
392
405
182
394
419
181
388
383
202
390
392
176
388
396
205
395
429
175
422
379
194
430
382
188
475
421
216
427
451
175
377
389
168
385
389
111
403
411
202
388
439
170
385
403
167
421
387
186
397
377
194
433
447
175
404
455
201
437
417
167
468
412
210
383
359
185
399
374
189
436
398
173
392
387
185
410
423
218
383
461
227
442
418
187
422
455
229
382
427
223
416
425
173
396
446
175
464
437
173
385
378
167
381
449
189
389
444
187
377
455
185
379
427
197
391
402
203
385
380
181
445
371
228
378
377
202
391
422
119
411
454
218
468
421
215
420
422
164
382
410
160
385
453
174
416
425
218
374
378
162
386
413
168
391
415
174
382
390
174
401
452
174
432
417
231
377
385
175
404
409
153
393
419
183
435
375
165
391
368
195
380
438
180
379
392
233
386
446
470
219
455
500
186
394
374
159
391
410
460
463
418
226
376
430
150
379
418
182
421
461
175
383
380
164
381
382
155
389
436
161
470
456
167
396
412
155
388
439
167
378
436
166
392
446
173
379
406
179
383
450
172
384
423
189
417
466
177
383
428
188
377
366
117
408
399
184
412
462
187
386
370
197
383
372
176
384
458
218
381
436
161
386
449
193
384
447
172
387
441
164
376
382
170
358
395
154
388
379
172
379
406
230
385
345
229
382
922
588
446
473
252
356
429
205
426
441
189
383
363
162
385
392
168
387
418
167
472
456
168
386
441
173
382
388
191
442
440
164
387
376
192
387
407
170
442
399
160
416
401
181
337
433
262
409
419
132
409
385
194
378
419
170
382
409
178
412
437
202
385
477
195
381
441
178
414
447
197
390
449
175
397
438
161
383
427
135
431
476
211
381
469
232
446
377
160
387
406
226
383
365
171
388
448
184
382
445
183
391
400
172
444
362
176
387
447
172
383
449
241
436
425
191
464
431
262
334
469
181
386
443
169
389
449
193
468
438
198
380
417
165
392
442
170
383
403
169
440
372
117
441
453
222
440
400
171
390
417
164
382
407
178
377
411
182
389
413
179
385
364
172
380
441
154
386
446
172
445
453
189
452
410
172
419
468
173
438
422
184
378
379
145
440
366
163
429
479
212
384
413
168
435
366
167
385
436
171
384
414
175
445
396
175
433
425
187
439
395
159
432
445
176
393
399
171
380
443
166
384
407
167
471
455
201
389
390
198
411
383
216
438
416
119
411
425
172
384
411
179
387
446
176
389
417
167
470
494
204
383
446
178
414
458
204
390
370
410
218
391
369
161
381
365
117
426
433
242
410
438
186
417
426
172
436
454
220
407
433
192
409
448
198
418
422
210
464
462
168
413
419
162
336
410
166
402
453
206
426
468
229
390
423
167
364
426
180
376
427
218
388
418
178
424
371
187
366
390
185
365
369
224
421
421
162
386
422
171
382
407
227
415
374
197
470
464
175
387
436
164
369
448
205
417
392
200
379
426
166
370
362
205
368
399
180
433
447
118
412
415
216
408
368
164
389
418
172
438
370
195
382
412
199
368
431
168
367
394
202
368
381
205
386
445
240
380
353
170
449
404
142
367
370
175
475
455
203
1294
461
530
456
456
177
418
369
160
420
443
200
388
365
161
383
422
163
385
434
154
356
403
235
374
431
165
375
436
171
388
445
175
388
441
172
388
382
173
391
373
149
384
448
171
380
397
189
383
422
160
385
451
119
425
454
208
418
416
205
409
422
160
385
371
169
389
369
187
459
392
166
383
381
202
387
402
197
363
375
182
388
446
180
355
368
231
376
376
201
382
405
170
360
424
168
383
421
210
379
357
516
383
425
174
416
422
228
382
378
203
420
375
186
392
401
231
465
374
257
355
430
180
389
397
176
421
388
207
384
388
178
381
362
170
360
368
158
387
371
213
367
423
202
363
337
117
411
411
171
372
401
171
386
355
179
383
364
173
384
352
165
386
428
188
417
430
177
355
445
178
384
367
160
381
374
197
428
451
122
389
450
177
391
371
169
390
406
175
384
368
223
365
442
196
381
358
183
384
391
166
385
348
171
384
365
175
383
449
180
381
405
173
379
380
160
382
407
162
411
429
181
376
413
165
414
482
408
184
460
465
259
354
417
194
385
362
197
391
430
198
454
390
165
382
387
156
392
374
164
371
441
197
383
459
233
415
426
193
387
451
178
383
416
168
385
375
172
377
377
117
407
413
225
370
417
195
470
426
224
365
391
190
383
448
172
385
414
176
468
406
181
391
417
168
361
442
222
385
372
193
401
375
194
387
361
190
396
411
176
415
353
190
439
402
188
386
371
182
386
379
215
383
362
162
399
432
154
378
443
171
386
414
211
412
411
219
420
409
177
380
401
168
416
437
223
387
354
166
415
486
216
391
443
184
377
434
216
406
415
193
386
377
117
408
382
184
386
418
182
383
449
218
390
372
170
388
369
176
384
365
163
375
388
228
401
412
219
386
414
237
379
410
230
448
457
200
386
405
206
387
415
177
386
391
203
386
382
207
422
471
176
383
438
171
391
379
168
388
414
168
417
419
229
385
387
211
395
420
171
387
374
165
393
391
176
383
398
190
382
381
201
388
449
188
427
399
201
382
376
197
396
427
172
414
386
120
422
411
162
381
409
185
391
427
152
435
368
174
384
443
172
390
419
170
383
345
169
410
493
172
391
449
246
387
397
183
421
367
173
386
368
167
381
446
178
436
399
174
385
1267
460
448
510
165
478
448
198
381
422
164
386
387
174
437
391
168
468
419
202
385
408
226
430
425
159
388
380
168
382
380
207
390
449
173
372
433
223
418
386
195
383
410
161
397
419
161
388
459
119
408
410
232
426
414
194
393
407
167
391
443
177
389
401
170
417
416
215
391
401
186
385
371
162
381
436
164
416
426
223
441
400
217
384
373
166
394
406
231
431
469
231
374
392
421
213
391
399
169
437
426
463
418
405
207
382
444
171
386
429
214
408
457
188
388
422
169
418
453
198
382
407
229
429
433
163
400
453
172
422
434
186
371
431
158
366
426
156
371
414
163
383
393
232
350
441
230
362
435
176
379
440
196
412
398
230
380
387
156
386
438
163
382
444
201
470
361
218
388
405
159
385
448
114
382
423
217
412
429
182
386
382
210
386
380
165
387
418
241
414
473
182
382
414
165
387
449
170
389
412
164
477
452
197
395
365
168
383
445
170
388
442
180
386
369
190
390
434
164
382
435
194
385
452
241
437
449
179
439
432
220
381
453
204
388
394
176
472
453
203
387
404
222
417
435
181
385
467
199
415
428
164
386
413
166
389
383
205
393
448
177
379
397
169
398
438
180
411
428
197
390
443
186
375
448
166
379
446
175
387
354
163
410
429
183
472
432
202
387
427
189
386
381
167
389
374
189
432
428
167
379
367
196
387
390
179
389
453
176
390
467
227
385
375
225
376
381
160
387
445
171
382
421
163
386
446
173
385
443
175
381
421
187
462
436
192
383
436
179
379
442
195
390
414
173
385
449
169
390
449
179
359
387
197
390
399
207
460
412
118
407
415
211
416
479
212
394
415
170
416
437
164
381
419
210
389
446
175
389
444
176
385
372
186
382
446
212
372
426
155
362
408
201
417
442
193
387
409
207
384
413
194
377
465
220
419
437
230
443
376
200
389
403
168
377
383
195
392
488
160
381
371
166
383
424
199
387
444
172
355
418
214
387
446
173
410
387
196
408
431
173
390
413
187
384
449
208
389
445
170
389
370
116
425
419
213
382
406
209
384
439
183
397
409
473
177
444
511
188
471
476
174
381
412
161
391
454
178
396
405
231
430
422
120
408
384
193
387
360
174
380
407
164
412
403
166
384
463
208
384
1327
447
491
445
142
414
377
261
326
449
166
381
421
160
396
395
189
476
421
216
383
406
174
389
392
175
381
436
194
383
433
164
373
436
180
391
375
162
411
424
175
385
457
183
412
383
223
379
435
178
390
399
176
419
463
237
376
433
162
386
369
194
413
428
169
417
414
201
467
504
270
492
393
167
491
524
113
413
434
184
383
430
164
385
368
163
385
368
181
387
453
193
386
392
174
383
419
181
382
368
167
836
856
416
423
444
231
384
433
187
449
474
246
493
527
165
487
522
228
380
448
170
391
398
172
414
482
207
389
429
199
386
373
167
387
450
174
429
436
252
443
484
245
365
526
199
411
424
178
425
394
179
417
433
194
367
381
191
388
459
175
440
418
232
368
433
222
363
438
124
412
406
176
480
452
226
375
419
236
373
422
181
376
443
270
488
440
226
387
370
165
388
411
162
372
407
169
389
440
156
481
404
151
417
490
244
446
472
245
489
398
167
387
381
186
389
362
188
378
444
194
390
449
177
382
393
177
392
427
201
387
474
185
491
445
198
411
394
195
382
365
165
393
342
175
411
437
230
395
455
198
491
413
210
416
434
178
389
392
158
389
446
112
353
478
206
380
417
194
412
388
210
389
403
176
447
448
180
380
399
174
484
534
158
419
449
219
496
397
169
368
520
166
533
393
156
384
371
165
339
465
205
499
457
197
397
466
237
371
427
132
359
443
227
388
444
171
383
453
184
383
389
174
384
430
201
381
387
186
417
409
518
255
355
388
283
418
365
165
388
469
198
400
375
217
418
432
237
414
486
208
482
419
169
386
438
172
514
506
201
438
366
178
387
364
177
390
373
181
418
390
144
390
452
178
385
431
173
387
404
165
385
386
146
404
456
117
409
389
166
430
506
252
449
484
250
495
398
169
492
524
296
495
397
208
389
453
203
419
497
151
436
470
239
497
397
181
428
402
188
379
421
209
386
388
244
384
427
186
420
457
214
412
417
159
390
452
175
390
372
186
387
444
188
403
433
200
466
441
176
385
391
174
414
363
211
407
378
126
417
393
160
423
422
223
420
393
216
478
364
177
388
404
175
405
457
181
380
358
114
411
431
180
382
419
182
490
388
170
415
447
178
391
393
179
415
416
163
454
481
246
495
439
513
406
450
247
373
444
174
493
457
179
411
424
157
409
429
220
391
407
212
391
424
184
418
446
205
388
403
168
388
404
199
386
376
163
369
413
167
385
442
163
383
388
187
456
388
175
451
380
150
392
392
172
385
440
183
385
372
186
415
410
191
471
389
273
495
397
299
494
399
182
409
442
173
385
364
174
382
370
194
424
410
161
418
383
209
384
452
176
394
402
227
377
400
169
457
395
191
410
986
562
525
435
162
360
428
216
394
373
193
381
365
165
379
391
178
365
379
180
418
477
217
384
425
184
387
367
180
374
375
160
414
476
201
379
423
181
482
510
159
362
524
188
372
377
170
375
411
228
341
466
218
370
396
187
397
401
165
395
432
205
401
438
119
399
384
173
396
455
181
395
453
179
395
367
207
397
459
209
394
397
174
388
432
160
396
378
176
418
371
166
388
468
130
415
445
169
412
450
429
226
449
445
155
377
445
192
369
449
226
432
508
259
456
486
257
374
533
304
497
401
297
495
521
160
439
363
194
402
431
182
374
439
189
399
472
202
390
371
173
394
402
197
397
458
253
391
397
157
389
371
187
415
375
214
396
414
153
394
454
177
391
401
202
378
446
194
412
431
241
387
437
156
370
450
219
431
513
265
459
490
261
493
528
169
396
432
119
412
471
181
396
401
178
387
431
187
392
430
215
398
381
187
397
406
202
395
398
177
398
456
184
476
420
205
395
411
174
423
404
205
439
377
203
390
392
180
395
372
193
398
390
172
396
440
157
393
438
166
397
376
172
393
363
194
394
456
199
376
384
164
388
408
175
397
460
183
397
357
185
398
399
175
390
444
172
396
408
187
372
435
180
368
444
178
392
407
165
390
390
137
404
439
223
372
399
219
393
467
237
375
454
217
362
385
199
392
373
198
397
391
192
390
381
167
392
392
158
431
509
259
495
485
255
501
405
155
393
381
183
373
373
156
394
437
206
393
369
192
396
360
201
396
412
165
395
377
187
386
369
169
390
391
177
392
433
180
385
457
169
393
411
183
397
378
195
378
374
161
395
382
204
395
369
192
395
396
206
400
403
196
399
400
110
337
463
214
430
363
169
380
445
183
371
386
210
430
413
260
446
477
249
498
400
165
391
457
196
1367
503
447
403
466
182
456
420
245
396
367
176
415
411
206
391
430
154
376
378
161
389
364
209
397
470
172
434
413
196
396
391
174
361
419
189
388
473
193
363
432
182
364
433
176
364
436
182
396
465
165
365
406
189
372
430
157
394
466
202
391
400
149
392
396
181
434
410
516
227
491
527
265
366
528
217
496
529
298
421
431
185
378
380
205
380
403
168
395
368
199
391
369
203
424
437
189
395
401
117
435
1011
685
579
610
247
364
526
171
397
385
194
394
456
179
391
395
162
388
360
162
396
436
184
393
415
215
394
456
183
409
434
164
392
385
200
389
374
175
394
460
182
395
452
191
420
434
185
346
418
186
412
429
215
377
398
216
367
393
183
387
468
180
395
441
170
404
400
198
392
405
159
393
456
196
389
387
199
396
389
199
393
454
181
393
401
178
382
421
178
373
438
116
421
411
189
393
415
164
395
392
175
366
403
223
364
454
184
488
423
174
392
368
234
383
398
218
392
435
198
471
399
201
434
449
167
384
446
179
389
378
191
392
383
206
392
410
178
374
442
193
424
423
218
368
414
170
388
379
191
374
442
187
424
404
226
373
431
224
388
449
182
366
363
164
362
366
154
398
456
186
390
367
169
397
379
174
394
415
160
397
365
158
400
407
118
412
417
170
430
475
188
399
380
190
395
402
191
397
377
213
386
428
192
383
423
202
388
451
175
371
430
194
479
458
171
412
399
194
386
448
174
388
372
184
484
464
178
458
495
263
494
416
167
493
521
224
390
424
174
405
486
160
411
447
174
374
420
166
473
425
167
419
398
174
389
377
188
350
433
205
416
407
182
395
451
179
458
474
231
457
488
259
485
390
162
389
364
116
407
435
154
422
431
207
470
470
184
392
421
179
385
381
181
386
448
185
380
419
169
383
362
161
387
407
195
447
426
169
428
417
196
467
427
181
409
426
213
413
420
171
420
489
223
363
398
213
388
405
179
373
373
160
415
416
418
168
482
442
189
448
436
194
385
466
226
369
407
164
412
400
198
386
454
219
413
455
218
370
438
158
450
469
182
387
366
169
387
448
206
411
399
175
462
386
224
487
394
159
356
373
183
368
387
200
414
371
168
410
394
171
382
436
177
373
372
236
379
380
189
1303
493
381
567
469
191
442
407
201
381
423
204
382
361
167
384
379
179
376
433
249
369
430
209
382
360
188
389
452
169
365
427
191
407
399
209
385
365
162
389
432
197
384
432
164
415
439
183
403
427
216
408
425
216
411
372
211
383
452
171
382
364
175
383
419
207
380
448
184
390
453
142
405
392
176
387
369
168
387
446
173
414
451
203
411
377
183
356
389
207
410
414
222
536
464
122
409
434
179
390
422
571
394
424
246
401
445
193
392
414
170
416
464
209
363
460
183
391
548
221
369
383
158
452
428
166
419
425
215
424
374
155
396
425
185
417
469
179
378
399
222
446
526
217
435
476
242
373
541
203
363
513
219
418
389
274
331
417
213
391
371
170
414
413
213
360
521
221
394
371
163
390
465
177
353
427
212
383
387
163
380
451
161
392
415
180
411
400
116
417
383
194
382
450
176
374
427
183
370
373
199
390
514
199
358
439
214
397
373
173
377
404
236
391
359
225
392
394
195
378
390
205
393
441
188
365
445
173
401
463
181
421
377
190
363
440
230
430
404
165
393
411
205
477
401
186
365
391
202
388
382
208
393
378
178
394
466
223
432
413
225
417
412
231
387
431
179
371
452
206
378
379
162
437
515
159
417
454
225
496
401
116
490
525
295
503
400
298
492
401
298
499
401
174
492
526
295
497
532
175
501
401
204
479
513
545
188
499
526
300
497
400
117
497
518
222
489
522
168
495
400
300
491
400
166
396
360
200
388
416
167
431
509
253
446
487
252
491
399
295
371
397
296
420
400
294
494
397
170
500
532
306
361
525
298
502
405
179
493
393
196
395
372
186
411
471
201
429
456
230
498
396
292
491
440
295
486
526
168
503
531
300
368
397
294
498
532
295
493
398
291
493
529
173
375
534
184
382
350
191
400
442
162
392
350
110
398
411
164
470
466
179
394
383
175
387
407
206
385
421
169
420
409
211
480
395
281
499
524
165
412
432
200
386
408
156
370
468
176
400
400
190
383
442
162
395
351
180
413
492
211
440
470
243
493
524
182
390
379
211
390
367
194
395
390
176
413
459
173
427
483
205
391
428
201
362
457
190
388
427
245
444
473
95
393
485
254
331
393
230
387
411
174
395
391
158
376
355
181
352
1427
590
496
407
164
492
398
171
495
526
168
496
531
184
369
402
167
483
499
132
469
379
203
454
429
208
402
417
144
404
403
220
415
416
173
377
371
171
396
416
172
343
471
175
373
438
164
372
444
230
356
373
181
410
418
164
358
426
183
404
377
176
408
384
216
357
424
177
408
430
173
404
428
207
411
382
181
339
415
222
408
413
209
416
493
239
427
465
229
473
509
114
474
503
273
469
505
167
476
498
126
833
837
476
509
564
232
380
428
277
429
455
226
470
510
275
477
511
205
394
372
180
453
494
238
417
456
224
473
378
173
341
471
190
475
410
147
368
378
174
431
441
165
337
382
195
407
412
207
397
435
181
359
406
140
410
386
222
348
390
166
410
417
227
417
432
181
430
411
168
396
393
179
408
423
436
214
355
409
174
410
411
168
342
465
182
413
438
170
403
442
194
410
426
184
391
414
215
372
425
203
472
453
167
409
438
233
409
480
226
426
461
227
336
517
121
402
415
177
449
373
205
463
414
214
382
461
208
332
458
138
390
365
179
363
409
203
447
449
172
467
444
177
355
443
