877
941
840
1172
1363
1545
746
684
793
788
1130
1185
1398
1109
1030
1113
1240
1381
1484
507
1391
1567
1598
1090
1313
1347
747
903
702
984
2087
881
905
1000
1072
1039
1486
1266
1365
523
1152
1223
1587
782
977
1478
1410
1322
2448
2214
1502
1477
2365
1634
2269
1723
2717
2613
1947
1271
2544
1920
2504
1828
1959
1276
2915
2292
2091
1651
1729
1574
2499
1850
2826
2364
2146
2020
1353
2474
1949
2177
1540
2057
1398
2537
1892
2509
1844
2363
2156
1882
1799
1760
1846
1491
1870
1975
3337
2470
1755
2227
2858
1861
1995
2564
1814
1396
2748
1820
1486
2999
2135
1603
1594
1842
1926
1028
1918
2663
2075
1976
1596
1899
2837
2314
1966
1739
1146
1877
1917
2024
2019
2738
1740
1355
3224
3586
2584
2779
2469
2965
1969
2293
2596
2667
1667
1949
2406
1408
1441
435
2039
1043
679
1055
1359
1676
669
930
2560
1317
1855
852
2601
1599
1534
1467
2041
1957
1890
2821
1830
1781
2220
2193
2290
2252
2222
2169
2262
2202
1992
2937
2923
2889
1889
2757
2865
2690
2192
2615
1989
2057
3006
2011
1939
1910
1894
1377
1515
1479
3082
3057
2063
2048
2004
3068
3004
2004
2365
2313
2943
1942
1899
2962
1967
1906
1871
1872
1899
1938
2389
1744
1337
1320
1758
1689
1644
2105
1746
2662
1666
1419
1822
1321
1207
1214
2021
2777
2852
1849
3068
2604
1645
2176
2383
2329
2442
2548
2288
2390
2569
1566
2564
1807
2131
2229
2174
1174
2689
2770
2820
2935
1987
2213
2387
2357
1321
2001
1048
2539
1541
1545
1479
1786
1980
2074
2124
2388
2474
2712
3205
2207
2529
2621
1872
2123
2515
2867
3234
2245
2566
2819
2824
3353
2356
2709
3062
2065
2436
2693
1691
1975
2299
2036
2367
2863
3161
3247
2242
2607
2920
1923
2256
2480
3704
2954
3532
2534
2842
1837
2084
2419
2801
3120
2127
3330
2339
2665
3172
2174
2501
2806
1805
3274
2270
2859
1860
1556
1885
2254
1252
1297
1831
1924
1576
3301
2545
2651
2764
2856
1859
1281
1871
1946
2253
2593
3081
3393
2389
2673
2997
1995
2436
2905
3237
2233
2606
2890
3194
2175
2520
2676
2740
1739
3632
2631
2675
3269
3622
2629
2729
3228
2229
2532
2699
2943
1945
2134
2470
2805
3359
2356
2624
1619
3252
2279
2632
1632
3466
2467
2755
3081
2082
2181
2447
1447
1832
2368
2386
2927
1931
1625
2794
1791
3262
2943
2794
3143
2810
1980
2577
2905
1905
2054
2087
1789
1712
1640
1842
1942
3482
2480
2002
2230
2070
2022
1770
1624
1449
2126
2824
2483
1485
2665
2970
3338
2335
1982
2498
2560
2860
1904
2248
2549
1581
1766
2070
2475
2564
2670
1717
2124
2396
1381
1425
1724
2886
1883
2214
2349
2903
1934
2226
2804
1806
2107
2479
3529
2531
3645
2641
2344
2652
2790
3070
2112
2603
2934
1921
2256
2847
2926
1928
2236
2333
2699
1697
2140
2530
2848
2793
2001
2156
2729
2969
2026
2257
3259
2262
2790
1787
2099
2210
2501
3598
3330
2359
2789
2205
1207
1899
1004
1354
1256
1716
708
1511
1771
2158
2013
1694
2750
2962
1964
2256
2561
2861
1861
1985
2329
3178
2782
2768
2203
2630
2801
1801
1787
1718
2155
1993
1296
1451
910
2041
2058
1801
2093
2451
2974
2651
2346
3135
3593
2599
2996
1997
2072
2466
2181
2537
2927
3179
2205
2309
2819
1817
2964
1968
2270
2623
3024
1991
2390
2371
1398
1860
2205
1207
3426
3152
3658
2660
2791
1987
2239
2904
1931
1637
2778
3070
2074
2384
2058
1741
2652
2356
2424
1426
2833
1837
2303
2630
3039
2039
3615
4129
3112
3449
3731
2728
3060
3533
2535
3969
3164
2174
3776
4571
3570
3190
2190
2366
3782
2785
2883
2425
2584
1962
1659
1634
2231
1931
1796
1808
1843
2604
1605
1761
2001
2081
1516
1890
1947
2574
1377
1089
2193
1696
2898
2277
1568
1909
1960
1769
1700
2044
1718
2133
1477
978
1889
2615
1893
1724
1022
1185
1818
2214
2165
1655
1305
1241
2669
1668
1626
2510
1705
1625
1573
1382
1964
2329
2121
2083
2123
2065
2141
1281
1188
2713
2190
1675
2096
2057
1689
2614
2272
1933
1634
2512
2943
2582
1582
1232
1589
1198
2798
1993
3042
2043
1714
2000
1711
2198
1893
2187
1847
1532
1869
1476
1777
2160
2210
1634
1740
2265
2609
1606
1997
1607
2157
1585
1724
2693
1691
2040
1937
1368
1277
2023
1368
1939
1592
1318
1766
1961
2460
2126
1791
1488
1778
1453
1748
1358
2214
2603
1601
1901
1560
1897
2250
2678
2995
1994
3231
3006
2005
2996
2411
2390
1754
1614
2043
2959
1958
2883
3239
2229
2319
2538
2887
2642
2315
2557
2072
2418
2064
1772
2275
2608
1608
1221
1187
2304
2666
1669
2132
2409
3403
2714
1907
2180
2694
2249
1255
1854
1259
1760
2642
3065
2062
2883
2261
3455
3132
2136
3087
2090
2386
2677
1677
2166
1792
2120
2405
2068
2365
2178
1830
1448
1587
2260
1940
1633
1684
1903
2129
1932
2731
1730
703
953
556
1594
1229
779
1026
1820
2211
1209
812
1595
630
2226
1227
1412
1664
1231
802
1537
1645
1566
1368
1650
1760
1116
1791
2148
2500
1865
2137
2292
2633
2242
1860
1451
1688
1600
2474
2095
1642
1843
1452
2281
1256
1432
2021
1676
1290
1687
684
914
1488
1383
954
1391
986
1079
1239
813
1622
1144
700
1358
2515
1514
1457
2022
1977
1604
1552
1997
2549
2018
1468
1845
1850
1852
1819
1735
1690
1654
1697
2333
1591
1552
1681
1584
2018
1691
1637
1613
1577
1589
2192
1671
2075
2033
1583
1795
2655
1658
1638
1147
1704
1720
1677
1828
1385
1306
1306
1246
1916
1840
2094
1877
2010
1492
1517
1528
2028
2058
2066
2578
2139
2732
1734
2245
1715
1218
1777
2211
1677
1173
1154
1860
1821
1799
1910
910
1356
2131
2241
1722
1688
1853
1607
1727
1257
1167
1997
1665
1048
1979
1881
1355
1322
2173
1590
1729
1203
1655
1575
1058
1182
642
1081
1453
1519
1430
1325
1232
1693
1560
1822
2235
1447
1965
1798
1784
1188
1297
1920
1878
1995
1918
2378
1749
1650
1398
2169
2424
1905
1838
2358
1337
1549
1810
1790
1623
1887
1341
1688
1522
1765
1601
1501
2277
1448
1259
1212
1160
894
887
826
653
963
1304
1108
1190
1523
2025
1083
1772
1356
1133
1136
1106
1122
964
1197
1854
2228
1769
1846
2195
1958
1752
1247
1354
1545
2215
2133
1136
1653
1219
1527
885
1925
1356
1598
1658
1531
2117
1613
1984
2129
1777
1222
2459
1805
2284
1821
2111
1131
1105
1190
1965
2155
1702
1809
1679
1900
1291
2075
1152
1353
1028
897
2389
1758
1412
1574
1590
1197
1931
1774
2204
1174
1830
2286
1773
1226
952
1291
882
795
1691
886
2002
1803
1268
1134
1295
971
1545
1163
1745
1763
2117
2438
2065
1644
1181
1590
1967
1775
1930
1596
2113
1928
1697
2063
1629
1836
1838
2385
1792
2038
1845
2424
1767
1953
2021
1877
1644
2479
1952
2062
1962
2129
1857
1138
1606
924
2111
2054
2055
1054
1225
1882
2128
1710
1736
2374
1777
2041
1751
1411
1434
1905
2073
1621
869
2214
1877
1963
1670
1780
2021
1892
2886
1953
1295
1714
2247
1604
1582
3497
2494
2774
3018
2601
2250
2466
2070
2426
1855
2045
1426
2257
2565
2150
2229
1966
2374
2001
1574
1143
1385
1589
576
955
1203
1499
1136
1378
1553
1202
754
1152
1377
1619
620
1775
1291
950
1859
1587
1828
833
1265
696
1431
1553
1590
1811
1504
1805
1467
2635
2879
1874
1590
1236
1370
1874
1521
1816
819
1780
1402
1884
1604
1937
2186
1949
2437
2724
1700
1133
1431
1775
1690
1331
2064
2295
1252
2263
2745
1798
1489
1777
1487
2637
2304
1932
2286
1289
903
1236
1714
1349
1696
673
1001
1281
2458
1436
1477
1627
1297
1491
1694
1984
2857
3134
2311
1925
2108
2330
2530
2905
2510
2126
2385
1930
2084
2376
2537
2693
1694
1851
2644
2166
2246
2859
1862
2079
2164
1149
2165
2417
2463
2555
2601
2234
2867
2041
2107
2835
3056
2053
1602
1748
1870
2026
2350
1924
2068
2163
1758
1981
2075
2068
2104
2093
1832
1875
1906
1859
2608
1972
1992
1967
1472
1624
1633
1455
1686
2197
1684
1710
2054
1547
1830
1341
1331
1834
2773
2331
2881
1884
2195
2044
2130
1667
1575
2504
2050
2125
2274
1850
2203
2885
1858
1227
2544
1542
2054
1785
1979
2846
2955
1957
2090
1701
1263
2191
1758
1322
2291
2389
1421
1397
2077
1635
1378
1524
1666
1230
1402
1719
1280
1494
1022
931
1610
1162
1330
1313
1044
1939
1496
1415
2928
2451
2046
2202
1830
2417
2148
1748
1864
2037
2236
1903
2073
1683
1245
1350
1634
1369
1472
1666
1614
2310
1886
2101
1585
1793
1691
1624
1556
2441
1977
2143
1891
2425
2360
2982
2731
2333
1886
2033
2723
1724
2582
2737
2271
3085
2854
1856
2021
1950
1909
2596
2112
2290
1631
1851
1446
2626
1861
1941
1590
2252
2327
2524
1524
1680
2476
2775
2320
1852
2628
1626
2314
2373
3603
2649
3082
2578
2122
2026
1850
2042
1573
2387
3793
2827
2475
2059
2116
2379
1999
2294
1888
2100
2366
1367
2406
2465
1466
1716
2746
1747
1755
2024
1686
2475
2322
1882
2086
2326
1939
2092
2465
1989
2109
1667
1838
2097
1641
2077
2760
1761
1992
1562
2622
2167
2379
2457
1460
2063
2134
2718
3080
2084
2178
2216
2388
2472
2465
1995
1535
1749
1776
1780
1425
1404
1551
1360
1352
1910
1707
2372
1378
1896
2383
1842
1859
2418
2381
2058
2070
2062
1595
1601
2269
1914
1731
1562
1511
2103
1606
1620
1613
2121
2645
2057
2111
2178
1628
1655
1566
1478
1594
1491
1407
2501
1532
2301
2215
1650
1684
1569
1847
2156
1778
3028
2635
2028
1926
1862
2305
1304
2149
1322
2125
1599
1556
1937
2469
1469
1900
1892
1766
2533
2493
1495
1449
1472
1571
2594
1594
2567
2625
1636
2513
1512
2038
2949
2457
1940
1959
1995
1492
1478
2023
1545
1416
1826
1777
2418
1845
1318
1871
2207
2316
2241
1664
2097
2474
1474
2286
2195
2062
2412
1848
2769
2206
2085
2645
3006
2452
2762
1763
1730
2048
2311
2304
2085
1999
1849
2272
2536
2728
2658
2336
2255
2129
2090
1871
2212
1216
1979
1025
2589
2048
1736
1702
1131
1799
2034
2082
1799
1232
1209
1614
2421
1377
2478
2280
2211
1975
2432
1919
2475
2023
2298
2813
1843
2017
1263
1807
1978
1952
1733
2570
2217
2364
1757
2231
2073
1901
1943
1783
2148
1940
1638
1812
2088
2014
1457
1030
1321
1422
1326
2097
1890
1729
1620
2031
2489
2397
1828
1946
1900
1832
2204
1672
1756
1658
2041
2007
2106
2331
2798
1795
1881
1260
1213
1173
1122
1584
2154
2052
2008
2457
2458
2605
2321
1978
1960
1923
2387
2000
1953
1773
2256
1797
1792
2171
2098
2007
2658
1974
1898
1869
2165
2277
1830
1418
2095
2316
1345
1870
1471
1010
1021
1766
1555
1406
1111
1089
1623
1127
1107
956
1125
1124
1484
986
481
1144
652
1047
1048
1216
1236
719
1208
1432
1478
2107
1106
1784
1339
1954
2018
1745
1837
1920
1206
2526
2002
2086
2222
1194
1702
1951
1386
2045
2893
1895
2030
2086
1592
1079
1058
1644
1635
1064
1782
1226
2632
1635
1712
1144
1612
1590
1571
2045
2024
2901
2068
2036
2449
2437
1896
2012
2002
1936
1878
2458
1995
1849
1376
1347
1844
1307
1237
980
1550
1553
1943
1956
1461
1878
1768
1884
1287
1629
1513
1393
2342
1966
1428
1821
1995
1915
1815
1271
1519
1866
1780
2215
2125
1596
2496
1954
2069
1984
2079
1534
2107
2007
1966
1965
2062
1542
1471
1312
1251
1786
1304
1555
1665
1796
1258
1202
1541
1620
1498
1735
1584
1639
1035
1728
1705
1664
1528
1771
2569
2384
2101
2463
1884
1718
2334
1767
2150
1969
2201
2481
2310
1602
1267
1743
1624
1858
1297
1745
2381
1361
1269
1652
1222
1245
1835
2033
1750
1382
1712
2177
2069
1107
1289
1690
2098
1717
1210
1763
1776
1931
1681
1397
1288
1521
800
1968
1625
1350
1398
1117
949
2020
2353
2047
1801
2368
2355
3054
2023
2058
2029
2129
2090
2100
2295
2619
2655
1674
2474
2491
2056
2101
2134
1689
2825
2051
1596
579
658
2376
1374
1482
1491
514
749
1363
868
985
545
1782
1885
883
899
1970
1021
1061
1197
1266
1550
1561
1594
1679
1759
1441
1487
1216
1419
1625
1575
1144
599
1115
2127
2110
1045
1061
1221
1251
2258
2072
1807
1710
1733
1767
1240
2393
1409
2218
2421
2388
2438
1437
2438
2372
2453
2309
2127
2697
1710
1817
1897
2429
2524
2556
1571
1675
1574
1809
1868
1924
3065
2099
2220
2140
3396
2396
2288
2084
1879
1708
1499
1375
1951
901
1698
1490
2028
1701
2148
2003
2642
2904
2320
2511
1931
1899
1687
1493
1681
1909
1111
1269
1720
1719
2036
1779
1870
1916
2031
2057
1815
2081
1754
1646
1731
2044
1714
2026
1837
1943
1797
2187
2018
2008
1859
1762
1908
1790
1663
1683
1927
2092
1803
1917
1818
1898
2157
1885
1972
1763
1754
1658
1841
2099
2286
1837
1743
2024
1809
2446
2518
1521
1884
2507
2377
2880
1883
2887
2383
2331
2312
2204
2275
2220
2162
2089
2044
2132
2066
2093
1972
2242
2169
1167
2079
2053
2099
2113
2051
1988
1861
2012
2976
1974
2091
2088
2051
1943
2114
1832
1823
1895
1923
2138
2186
2257
2352
1352
1415
1408
952
1097
1820
1856
1807
1808
805
2233
1556
2770
1739
2579
1747
2664
2640
2604
2715
2625
1623
2468
1441
1435
2478
1452
1455
1443
2549
2413
2378
1408
1853
1896
1904
2406
2590
2480
2423
2365
2515
1979
2343
2343
2806
1967
2428
1400
1924
1906
2041
1069
987
909
1988
990
1743
1656
658
1551
1401
1358
1256
2047
1960
2867
1902
2709
1703
2669
1670
1541
1451
2192
2108
1692
2141
2004
2032
2763
2428
2458
2326
2173
2041
1894
2745
2578
2008
2408
1860
2545
2456
2402
2308
1659
1787
2179
2030
1845
1671
1606
1892
1547
1380
1350
1810
1844
2628
1599
1498
1542
2272
1402
1674
1719
1299
2016
1189
1883
1894
2621
1996
1399
1652
2090
2068
1806
1752
1986
1898
1548
1856
1823
2075
2000
1964
1715
1313
2438
1877
1029
2119
1239
1997
1807
1518
1788
1777
2224
2008
2138
1953
1830
1937
1142
1242
1206
1072
1989
1608
1933
1737
1982
1850
1903
1879
1788
1977
2011
1978
1938
2258
1810
1889
1988
1456
914
2213
2050
1048
1764
2204
2004
2060
1738
1843
1042
2002
1265
1163
1673
1942
1988
2170
1311
1232
2082
1799
1899
1975
1894
1865
2022
1907
2146
2275
1778
1378
1264
1014
1901
1719
2029
1197
1785
1780
1934
2027
1845
2013
1814
1116
1906
1947
1879
1226
2290
2320
1451
1777
1114
2013
2208
1197
1299
1944
2511
2214
2106
2401
1465
736
622
2188
2059
1932
2036
1911
1910
1247
1936
1305
1292
2011
1721
881
1657
1929
1603
1925
1671
1967
2607
1965
1071
1484
1298
1855
1446
984
1173
1586
2114
3155
2180
1179
1292
1740
1070
1936
2713
2112
1831
1912
2074
1982
1347
780
932
1707
2832
2109
1297
832
1777
1587
1441
736
2944
1942
2246
1662
1599
2367
1789
1313
1065
1180
1054
1295
2202
2116
1937
1624
1373
2116
1976
2063
2315
1344
1846
1998
2009
1917
1166
1662
1854
1232
1840
2180
1207
1257
972
2146
1932
1558
980
2313
1335
1300
2014
1082
2318
1605
1291
1302
2635
1583
1186
1829
2490
1885
1730
1860
2424
1872
2243
1887
2575
2193
2380
1765
1955
2188
1974
2087
2159
1860
1776
2009
1722
1891
1729
1634
2580
2587
3026
2509
1480
2625
2109
2373
1860
2246
1984
2204
1950
2236
2291
1589
1870
1150
2009
1681
1666
1736
1169
1685
2261
2518
2821
3217
2206
3613
2569
1614
2616
2264
2473
2797
3137
2141
2635
2942
1906
2067
2579
2237
2306
2832
1803
1837
1888
2306
2422
2888
1889
2637
1634
2053
2440
2906
1843
2250
2601
2838
1881
3124
2156
2173
2487
1486
2820
3153
2193
2548
2592
1753
2274
2547
1549
1859
2197
2663
1638
1987
2323
1325
1627
1976
2463
1472
1819
2080
2349
1353
2956
1957
2239
2602
2839
3339
3641
2642
2308
1950
2276
2609
3054
2085
2383
2692
3164
2194
2497
2809
1809
2085
2404
1434
3028
2001
2201
1230
2277
2612
2768
2833
3021
3284
3430
2433
2502
2865
3015
2047
1581
2742
2795
2012
2007
2935
3064
2090
2008
2012
3048
2999
2030
1741
1738
1720
2736
2709
2717
1720
1712
1761
1791
2364
2199
2277
3230
3135
2138
2726
2763
2668
2578
2963
2171
2130
2130
2636
1701
2123
2083
2048
2001
1927
1373
1366
1949
1876
1859
1755
1768
1865
2758
1785
1793
2350
2347
2241
1692
1678
1768
1711
2529
2717
2032
2624
2586
2687
2683
1654
1658
1594
1551
1658
2516
2449
2472
2835
1799
2443
2275
2323
2191
2052
1903
1907
1741
1647
1533
1536
1499
2036
1104
1456
1163
1008
995
1015
829
734
866
727
1475
2598
2563
1957
2276
1279
1662
1679
1879
1169
1169
1428
1333
1983
2031
1658
894
1187
1143
2044
1303
2161
1238
954
1819
1425
940
1867
1717
1759
1109
939
868
932
1259
1184
728
752
845
1003
918
1401
1157
1002
1017
867
766
633
1989
1937
1217
1535
1004
1588
1569
2099
2370
1964
2723
1745
2445
2410
1412
1463
923
1103
2322
1877
2909
1909
3121
2768
1766
1244
2720
2660
1672
2043
1779
855
937
1752
2088
2633
2887
2911
2439
2268
1959
2023
1226
2199
2928
2972
3400
2409
2722
3026
2031
2341
1340
3083
2733
3048
2071
2338
2699
1689
3485
2464
2228
3080
2081
1798
2897
1897
2805
1583
2249
2562
2794
1794
2144
2116
1171
1546
1653
1850
2250
2562
2937
1940
3570
2571
2866
1868
2130
1784
2517
1518
1800
2117
2439
1437
3339
2343
3114
3423
2523
3409
2931
2263
2362
3907
2906
2368
3258
2246
2227
3257
2230
2198
3161
3133
2138
3071
2515
2213
2117
2441
3057
2073
2219
1844
2492
2600
2630
1629
1157
929
762
750
1057
649
869
2308
2724
1709
3449
2449
2747
1707
3295
2325
2824
3161
3471
2466
2816
1815
2311
2633
1661
1918
3654
2655
3518
2499
2564
1594
1822
2219
1278
2863
1831
2030
2274
1276
1401
1826
2038
1044
1238
1445
1641
2072
2248
1280
2792
1793
2169
2336
1281
1518
1691
2001
2073
2165
2346
2528
2879
2847
3135
3200
2205
2371
2297
2244
2243
2336
2315
2291
2063
3196
3171
2142
2149
2034
3057
2087
1978
1962
1859
2009
2012
2333
2501
3012
2039
2509
2466
2385
2172
2302
2272
2390
2335
2304
2106
1954
2669
1667
1936
3101
2125
2087
2020
1949
2102
2072
2274
2107
1970
2109
1519
1304
2503
2437
2611
1954
1900
1615
901
1834
2286
1662
1118
2195
2359
1999
2398
3232
2232
1787
1803
1804
2576
2253
2306
3329
2330
1959
2464
2627
2869
1919
2259
3195
3472
2470
1472
1797
2129
2464
2796
2012
2083
2244
2674
1661
2919
1904
1658
2970
3118
2123
3020
2833
3511
2543
2307
2676
3272
2274
2611
2972
1993
2279
2787
1787
2183
2436
1436
1761
2114
891
1539
1897
2232
2542
3070
2121
2332
1363
1654
1976
2348
2857
3162
2167
2496
2798
3447
2853
3184
3299
2296
2823
3128
3448
2430
2785
3100
3616
2608
2918
1745
2129
2408
2923
3313
2312
2674
3020
3330
2326
2780
3126
2188
2497
1500
1862
2277
2638
1639
2084
2158
2434
2634
1633
2048
2281
1247
1450
1716
1865
2008
1951
1158
750
2755
2966
1966
2215
2396
2765
2958
1961
1788
2260
2394
2704
2835
1819
833
2051
2328
2446
2643
2767
3062
3250
2270
2429
2556
2691
1654
1960
1952
2186
2283
2271
2482
2494
1489
2437
1431
1474
2396
2270
2136
2063
2052
3092
3040
3042
2008
2817
1845
1932
1873
1878
1780
1902
1769
1725
2835
3288
2253
2379
3237
2209
2602
1605
1539
2588
2548
2476
2407
2558
2390
1420
2266
2256
2420
2367
2307
2690
2375
2315
2221
2193
3107
2078
2105
2052
1990
3053
2055
1987
2395
1565
2423
1387
2246
2393
2306
1333
2207
1173
1265
1171
1106
1007
1891
1744
2317
1303
2244
2067
1924
2348
2160
2079
1907
1938
2621
1582
1956
1877
1841
2940
2109
1947
2598
2383
2291
2072
1906
2717
3316
2285
2097
2907
1942
2774
2584
2405
2159
1614
1746
2123
2125
2389
2017
2050
2456
1788
996
1940
2501
2034
1649
1901
1704
1060
2155
1912
1794
1708
2367
2033
1142
1940
1647
2444
2039
2127
1924
1865
2470
1927
1217
1792
1113
999
2200
1704
1957
1262
1491
1802
1343
1801
2597
1596
1414
2062
2183
2199
1254
1637
2080
1971
2517
1915
2305
1926
2616
2039
2235
1822
2188
2038
1930
1862
2062
1929
1280
1805
1136
1400
1603
1957
2001
1936
1265
2104
2066
2405
1936
2006
1855
1174
1011
1102
1306
1789
2479
2127
2089
1089
1902
2011
1544
1259
1965
1743
1346
1787
1969
1965
1365
1210
1884
1802
1000
1827
1969
1690
1649
1115
1862
1257
2104
2119
1742
2024
2612
1949
1609
1945
2596
2207
1226
2085
2257
2096
1361
2254
1656
1871
2142
2109
1939
1936
2366
1485
2082
1954
1058
2102
1713
1938
1939
1822
2268
2012
1136
1680
1284
1683
2565
2693
2331
3016
3231
3514
2519
2999
3349
2350
2657
2887
3458
2457
2746
2843
2011
3002
2006
2513
1513
1865
2125
1160
1570
2570
1569
1949
2350
1345
2001
2528
1500
1861
2138
2416
1445
1702
2189
1186
1516
1724
2066
1095
1417
2454
2314
1485
1442
1401
1511
1471
1916
1884
2008
1901
1865
1829
828
1863
1818
1760
2774
1774
2294
2264
1265
1298
1295
1308
2501
1504
2406
1369
1189
2105
2066
2784
1952
2046
1534
2443
1443
2476
1476
1422
2313
2430
1395
2119
2094
2030
2131
2080
3005
3134
2131
2058
2024
2010
2068
1607
2016
1990
1909
2064
1921
1937
2632
1795
1806
2249
2071
2157
2048
2095
2030
2084
2015
1966
1917
1873
1760
2519
1512
1515
1571
1566
1486
1428
2531
2468
1465
2379
2477
2390
2411
2347
2360
2080
2052
1988
1910
2064
1800
1713
1651
1499
2308
1309
2161
1160
2002
3002
2020
1884
2856
1886
2869
2577
2521
2427
2452
1452
1399
1259
1960
2037
1922
2716
2588
1771
2110
2508
2364
2456
2346
2101
2945
2890
1891
2656
1690
1737
2521
2428
2358
2220
2031
2857
1859
1822
1765
2567
2575
2469
2302
2282
2219
2211
2171
1873
1987
2011
2889
1890
1782
1864
2166
2066
2032
2697
1696
2453
2439
1465
1341
2913
2794
1788
2522
3000
2811
1812
2533
1964
2833
1834
2162
2964
1965
1769
1816
1825
1744
2766
1789
1787
2054
1455
1757
2155
1616
1892
1754
2521
2834
2651
2665
2924
2341
2560
2134
1940
1793
1600
2459
1433
2519
2358
2269
2084
1846
2031
1502
1151
1298
1776
1824
1831
1304
1179
1612
2075
1749
1705
2126
2153
1805
1352
1019
1824
1923
1724
1822
1823
1938
2156
1837
1200
1740
1743
1100
1941
2048
1826
2474
2257
1713
1080
1913
1738
1529
1734
1531
1760
1578
2199
1794
2023
1723
2015
1914
1983
1169
1209
1321
1229
1685
1170
2326
2131
2049
1840
1852
1940
2084
1266
1762
2369
2465
2017
3271
2237
2359
2441
1465
1981
2255
2373
2507
2625
2896
1921
2044
2184
2326
1327
1724
2482
2396
1397
2280
2386
2581
2707
2754
1922
2097
2198
1196
1274
2421
2008
2308
1337
1470
2526
1529
1715
2267
1309
1581
563
803
2449
1452
1973
2300
1273
1576
1912
2313
1387
1414
1573
1808
634
2415
1415
1599
1868
872
1011
1516
1700
699
804
1005
1380
1506
1648
670
2031
2110
1111
2240
2493
2285
2384
2445
1399
2747
1745
1808
2789
3029
3083
1913
2132
2227
2230
2481
2527
3148
2143
1718
1216
1823
1999
2201
2427
2278
1279
1245
1399
1338
2293
1293
2352
2351
2338
1336
1291
2388
1388
2363
1361
2467
1292
1433
1352
2322
1369
2782
1750
1258
1339
1147
1947
1912
880
2004
1036
981
887
1051
1966
1917
1852
1797
1774
1688
2771
1773
1703
1651
1590
1683
1594
1336
2331
2500
2365
2229
2338
2065
2598
2675
2583
1556
1494
1423
3198
2237
2598
3071
2101
1985
1896
1812
2635
2536
2389
2962
1949
2367
2252
2137
2657
2548
2652
1881
2102
2577
1580
1790
2031
2375
2794
2587
2105
2392
1385
1931
1825
1835
1278
1199
2177
2429
2364
1751
1756
1312
1859
1599
1366
1234
2007
1821
2097
1379
1860
1150
1183
1972
973
886
1484
901
1644
1017
2029
1920
1205
2163
1686
1336
1903
2127
1794
1148
1875
1680
2072
2194
1695
2003
1931
2059
2097
1899
2191
1390
2463
1769
1667
2143
1546
1551
2209
1818
2604
2032
2057
1243
1910
2145
2062
1700
2061
1630
1283
1766
1752
1843
1707
1940
1829
1800
2689
2091
1264
2002
2594
2287
2472
2131
1834
2081
1787
1893
1541
2425
2177
2098
1973
1751
2071
2112
2533
2230
2169
1163
2155
2006
1267
1946
2280
2073
1989
1635
2227
2131
1956
2101
2163
2599
2747
2844
3042
3263
3658
2658
2904
3076
2109
2315
3281
2286
3147
2144
2919
3774
2775
1769
2232
1255
2141
1171
1222
2196
3144
2146
1128
1410
1889
2272
1276
1534
1911
2419
1430
1705
1981
1012
1334
1954
933
1302
1596
1413
1662
1989
2344
1318
1577
2671
1702
2029
1029
1379
1707
2230
1233
1512
1628
2073
1071
1359
1760
761
1543
2251
1222
2099
1096
1245
1319
2504
2475
1503
1618
2746
1745
2277
2745
3480
2509
2819
1821
3522
2524
2868
1840
1584
1884
1856
3223
2206
2470
2637
3131
2140
2342
2264
1262
1596
2385
1351
2392
1397
2270
3052
2052
2481
1499
1689
618
2343
1341
2814
1790
1984
2077
2841
1843
816
2296
1465
2732
2868
3004
3121
2121
2418
2377
2574
2746
1767
2188
2402
2374
2622
1672
1804
3888
2885
3503
2503
1503
1649
622
1843
2117
2580
1577
2358
3124
1967
2556
2813
1815
1737
2873
3239
2239
2738
2913
1887
2030
2248
2524
1516
1572
1798
1959
2207
2171
2356
2812
1813
1993
2279
2428
2378
2845
2798
1798
2017
2106
2707
2962
1966
1936
2177
2554
3296
2319
2907
1867
2201
2593
2823
3028
2059
2266
2688
2648
1649
1617
1904
2131
2405
2541
2819
2710
3229
2259
3505
2465
2667
1837
1965
2500
1502
2593
1616
3297
2321
2268
2699
1700
1764
2483
2888
1888
2196
2547
2913
1912
2884
3830
2857
3553
2550
3356
2368
3408
2406
3408
2385
3360
2636
3626
2653
3312
4231
3252
4216
3213
2206
2561
2867
3391
2392
2524
2840
1843
4145
3146
2118
1972
2358
2814
1817
2884
3166
2167
2778
1776
2742
3824
2626
2940
1978
2395
3254
2978
1981
2515
1512
2417
3121
2119
1010
2423
1969
2561
3845
2889
3217
2193
2782
2742
3182
2107
2712
1714
1639
1612
2827
1832
1781
1618
817
870
1037
871
763
1242
1048
2518
3004
2431
1426
1117
2584
1613
3435
2435
1441
2734
2078
1124
830
2259
2830
1829
2835
1813
1838
3053
3271
2301
1271
1952
956
815
958
776
1304
1144
1453
1411
1767
1571
1612
1651
1066
790
740
1115
1475
1384
1711
1103
1013
721
1242
929
897
664
1035
1888
955
1220
558
1693
929
786
665
1163
1721
1204
698
935
1631
1063
792
788
1324
747
940
943
1038
1665
1023
1174
1054
1706
1278
662
643
1138
1049
755
1063
1074
1696
1300
824
820
1127
947
1525
1028
985
1010
1331
1548
1602
1136
1085
1199
1078
1487
1570
1690
757
649
823
1130
766
694
878
1219
1164
586
1140
1776
1049
902
885
1035
969
1371
714
1484
858
1227
594
719
718
1201
1260
1504
776
691
1014
768
1339
1343
1225
780
1013
1178
789
1578
1428
814
1673
1677
950
1955
1863
1723
749
1204
704
870
723
666
953
938
879
849
926
1070
1683
1578
686
695
781
943
1309
1238
1637
1149
943
1417
642
867
657
1251
1183
1306
1600
1809
809
922
932
749
1008
1544
1615
1638
1017
677
714
1100
1533
839
1220
847
922
886
565
1240
1191
1544
1295
1328
1085
1311
1570
1726
1285
935
1128
2233
2107
1741
1586
1236
1739
2914
1887
932
2133
1187
1684
1884
1817
1878
2591
1920
2071
1157
1060
1090
1148
2181
1831
3012
1989
1553
1789
2584
1915
1999
1608
2230
1905
1674
2714
1687
1947
2106
1631
1255
1907
1988
1917
1412
1866
3311
2283
1778
2649
2150
2220
2681
2483
1650
3138
2139
1623
2340
2932
2409
1939
1926
2969
1955
1906
1598
2030
2173
2518
2960
2525
1968
2033
2916
1951
2335
2418
3149
2149
2573
3143
2606
1602
2656
3425
2427
1430
3234
2237
2162
2081
2013
2323
2880
3335
2336
2934
2861
2406
2602
3186
2196
2640
2911
2707
1707
2225
2680
2274
2870
2862
1827
1869
2111
2366
2727
2923
1894
2652
3454
2503
2593
1592
3241
2237
2403
1404
1458
2100
2612
1573
1581
582
536
1508
1407
1312
1354
1303
1186
995
889
2184
2026
1028
1586
756
1400
1628
1723
1866
2168
2334
1336
1907
1797
1608
2928
1932
2132
2332
2189
2024
1833
1661
2809
3062
2477
2934
1936
2096
2352
2199
2119
1959
1690
1723
1884
1699
1919
2402
2502
2089
1141
2011
2001
1345
1191
1949
1870
1977
1926
2192
1250
1790
1123
1107
2125
1785
2077
1850
2017
2231
1773
1326
1226
1732
2053
1568
2371
1792
2713
2194
2715
2254
3231
2773
2992
2533
2082
3305
2863
3396
2948
2509
2012
1526
2461
2014
2994
2550
3504
2470
2615
1615
2491
2422
1420
2507
3111
2115
2664
1669
2033
1637
1995
1487
1563
2308
3973
3472
2528
1527
2721
1773
2717
2263
1381
1381
2486
2453
2716
1719
1556
2528
1592
1926
2181
1178
2693
1862
1689
1656
2678
2507
2378
2216
1921
2723
2929
1927
1714
1603
2284
2013
1836
1756
1504
2021
2058
2588
1588
3013
2721
2311
2010
1857
1937
1727
1731
1687
1802
3053
2052
1632
1713
1716
1887
2040
2049
1738
1034
1250
1720
1750
1254
1193
1647
1176
1188
1583
1747
1803
1867
2041
2020
1970
1161
1214
1115
1925
1800
1945
1189
2036
1525
1963
1981
1324
1234
1768
983
1826
1348
2374
2031
2277
1807
1677
1520
1917
2193
1913
1595
2306
2239
2070
1941
2429
2123
2452
1946
2407
2023
2578
1979
984
2381
1380
1057
1610
1091
1840
2446
1971
1891
2174
2015
2689
2774
2763
2801
2839
1840
2877
2710
1675
1808
1767
2155
1536
1592
1871
2883
2741
1744
2371
2087
2521
1550
2256
3281
2320
2587
3176
2180
2487
1516
2863
1859
2274
2626
1660
1741
2185
1971
2356
2992
1960
2257
2265
2755
1758
2170
2150
1349
1584
1719
1773
2383
2692
3001
1996
2161
2154
2631
3002
3376
2406
2450
2960
1959
2249
3655
2656
1654
1929
2516
2857
1855
3036
2039
2417
2746
3456
2294
2816
3073
2075
2664
2735
1737
2003
2335
2996
1971
1741
2000
2370
2651
3218
2212
2567
2900
3219
3869
2914
3840
2791
3138
2110
2444
2982
1990
2288
2347
2495
3082
2044
2174
1174
3152
2181
2468
3924
2882
1953
2267
1269
2675
3093
2078
2455
2675
3041
2040
2374
2657
3253
2285
2582
2983
3346
2321
3701
2703
1700
3230
2401
1352
3376
3642
2663
1691
1882
2851
2513
3113
3364
2326
2686
1689
1988
2075
2597
2986
3328
3337
2704
1704
2914
1886
2294
2576
1573
1510
1827
2162
2298
2695
3285
2289
2599
2880
3240
2239
3795
2795
2861
3214
3563
2605
3494
2475
3682
2651
1681
2745
2467
1469
1751
2121
2242
3171
3475
3302
2304
2605
3138
3211
3658
3356
2361
3487
2487
2796
1789
4039
3041
3511
3184
3490
2491
3447
3664
2666
1664
2573
2238
2625
1624
1810
2412
3319
2319
2596
1601
1878
2548
3036
3189
2347
2742
3004
2012
2591
1595
2293
1922
2101
2612
2877
1905
2279
2317
2631
3115
2147
2256
2372
2717
1716
2241
2525
1499
1770
3654
2650
2764
1764
2099
2199
2846
3139
2187
2543
2879
2887
1887
2379
2426
1428
1777
2355
2655
1687
2051
2075
2579
2916
1916
2697
4009
3005
2035
1785
2172
2495
2830
3069
2103
2142
2221
1430
1784
785
1302
1633
2593
2866
1888
2126
1156
1488
1234
1497
1999
2374
1376
1639
1702
2221
2512
1453
1833
2193
2707
1708
1994
995
1344
1579
1879
2179
2757
1755
1517
2390
1389
1622
1989
2281
2601
1602
2105
1106
1131
1476
1761
2054
2615
2827
1825
2136
1107
1450
1867
2066
2263
1297
1537
2376
2328
2293
2236
2546
2849
1850
1966
2127
1131
1325
1421
1341
2623
1659
1740
1849
2967
1967
2820
1819
2967
2790
1320
2191
2930
2060
2322
3099
2100
2777
1774
1750
1710
1477
1822
1688
1656
2428
2510
2432
2269
2205
2169
2962
2006
1950
2138
2053
2035
1964
1942
2033
2098
2991
2048
2161
2111
2028
1988
1888
1712
2183
1622
1609
1987
2090
1913
1874
2029
2483
2904
2508
2459
2414
1412
1342
2429
2384
2274
2278
2389
2424
2817
1852
2884
1915
1877
1855
1783
1930
1778
1539
1635
2202
2216
2014
1305
1747
1597
1675
1584
2002
1482
2090
3213
2232
1230
2955
1985
2411
2355
2476
1476
2332
2345
2920
1920
2326
2139
2029
2181
2256
2351
2243
2497
1903
1729
1037
638
731
1198
1499
1500
1593
1188
2108
1836
1524
1990
2046
1826
1253
1798
2253
1923
1688
1727
1828
2032
1850
1317
1185
2142
2081
1687
1986
1218
1843
1833
1502
1021
2587
1987
1950
2464
1952
1340
1045
764
2089
2031
1172
1942
1929
1925
1298
1874
2886
2751
3031
2644
1623
2386
2582
1582
2262
3112
2138
1977
3060
3323
2985
1985
3554
2558
2847
3357
2356
2568
2923
3467
2465
2735
1733
1998
2268
2718
1703
2056
2429
1426
1719
2039
2280
1320
1592
1898
900
1237
1584
754
1131
1128
1677
1936
934
1285
1575
1840
2443
1443
1729
1975
1013
2784
2986
1988
2133
1168
1274
2290
2509
2737
1702
2511
1503
1948
950
1128
1315
2781
1951
2184
1180
2458
3245
3650
2632
2827
1856
2120
2577
2879
1816
2180
3064
2067
2631
1600
1968
2276
2542
1536
1968
2191
1190
1360
1641
1927
2619
1621
1599
1854
2114
2176
2174
2739
2733
3138
2138
2105
2207
2172
2002
1908
2892
1892
1844
1779
2325
2290
2255
1250
2163
2062
2101
2345
2968
2938
1914
1888
1846
2597
1763
2506
1481
1778
1760
1758
3173
2173
1801
2237
2588
1585
1728
1697
2658
2643
2604
2651
2621
2372
1409
1447
2438
1437
2475
1501
2365
1331
1371
2426
2226
2261
2409
2393
2355
2477
2002
1754
1706
1706
1844
1629
1748
1757
2120
2117
2066
2029
2111
2094
1882
1866
1758
1849
1789
1730
1709
1815
1748
1687
1660
3351
2518
2546
1505
2164
2146
2064
1868
1827
2399
1923
1866
1839
1924
1879
1846
2306
2813
2360
2322
2227
2287
2155
2075
1104
2358
2217
2527
2715
2131
1980
2574
1748
1568
2624
2100
2319
1722
1668
1544
2185
2511
1961
2620
1623
1432
1376
2059
1838
1756
2276
1804
1609
1361
1262
2052
1750
2198
2171
1201
1273
1502
1694
1771
2329
2059
1839
1911
1297
1568
1836
2017
1720
1921
1144
1230
1672
2233
1875
1931
1976
1681
1710
1972
2661
1660
1951
1783
1930
1654
1169
1953
1895
1955
1242
1531
1218
1967
1799
1760
1967
1778
1213
1472
1278
1926
1801
1861
1749
1780
2094
2100
1934
1136
1814
1205
1623
1213
2080
1780
1933
2108
1255
1127
1537
2077
1454
1027
902
1206
2090
1769
2061
1711
1962
1797
1645
1581
2007
1685
1796
2047
1187
1760
2360
1355
1085
2096
3176
2679
2184
1364
2102
2259
1260
2187
2032
1801
1493
584
1209
2375
1790
1034
2150
1240
2007
1208
1348
1107
709
1980
1679
916
1302
1874
2024
1868
2119
1952
1057
1524
2351
1963
966
1700
1660
1954
1602
1927
2673
1674
1091
1231
1014
1596
1305
1662
1065
1786
1952
1779
2000
1794
2252
3004
2005
1694
1063
2308
1843
1247
1332
1702
1749
1875
1901
2167
1695
1301
1036
1786
1958
1989
1933
1959
1144
2133
1895
1921
1760
1892
1902
1956
1209
1760
1712
1919
1978
1756
1796
1245
1154
1066
1091
1727
1652
1850
1548
1249
1743
1087
2062
2023
1643
1299
1191
1917
1744
1830
1916
2136
1725
1804
1981
2017
1704
2406
2154
1832
1957
2167
2184
1853
1075
1982
2048
2136
1744
1649
2111
1884
1974
1961
1991
1753
1799
1922
2764
2139
1682
1009
1805
2306
2129
1925
1753
1971
1949
2073
2097
2158
1786
1934
1989
2037
1820
1753
1912
1933
1631
1907
1983
2001
1716
1195
2093
2155
1899
2557
1975
2157
1919
2020
2205
1660
914
1839
1885
1822
1823
1404
1119
938
817
652
869
556
1194
1934
2010
1962
1164
1636
2011
1657
1254
1850
2044
1445
1898
2006
1736
2059
1815
1072
1940
2076
2027
1546
2119
1464
2079
1226
1247
1964
1712
2115
1320
850
1091
1185
1459
1297
1889
1000
2213
1700
2561
1548
2328
2676
1650
1956
1989
2451
3391
3001
2030
2998
4071
3068
2060
2138
2267
2773
3087
3529
2502
2889
1891
2423
2742
2898
2063
2373
2871
1909
2288
2704
3641
2637
3134
2135
2476
1447
1469
3127
2108
1079
2389
1427
1681
2199
1935
2355
1321
1387
3238
2234
2642
2709
2980
1970
2378
2636
1642
3315
2333
2855
1857
1912
3552
2576
2989
1988
2498
1478
2211
2363
2666
3194
2176
3553
2555
2814
3235
3318
2311
2738
3197
2194
2460
2841
1842
3067
2300
2537
2996
3376
2377
2770
3115
2118
2344
1318
1860
2188
2537
2912
2999
3551
2551
2664
1664
2023
2352
2612
1586
2136
2534
1536
1873
2332
3499
2457
2672
3157
2107
2524
3139
2791
3120
2118
2453
2770
1764
2127
2249
2427
2533
2871
1873
2261
2566
2598
1597
3191
3713
2687
3086
2049
2373
2706
3706
2704
2309
2701
3571
2520
2261
2567
3052
2085
3758
2788
3065
2074
2540
2823
1874
2192
2492
1470
1959
2296
1286
1667
1909
923
1403
1673
1878
1978
2306
1279
1399
1476
871
618
2164
2407
1451
2698
1662
2417
2568
2711
1711
2088
2173
2266
2482
3059
2115
2428
1401
1608
1741
1921
2094
2203
2275
2347
2402
2438
2496
2594
1569
1662
1915
1931
2971
1976
2110
2177
2045
2042
2243
2081
1083
2039
1580
2763
1737
1746
1831
2954
2916
1974
2989
3041
2074
2162
1690
2266
3867
2867
1867
1961
729
1721
2202
2214
1217
2446
2571
1544
1709
1898
2174
2210
1280
1431
1708
1692
1778
1884
2642
1668
1760
1776
1298
1373
2013
1014
1130
1945
895
1450
2085
1873
2392
2326
2427
2069
1577
2519
2486
1484
1441
1405
2445
1991
1901
1877
1956
1951
1865
1822
1953
1924
1837
1918
2516
2317
2047
1042
2112
2056
1997
1957
1687
1958
1949
1967
1955
1872
1364
1359
2223
1258
2179
3028
2076
2069
2167
2099
2109
2042
2139
2100
2055
1980
2114
2070
2076
1886
1937
2277
2293
2298
1297
2120
2283
2207
2161
2287
2154
2140
1894
864
1399
2244
2013
1737
1809
1757
2106
2024
2108
1998
1976
1885
1947
1948
1847
2818
1818
2632
2516
2370
2543
2340
1825
1934
1882
1737
2301
2106
2076
2712
1714
1565
1456
2284
2062
1860
2376
1922
2470
2268
2035
1993
2608
2377
2265
2692
2652
1653
2531
2622
2574
1904
1873
1606
1932
1864
2607
2705
2629
2604
2530
2499
2575
2510
2511
2324
2435
2392
2173
1946
1890
1653
1482
1922
2724
2569
1541
2216
2667
2050
1673
1221
1974
1331
1733
1978
1727
1935
1850
1099
1562
1320
1850
1096
2079
1741
1601
1973
1647
1923
2432
1429
1032
1514
2238
1977
1098
1972
1246
1256
1908
1763
2020
1724
2316
1843
1955
1968
1156
1669
2477
2211
1939
1552
2436
1942
1952
1763
2412
2037
2339
1819
2287
2188
1932
1630
2289
1962
2456
2046
2301
1846
1998
2377
1358
1718
2306
1945
1751
1613
1524
1592
2183
2698
1695
1100
1992
1257
1811
2192
2056
1228
1168
1620
1807
2045
2014
2094
1219
2068
1503
1963
2821
3030
2041
3290
2287
3593
2764
1767
3135
2131
2446
2760
3029
2035
2889
2589
2925
3210
2212
2457
1455
3125
2146
1504
2075
2169
2224
2581
1583
1865
2254
1252
1575
1795
1475
1068
2136
1289
1567
2743
1743
1673
1686
682
1438
1533
1534
1439
1388
1298
2679
1682
1648
1739
1696
1605
2650
1650
1623
1616
1544
1639
2592
1589
1508
2080
2025
1769
2384
1388
2285
2244
2225
2120
2583
2519
2321
2454
2310
2259
2257
2198
2013
1990
1975
1885
2121
2073
2022
3069
2102
2004
1947
1919
2020
1984
1841
1867
1770
1873
1854
1790
1723
1840
1849
1882
2446
2512
2415
2374
2330
2387
1418
2333
2291
2232
2223
2202
2167
2165
2237
2044
1980
982
2100
2116
2044
1514
987
2219
2346
2161
2278
2254
2255
2044
2038
2138
2084
2054
1973
2010
2046
1844
1782
1785
1945
1908
1917
1883
2001
1936
1436
1225
2244
2144
2098
2003
2251
2056
2299
1938
1909
1991
2887
1913
1850
2926
1921
2931
1932
1830
1936
1905
1867
1702
1809
1785
1747
2227
2371
1367
1775
1995
2112
2133
2047
1976
1899
3019
1983
2615
1801
1925
2368
1865
2236
1676
1108
797
768
1018
830
803
1110
1206
854
836
694
1078
1590
1649
1160
823
911
649
987
953
811
863
947
1952
1321
1499
1297
1747
981
868
1939
2001
2383
2457
1459
931
1754
2140
1658
1319
1233
1330
1123
2207
1905
2165
2267
2590
3034
2007
2905
3380
2378
2607
3503
3023
2865
3141
2685
3115
2078
2540
2897
3297
3845
2794
2374
2405
2823
2337
2411
2398
2308
3236
2253
2356
2780
2732
2271
3297
2271
2312
2246
2249
2346
2258
2056
2047
2157
2097
2088
2005
1912
1993
1932
1897
1878
1894
1814
2857
3417
2909
2393
2175
1729
1678
2160
1729
1611
1548
1660
2421
2611
2050
2113
2022
1964
1846
2027
2041
1867
1916
1696
2183
2696
2238
2509
2466
1956
2919
1891
2340
1812
1816
1848
1784
2322
2226
2047
2027
1938
2019
2972
2020
1987
2089
1959
1903
1663
1754
1861
1794
1716
1737
1794
2736
1704
1697
1809
1748
2139
2033
2116
2055
1940
965
1831
1964
1903
1914
1859
2900
1904
1875
1846
2383
2330
2402
2521
2377
2476
1923
2365
2199
2220
2628
2684
2638
1637
2730
1701
2558
2567
3147
2115
2520
2017
1961
2088
2474
2474
3051
2575
2846
2340
2286
2385
2345
2327
2400
1723
1346
2246
1720
1824
1757
1728
1699
1668
2642
2652
1626
2201
2149
2114
1927
1969
1993
1983
1988
2843
1843
2804
1805
2237
2334
2256
2229
2169
2279
2197
2993
2134
2070
2167
2077
2033
2064
1981
1969
1799
1775
1881
1321
1294
1255
2320
1320
1335
1735
1732
1779
824
1589
1533
1576
1418
2188
2600
1597
1499
1366
2106
1927
1741
2604
1607
1411
1284
2839
2521
2273
2897
2724
1725
1527
1490
2705
1705
1577
1722
1084
2071
3087
2090
1103
1822
1534
2427
2036
1893
1969
1806
1959
1694
2412
2195
2072
1833
1225
1241
1299
1188
1731
2402
2060
1990
2009
1242
1716
717
647
813
730
1288
1208
1056
1760
1691
1798
2060
1979
1898
1610
2210
1382
1800
2879
1973
1993
1605
2134
2043
1194
1781
1843
1923
2034
2012
1904
1744
1785
1889
2209
2059
1216
1562
1786
1296
1638
1950
1886
1559
2395
1957
1736
2041
2041
2103
1503
1294
2631
1817
1814
1653
1859
1988
1407
2146
2299
3228
2671
1671
2791
2498
2288
2904
2910
2926
1925
2919
1892
2924
3051
3884
2883
2881
2055
2221
2344
2477
2749
1744
1895
2051
2166
2555
1502
1780
1976
2188
1228
1394
1828
828
2213
1203
1428
1584
1567
1752
2020
1022
1382
1649
1616
1849
676
1212
1429
1636
629
1651
1971
2228
1228
1489
1656
655
2239
1250
2082
2353
1322
1718
668
1798
2040
2350
1349
1448
1520
1702
1848
2153
2239
1267
1495
2099
2364
1364
1394
1474
1570
1770
774
732
1731
1717
1709
1636
1562
2160
2626
2627
2410
2634
2718
1712
2257
2441
2442
2415
2439
2450
2592
2604
2677
2682
2428
1661
2668
1639
1718
1720
1833
2154
2091
1129
2335
1337
2374
1340
2525
1539
2019
2019
1020
2055
2069
1072
1035
1595
2243
1245
1201
1283
1672
1675
1658
1304
1907
2098
1134
2086
1107
2213
2214
2275
2263
1261
1883
2281
1240
1250
2207
2511
1481
1977
1849
1723
2400
2396
2693
2489
2459
2336
2535
1513
1780
1695
2599
1782
2103
2965
2155
2113
1621
2051
1954
1923
1682
2730
2277
2099
1950
2424
2831
1793
2132
1976
1798
2090
2348
2100
2424
2267
2500
2931
1898
2575
2800
2491
2515
2285
1702
2039
2084
1782
1661
2069
2456
1983
2124
1692
2226
1802
1971
1645
987
1759
1786
1797
2055
1710
1267
1724
1729
1058
1977
1839
871
1965
2081
1983
2043
1869
1036
1894
1450
2153
1952
2238
1761
1722
2631
1730
1139
1152
1842
2051
1826
1802
1944
1899
2119
1264
1332
1663
1818
1790
1092
520
1234
680
643
1436
1056
1617
2029
1576
2075
1946
1518
2102
2171
1250
1540
808
686
1679
2219
1194
1741
1758
874
2327
1747
1511
883
2640
2588
2545
1547
2400
3698
2900
2368
2324
2478
3309
2278
2265
2198
2297
2251
3476
2487
3104
2621
1623
2088
2697
1701
2072
1837
1908
910
1784
1336
1810
1666
1668
962
1894
2200
2236
1758
2142
2473
2787
1786
2076
2739
2814
2553
3637
3334
2364
2672
2707
1708
2021
2570
2889
1878
2221
2478
3015
2014
2956
1986
2296
1298
1641
2194
2404
2549
1733
2054
2407
2844
1849
2042
2363
2576
1579
1866
1941
2689
1686
1844
2102
2677
1672
2894
1896
3384
2354
2451
2512
2558
2683
2547
2653
2916
2993
1965
2573
3038
3104
2104
2233
2289
1287
1545
3002
2004
2178
2278
3164
2135
2503
1473
1626
1657
2240
3130
2132
2865
1898
2898
1898
2724
3882
2875
3359
2358
1360
1545
2072
2467
2570
3006
2019
2626
1625
2427
2363
1354
1376
1419
1824
1803
1769
1980
2083
2106
1918
2280
1870
1877
2423
2869
1871
2371
2895
2875
1854
1841
2688
1871
2288
2263
2316
2206
2181
2132
2205
2181
2188
2204
1194
2408
2339
2604
2975
1963
2351
2254
2633
2160
2648
1641
1582
2259
2175
1801
1701
1441
1200
1337
1105
647
1777
1931
2167
1878
2142
2357
3406
2940
1933
2243
3079
2883
2518
1512
1474
958
2247
3139
3316
2312
2368
1365
1686
1919
1928
1530
1797
1092
1878
2021
2288
2483
3315
2280
2566
2880
1912
2178
2818
3708
2719
2759
3095
3417
2413
2750
1750
2088
2116
1121
1458
2029
1001
1010
1328
1715
2900
1893
2227
1047
1491
1790
2256
1284
1392
2737
1739
1821
2864
2857
2955
2915
2858
1857
1815
1947
1840
1826
1772
1758
1853
3230
2229
2833
2787
2744
2689
1687
2749
2749
1577
1681
2017
1907
1858
1808
2460
2386
2327
3673
2684
2659
1644
1607
2193
2259
2031
1897
2968
1943
2335
2754
1779
2854
2757
1758
3292
2292
2329
2223
2157
3428
2609
1635
2089
2472
1473
1987
1931
1973
2329
2317
2245
2352
2087
2067
2013
2910
1911
1880
2835
1873
1938
1934
1915
2312
1310
1442
1400
1405
2336
2246
2322
2961
1963
2211
2504
1502
1960
1836
2097
2446
2431
1430
1294
1948
1954
1777
1615
1386
2654
1653
1376
2281
2047
1820
2586
1613
2854
1855
1575
2205
2383
1636
2157
2310
2559
1558
2221
1521
3423
2361
2670
2156
2646
2241
2040
1861
1564
1438
1179
2005
1783
2454
2239
1934
1837
1751
1094
2544
1793
1900
1716
1218
1864
1176
1286
1587
1279
1820
1881
2046
1687
974
1738
1805
2703
1700
1267
1670
1791
1756
2017
1845
1694
2033
1681
1595
2072
1849
1837
1795
2085
1198
1725
1821
1573
1846
1220
1763
1302
1750
1886
1135
1891
2074
1709
1955
1799
2016
1525
2221
1843
1820
1943
1795
1655
1364
1251
1037
884
1655
1386
2149
1984
2136
1443
1430
1250
1897
1962
1983
1616
2038
2136
1762
966
2490
1522
1645
1830
1980
1808
1194
1634
1856
1670
1198
1761
1947
1302
1436
1289
1730
2721
2541
1538
2404
2118
1147
1813
1487
2148
1696
1948
2131
1651
1106
1824
1648
1125
1199
1777
1964
1509
1423
1896
1585
1343
1621
1814
1906
1787
1153
1192
1074
1357
866
1429
1107
1249
1895
2069
1935
1366
1844
1990
1617
2257
1976
1338
1882
1685
2146
2084
1812
1672
1874
2253
1868
1842
1861
1879
1938
1809
1898
1942
1699
1522
1387
1970
1800
1661
2307
1785
1803
1965
1904
1675
1737
1624
1894
2430
1785
2132
1131
2245
3032
3263
2265
3230
3211
2220
2495
3288
2293
2586
2443
2761
3014
1836
2600
1574
2066
3328
3047
3501
2553
1552
1570
1943
2260
2676
2983
1988
2060
2582
1607
1679
2036
2367
1401
1872
875
1857
2167
1164
1700
2029
1032
1318
1464
1632
2182
1181
1516
1795
2145
1183
2041
3038
2039
1042
1336
1745
2040
2446
1407
2113
1114
1432
1979
2310
1340
1655
1987
2280
1251
1599
2500
1536
1851
2212
2642
1643
2012
2313
2807
1838
2113
2421
1452
1789
793
2340
1338
2476
1475
1825
825
1109
1368
1745
2732
1734
2033
2261
1263
1775
2144
1148
1481
3093
1942
2453
2678
1678
1798
1952
2719
2844
1846
3029
3324
3483
2485
2722
2408
3191
3382
2384
2517
2665
2796
1795
1915
2079
2233
1236
1407
2364
1363
1885
1977
2110
2397
1424
1568
1706
2507
1558
1658
1588
2346
3200
2164
2356
2559
1529
2577
2728
2855
1855
1939
2237
2406
2434
2401
2826
2909
1926
929
2120
2235
2627
1453
2257
2390
2701
3311
2343
2427
2570
2874
2862
1892
1974
2038
2121
2371
2954
3029
2029
2367
2482
2589
2434
1436
1528
2278
1868
2068
2268
2597
3594
2568
2961
2168
2903
1905
2546
2636
2593
1662
1545
1944
2040
2705
3425
2427
2611
3219
2222
2542
1579
1789
2285
2451
3142
2815
1815
3338
2362
3008
2678
3312
2311
3002
3281
2839
1840
1316
740
1713
2377
1578
1927
1645
1819
2250
1857
1917
1744
1576
1293
1684
1571
1996
2158
1975
1907
1800
1897
1750
2074
2099
1295
2295
1729
1398
1231
2083
2881
1876
2141
2021
1213
1220
1569
1006
1277
2223
2093
1923
2001
1852
1174
1647
794
868
767
1823
1829
2034
1931
1948
1645
1368
1698
1644
2133
2213
1685
1021
772
1714
1869
1442
857
2202
3037
2067
1978
2082
2273
2783
3070
2066
2777
3201
3551
2551
3683
2650
3331
2328
2122
1539
1169
1144
1342
831
2196
2609
2438
2412
2728
1732
2689
2408
3363
2363
3291
2288
3340
2341
3215
2213
3383
2379
2665
3010
2017
2126
1156
2130
2908
1878
2315
2692
1722
1751
985
1396
2339
1368
1670
2004
1005
1465
1795
2065
2347
1345
1676
2261
1264
1565
1857
855
3116
2120
2998
2026
4268
3269
4025
3026
3050
3536
2508
2846
3054
2239
3268
4296
3301
2330
3438
2437
2643
2849
1852
2477
3314
2281
2966
3714
2715
1716
2201
2199
3058
2059
3910
2883
1916
2258
2675
1616
2437
2710
1741
1909
3031
2003
2561
1562
1848
848
2370
1362
1867
1785
1787
2832
1832
1758
1707
1663
2495
2923
2389
2186
3190
2185
2120
2204
2547
3035
2033
1856
2949
2864
2234
2197
1642
1850
1783
1738
1738
2298
1551
1786
1773
2223
1655
1968
1938
1895
1971
2415
1908
1830
1959
1964
2311
1801
1791
1824
1783
1430
1881
2558
2531
3204
2980
2914
2697
2220
1250
2122
2033
2346
1870
1838
2402
1857
1841
2443
2381
2805
2814
1813
2345
2300
2064
2023
1497
2564
2859
2808
1808
1864
1729
1483
1508
893
1259
1345
1657
1595
1159
960
1582
1269
1139
1918
1107
1227
1561
2092
1614
1632
1604
1007
694
1972
1911
990
1794
3079
2436
3073
2078
2464
3626
3067
2677
1702
2189
2302
2003
3370
2370
3600
2586
3253
2252
3136
2151
2483
1515
1970
2990
1992
3055
4072
3073
2046
2816
3973
2974
3302
2330
3392
3766
2822
3015
3486
2522
2426
2521
2982
1983
2318
2496
2874
1841
2101
2573
1570
3456
2455
1457
2446
2433
2418
2680
3126
2154
2552
2024
1971
2085
2026
2011
1919
2534
2322
1491
1435
1380
1921
1885
2181
2590
3048
2076
2321
2393
2350
2290
2534
3094
2124
2538
2964
1966
2230
2933
3402
2404
1403
1798
2368
2292
2223
2202
2106
1917
2481
2479
2402
1401
2308
2338
2285
3043
2045
2459
1461
2506
2865
1861
2335
2639
1641
1583
2501
2674
2568
2616
2446
1529
1582
1561
1993
2585
1563
3271
1970
2506
3014
2029
2500
2439
2516
1512
1921
2337
1316
1444
1708
2218
1242
1596
2068
1987
1890
2445
1457
1456
2479
3025
2044
2043
2386
2994
1997
1761
2703
2268
1483
2885
1914
2105
2032
1872
2672
2552
1580
2334
2164
2271
2227
2161
2110
2126
2070
2048
2449
3000
1974
1921
3186
2171
2764
3185
2218
2133
2198
2197
1805
1959
1879
2907
1919
1689
1641
2867
1828
2154
2231
2285
2223
2139
2111
2104
2551
2524
1534
1569
1624
1553
1353
2946
1956
1903
2331
1344
1443
1802
2101
1802
1039
2125
2154
2103
2623
1619
1588
457
1444
1462
1410
1307
1175
1013
869
2046
1044
3064
3366
2356
2849
3217
2214
2594
2979
1978
2384
2851
1853
1724
1515
2908
3315
2313
2230
3405
2406
2359
1363
2290
2452
1453
1403
1366
2409
3306
2296
2153
1665
1998
2102
2434
1433
2705
1707
1578
1431
2535
3088
2089
2464
2118
2533
1540
1807
2527
3303
2307
1910
1763
2517
2350
2255
1702
2455
2272
2075
2000
1879
2127
1910
1837
1992
1768
1963
2683
1683
2123
1852
1232
1313
1253
1836
1464
1220
1683
1672
1678
1662
1930
1797
2029
1949
1792
1120
1802
2034
1907
2564
1910
1002
2069
2027
1995
1921
2031
1589
1066
1866
1969
1660
2400
2020
1729
2059
1960
2007
1846
1977
1854
1947
1955
1737
1903
1770
2718
2103
2359
2730
2191
2993
2839
1780
2166
1646
2369
3656
3236
2203
3220
2192
2756
3736
2778
3704
2878
2929
1980
2236
2607
1605
2052
1067
1435
1475
1854
828
2903
1905
2210
2740
1759
2182
2598
1628
2145
1144
2031
2474
1469
2011
1948
1916
1701
1810
3324
2495
3054
3474
2447
2885
1920
2323
2696
1730
1705
1876
2223
2212
2465
3094
2091
2023
1944
2545
1575
1999
2400
2557
2496
2468
2440
2366
2454
2291
2292
2146
2152
2189
2135
2067
2112
2002
1948
2405
3078
2049
1843
1889
1961
2357
2854
1852
1735
2137
2621
1618
1937
2541
1575
2011
2575
2936
1934
2057
1088
1976
1672
1993
1881
1921
2001
1000
1833
1884
1919
1872
1856
1733
1866
1667
2741
2197
1659
1556
1422
1228
2021
1893
922
1250
1312
1193
1070
1532
1503
1060
1043
996
1077
1102
1758
1279
1244
1890
1860
1216
2769
3026
3033
3166
4018
3018
3709
2701
1690
2600
1603
1181
2593
2199
2545
2885
3321
2323
3268
2947
1950
2190
2559
3067
2068
2168
2465
1468
2647
3532
2524
3491
2496
2599
3081
3362
2363
2702
2958
1931
2474
2789
1787
2112
2507
3602
2603
2881
1883
2061
3109
2105
2982
1744
3279
2278
2933
1894
2150
1149
1257
2628
2949
1944
2116
2754
1755
2474
3110
2073
2215
1192
2859
1854
2100
2319
2509
1512
1711
691
2085
1180
1554
1783
1859
2806
1809
810
1793
2526
1498
2216
1246
1904
1832
1867
2358
1326
2127
2694
1697
2293
1297
1351
1580
580
2685
1707
2472
2764
1731
3021
3109
2107
2552
2848
2069
2340
2317
2450
2485
1449
2719
2561
2607
2821
1821
1841
2671
2659
3295
2276
2845
1814
1815
3040
2044
1997
2040
2010
2185
2067
1167
1205
2779
1780
1940
2507
2582
2553
1554
1463
2087
2460
2365
2724
3256
2275
2663
1686
2100
2646
1659
2558
2732
2595
2626
1626
1556
2426
1458
2268
2565
1593
2005
2267
2112
1907
1094
2523
1535
1937
2228
2543
1547
1861
2183
1957
3596
2624
1622
1923
2347
2264
2556
1584
2048
1898
1761
1886
1921
1711
1578
1399
2323
2184
2008
1880
2802
1970
3185
2185
2627
2773
2690
1686
1670
1499
2244
2354
2188
2006
1776
2134
2399
1849
1703
1576
1455
1729
1630
1705
2365
2281
1750
2711
2649
1663
1565
2804
1983
2309
3222
2619
2063
2371
2214
2207
2466
1436
2200
2171
2429
3029
2009
2484
2704
1732
2948
2293
2417
2332
1881
1731
2064
1812
1652
1928
2090
1658
1745
1876
1959
2066
1976
1780
1483
2186
2282
1703
1931
2163
2257
2357
1869
1939
1418
772
887
1030
991
952
1059
1202
1331
1565
915
1199
2053
2746
2187
2442
2190
2638
2318
2279
1931
1800
1294
2031
1595
1470
1944
1885
1914
2110
2261
1871
2010
2019
1017
1755
1383
1313
1491
2272
1289
1952
1671
1192
1348
1691
1772
1989
1674
1356
1731
1791
2153
1759
2089
1724
2210
1880
1976
1648
1870
1539
2435
2088
3047
2024
2155
1802
2266
1291
1939
2839
2531
1544
1539
2540
2140
2161
2710
1687
1103
1568
2198
1769
2120
1685
2100
2434
1984
2535
2166
1880
2221
2364
2878
1933
1859
1672
1787
2326
2925
2340
2785
2255
1734
1650
2290
1775
1523
1504
1983
1960
1988
2030
2009
1678
2128
1676
1149
1112
1235
1515
1588
2009
1033
1434
1411
2024
1478
1960
2502
2468
1882
1473
1886
2063
2020
1509
1754
2163
2409
2303
1718
1735
1897
2297
1777
1683
1629
1598
1540
1914
2014
1965
2407
1903
1965
1902
2395
1898
1347
2358
1817
1863
2421
1877
1824
2075
1947
2560
1891
1552
1361
1945
1878
1833
1807
2371
1897
2340
1841
1723
1879
2528
2060
2011
2067
1545
1490
1445
1416
1533
1916
1416
1370
1484
1371
837
1688
1750
2097
1753
1014
1121
1966
1845
1755
2240
1281
1536
2003
1855
1679
1966
1924
2156
1543
1390
1337
1827
1615
1875
2072
1963
2313
1667
1945
2633
2414
2118
2040
1840
1921
1662
1533
1752
2016
1572
2438
1864
2110
1254
1715
1257
847
921
1908
1646
2250
1753
2044
1215
1888
1917
1573
1814
2048
1662
2018
1722
2073
1859
1952
1824
2008
1841
1155
2116
2083
2048
1744
1787
2402
1903
2308
1892
1749
1807
1917
2352
1873
2060
1794
2306
1919
1879
1794
1990
1288
739
949
460
1975
1162
1766
1655
1666
1860
1937
1824
2119
1772
1620
1907
2054
1973
1598
1237
1751
1980
1855
2452
1958
2049
1991
1885
1747
1642
1686
2116
2201
1856
1668
1188
1757
1545
1145
2146
1714
2006
1922
1269
1096
1482
2009
1910
1782
1847
1848
2131
1827
1911
1649
2277
1934
2164
1918
2190
1599
1175
1640
2041
2260
1707
1904
1773
1707
1639
951
1795
1639
1582
1776
2023
2074
1563
1974
1732
2388
1909
1943
1598
599
1052
1103
928
1692
2160
1882
2137
1885
1681
1570
1771
1799
1861
1826
1696
1695
1934
1116
1903
1994
3170
2172
1851
1756
2616
1591
1312
1834
979
1172
1715
1931
1806
1697
1670
1734
2148
1831
1269
1364
1706
1868
1605
843
1767
1777
1823
1091
884
1717
1753
1716
1850
1162
1242
1048
1744
1812
1260
1843
1396
1702
1253
1873
1307
2020
1524
1666
1624
1161
1374
1688
1391
1503
975
1505
1773
1312
1562
1998
1544
1880
1413
1967
1471
1922
1817
1347
1820
1178
1732
1882
1723
1938
1433
1855
1746
1718
2062
1713
2027
1890
1395
1669
1994
1588
1208
1726
1781
1902
1642
1661
1714
1528
1543
1972
2057
1215
1707
1790
1731
2198
1680
1910
1111
2194
1747
1914
1148
1831
2056
1171
1038
1972
1613
1610
1726
1270
2425
3019
1970
2012
2474
2300
2213
1632
2469
1470
2599
1593
2461
1457
1792
2518
2544
1963
1841
2087
2494
1901
2196
1626
2075
2309
2180
2008
2077
1886
2126
1803
2432
2270
2209
2694
2581
2771
2415
2603
2410
2637
2225
2423
2731
1729
2169
1750
1997
1571
1590
2007
1374
2075
1672
1867
2326
1988
1947
2261
1863
1395
1440
609
1297
995
700
1007
864
1745
748
1114
1532
1183
834
1197
838
1170
771
1282
829
1112
685
1850
1502
1421
923
1383
1442
1870
1364
1293
1791
1620
1742
1708
2613
1616
1607
1561
2490
1493
1394
1857
1950
1935
2148
2232
2159
2096
2049
2014
2670
2158
1624
1550
1568
2207
1784
1260
1294
1759
1835
1882
1612
1817
1944
1913
1885
1820
1960
1915
1896
2333
2075
2016
1932
1945
2101
2494
1923
1945
1885
2256
2724
2243
2166
2278
1780
1686
1961
2340
2284
1756
1726
1889
1797
2149
2138
2034
2173
2145
2070
2011
1996
2118
2050
2520
2003
1843
1904
1913
2345
1787
2223
1735
1332
919
1007
2104
1762
1821
2180
1685
1152
1208
1348
1701
1648
714
2200
2089
2012
1792
1622
977
1304
1645
1560
718
1642
1869
1815
1607
1244
1156
1218
1318
1117
2096
2198
1224
2346
2528
2824
2468
2155
2467
2310
1989
2326
1968
2318
1937
1765
1417
2889
1893
2226
2596
2384
2643
2886
2597
1570
2702
3015
2015
2289
1260
1894
1034
1810
2400
2704
2319
2592
2853
2332
3026
2031
1679
1978
1607
2533
2166
1353
2128
3082
2084
1805
2363
1603
1303
2104
1128
1775
2230
1984
1221
2188
1757
1806
2225
1799
1972
2000
2193
2317
2803
1976
1501
1831
1706
1826
3032
2870
1841
2086
1731
2694
2320
2807
1805
2687
2159
2517
1517
2698
2912
1914
1591
2567
1567
1808
2918
2627
2272
3279
2278
3165
3014
2013
2339
3226
2197
2523
2366
1990
2368
1986
2264
3468
3779
3458
2457
2122
1740
2925
2568
2256
2970
1938
1624
2813
2530
2150
2485
2135
1723
755
1743
915
1287
907
1194
830
1272
1225
1504
1076
1329
1857
2045
2270
1951
2387
2004
1965
2229
2201
1982
1615
1827
2700
2529
2124
1760
1410
1598
601
928
1847
1079
774
1675
1361
974
1527
1911
1568
1219
875
1863
835
2016
1353
1096
1423
1896
1612
1285
832
1816
1540
1937
2273
1922
1554
1698
2143
1759
1305
1321
2685
1658
2903
1874
2065
3172
2185
2825
2408
1930
1986
2351
2463
2591
2188
1709
2605
2811
2977
1976
2061
1876
2023
2187
1797
1367
1662
1759
1359
1534
1614
1935
2043
1600
1747
1321
2158
2395
1343
1968
1716
1621
1693
1554
1684
2407
1971
1508
1729
1264
1895
2277
2456
2472
2041
2245
1820
2958
2041
1497
2236
2175
1425
1813
1849
1355
2063
1558
2065
1604
1742
1247
1817
1469
1418
2147
1529
1542
1508
1420
1534
1016
1451
1365
1475
1756
2155
2296
2802
1803
1606
2146
2411
1581
1556
1552
1620
1610
1579
1615
2043
2015
1998
2456
1892
2350
2278
1289
2360
1880
1324
1180
1792
1270
1722
1762
1700
2270
1699
2205
2376
2377
1844
1679
1738
1851
1800
2294
2218
1732
1818
1812
1771
1710
1841
1630
1602
1860
1981
1483
1911
1412
1292
1399
1693
1664
2082
1580
1587
2054
2150
2640
2096
1609
2385
2530
1536
1516
1954
1950
2236
2186
1680
2081
1761
1687
2108
1591
1549
1950
1437
1879
1845
1953
2398
1900
1921
3245
3206
2998
2025
2642
2596
2566
2521
2452
2565
2543
2489
2424
2507
1507
1974
1886
2069
2060
2497
2462
2395
2352
2271
2086
2071
2143
2137
2092
1980
2101
2028
1990
1939
2149
1606
2561
2514
2605
2441
2495
1495
2414
2553
2428
2379
2302
1778
1905
2751
2634
2712
2600
2484
1485
2362
1361
2092
1973
1909
1751
1578
2706
1735
2259
2079
1860
1818
1594
1370
2851
2026
2332
1749
1598
2205
1921
1675
1572
1854
1545
2225
1625
1866
1624
1155
1752
1940
2320
1869
1061
1490
2104
1766
1845
1872
1868
1917
2040
1987
1493
2147
1873
2505
1878
2320
1947
2517
2203
1826
1987
1647
1290
1872
1221
1577
1986
1858
1987
1609
1237
1886
1118
1796
1677
1815
1227
1154
1146
1694
1933
1796
1818
2157
1777
1921
2097
1881
1634
1064
1901
2070
1670
1355
1895
1054
2102
1653
1817
1183
1243
1175
1318
1868
2011
1709
1317
1564
1084
1078
1847
1082
2266
1853
1207
1567
1849
2248
1714
1772
2320
1957
2379
1785
1217
1686
2252
1800
2058
1887
1875
1397
1525
1644
1992
1880
2325
1808
2387
1952
2300
1860
2287
2026
2032
1839
2104
2115
1985
2326
1682
1176
1995
1971
1975
2021
2039
1529
1216
1321
1008
1910
1723
2257
1981
2106
1624
1908
2063
1864
1845
1545
1897
1189
1610
2602
1787
1024
1761
1964
1797
1201
1148
1494
1216
1820
1547
2321
2002
2059
2015
2040
1625
1558
1146
1260
1230
1266
1617
1032
2093
2218
1987
1923
2215
1646
1923
1823
1224
1955
1472
1545
1840
1906
2020
1847
1751
1785
2102
2131
1806
1856
1830
2235
1947
1829
1900
1682
1046
2960
2005
2531
2675
2203
1600
2135
1520
2445
1660
2302
2425
2081
2015
1730
2154
1955
2065
1906
2111
1824
1898
1267
1279
1098
1183
1249
1231
1118
1841
1143
1242
1135
1894
1354
2024
1052
1130
1835
1648
1305
1511
1585
1806
1627
1914
1939
1391
1547
1810
1204
1815
1717
1931
1262
1218
1492
1722
2048
1681
1684
1988
1999
1712
2061
1866
1782
1891
2078
1963
1345
1244
1719
1253
1913
1264
1728
1855
1726
1257
1311
1706
1752
1184
1949
1325
1498
1817
1566
1925
1338
1487
1648
1205
2007
1932
1947
1629
2045
1889
1221
1581
1976
1514
1595
1878
2125
1513
1327
1922
1952
1466
1290
1111
1795
2524
2011
1268
1679
1658
1260
1067
1303
1675
1668
1168
1927
1197
1249
1090
1798
1212
2018
1160
1222
1021
2309
1960
964
1744
1062
1872
1940
1810
1883
1761
2061
1569
1169
1775
1905
1633
1243
1843
1114
1920
1629
2372
1923
1971
1865
1725
1976
1615
1999
1776
2099
1711
762
1845
1788
1726
1908
2214
1880
1681
1793
1713
1720
2053
1812
1172
1630
1640
1917
1949
2251
1730
2078
1774
1954
1907
1396
1506
1566
1834
1852
1603
1882
1707
1815
1690
1929
2011
1666
1626
2185
1554
985
1447
2141
2383
1907
2266
1818
2495
1912
2611
2317
2841
1839
2154
2629
2579
2540
2147
2302
2226
2238
2329
2313
2227
2702
2711
2667
2597
2588
1589
1667
1582
1467
1316
2453
2211
1211
937
743
559
1080
856
1257
857
702
1035
889
1105
679
756
826
590
787
909
940
1354
1172
1370
1227
1273
1219
1313
1430
1585
1445
1432
935
1505
1455
1437
1725
1584
923
1046
1107
854
1190
831
1310
1681
1488
1142
1903
1733
1003
768
1062
752
1084
1771
1072
922
1229
1484
1819
1513
1504
1347
861
1477
1105
1079
1185
1238
1531
1747
1489
1627
1419
1162
964
1089
1122
915
659
798
1207
1593
1108
1654
2557
2333
2203
2595
2600
1603
2537
2051
2499
2521
2427
2517
2461
2444
2786
1782
2764
1795
2200
1985
2038
1832
1931
1854
1977
1984
1957
1933
3016
1983
2846
1873
1804
1902
2587
1585
1599
1624
2499
3032
2960
1990
1954
2978
1981
1979
1917
2482
2359
1826
2380
1328
2044
2682
2894
1897
2184
2244
2485
2598
1596
1671
1284
1346
3059
2060
2673
2760
1763
2043
1986
1972
2064
2198
2410
2518
2143
2841
3088
2089
2021
2162
1160
1754
2233
2362
1361
1284
1317
1637
1819
806
2025
2428
1461
1572
1787
786
1899
895
1167
2305
1259
1305
1481
1526
1556
1350
1472
1410
2331
2261
1232
1855
2116
3172
3006
2939
2857
1886
2986
2969
2935
1947
1887
2002
1940
1946
1797
1754
1836
2661
1662
1162
2348
1858
2786
1740
1944
1928
1933
1401
2745
2437
2293
1775
987
2260
2234
1740
2309
2298
1867
2845
2872
1873
1913
2669
2242
2257
2371
2633
2646
2755
1725
2357
1910
2045
2101
2144
2019
1514
2178
2464
1753
1803
1381
1575
1700
2746
2815
1813
3125
2123
2174
2244
2487
2485
2598
1603
1443
1486
1681
1266
2122
1496
1842
2501
1501
1576
1596
1800
827
1901
2097
1098
1584
1513
1743
1778
1995
2107
1107
1173
1734
1989
1993
1025
1571
1777
1743
1755
1687
1796
796
928
2105
2118
2300
1324
2376
1876
2739
1738
1791
3062
2039
2110
2258
2584
1587
2359
1618
2391
2342
1903
2719
2942
1941
2069
2235
2383
1412
2845
1844
2119
2335
1338
1924
2068
2303
1304
1480
1897
925
1198
1359
1598
1964
1134
846
1473
1582
2981
2377
1819
2394
1939
2277
2205
2221
1741
2906
2876
2863
2801
1800
2277
1782
2474
2996
3076
2049
1991
1983
2082
1453
2190
1978
1989
1628
2305
2305
1869
1019
1657
1977
2126
1212
1055
2268
2092
2340
2231
1994
1686
1127
1833
2219
2261
2397
2408
2218
2466
2501
1977
1748
1217
1055
1260
1557
1349
1476
941
829
811
1155
1407
1246
1409
1296
1205
1269
1176
1805
1727
1962
2017
1776
2095
1567
1041
923
957
1149
1207
968
2144
1826
1822
1720
1288
1794
1253
1761
2212
2224
2814
3010
2039
2032
2039
2023
2611
2099
1599
2099
3157
3121
3092
3030
2034
2135
1607
2028
1516
1792
2622
1642
2582
2487
2575
2407
3647
2815
2768
2714
2722
3756
2726
2715
2657
2791
2686
1744
1702
1641
1592
1734
1190
1664
2726
1727
1676
2117
2769
2667
1696
1604
1568
1517
1604
1078
1564
2233
1458
2205
2234
1994
2086
2045
1808
2259
1741
2320
2270
1611
1975
1718
2536
1529
1534
1486
1608
1570
1525
1639
1914
1419
2245
2303
2297
1296
1246
2337
2132
2196
2111
3188
2221
2123
2078
2029
2131
2099
2054
2048
1864
1980
1942
1760
2072
1786
2213
2144
2002
1951
1969
1914
1864
1748
1741
1725
2766
2242
1244
1713
1955
1470
1464
1398
1941
1762
1567
1974
2109
2083
2053
2012
2603
2567
1551
1527
1505
2571
1568
1541
2456
2551
2486
2390
1828
1851
1895
1830
1783
1653
1538
1621
2068
2732
2660
2529
2514
1546
1958
1468
1852
1817
1826
1431
1413
1977
1521
1700
1634
1614
2752
1780
1691
1663
1613
1151
1496
2913
2430
1882
2345
1627
1622
1599
1800
2165
2088
1859
2472
1898
2371
2261
2354
2297
2095
2221
2158
2491
2442
2598
2983
1983
2412
2435
2072
1999
1869
1880
1858
1932
2853
1852
2542
1757
2720
2182
2160
2108
2226
1222
1629
1938
2086
2031
1506
2105
2232
1726
1688
2090
3220
2220
1224
1932
1394
1986
1947
1851
1746
1839
1760
2584
2399
2338
2470
1949
1452
1844
2938
1939
1885
2346
2410
2369
1830
1799
2341
1661
2108
2563
2662
2565
2490
2504
2510
2279
2568
2457
1490
1463
2326
2501
2424
2551
2340
2434
2376
2808
1835
1235
2511
2028
2133
2051
1993
1469
2192
2278
1247
2028
2017
2135
1929
2363
1361
2398
1895
1372
1784
1913
2390
2289
2244
1714
1816
2690
1919
1368
1813
1777
2302
1793
1269
2097
1611
613
2129
1158
1938
1421
1735
1702
2487
2009
2353
1354
2182
2207
2057
1912
1818
1927
1802
1695
2516
2343
2037
2082
1945
1888
1365
2647
1672
2244
2101
2004
1828
1957
1856
1248
1631
2568
1583
1496
1410
2209
2029
1951
2068
1936
1825
1747
2742
2169
1609
2430
2537
2210
2276
2120
1943
2014
1794
1646
1662
2364
1387
1286
2095
1942
1375
2261
2058
2331
2212
1185
1851
1753
1683
2579
2484
2340
1793
2281
2004
1878
1731
2222
2704
2920
1952
2648
1676
2425
2355
1842
3364
2335
1234
2452
1955
1931
1368
1354
1661
1492
1370
1760
1625
1479
1880
2074
1930
1375
1754
1917
1742
1596
1554
1977
1581
1415
2210
1539
2112
2089
2271
1636
1850
1778
2407
2511
2542
2338
2168
1601
1162
1840
1497
1825
2101
1996
1174
1873
1962
1671
1724
1983
2181
2028
1736
1941
1823
1971
1871
1142
1910
2300
1697
3255
3034
2042
2442
1444
1895
2655
2103
2012
2484
1933
1839
2771
2790
3616
3237
2234
1773
2512
2571
1569
2015
1947
2327
2391
2517
2489
2062
1894
1434
2757
2848
1846
2149
1674
699
868
1599
599
950
1019
1579
1098
1340
1534
1076
1105
2057
1086
1083
1158
1225
1314
1424
1686
1706
1983
1549
1029
1939
2641
1614
2214
1619
1781
1721
1112
2045
1974
1786
1995
1903
2084
2680
2589
2351
2540
1948
2683
2521
2286
2038
1985
1762
2199
2283
2074
1858
1246
1488
1778
1974
1821
1665
1909
1370
1535
1858
1654
1451
2679
2458
1474
2257
2103
1892
2054
2021
1693
2103
2483
1987
1255
1938
2700
1951
1983
1755
1573
1872
2689
2692
2203
2848
2372
2685
2206
2535
2714
1720
1724
1380
1218
939
2147
2299
1635
1374
1609
1873
1141
1740
2017
1050
908
1465
2191
2714
3203
3434
2437
2741
3048
2051
2268
1953
1646
1374
2518
2555
2986
1987
2218
2747
1746
3385
2384
2702
1694
2012
1018
1454
1757
787
1096
814
1941
1352
1173
790
1079
884
1668
1281
1362
1510
1660
1235
1562
563
1983
2154
2168
2285
2440
1473
2794
1789
3060
2131
1879
2067
2484
2838
1836
2647
2933
1907
2471
3055
2092
2159
1840
2197
2036
1765
1813
1840
3458
2451
2760
3041
2041
2454
2713
3204
3557
2560
2918
1916
2008
1707
2324
2699
1704
3334
3884
2858
1885
1977
2235
1902
1583
1903
2433
2799
3148
2148
2484
2767
1771
2090
2445
2139
1817
2182
2719
1715
1366
1714
2028
2334
2796
1823
2135
2512
2817
3154
2154
2693
2848
2022
2759
1758
1440
1958
2340
2599
2291
3456
3750
2784
3071
2720
2374
2581
2976
3218
2220
2377
1934
2089
2834
2955
3068
2070
2185
2841
3018
2035
1647
3069
2268
1867
2697
2918
1916
2102
1889
2989
1987
2137
2261
2930
2376
3018
3446
2445
3063
2687
2931
3104
2108
2457
2643
2878
3120
4091
3079
2095
2287
2510
2611
3236
3165
2168
3180
2182
2584
2896
3216
2212
2311
2673
1672
2190
1815
779
1154
871
1179
812
2028
1028
1143
805
1127
750
1220
907
1264
922
2698
1536
1268
2122
1126
1394
1756
1970
1603
1838
2030
2446
1445
2093
1092
1581
2884
1917
1968
2022
2077
2309
2421
2515
3052
2096
1788
1854
1919
2530
2773
2819
1641
2930
2467
3093
2958
1956
1953
3044
2069
1613
1628
1634
2790
2769
1772
1703
1634
2561
1586
1858
1347
1901
1832
2269
1270
2322
1323
2223
2027
2942
1972
2076
1309
2053
2025
1787
2168
2239
2219
2175
1678
1633
1748
1679
2595
1510
1959
2475
1561
1537
1025
2046
1551
1367
2378
2303
1760
1989
1497
2007
1900
1898
1833
2003
1871
1694
1485
2305
2109
1915
2251
2100
2718
2124
1770
1984
2201
2025
1431
1649
1433
1212
1647
1830
1615
1545
1749
1509
1862
1683
1914
2102
1950
2732
2759
1761
1273
1920
1652
1506
2086
2170
2061
1684
1158
986
1829
2057
1194
1172
1009
1847
1887
1184
2137
1913
1161
1172
1665
1534
1786
1925
2031
2124
1721
1137
1265
1130
1601
1830
1640
2120
1971
1771
2140
1994
2034
2091
1627
1773
1248
1919
1650
1918
2035
1867
1702
2099
1759
957
1566
1095
1888
2035
1597
1799
1594
1902
1751
2109
1767
2062
1756
2162
2544
2375
2369
1851
1805
1855
1802
1739
1724
1730
1688
1585
1598
2138
2108
2011
1973
1923
1591
1568
2308
1750
1884
1482
1317
1775
1571
2670
2548
2634
2718
2629
2151
2113
2046
2625
2581
1893
2997
1968
1874
2330
1757
2369
2263
1780
1732
1203
1174
1487
2472
2989
2475
2223
2183
1157
2659
2080
1640
1998
1844
1040
874
526
1237
2134
1883
2170
1976
1330
1668
1313
1607
2466
1985
1580
3071
2069
2280
2481
2688
2329
2111
2320
1595
2107
2324
2333
2066
2330
1934
1550
1529
2299
1601
1838
1478
1678
2088
1689
1520
1746
2565
2363
1945
1548
1813
1422
1814
1434
2098
1643
1371
1613
610
759
1245
903
1085
695
1271
819
1193
1340
1214
1649
1611
1739
1640
2043
1969
1599
1561
1559
1469
1358
1582
1939
1854
2483
2418
2372
1673
2604
1625
1554
1751
1954
1852
1757
1672
1860
2113
1630
1545
1287
1700
1673
1968
2030
1952
2308
2209
1698
1617
1555
1721
1801
2138
1169
1108
1514
2874
2805
1773
2183
2188
1912
2934
2399
1982
1885
1457
2269
2390
2301
1790
2185
2169
2116
2062
2571
2264
2478
1841
2294
2420
1896
2258
2198
2140
2251
2367
1811
1343
2369
1367
2241
2007
2120
1937
1872
2355
2339
2375
2480
1893
1853
1790
2374
1862
2312
2157
2495
2385
2270
2220
2266
2123
2494
1463
2515
1973
1483
1812
1679
1639
1461
1766
2160
2316
2295
2821
2439
2358
2336
1768
2839
2321
1764
2188
2468
2550
2015
1970
1929
2017
1332
1819
1748
2349
1833
1787
1753
1229
1813
1876
2255
1725
2778
1999
1768
2128
2851
2116
2094
2068
2597
2037
2021
2053
2008
2219
2666
2131
1646
1774
1250
2166
1652
2197
1681
1970
1433
1330
1314
1754
1732
1707
1336
1753
2320
1494
2135
1959
1931
1900
2451
1968
1912
1885
1953
1919
1867
1723
1797
2212
1567
1938
1885
1371
1707
1623
2204
1637
1997
1900
1386
1869
1871
2159
3097
2319
1985
1954
1809
2068
2139
1950
1803
2066
1541
1918
1730
2008
1978
1773
1666
2304
1843
1253
1982
2280
2244
1540
2198
2643
2068
1473
2219
2460
2348
1794
2022
2058
2816
2241
2749
3014
2045
1299
1498
2163
2047
1301
1745
1850
2029
1771
3098
2201
2516
2035
1581
2036
1842
2393
2187
1792
2222
1699
2457
2018
1992
1822
1741
2433
2040
2313
2240
1966
1627
2026
2012
1376
2129
1909
1992
2049
1592
2141
2019
1729
1966
1770
1903
2573
2149
2459
2100
2336
2041
1815
1300
1888
2842
2010
2020
1536
2042
1302
2147
2032
2239
2009
2184
2030
1751
2291
1734
1320
2030
2432
2438
2648
2782
2304
2344
2248
2423
1986
2085
2157
2747
1746
2492
2222
2422
2454
1995
2282
2354
2437
2499
2564
2277
2184
1209
2429
2140
2252
2316
2296
2409
2205
2295
1293
1885
1410
2169
1170
629
1669
1578
2039
1520
1854
1795
966
1025
1105
1404
916
1295
1403
1469
1238
1325
793
1370
1545
1519
1354
1597
1341
1038
2000
1874
1772
1523
2075
2024
1415
1595
1394
1589
1757
1563
1711
1681
1498
1675
1975
1785
1558
1750
1686
1481
1635
1542
1713
1514
1694
2047
1834
1601
2308
1639
1363
1235
1250
1017
1846
2420
1959
2052
2176
1828
2000
1536
2085
1847
2495
2185
2230
1980
2088
1795
1275
1149
1121
1720
2543
1993
1932
1885
2481
1999
2395
2253
2550
2500
2453
1916
1905
2004
1972
2392
2326
2373
1682
1923
1941
2118
2316
2386
2279
2369
2079
2517
2586
1586
2118
2371
1882
1947
2006
2193
2341
1940
1904
1973
2244
1744
1848
1399
1465
1030
1195
1227
754
1527
1181
889
1271
1186
1113
889
1729
2222
1977
2356
1355
2653
1694
2048
1962
1411
1452
1816
2662
2064
2447
1876
1363
1781
2222
2826
1831
1732
2242
1805
2263
1979
2494
1993
2100
2138
2145
2953
1952
2475
1962
2067
2776
2262
2321
2451
2487
2004
2183
2156
1735
2269
2411
1989
2066
1592
938
1688
1024
1114
1151
1018
703
959
498
1077
652
1951
1488
788
1438
1636
1174
1275
1368
1964
1664
1200
777
1395
1588
1102
609
689
1043
551
693
1179
1182
1507
508
656
943
1143
674
843
1846
1840
2474
1957
1489
1507
1504
1687
1229
1244
1275
785
1395
1325
1288
1706
1138
1217
1734
1700
1827
1810
1765
2243
1245
1443
938
702
1502
1624
1173
1153
1150
638
1285
767
1075
1007
1038
1026
488
1379
1469
943
1835
1804
1731
1228
2067
2245
1992
1941
1383
1367
1426
906
1341
794
1131
843
1294
1757
2347
1404
1815
1295
1863
1779
1674
2086
1792
2486
2339
1798
1816
1324
1322
1333
1541
1464
2004
1483
1440
1983
1475
1911
1832
1959
1462
2229
2486
2168
2138
1620
1642
1390
1526
1425
2531
2568
1616
1552
1994
1959
2005
1948
1953
1770
2111
1681
2240
2198
2409
1913
1963
1425
1908
1234
1953
1951
2111
1584
1804
1907
1925
1860
1387
1604
1763
1774
1266
1437
1592
1632
1525
1720
2642
2205
2273
1243
1393
2428
2412
1915
1397
2562
2106
1652
1532
2373
1863
2341
2544
2447
2171
1507
1622
1716
1772
1972
2011
1621
2186
2025
2319
1836
1850
2558
1866
1500
1713
3657
2687
2283
1788
1680
1901
2010
2150
1817
2135
1695
1689
2083
1712
2561
2868
2218
2247
2183
2658
2415
1431
1642
1496
1994
1424
1649
1924
1449
1693
1979
1010
991
1434
1100
987
898
1092
1163
981
1075
2956
2582
2335
2674
2342
2637
2284
2517
2841
2477
1447
1741
2056
1718
1973
970
1297
1617
2660
1662
1866
1524
1600
1920
2418
2249
2302
2382
2083
1445
1975
2296
1843
2091
1764
3408
2405
2053
2623
2837
2505
2053
2518
2203
2216
2496
1921
2007
2526
1526
1196
2723
2428
2074
2315
1932
2053
2405
2067
2387
1704
2068
1768
1943
2245
2551
2765
1763
2332
2427
1766
2521
2220
2407
2034
1485
2203
1597
1954
2550
3123
2092
2053
2000
1845
1914
1875
1837
2480
2009
1521
2398
1892
1442
1761
1876
1835
1790
2187
2180
2527
2559
1499
2049
1552
1492
1490
1751
2514
2468
1950
2062
2019
1502
1371
1810
2386
1858
1803
1728
2297
2249
1724
2621
1527
2257
1858
1802
1886
2298
2250
1728
2275
2213
2180
1744
1634
2015
2053
1966
1961
2054
2026
1937
1966
2061
2016
1319
1801
1911
2311
1752
2058
1058
1719
1697
1466
2296
2285
2710
2268
2297
2165
2135
1677
1591
1534
1445
1423
1419
2018
1434
1404
1856
2349
1361
2069
1964
1409
2478
1967
1386
1840
1781
2067
2148
1606
2251
1828
1824
1900
1903
1349
2077
1735
2123
1645
2038
1454
1533
1921
1389
1516
2317
1302
2193
1749
2115
2562
2016
2066
1980
1945
2416
2054
1970
2483
1996
1867
2044
1537
1966
1938
2098
1562
1530
1495
2034
1930
1417
1770
1707
1684
1983
1423
1708
1682
1919
1332
1590
1128
1347
1496
1808
1181
1544
2289
2446
2280
2391
1954
1866
2038
1966
1778
1576
921
1193
1805
2088
1788
1060
1938
1155
1864
1863
1543
1931
1903
1084
1836
2448
2167
1767
1822
1730
2026
1908
1301
1726
1908
2302
1867
986
1424
677
1037
1006
877
933
845
853
2170
1847
959
1798
1775
2394
1434
1785
1695
2135
1650
1640
2048
2221
1243
1792
1144
1467
2117
1682
1811
2639
1616
1740
1959
2171
1650
1643
2364
1706
2543
2134
2177
1829
1674
2063
2111
1913
1678
2183
1894
1840
2143
1966
1655
2025
1524
1872
1821
2013
1549
1693
2375
1748
2072
1913
1859
1999
1778
1953
2141
1865
1518
1916
2005
1861
2943
3580
2581
2018
1854
1814
1877
1929
2716
1683
1732
1790
1858
2076
2130
2039
2253
2011
2019
2112
2128
2351
2396
2450
1449
2833
2841
1843
1897
1418
1288
1511
2761
1764
2136
1136
1366
1815
799
2207
1208
1400
1824
825
2283
1283
1281
1800
774
1033
1225
916
1098
2479
1480
1606
1069
662
1973
919
1011
1107
1118
2246
2979
1954
1445
2927
1936
1916
2813
2748
2678
1723
2740
2720
2674
2463
2912
2397
1424
2037
2030
2251
2133
1137
1175
2356
1350
1582
583
654
750
1350
1598
598
1174
1310
819
1709
1570
1628
2147
1531
1009
1501
1643
1806
1636
1827
1335
2325
2343
2364
2478
1831
1869
1810
3217
2273
2349
2541
2754
2276
2397
2134
2607
1607
1687
1605
1597
1598
2642
2644
2646
1624
2535
2494
2495
2129
2429
1437
1409
1874
1395
2426
1426
2202
2213
2119
2078
3131
2130
2197
2554
1595
2659
2626
2585
2592
2694
1664
1650
2005
1982
2072
2020
1983
1972
1906
1769
1807
1768
1680
2254
2242
2205
2172
1729
2785
2299
1780
2765
1774
1749
2017
1536
1521
1577
1498
2565
2500
2450
2387
1376
1298
1923
1920
1385
2529
2400
1225
2204
2231
2154
2097
2057
2006
2075
2041
1998
1945
1899
1860
1796
1751
1668
1786
1176
2137
1997
2100
2593
2097
1606
2061
2006
1974
1802
1814
1766
1920
1607
1431
2362
2556
2454
1487
2397
2364
1368
1914
1887
2877
1879
1823
2437
1464
1445
1410
2474
1480
2147
2077
1997
2036
2404
2200
3182
2184
2412
2341
1790
2620
1791
1733
1701
1776
2102
2488
2193
2225
1725
1501
2599
2672
1674
2028
2086
1260
1927
1770
1122
2362
2493
2007
2698
2213
2292
2467
2506
2562
2779
1776
2512
1693
3178
2147
2254
2446
2871
2495
2513
2658
1656
1790
1911
2694
2827
1829
3069
2068
2236
2912
1912
1502
1567
2240
2555
1556
1675
1777
1943
2221
2168
2112
2362
1994
1697
2506
2600
2805
2932
1932
2223
2291
2409
2686
2825
1857
1649
2146
2319
2369
2509
2756
1751
1999
2294
1385
1612
1844
2106
1758
1470
1472
1756
2129
2109
3039
2042
2533
2850
1878
1977
2326
2607
1637
2084
2441
1482
1737
705
1616
1949
950
1090
1331
1451
1821
1399
2370
2434
2627
2737
2822
3615
2441
3338
2325
2464
2554
3222
3278
2276
2344
2584
3778
2775
2884
2986
3224
2224
2087
2134
2190
2794
2910
1883
2011
2068
2605
2659
2977
1981
2109
2375
2878
1706
2193
2481
2180
1831
1483
1962
2350
2665
3021
2021
2327
2487
1509
1600
1169
1344
1019
1175
1285
1501
1441
1539
1558
1799
1814
1892
1935
1967
966
1223
1019
2433
2608
1644
1530
2154
1185
2301
1857
1398
1502
1473
1722
2375
2482
1981
1682
2091
2197
2203
1202
1496
2519
2631
1629
1702
2019
2698
1697
1790
2572
2523
1697
1514
1652
2788
1820
1983
3099
2101
2855
2981
3146
3244
2272
2432
2601
3356
2353
2249
2580
1583
2824
2972
1999
3273
2275
2199
2187
2479
2485
2594
2592
2897
3224
2225
2145
2300
2495
3401
2451
2090
2350
2636
2903
3416
2418
2441
2673
1674
1871
2298
2484
2713
2958
1955
2122
2466
2653
1667
2913
1913
2056
2159
1795
2429
1913
2591
1586
2683
2717
2888
1931
2909
2869
2941
1939
2045
2560
2082
2098
2243
2159
3154
2151
2175
2352
3200
2246
2208
2188
2137
2561
2512
2426
2486
1964
1915
1898
2444
2374
2260
2706
2509
2023
1455
1960
2071
2482
2426
2862
1861
1909
1891
1811
2764
1799
2759
1759
1598
2379
2189
3433
2429
3303
2543
2084
1898
1722
2481
1482
2120
1926
1878
1594
1829
1633
1224
1863
1012
1218
1215
1580
2027
2015
1873
1512
2550
2335
1764
2777
1992
1887
2372
1375
2091
1499
800
811
1990
1597
1858
2139
2040
1798
1153
2462
2042
1870
873
1724
1236
2578
1873
1175
2022
1859
2008
2033
2078
1993
2146
1145
1053
833
902
2174
1870
1168
1908
1327
1501
2326
3320
2320
2621
2180
2218
2280
2361
3445
2445
2415
2502
3200
3293
2821
2842
1867
3161
2157
2254
2173
2207
2445
2087
2527
2021
2572
2801
1804
1367
2067
2114
2173
1172
1218
1318
998
1034
1091
1108
2389
1388
1476
1520
1674
1936
2009
1012
1169
1064
1272
1362
2542
1542
1407
1569
2018
1287
2056
1834
1611
2320
2129
1903
2513
2253
2438
1873
2539
2340
2151
2079
2674
2464
2368
2569
1571
2107
2539
1533
2431
2235
2132
1943
2619
2081
2422
2892
1768
2902
3063
2063
3018
2984
1986
2593
2650
1650
1605
3172
2615
1616
2143
2169
1953
2943
1946
2051
2000
2368
2360
2397
2014
1942
3264
2265
2820
3356
2354
2337
1511
2724
1725
3448
2473
2117
2993
2612
2778
2800
1768
2174
1855
1849
2075
2070
2484
2768
1737
2080
2376
2910
3203
2205
1203
1578
1735
2106
2321
1325
2485
1658
1879
2315
1316
905
1183
816
1047
1088
1501
1610
609
1302
1588
1629
1731
1795
795
2011
1055
1063
1143
1212
2467
2554
1554
2138
2591
2602
2547
1814
2208
2082
2085
2729
3152
2118
2250
2364
1367
2800
2125
2891
2991
1961
2349
2462
2009
2125
2251
2454
2311
1311
2471
2715
2813
1810
1884
1952
1983
2222
2086
1261
1356
1759
1791
1988
2343
1342
2332
2136
2488
1962
1754
1939
1318
1984
1766
2442
2159
2026
1820
2172
1862
2439
1410
2145
1922
1713
1494
2164
2623
2444
2341
2086
1757
2022
1798
1672
1784
2001
1923
2147
2365
2021
2152
2214
2255
2567
3591
2562
2105
2341
2667
1698
2125
2423
2410
2462
2611
2565
2673
2245
2678
2756
1800
1869
2051
2118
2767
2626
2609
1576
1671
1757
1939
2041
1824
1676
1762
1536
2466
2940
1941
1743
1876
2089
2179
2205
2428
2011
1598
1883
2041
2830
2065
1578
1732
2550
2695
1694
1785
1498
1878
2219
1224
2153
1160
1242
1709
1879
2025
1919
1833
2115
2263
1958
2518
2181
1759
2190
2456
2510
2764
1763
1943
1916
1653
2298
1723
2960
2413
2078
2180
2151
2292
2696
1699
1776
2181
2215
1220
2583
1609
2583
2812
3143
2144
2690
3000
2436
1438
1634
2115
2436
2576
2653
1762
2126
2645
2974
3198
2196
2457
1427
3563
2567
3569
2560
2807
3181
3440
2441
2779
3063
2065
2424
2901
2558
2032
2257
1811
2409
1962
2841
3896
3438
2802
2328
3199
2745
2298
3131
2682
3555
3061
2608
2159
1716
3412
2965
2512
2943
1941
2245
2616
1579
1964
2249
2574
2890
1890
1871
3460
3622
2663
2895
3165
3995
3171
2737
3018
2515
2062
2202
2440
3299
2271
2501
2516
2957
3108
3349
2370
2581
2819
3144
2175
2382
2593
3023
1958
2127
1997
1696
1106
1759
2419
2392
2014
1920
2391
1828
2811
2580
2717
1784
1612
2203
2000
2175
2403
1973
1350
3029
3216
2243
2730
2753
2416
2108
2346
2841
3105
2135
2423
2731
3014
3301
2303
2480
1709
1987
2322
1293
1770
2085
2375
1504
1697
1940
939
1370
953
1188
1294
1596
1783
1906
908
2412
1414
1536
1665
664
1920
891
1306
1511
1629
1801
1206
1653
1807
807
917
1720
1831
1714
712
1332
1243
1430
2446
2258
2440
1862
1843
1771
1639
1822
1771
1586
1731
2010
1432
1626
1392
1689
1534
2272
2023
2110
2265
2107
2445
2185
1961
2178
2042
2349
1881
1189
2175
2014
1772
2398
2322
2634
2469
2481
2807
2443
1842
1258
1616
1961
2427
2849
2311
1791
2549
1983
1982
2710
1714
1673
1108
1421
1973
1855
1796
2520
2429
2306
1776
1715
2160
1593
1970
1875
1910
1766
2902
1901
1911
1750
1569
2574
1604
1708
1610
2716
2748
1966
1585
2251
2328
2142
2398
1823
1730
2274
2008
1912
1180
2006
1117
2145
2158
1159
2205
1679
1924
2653
2067
1095
1766
825
1814
1733
927
2158
1903
1550
2152
1855
1762
1975
1721
1699
1916
1786
1709
1922
1756
1698
1754
2011
1975
1603
1203
2026
1737
2035
1442
1951
2415
1836
1728
2616
2451
2335
2208
2124
2103
1781
1453
1814
2029
2143
1612
995
1044
1654
2129
2075
2681
1729
1180
1053
1494
1567
2265
2042
1128
2538
2864
3188
2231
1979
2228
2334
1734
2915
1917
2259
1665
3398
3088
2089
2503
2139
2449
1450
1836
2386
2021
1618
1931
2319
1931
944
1522
1143
785
1106
835
1468
1064
781
1022
435
1403
1091
999
641
961
1072
897
2034
1016
772
1028
658
1033
1475
1771
1440
1088
1430
1775
1568
1741
1964
1937
1672
2007
1634
1890
2138
1749
2187
2456
1458
2290
1290
870
1811
1163
967
2340
1941
2249
1813
2496
2135
1699
1978
1908
1503
2236
1823
2094
2818
1818
1962
2296
1616
2404
2030
1611
1477
2396
1731
2461
2709
1710
2649
2330
2268
2018
2348
1323
1456
1538
1531
1084
1331
1726
1654
2072
2158
2393
1830
1746
1801
1719
1624
1989
1977
1916
1826
2167
1615
2115
2002
1910
2201
3002
2939
1764
2029
1989
2432
2367
2474
1940
1419
1340
2236
2263
1715
1528
2151
1775
1548
1898
2416
2317
2228
2145
1950
1921
1363
2244
2165
1790
1696
1698
1392
1138
1974
1658
2190
2363
1805
1785
1269
1225
1509
1446
1379
1732
2245
1693
1595
3014
2008
1998
2311
1738
2206
1673
2368
2282
1735
1647
1555
1454
1448
1782
1944
1641
1696
2521
2020
1865
1743
1461
1959
1897
2122
2188
1617
1943
1893
1769
1774
2146
1998
1962
1996
1901
1813
1714
1757
2122
1512
1532
1815
1645
1567
1902
1867
1908
2715
2157
1812
3392
2394
2104
1627
2008
1501
1794
2154
1629
1515
1350
1242
1971
2790
1817
1220
1106
1407
1319
1567
1836
1770
2003
2215
1954
1907
1718
1875
1879
1779
1856
1947
1887
1682
1785
1788
2205
1939
1805
1654
1823
1926
2016
1761
1950
1887
1580
1606
1803
1618
2441
1874
1970
1865
1884
2157
1263
1700
1805
1566
1272
1702
948
2030
1173
1126
1716
1833
1110
1786
1587
1153
1836
2021
1996
2448
2052
1929
1680
1987
1989
2162
1882
1776
1828
2052
1816
2052
1632
2159
2406
1931
2372
2211
2248
2559
2011
1442
1884
1316
1236
1708
2162
1542
1638
2379
1979
1819
2403
1383
2016
1672
2189
2364
2379
2697
2312
1343
1737
1715
3374
2347
2536
2347
1755
1528
2090
1470
1794
1962
1771
1576
1489
1702
1457
1413
1569
1778
2059
1875
1637
2276
1657
2275
2597
2009
2161
1592
1965
2182
2048
2882
2353
2618
2701
2200
1763
2345
2570
2108
1589
973
2068
1510
1688
1666
1447
1460
1692
1059
2088
1594
1865
2413
1394
1355
1409
2168
2183
1777
1282
1390
1860
2388
2623
2187
1189
1746
1276
2454
1914
1908
1892
2422
1849
1753
1713
1968
961
1421
1408
2297
1642
2254
2224
2188
2310
2315
2305
1822
1686
1868
1709
1189
1728
1679
1889
1344
2286
2241
2818
1817
1701
2302
1789
2170
2129
1844
1352
1702
1753
1750
1907
1951
1887
1820
1983
1456
1523
1736
1558
1572
1954
1467
2413
2069
1644
1796
2089
1596
1000
1782
1960
1685
1947
1763
978
2555
2812
1783
2007
2200
3027
1982
2205
1172
2795
2649
2788
3130
2132
2445
2042
2395
2444
1746
3053
3398
2343
2689
2886
2579
2139
1827
2774
3043
2075
1732
2194
2473
1476
1557
1947
2467
2644
1640
2727
2473
1474
1695
2395
2524
1525
2000
2002
2214
2735
2234
2625
2202
1858
1096
2187
2045
1590
1846
2286
1907
1519
1806
1274
2407
1965
992
1860
1169
2187
2579
1578
2269
2292
1289
2192
1948
2022
2078
1481
1599
1582
1919
1014
1836
2421
2233
1893
1569
1819
2098
2469
1452
2560
2186
2584
1583
1548
1264
1189
1181
856
1756
1699
947
1156
1363
999
1071
1125
1397
1684
1204
962
831
1408
852
1455
1602
1744
905
710
926
1084
1003
1186
1323
1512
789
1452
605
973
1627
1332
644
705
858
1146
984
1562
1155
1390
1003
1078
737
1069
1036
1084
1108
1103
1645
1550
1175
1060
1074
1052
1066
1461
1230
1149
2430
2837
3145
2204
1588
2562
1532
1835
2906
1937
2749
1784
1929
1781
2056
2421
2897
1898
2330
2204
1801
2851
2512
3131
2133
2593
2916
2589
3071
2738
2956
2659
2405
1984
2320
3474
2476
2140
3098
2739
2197
2787
2496
2418
2990
2668
3276
2950
1948
2281
1936
2194
1933
2463
1457
1807
2055
1080
1434
2370
2096
1936
1003
1306
1645
2180
2287
1964
963
1900
1622
1411
1784
2055
1507
1416
2579
1583
1228
1609
1885
1562
2726
1727
2004
1165
687
2165
2011
1592
1763
1915
2614
2365
1901
897
2058
1810
2586
2572
3067
2906
1922
2247
2978
2335
1552
2057
2309
2185
2398
2398
2612
1640
1776
1648
2133
1876
1868
1959
2152
1745
1089
2629
2096
2300
2750
2508
2544
2731
2901
2486
3354
2319
1977
1868
1859
2293
1863
2012
2190
2277
1905
2099
2669
2221
2361
2706
2823
1817
1410
1560
1750
1438
1499
1642
1199
1449
2936
1931
1547
1761
1355
960
1361
1608
606
1264
1077
644
1459
1689
687
1321
909
1307
955
2112
1100
1557
1140
1324
2886
1886
1411
2035
1035
2006
2284
1283
1793
1417
1659
1336
874
1746
775
1188
1614
1458
1025
589
1874
1912
2363
1841
2141
1853
1242
1969
2162
1560
2097
2449
2253
2045
2337
2150
2056
2240
1683
1151
1722
1350
1970
1791
1803
1976
2054
1669
2025
2006
2511
2218
1833
1989
2029
2603
2547
2198
2456
2027
2573
2625
2362
2176
1840
2008
2193
2896
3087
2086
2238
2336
2440
1392
2359
2565
3072
2046
2640
1841
2557
3328
2323
2909
1869
2412
3159
2157
2500
2572
3265
2297
2640
1640
1726
3563
2562
2717
1715
1859
2060
2317
1346
1410
1617
1924
1882
2288
2385
1206
1550
1658
660
1882
2001
2174
1177
1254
1662
1756
755
1833
2070
2242
1223
1527
1704
674
2370
1401
1474
1355
418
1941
2103
2210
2118
2422
1421
1500
1513
1780
1940
2429
1424
1567
1616
1666
1886
1683
1720
1787
1905
2134
2209
2220
2081
2329
2391
2470
2467
2637
2674
2803
1804
2491
1490
2329
2387
2494
2337
2266
2507
1513
1597
1852
1752
1856
2065
1101
1015
1110
1181
1359
1407
1509
2546
1573
1816
816
1937
2004
975
1177
1138
1211
1215
2300
1266
2114
2136
2014
2136
2130
2279
2161
1214
2207
2245
2351
2397
1364
2383
1358
2597
2620
2673
2669
2706
2717
1716
2772
1803
1956
1864
1887
2906
2877
1907
1944
2540
2638
1639
2453
1653
1543
2649
1632
1643
1709
1722
1840
1873
2323
1322
2526
1526
1507
1542
1790
1861
2278
2273
2360
2803
1801
1738
1809
2350
1417
2209
2401
2449
2289
3266
2481
2881
2472
2600
2820
2882
1884
1970
3145
2140
2435
1438
1553
1985
2304
2297
1298
1284
1245
1230
2099
2534
2461
1477
1380
1360
1300
1845
2212
2628
1467
1586
1754
1723
1643
2261
1259
1645
1562
1431
1687
1567
1523
1460
1322
1382
1272
2057
1055
2744
1748
2474
2271
2135
1929
2710
2961
1958
2580
2444
2247
2720
1892
2176
2470
1473
2283
2069
2675
2554
2557
2322
2108
1914
2656
2858
2769
1773
1744
1894
1289
1489
1936
1537
1794
1997
2004
1751
2630
1659
1260
2223
1928
2248
1716
2278
2098
1835
1704
1211
1636
1884
1571
1923
1854
1874
1795
1125
2004
2062
1604
1937
2202
1952
1626
944
1967
1864
1818
1246
1917
1317
1447
1603
1907
1095
1760
1585
2083
1790
1184
1811
1877
1584
2273
1276
2973
2002
1485
1859
1533
2010
1686
2088
1864
1724
1626
1559
1349
1748
1599
1833
1854
1957
2337
1766
1155
1837
1612
2142
2628
2135
2269
1594
1817
1571
1149
1908
2318
1747
1116
1738
2475
2849
3017
2018
1861
1662
2081
1937
1621
1744
1700
1784
1657
1747
1791
1677
1840
1674
2278
1626
1153
1677
2623
1627
1644
2098
1886
1885
1693
1782
1825
1923
1778
1941
1863
1866
2053
1570
1964
1805
1675
2098
1770
1962
2089
1260
1758
2138
1918
1755
1955
1917
1884
1973
1835
1538
2157
2099
1828
1922
1730
1916
1871
1100
1933
1593
2139
1851
2028
1674
1800
1934
1712
2041
1857
1524
1722
1550
2012
1690
1897
1721
1841
1791
1850
2818
2285
1999
2058
1703
2075
1907
1801
2063
1846
2003
2205
1791
2106
2054
1915
2284
2107
2392
1901
1782
1505
1668
1711
1521
1102
1013
1093
1224
1094
791
991
1209
2075
1975
966
2109
1451
1033
2073
1774
2031
1752
1896
1954
2021
2101
2214
1263
1067
2013
2120
1900
2209
1934
2427
1645
2090
1909
1873
2535
2194
2029
1976
2047
2101
1783
1779
2289
2176
2776
2982
1980
2952
2567
2751
1753
2001
2169
2315
1314
1480
1629
1531
2443
2630
2617
3181
2178
2300
2771
1770
1802
2140
2479
1473
1859
2095
1781
783
878
1411
1787
2042
1013
1944
2285
1285
1585
1916
858
1252
1721
2042
2693
1933
2167
1167
1690
692
2151
1126
1065
2874
1908
2201
2700
3010
2009
2261
1264
1585
1929
2410
2774
1724
736
950
1305
1755
791
2464
1465
1713
713
2962
2180
3183
2184
2916
1915
1901
1846
1805
1729
1874
1832
1796
1995
1479
2197
2241
2146
2320
2256
2275
2207
2965
2956
2945
1940
2996
2960
1932
2375
2513
2196
1413
1839
1993
1936
2218
2206
1922
2590
2580
2065
2558
2470
2026
1869
2100
2096
2922
2509
2078
1989
2672
2249
2527
2514
3180
2150
1777
2080
2848
2494
2498
2769
1776
2168
2936
1968
2791
3008
2027
2277
2243
1250
2015
2186
2406
2658
1661
2124
2310
2495
2697
1716
2092
2765
1761
3013
3219
2218
2164
2333
3020
1854
2253
1254
1231
1203
1508
1645
2342
1366
1698
1801
835
929
1049
1211
1480
1555
585
3143
2144
2224
2333
1331
2497
3044
2043
2107
2156
2364
2399
1378
3914
3094
3525
2527
2592
1591
1679
1992
2202
2312
2482
1482
1828
1912
2087
2244
1247
1567
1724
1846
822
1934
931
1239
1431
1505
1647
1908
1946
2029
2122
2084
2272
1274
1285
2449
1452
2797
1801
1749
2196
2146
2062
1971
1862
2018
2611
2510
2500
2487
2363
2241
2419
2262
2165
2067
2003
2066
2012
1927
1822
1546
2656
2435
2943
2772
1771
1616
1498
1899
1788
1200
1954
2240
1663
1522
2365
2239
2441
2208
1983
1600
1808
2133
1815
1818
2110
1703
1129
1598
2051
1953
1089
1975
1380
1139
1304
961
1613
1070
1016
1132
1437
995
1528
1288
1382
1685
1991
1358
1256
2099
1641
1165
1693
1712
2125
1770
2005
1901
1296
1281
1045
1565
1905
1154
1937
1518
1829
2079
2047
2042
1917
1810
1643
2791
2648
2540
2007
2477
1976
1792
2725
2835
2814
2774
2720
2705
2714
1717
1802
2835
2806
2722
2873
2663
2746
1717
2289
2855
2294
2260
2616
2210
2197
2020
2909
1901
1833
2757
2723
2803
2614
1616
1583
1532
2568
2554
2541
2761
1802
1863
2759
1743
2764
2587
2380
2535
2571
2990
1960
1915
1820
2139
2062
2053
1990
1940
2026
1081
1456
1392
1511
1444
1234
2097
1142
1736
1666
1624
1546
543
622
1384
2357
2824
1810
1984
2329
2349
3182
3002
3110
2108
2052
2044
1959
1928
1937
1786
1794
2443
3257
2325
2275
2065
2198
2005
1991
993
3000
1973
2417
2924
1926
1933
1892
1740
1529
1862
1800
1789
1599
1546
1619
1651
1633
2224
2719
1718
2661
1664
1824
2780
1753
1768
1884
1713
1679
1625
2567
2537
2532
2487
2668
2618
2105
2057
2167
1928
2080
3066
2067
2071
1877
1964
1882
1910
2018
1980
1938
1845
1816
1877
1780
1538
2057
2239
2098
2149
2043
1967
1893
1810
1851
1724
1595
1560
2421
2374
2086
2286
2246
2544
2001
1906
2322
2124
2046
1982
2896
1899
1739
1591
1475
2429
2672
1670
2088
1930
1796
1662
1649
1522
2234
2229
2059
1906
1773
1708
2199
1905
1921
1780
1776
1501
2213
2212
2500
1938
1752
1663
2547
2408
2301
2611
2048
1903
1697
1683
2317
2538
2402
2171
1991
1732
1555
2202
2783
1842
2459
3031
2237
1967
1816
1576
1348
2045
1705
1498
2190
2344
2536
2406
2575
2373
2540
2497
2161
1858
1522
1841
1924
1942
2114
1567
1542
2010
1837
1886
1893
2153
1752
1664
1545
1774
2059
1895
1865
1976
2115
1176
1089
1553
2164
1849
1676
1105
1800
2039
1164
1170
1626
1463
1430
1218
2062
1184
1167
1775
1218
3029
2807
1824
2405
2321
2188
1995
1982
2193
1607
1437
2186
2393
2785
2608
2375
2645
2521
2738
1692
1569
1932
2231
2636
2399
2200
2334
2004
2459
1687
1855
1728
1945
1997
1682
2069
1917
1131
1669
1013
1500
1151
2009
1997
2009
1893
1882
1584
2463
2054
2088
1669
1913
1063
1893
1937
1650
1345
2263
2178
1632
1972
1736
1549
1714
1887
1059
1942
1411
1748
2314
3002
1979
1947
1998
1990
1668
1379
1498
2413
2163
1875
1991
1900
1572
2186
2195
1771
2095
1915
1656
1995
1599
2221
2073
2471
2183
2440
2345
1666
1829
2083
2102
1861
1531
1989
1872
1757
2383
1410
1936
1644
2149
2997
1997
1865
1586
1480
2177
3039
2055
1888
3118
2618
1621
2956
3255
2723
1901
1780
1558
2589
2234
1610
1915
3049
2049
1748
2074
2174
1739
2421
2130
2220
2419
2760
2154
1178
2680
2093
1096
2020
1665
671
991
858
1221
895
1059
939
1430
1135
478
874
1226
847
1401
1014
1329
1059
1429
1073
1577
1256
1509
1861
1512
1227
1606
1342
2227
2111
3117
2666
1759
2151
1826
2113
2615
2006
1800
2042
1040
1494
1616
1186
1347
921
1645
2031
2174
1172
1345
2067
1095
1419
1813
1287
1248
1221
1785
2213
1661
1821
2893
2390
1996
3172
2169
2114
1891
2029
2159
2184
2041
2483
2548
1994
2477
2390
2494
1989
1513
1889
1719
1705
1664
1625
1572
1652
2062
1612
1543
2467
1920
1915
1865
1833
1905
1358
1375
1627
1972
1916
2370
2303
2432
2340
1836
1346
1260
1472
1442
2360
2275
1948
1447
1863
1323
2759
1760
2566
1989
2079
1535
1480
1412
2254
1725
1434
1777
2270
1980
2069
1946
2406
1439
1750
1706
1535
2514
2338
2190
2094
2222
1704
2147
1494
1836
2143
2776
2209
2145
2141
2295
2257
2197
2679
2124
2148
2069
1999
1475
2373
1571
1533
1459
2127
2567
2473
1473
2668
2555
2101
2089
3187
2135
2477
2497
1946
1970
2085
2021
1020
1036
1672
1591
1540
1028
1518
1646
1609
1003
1384
1582
1630
1851
2232
2057
1899
2160
2107
2056
2732
1734
1712
1551
1776
1760
1638
1501
1738
1558
1680
1939
1371
2124
2351
2599
1981
2354
2177
1884
2274
1986
2480
2613
2460
2266
1681
1450
1959
1788
2331
1734
1972
1871
2156
1770
1058
1710
2480
2164
1792
1603
1778
1756
1919
1963
2412
1814
1654
2196
2317
2611
2776
2134
2300
2748
2791
2120
2740
2221
1699
1513
2551
1550
1577
1758
1111
1703
1679
2556
3056
2594
1579
2338
2300
2386
2355
2314
2230
2283
2250
2174
2191
1941
2170
2303
2483
1924
2371
2307
1797
2611
1584
2043
2501
1499
2066
2016
1522
1512
2161
1976
2818
1845
1457
2961
1937
1960
1803
1791
2251
1769
1847
1808
1764
2034
2301
2117
2186
2656
2616
1615
1615
1574
1541
1625
1557
1559
2080
1576
1481
2232
1751
2235
2342
2265
2234
2172
2333
1762
2176
1203
1120
1547
1093
1475
1380
958
768
1643
1986
1369
2250
2284
1715
1612
1603
2058
1922
1825
2211
2253
1676
2002
2929
2313
2158
2089
2041
1550
2477
2303
1334
2191
1871
2259
2581
1737
1914
1858
2233
2254
2179
1953
1845
2639
2092
2034
2487
1961
1882
2625
2722
1736
1622
1575
2614
2124
1514
1517
2397
1423
1039
1978
1938
2349
2007
1429
2476
1654
1066
1571
1907
1832
2302
2196
2116
2032
2151
1961
1898
1675
2186
2438
1946
1832
2203
1654
2073
2003
2029
1965
1939
1888
2037
1966
1916
1853
2466
2164
2344
1782
1763
2342
2304
1800
1713
1784
2266
2210
1693
1149
1694
1042
1960
1444
2055
1380
1815
1813
1839
2767
1770
1743
2376
2241
1242
2048
1528
2212
1914
2029
2059
1524
1404
2180
2209
1639
1532
1780
1790
2418
2298
2193
2245
2573
1983
2903
1892
2492
1492
1806
1747
1714
1504
1351
2315
2292
2191
1658
2102
1814
1913
1827
1401
1793
1661
2616
2531
2056
1925
1799
1882
1710
1658
1990
2111
1372
1754
1688
2135
2494
2413
1738
2386
1874
2855
2274
1533
1963
1487
1943
2243
2307
1339
2336
1734
1966
1831
1797
1722
1528
1403
1737
1765
1656
1799
1808
1688
2286
2718
2593
2713
2198
2042
2493
1496
2190
2200
1866
1586
2304
1712
1543
2418
2278
1711
2102
2005
1858
1724
1743
1660
1497
1334
1750
1617
1498
1730
2069
1932
1748
1761
2299
1657
1452
2091
2321
1857
2099
2318
2440
2713
2102
1997
2066
1949
1198
1874
1999
1199
1009
1321
954
1979
1894
1230
2080
1820
1107
2290
1934
1743
2089
1757
1713
1951
2124
2046
1814
1215
2428
1946
1433
2535
2704
2380
1855
2421
2353
1856
1783
2404
2308
2073
2527
2665
2462
2412
1413
1387
1798
1896
1222
1683
2214
2213
2673
2456
2391
1778
2428
2198
1584
1476
1277
2397
1949
1722
2127
2018
1073
2094
2325
2347
1988
2050
1985
1994
2386
2538
2702
2805
3119
2119
2164
2239
2366
2466
2266
2310
2433
1977
1580
1701
1969
1348
1351
1673
1628
1948
1545
1521
1487
1622
1886
2142
1710
1871
1732
2035
2201
2138
2230
2557
1562
2269
1795
1956
1877
1674
2751
1778
1908
1494
1665
1567
1221
2043
1989
1546
1673
1848
2436
2143
2997
1968
1644
1745
1380
2137
1797
2803
1802
2088
1770
2921
3226
2222
2559
2629
1628
2186
1831
1443
2305
2596
2456
1456
2231
1467
2427
2820
1824
2086
2467
1468
1742
1436
1778
1676
1287
1383
1429
1648
2475
1474
1143
1888
2177
2223
1565
1692
2066
1726
1173
2407
2519
1545
1823
2066
1597
2218
1584
3077
2078
2409
2695
1722
2280
1949
2278
1687
1758
2335
1948
1674
1793
2113
2645
2041
1746
2479
1932
1990
2776
3077
3416
2394
2784
3090
3419
2642
3035
3484
2485
3176
3528
2494
2706
3060
2705
1707
1922
1621
1918
2719
2898
1874
2253
2323
2002
2414
2930
1930
2329
1974
1242
1081
658
960
1561
1234
1142
2181
1704
1601
943
732
666
1859
2080
2367
2061
1931
2070
1547
675
2553
1549
1927
2226
1764
2009
2496
1702
1874
2045
2457
2109
2046
2181
2300
1970
1976
1909
2101
1771
2402
2921
2544
1545
1846
2153
1786
3145
2147
2356
2689
2984
3212
2279
2318
1948
2038
2338
2901
3152
2131
2188
1834
2605
2439
2454
2608
2494
2793
3412
3019
2021
2370
2090
1723
2607
2417
2724
2394
2719
2410
2045
3149
3475
2473
2201
1846
1487
1341
1619
1277
2360
1330
1618
1314
1788
1404
883
1406
2032
1812
1429
1635
2449
1458
3161
2191
1191
839
1656
1923
3075
3351
2333
1344
1685
1302
1042
1247
2259
1823
2258
1902
1764
1438
1110
767
992
1619
1597
1251
1420
1549
2230
1171
1477
1011
609
1707
1796
2407
2470
2398
2618
2641
1642
1600
2895
2951
1948
2079
3053
2054
2286
1272
1430
2560
2038
2703
3142
2319
2444
2835
2401
2017
2080
2496
2070
2314
1886
1557
1837
2165
2347
2472
1411
1560
1900
1491
1279
1505
1645
1989
1508
1059
1056
658
1476
2887
1884
1700
1806
1346
1948
1469
2120
1656
654
2576
1547
2163
2225
2242
1756
1918
2421
2030
2239
1767
1845
1983
2281
2432
2594
1597
1892
1361
1741
1923
2407
2222
1015
1869
1714
2487
2179
1535
2765
2181
2542
2354
1354
1164
1623
2350
2131
1498
1728
2767
1767
2277
2632
2428
2179
1580
2003
1974
1754
2578
2240
2848
2911
2775
1945
2083
3193
2167
2215
2359
2541
3164
2166
1742
2033
3148
3071
2078
2901
1947
2044
2295
1295
1729
2899
3007
3414
2386
2391
1425
1716
1593
1146
1118
936
967
1432
884
734
943
850
774
721
606
695
782
1702
907
1396
1079
628
931
1033
1514
1980
983
1117
544
1033
1716
2272
2682
2144
1867
1517
1183
1440
934
1056
794
840
451
880
1212
1121
1218
1372
1409
906
554
673
1082
1110
865
677
904
1013
1085
1217
1282
1047
916
871
884
797
773
1409
1362
1535
1527
1446
1589
1659
716
689
1504
1622
892
674
669
2297
1940
2272
1928
1546
2497
3565
2566
3464
2466
2144
3110
3395
3058
2058
3036
2699
2952
3311
2315
3516
2517
2801
3173
2817
2456
2817
3364
3005
2598
2928
2536
2221
2688
3010
2661
2377
1974
1502
2318
3149
2124
2442
1900
2098
1077
2711
1792
1587
2160
1813
1446
2648
2298
2024
1598
1906
2018
1962
2029
2231
1539
1000
1813
2540
2999
2001
3200
2838
2156
1911
2117
1988
2099
1244
2281
2240
1777
1808
1795
2615
2910
3223
2254
2762
2834
2789
1790
1576
1511
2488
2144
2413
2448
1802
2211
1650
2175
2263
1315
2878
3173
3436
2462
2763
3331
2363
2654
2950
3280
3550
2694
3011
2013
2308
1275
2347
2961
3282
2283
2644
3494
2493
1465
1780
2718
1717
2823
1825
795
2456
1457
1913
2218
1244
1509
1809
840
3220
2221
1221
1659
2271
2529
3296
2292
2501
1539
1976
2181
2391
2610
2809
1773
2084
2256
3517
2517
2772
2817
2913
2964
1961
2650
3135
2183
1988
3117
2120
2170
2076
2291
2916
3199
2172
2337
2227
3567
2540
1572
2776
2819
1817
2640
2193
2285
2395
2707
2765
1792
1810
1881
2178
2005
3203
2201
2298
1342
1736
782
740
803
728
1304
1035
1227
1544
1513
1122
1649
1739
1226
1038
1467
1172
783
854
954
1178
939
756
902
1316
1792
1583
1567
1404
1320
1460
1551
1882
2139
1892
1815
1600
1597
2062
1791
1734
1991
1981
2309
1895
1608
983
1811
2191
1784
1201
1121
1884
2114
2170
1810
990
1728
2756
1768
2202
2213
2110
2534
2622
2662
2549
2939
2659
1649
2643
2696
2270
2300
3318
2319
2605
3067
2071
3043
3128
3811
2808
2797
3748
2747
1749
2759
1750
1705
2147
2479
1481
1513
1846
875
1386
1765
1834
1074
1359
1631
1810
2300
1303
1592
2723
1720
2102
1081
1428
1777
2230
1230
1511
2275
2623
1638
2761
1764
762
1043
1371
1667
667
1205
1201
1587
1855
1972
2211
3199
2198
3120
2645
2157
2562
1591
3255
3610
2585
3037
4035
3031
3474
3850
2823
2883
3215
2266
2624
2875
2980
3302
3638
2613
3148
2146
2454
2849
2682
1876
1859
1953
1949
1933
1926
1987
1977
1906
1881
2033
2897
1898
1837
1860
1969
1899
1847
1812
1910
1839
1825
2287
2446
2829
2325
2727
2664
2678
2612
2384
3151
2154
2102
2491
2538
1541
2459
1503
2371
1386
2314
2335
2762
2838
1841
2211
2177
1177
2113
1112
1905
1842
1965
2452
2374
1342
1334
1415
2802
1800
2049
2088
1979
1902
1868
2386
2310
1338
2460
1490
1375
1325
2231
2233
1260
2096
1879
1980
2342
2674
1681
2084
2290
2225
2047
1923
1839
2250
2854
1855
2853
2905
3112
2113
2679
1682
2627
2603
2687
2664
2627
1613
1637
1648
1635
2417
2915
1911
2333
2678
2688
1657
2060
2516
2524
2530
2866
3413
2420
1422
1326
1795
2027
1693
775
701
1028
1039
1017
936
1967
1153
1077
794
882
1188
1038
915
1237
1142
1368
1285
1155
1640
888
1211
1216
756
978
987
2071
1756
2011
1929
2685
2867
1872
2903
2976
2007
2379
2543
1521
1626
1633
1781
2041
2690
1718
1825
1910
2110
2732
1729
1949
2323
1360
2968
1968
2329
3261
2266
2212
2880
2434
3322
3354
2380
3425
2455
1456
1788
1524
2690
3640
2637
3189
2190
2922
1925
2703
1705
2720
2722
3061
3573
3250
2252
2558
2543
3175
2159
3057
2075
2997
1822
2738
2890
3258
3975
2976
3507
2507
2816
1768
2750
3057
2056
2291
2653
1645
1822
2734
2430
2754
1756
2135
2074
2867
3655
2663
3119
2119
2455
1426
2093
2145
2595
2940
1937
1869
2787
1786
2396
2631
1662
1976
2334
1332
1684
2606
1581
2605
2270
2618
1616
1834
2746
3465
2438
3040
2042
2399
1402
3012
3356
2386
4643
3820
2826
2901
3413
3956
4339
3341
3578
3926
2953
3440
4275
3277
3793
2792
3053
3316
2291
4272
3271
2270
2584
2695
2885
1888
1983
2131
2199
2265
2309
2340
2593
2609
2669
3026
2025
3142
2186
3245
3343
2344
2412
2444
2648
2717
2565
2681
3029
3078
2991
1951
2108
2239
3039
2009
2716
2262
2430
1403
1704
2376
2086
2350
2561
1592
2758
2852
1848
3054
2056
2004
2072
2180
2305
2332
2586
2665
2847
1845
3091
2090
2333
2353
2529
2816
2976
3205
2208
2283
2516
2621
2696
1513
1605
1476
1619
1659
1678
1678
1874
1796
1881
881
1871
867
2014
1019
845
1936
923
922
1774
1888
2659
1659
1612
2093
2121
2049
2027
985
1133
1994
2035
1208
1277
2113
1109
2490
1491
1367
1295
1159
1260
1132
1038
2387
2271
2088
1916
2692
1715
1438
1265
1085
923
1589
1403
2221
2067
1891
1837
1653
1359
2731
1909
1756
1609
1277
2036
1893
2117
1610
2390
2288
2054
2753
1725
1559
3017
2021
1773
2515
2705
2537
2302
2662
2550
2069
1955
1662
1635
1228
1130
1873
1813
1863
1850
1230
1946
1879
1658
2213
2123
1749
1295
1619
2343
1973
2128
2060
1697
2157
1818
1738
2370
1957
2006
1777
2085
2193
1465
1903
1782
1184
2412
1991
1256
1194
1530
2255
1689
1170
1872
1611
1969
1933
1656
1968
2178
1922
1179
1844
1148
1785
1948
1798
1770
1928
2971
2905
2828
2740
2623
2521
1532
2690
2078
1254
1069
2166
1520
2316
3167
2242
3173
2734
3034
3325
2354
2791
3121
2144
2398
2560
2856
3116
2118
2512
1512
1769
2127
1128
1703
1476
1867
2783
1752
2025
1203
1498
1796
793
1358
1698
695
2322
1321
1455
1930
2283
1281
1564
1819
2327
1374
1748
1981
1074
1173
1739
2012
984
1350
1672
1943
1984
986
1262
1368
1679
2233
3113
2081
1091
926
2370
2704
2696
2818
2750
1718
3111
2143
2239
1243
2050
2003
2155
2119
1149
1078
2200
2147
2679
1653
1638
3079
2088
2050
1846
1021
2164
1193
1233
1539
1688
1527
2828
2316
2425
1422
2860
1867
1822
1942
1916
1866
1838
1971
1995
1880
2384
2490
1489
1436
1411
1409
1187
1812
2214
1037
1536
2128
2091
2091
1831
2037
2378
2419
1422
1390
1542
1523
1485
1508
1573
1410
2786
1826
2390
2792
1790
1593
1617
2339
2507
2465
2426
2390
2375
2273
2062
2204
2168
2548
2097
2070
2467
3401
2411
2859
3044
2041
2014
2465
2367
2457
2450
1422
1430
1387
1635
1849
1695
1664
1873
1514
2338
2736
1751
2328
2630
2363
2693
2641
2601
2514
2704
3082
2079
2535
2447
2650
1653
1596
1555
2805
1779
1336
2036
1035
1859
1811
1711
3123
2122
2037
1956
2166
1827
2710
2606
2938
2679
1852
1718
1722
1773
1805
2045
2085
2201
2229
2215
2115
2716
1693
2091
1640
1671
2747
2744
2724
2697
2865
1838
1765
1755
2625
2552
2449
2329
1373
2943
2674
2177
1976
2175
2132
2437
2957
2437
2849
1878
2315
1796
1957
1755
1765
2151
2735
1736
1689
1631
2717
2649
2635
1635
1599
1514
1928
2207
2807
1810
2730
2540
1716
3163
2163
2675
3066
2103
2329
2284
2594
2593
1566
1982
2079
2037
1883
1863
2524
2893
2804
1806
1772
1916
2204
2556
2135
2197
2181
2115
2562
2147
1909
1922
2841
1819
2287
2709
2271
1239
2687
2971
2416
2859
2306
2319
2678
1710
2260
2530
2959
1960
2189
2156
2429
2716
1720
1812
1797
1759
1774
1683
1585
2317
1493
2894
2396
2848
1846
2383
2821
2771
2816
2895
2816
1847
1603
3177
2148
2927
1921
1935
2313
2257
2268
2360
2289
2280
2044
2136
2150
2996
2970
3061
1856
2027
1930
2872
2379
2347
1377
2412
2227
1998
1946
1792
1848
1805
2228
3324
2295
2739
2264
2220
2388
2151
2093
2043
2159
1915
1902
1708
1747
2816
