652
619
635
566
660
583
426
668
637
626
588
557
547
391
555
586
624
646
671
582
337
650
554
590
622
652
545
321
482
499
555
565
486
560
340
499
528
520
453
425
416
529
563
599
571
473
524
559
461
627
657
575
607
629
542
439
595
500
538
569
475
511
409
572
478
508
539
566
483
379
539
569
475
504
534
566
468
634
666
573
609
639
540
444
601
632
538
569
474
504
410
442
475
506
534
566
474
380
537
571
600
501
665
572
474
505
539
572
473
503
538
1182
597
570
547
533
524
522
523
534
549
585
487
507
547
580
482
516
552
581
526
505
496
482
479
508
545
578
488
512
413
579
483
511
546
578
477
380
546
464
616
519
545
594
218
642
546
567
598
527
545
495
469
584
449
435
476
505
409
442
467
517
540
581
598
378
544
448
511
640
675
581
346
509
676
590
481
510
1159
827
840
952
883
786
761
634
353
535
571
600
641
664
684
459
747
673
576
610
502
660
426
596
746
664
564
598
638
389
554
476
503
649
440
499
595
317
584
550
505
518
555
323
504
522
443
589
503
644
681
449
617
608
675
607
671
682
379
667
613
644
425
585
490
517
592
556
553
554
551
584
357
536
553
571
489
512
558
321
486
554
609
625
507
534
308
672
561
536
637
660
555
461
626
525
689
557
549
525
394
534
424
473
648
541
523
602
513
796
679
691
694
701
709
700
384
487
592
594
488
483
670
537
522
501
498
506
652
628
492
374
490
479
472
581
648
557
558
552
550
554
553
563
598
591
602
605
610
587
645
614
624
598
329
603
617
617
602
519
576
497
500
579
579
708
701
580
576
459
599
619
621
513
507
510
521
388
531
448
603
512
545
580
483
380
543
576
518
558
619
576
402
528
510
584
609
634
540
317
494
515
542
573
492
638
283
442
478
694
588
441
500
419
720
751
656
691
726
743
391
733
754
656
697
642
568
477
539
568
617
529
602
635
549
597
633
447
510
540
451
704
525
561
591
507
547
592
641
661
567
482
584
606
392
572
504
565
578
547
746
541
582
624
529
480
532
566
468
508
430
481
532
448
526
558
474
509
551
468
518
563
476
576
469
499
532
542
587
362
536
574
492
620
686
584
386
605
525
544
573
598
510
301
473
519
548
479
531
571
499
535
581
492
572
601
535
570
314
492
539
582
499
564
589
370
543
595
565
579
489
553
351
499
565
476
565
572
668
446
595
529
555
596
627
598
482
524
563
478
521
572
496
431
479
514
578
500
535
589
377
442
449
484
633
544
601
381
434
484
530
548
586
502
285
623
468
604
529
556
598
657
667
594
705
664
571
723
514
684
592
628
547
577
632
542
593
532
462
491
516
524
458
598
520
565
509
488
501
552
501
500
550
650
579
470
483
524
567
605
501
537
330
410
597
531
623
721
668
644
550
578
440
549
550
550
548
580
542
437
489
483
519
434
597
618
431
554
612
513
559
575
589
497
555
423
516
559
582
418
440
599
637
539
574
604
638
537
570
519
533
433
464
488
398
563
459
505
540
458
473
382
668
572
593
666
649
568
460
494
656
549
636
684
727
426
589
499
553
555
1070
1084
1044
827
863
893
922
968
857
770
685
592
607
646
671
704
356
641
559
719
613
642
682
450
495
527
584
638
524
572
416
722
482
519
546
708
486
521
544
710
487
525
561
612
515
380
640
548
579
611
640
543
441
608
635
540
574
530
558
439
478
545
421
461
607
505
408
439
613
641
818
570
736
590
768
666
706
732
767
667
571
601
641
676
575
602
634
536
701
729
759
569
602
673
570
472
597
657
536
563
599
499
551
442
502
524
730
565
345
631
678
570
638
635
671
436
475
655
670
570
623
505
532
565
604
511
554
568
651
508
545
590
486
521
549
583
482
513
557
585
481
515
549
437
474
516
542
435
466
506
400
447
470
501
538
440
472
369
533
432
602
624
663
564
467
499
656
567
599
502
533
571
598
503
547
570
601
508
535
439
598
507
533
560
598
492
405
558
596
495
543
583
619
486
634
663
707
493
532
564
464
501
547
565
591
640
701
500
526
550
578
475
635
538
440
604
641
674
703
568
595
491
652
677
594
662
708
557
461
498
537
563
465
495
527
431
593
626
673
588
650
552
443
610
644
682
709
615
655
542
573
555
600
621
522
607
477
555
541
687
715
487
523
421
587
542
527
559
594
497
397
566
591
547
525
559
594
370
649
566
614
612
651
674
589
613
524
559
589
492
525
560
460
493
525
555
618
492
527
421
585
502
526
560
605
495
387
555
588
493
523
561
585
354
517
552
596
486
513
543
440
484
530
551
480
486
520
417
580
501
519
547
586
490
407
551
582
481
518
593
658
422
605
514
546
482
542
550
449
620
533
546
594
486
647
492
671
696
731
767
667
702
599
547
582
611
645
550
584
615
644
546
559
604
639
665
563
478
509
543
448
487
517
548
448
488
518
545
584
484
513
418
582
482
510
539
579
487
389
549
580
482
511
549
577
349
514
542
451
479
507
543
444
480
510
537
578
482
511
412
575
476
515
1382
415
442
453
550
580
509
554
609
449
627
466
559
535
621
588
553
522
673
559
576
593
611
621
514
564
595
499
523
558
595
358
525
561
598
502
528
562
449
498
514
562
508
492
525
414
594
487
519
558
594
621
382
561
594
498
526
560
594
355
527
564
591
497
526
553
434
490
523
560
592
497
530
287
446
480
508
671
912
996
877
778
808
715
749
775
811
714
617
647
551
583
619
649
549
583
615
639
549
550
583
483
651
553
634
557
647
678
447
611
643
558
578
618
651
422
586
490
519
551
453
483
518
411
448
487
518
420
455
487
390
553
581
486
521
476
541
356
516
548
580
484
517
550
576
484
516
562
456
483
516
415
587
485
513
548
580
488
389
550
581
478
519
545
583
356
571
507
571
480
514
548
324
486
510
552
571
484
518
413
437
478
515
547
449
482
382
414
453
488
515
541
574
351
514
545
581
533
473
557
339
511
528
571
474
508
541
442
474
512
547
575
478
510
411
446
482
518
543
440
472
378
540
572
478
507
540
570
346
391
537
570
484
503
537
442
600
629
535
575
478
638
670
574
603
642
672
573
601
635
535
571
610
642
668
573
596
501
668
574
600
633
665
562
464
633
674
569
601
636
664
439
604
504
537
561
594
506
406
569
474
509
536
569
475
378
536
566
604
500
538
563
336
501
527
564
599
506
535
436
471
506
538
566
592
503
405
436
470
503
537
562
469
368
529
438
472
629
551
565
339
517
659
565
486
501
530
427
604
502
531
566
588
499
403
567
599
495
532
562
597
375
529
432
595
517
657
451
337
505
543
560
599
496
660
432
721
521
541
576
721
509
398
586
615
516
545
578
480
514
539
574
717
508
545
571
719
497
662
563
595
630
663
570
457
496
526
553
592
486
519
424
460
495
530
429
467
498
394
429
460
494
530
429
470
366
662
560
586
625
658
560
455
499
445
428
456
493
518
425
458
503
527
429
462
497
395
425
591
487
521
469
498
401
435
480
508
548
436
599
366
531
574
594
513
569
556
459
495
527
561
592
496
529
429
592
498
533
562
595
495
401
433
461
495
538
558
593
621
528
564
590
625
531
564
334
540
523
432
590
491
525
430
591
624
651
554
592
622
656
556
464
630
501
538
565
468
499
427
458
1265
447
491
496
516
676
728
677
590
651
583
751
582
529
720
671
619
686
526
543
556
573
588
598
494
509
571
585
492
527
544
583
473
529
429
489
540
525
594
481
482
568
544
584
486
525
427
591
498
514
548
573
607
379
596
481
583
513
547
490
344
565
586
483
480
513
540
443
512
417
591
440
513
547
406
670
576
602
1149
1176
1081
1167
940
838
870
904
941
837
740
645
655
713
588
625
660
557
761
634
712
696
652
629
530
699
733
626
651
685
726
647
654
716
740
683
687
678
717
662
683
725
768
661
682
723
621
656
686
726
757
659
691
373
621
616
674
681
758
621
529
688
719
624
657
693
720
625
662
694
731
626
660
566
593
626
662
694
714
623
652
557
594
627
559
686
579
688
507
670
610
745
774
671
700
495
517
599
666
488
513
552
466
504
547
636
529
563
595
497
662
566
594
626
586
645
503
541
580
482
515
545
578
471
520
542
580
487
564
422
449
485
531
583
449
487
645
543
586
491
514
551
580
489
518
429
495
489
510
541
578
523
530
547
588
484
508
564
454
475
537
570
677
513
550
582
475
510
554
714
607
517
548
440
481
481
532
589
572
607
505
671
612
489
509
669
572
497
638
636
639
660
695
606
506
540
584
608
634
541
703
471
568
481
509
602
666
584
341
545
585
594
638
670
558
466
635
668
583
475
632
670
446
498
512
727
648
720
751
643
676
588
617
650
574
500
524
623
628
664
522
689
589
484
526
534
577
603
497
565
448
634
664
568
591
628
664
557
474
497
527
674
575
601
504
536
596
595
645
696
674
331
696
603
643
675
698
534
459
654
596
589
565
603
633
665
429
601
641
688
572
609
637
530
564
605
633
669
567
603
576
621
614
647
673
698
607
638
673
701
611
601
524
659
558
614
657
710
576
810
715
620
655
570
714
526
561
606
572
619
640
682
595
599
632
538
573
608
504
669
574
532
427
589
539
526
433
608
502
400
559
596
561
581
621
469
367
535
435
586
496
529
556
362
492
548
561
482
621
523
424
590
534
669
564
600
567
385
580
600
679
685
638
672
568
605
637
678
577
529
570
466
496
550
596
597
489
517
422
587
508
521
556
624
493
543
554
589
622
665
560
661
622
516
554
597
684
692
641
668
572
611
1348
596
581
628
527
564
594
626
531
570
607
628
533
577
608
629
524
566
600
634
542
587
616
646
546
579
426
725
531
690
576
652
597
549
688
687
603
632
661
698
485
655
622
647
499
571
693
454
623
576
699
630
616
656
418
726
559
665
693
630
621
423
689
608
544
589
689
591
488
527
566
626
622
646
554
452
495
597
1084
1236
1146
1185
1082
889
893
796
828
974
885
657
684
592
501
534
615
508
564
527
566
608
498
532
566
602
367
553
570
469
589
536
571
460
505
539
573
601
498
539
432
598
499
533
569
598
501
405
563
473
493
529
554
587
361
546
569
470
497
535
567
464
509
543
579
590
499
534
430
606
506
531
447
600
511
402
562
599
504
528
605
473
363
657
556
594
624
660
557
463
489
655
564
594
622
657
429
593
499
527
562
591
512
398
560
590
493
526
561
583
484
392
446
462
496
653
447
590
365
656
441
583
496
525
421
590
628
528
563
588
620
395
555
588
621
537
556
715
512
521
425
461
495
523
422
457
358
648
549
585
617
522
552
456
622
525
556
458
623
653
423
457
485
641
554
588
613
386
551
584
619
522
426
463
476
521
424
451
479
516
428
323
489
518
423
449
494
523
419
459
490
517
423
447
486
389
428
460
486
518
428
454
357
521
550
444
480
648
548
445
609
649
549
585
615
649
420
452
613
520
547
583
614
383
546
584
484
644
550
582
613
515
554
580
620
646
543
318
485
515
679
575
608
640
541
582
483
643
432
580
611
517
679
579
611
644
548
578
480
513
677
573
475
514
676
577
352
639
668
573
603
642
540
445
478
510
545
577
604
507
411
572
482
514
550
580
478
388
546
575
479
511
543
580
350
514
546
578
478
507
534
441
478
506
543
573
475
512
412
575
480
514
546
576
603
377
539
567
597
506
560
571
472
512
544
582
476
512
543
438
468
499
535
570
600
512
410
565
471
505
541
574
475
383
543
572
473
503
535
572
339
508
543
574
478
510
536
439
473
507
531
569
470
502
409
569
475
508
537
571
605
368
541
572
470
499
532
568
467
507
538
444
472
503
528
435
471
503
535
571
600
496
532
563
586
497
532
566
470
507
405
561
597
502
535
566
597
374
534
455
472
505
534
447
333
629
543
562
596
519
532
306
1380
508
470
483
518
550
582
612
645
550
577
482
643
679
596
488
517
549
580
614
646
548
580
482
521
426
469
487
514
545
544
609
512
549
581
611
645
676
712
614
643
552
452
485
518
549
453
483
511
544
582
610
514
547
600
484
532
435
579
485
517
584
443
483
527
561
467
612
509
417
576
479
640
673
548
584
488
516
1058
1150
1128
1079
1063
1048
806
819
832
723
742
760
668
570
579
504
537
570
597
504
538
568
598
502
535
569
603
358
534
565
598
508
541
573
456
506
539
568
606
508
536
424
597
505
537
542
597
502
416
592
599
629
652
566
593
478
535
566
600
631
534
567
455
503
532
560
595
522
558
445
494
525
559
587
493
525
321
569
478
514
544
572
478
508
667
571
605
639
564
572
478
512
546
578
473
511
545
446
477
510
540
576
476
505
410
444
479
422
538
572
489
501
664
570
601
506
670
577
475
507
538
443
471
507
539
438
472
505
539
446
475
510
410
445
477
507
539
573
639
631
531
448
465
502
536
572
604
503
669
570
602
509
541
698
597
633
666
701
605
640
663
569
733
762
796
698
728
760
536
734
726
760
793
697
731
629
669
568
599
629
794
565
594
632
663
569
599
634
663
565
600
633
665
570
602
630
535
567
591
494
561
561
598
501
537
440
597
502
532
563
465
497
532
565
470
503
534
432
467
504
534
567
597
497
400
436
592
501
531
433
467
408
531
564
478
497
655
555
460
495
528
452
598
625
533
559
595
629
660
693
725
626
529
433
591
493
520
564
592
628
656
434
638
620
526
560
586
496
525
559
592
628
659
564
462
625
528
559
594
492
655
556
593
630
659
561
592
624
526
561
586
626
653
592
582
489
650
555
590
622
655
556
456
622
649
559
591
623
657
430
591
493
650
554
590
624
523
558
589
622
655
557
587
489
481
678
586
622
651
554
457
487
648
554
584
618
651
425
586
622
654
559
589
624
522
558
587
621
655
554
581
484
522
558
588
660
648
553
453
486
651
555
588
614
647
421
586
618
653
549
582
618
517
553
583
490
651
551
583
484
648
551
585
617
649
553
628
608
640
543
577
611
640
674
576
620
649
551
586
617
650
550
584
619
646
549
579
608
512
545
580
487
650
556
586
484
525
591
579
618
640
673
1210
476
564
491
519
555
590
497
527
564
591
496
524
556
588
494
527
565
598
493
529
559
590
486
520
554
498
486
387
425
464
494
527
437
586
362
521
428
459
486
521
555
449
486
523
425
459
490
525
423
583
491
525
552
589
490
392
468
457
491
520
544
450
354
521
553
584
491
521
552
458
492
516
423
588
488
519
422
1090
1057
1019
1104
1086
1160
1038
808
830
835
890
863
880
895
792
572
600
632
661
572
599
496
533
569
597
511
538
572
464
511
535
565
598
500
534
433
600
502
536
569
592
538
398
430
465
630
512
663
457
469
504
535
457
599
520
536
437
601
502
530
435
478
502
411
440
473
508
541
573
471
374
539
545
469
499
536
438
343
498
664
566
603
637
664
436
471
503
539
569
470
502
409
439
473
505
535
561
486
390
562
592
497
524
472
590
361
524
556
460
492
527
555
459
497
525
431
461
491
525
419
461
490
525
430
461
490
394
557
591
621
649
558
587
624
307
418
584
618
520
426
585
488
659
556
587
622
524
558
459
493
525
556
594
490
523
424
587
491
520
555
583
492
519
556
595
529
650
556
584
485
515
550
581
484
644
424
454
492
530
562
588
491
524
426
594
497
520
562
590
493
392
556
585
488
525
556
547
480
517
548
581
485
513
557
449
490
517
551
591
492
520
420
589
491
519
560
586
483
389
555
584
486
519
556
576
479
521
588
578
487
509
544
444
485
492
527
553
592
490
396
560
587
493
522
552
588
361
528
555
586
487
520
555
330
490
517
551
585
593
522
550
577
490
527
554
584
486
520
418
582
491
518
551
585
489
390
555
585
489
520
554
584
357
520
552
587
487
520
547
293
484
519
433
582
616
524
418
581
483
519
550
580
496
389
551
580
481
516
548
582
352
517
547
452
482
538
571
476
509
542
485
471
503
538
442
472
499
538
441
470
507
411
579
477
522
556
458
602
378
539
457
606
507
557
570
470
511
546
571
479
508
582
440
602
509
540
574
472
504
410
577
603
507
536
572
476
500
535
579
476
633
546
574
471
638
539
587
601
634
540
572
599
668
533
563
597
506
557
566
471
638
667
568
729
519
533
569
473
506
541
442
598
493
538
440
471
506
543
568
467
500
535
562
510
499
537
435
600
501
532
567
597
1461
398
387
453
523
565
623
556
374
481
587
445
423
425
643
497
666
563
593
503
660
701
376
495
532
564
590
507
530
560
484
628
530
574
607
648
528
562
597
631
667
571
599
497
532
439
597
502
532
569
469
503
536
483
466
506
526
430
602
507
533
433
596
507
401
563
601
501
534
572
573
485
505
671
562
474
505
540
1066
1064
829
843
848
747
732
775
664
573
474
639
672
584
605
497
535
575
486
512
541
574
471
511
539
574
480
509
542
443
475
515
547
603
609
501
408
543
470
503
540
574
476
376
671
577
474
636
546
569
341
506
672
433
594
504
536
436
473
509
545
437
474
504
403
440
473
507
546
441
473
374
657
572
599
635
670
574
468
504
537
569
479
643
660
559
599
503
538
571
602
502
527
577
596
632
664
567
606
340
533
564
470
506
664
567
463
628
533
564
596
649
560
459
510
539
441
604
511
539
445
468
510
540
440
601
507
540
431
470
540
536
571
598
503
396
554
592
626
656
555
588
488
525
552
590
492
524
555
455
500
525
557
594
502
653
554
593
502
526
556
622
617
517
551
588
620
643
551
585
484
520
550
584
483
523
551
457
495
524
556
587
492
526
422
587
483
516
554
585
492
511
590
582
618
649
551
581
484
518
557
589
488
520
549
448
484
521
556
592
493
525
424
588
500
651
554
584
619
516
549
589
488
560
675
583
480
516
547
582
483
640
544
451
493
649
551
586
612
650
545
581
484
512
543
578
481
516
546
576
484
518
547
580
521
379
546
580
483
514
546
577
472
513
546
582
490
518
554
448
486
516
547
578
481
524
413
577
487
515
548
575
607
512
545
485
476
508
540
577
471
517
550
447
479
511
546
449
482
514
541
444
477
516
417
448
480
511
545
577
474
381
545
576
623
512
581
570
600
638
670
701
609
641
674
571
608
645
672
706
605
641
540
700
607
640
675
704
730
504
540
443
475
505
544
449
470
550
542
570
473
640
668
440
470
505
664
561
600
515
408
577
605
649
548
581
607
510
539
577
488
503
540
580
487
502
539
571
515
499
661
573
468
513
534
569
598
502
664
565
473
507
542
571
470
623
399
566
601
501
660
566
598
502
538
568
473
631
539
610
468
638
665
562
593
629
535
435
605
502
535
567
1414
613
573
629
771
690
591
622
521
547
462
618
764
557
591
493
505
430
553
487
523
555
458
474
520
556
588
493
524
556
441
488
522
551
591
492
522
410
581
608
638
670
577
608
521
674
579
607
636
573
564
477
637
669
572
603
637
670
445
610
637
668
574
604
636
669
574
608
636
672
571
603
636
539
574
733
630
666
1086
1176
834
813
829
735
863
886
893
784
560
596
500
531
565
595
497
537
570
601
506
536
570
470
512
533
564
607
499
526
432
596
504
574
562
595
624
398
567
592
505
657
558
600
495
531
565
593
499
659
562
464
636
528
561
589
498
666
431
591
495
531
569
596
528
521
555
582
492
525
556
589
491
529
530
569
599
501
537
435
600
502
531
571
597
619
397
564
596
629
536
568
597
495
664
671
594
625
662
565
597
499
663
563
589
627
661
301
594
633
656
688
593
498
657
558
474
624
669
561
593
621
545
574
611
518
477
470
613
520
419
587
613
649
550
593
488
524
550
588
488
645
550
456
489
517
421
458
490
521
421
458
488
528
549
459
489
296
422
470
626
639
670
583
481
536
549
711
620
513
548
453
488
645
551
581
484
651
420
579
478
514
546
583
482
385
552
583
526
511
671
584
481
513
417
453
485
514
549
444
483
643
546
581
482
514
418
574
486
516
542
576
485
386
552
577
483
516
539
479
478
509
536
576
481
520
545
585
474
519
418
576
483
514
551
439
482
512
542
577
480
513
413
579
480
519
545
463
611
508
579
459
604
493
645
557
448
612
531
436
584
504
644
418
578
613
536
439
579
618
387
563
468
613
528
555
591
480
519
550
579
584
517
550
448
611
510
549
577
482
514
413
577
488
507
547
581
486
380
434
461
497
517
546
581
496
548
575
603
629
668
575
302
504
530
447
485
510
666
440
600
513
532
570
483
640
535
441
604
522
669
460
474
499
668
571
481
635
539
574
472
510
555
587
577
486
511
408
574
475
509
538
571
486
380
542
446
482
514
416
449
477
508
549
453
480
514
415
452
346
505
543
447
482
484
536
434
477
511
548
448
471
506
407
572
605
510
418
578
602
502
666
575
476
508
674
569
473
514
667
568
603
503
534
441
579
633
668
565
603
629
526
586
605
642
669
581
479
381
544
571
478
1335
546
506
535
555
577
484
517
421
577
483
519
432
581
522
527
547
442
481
645
545
582
616
638
537
575
611
644
544
580
612
515
544
582
479
511
542
574
479
514
414
449
483
509
545
355
474
513
543
573
477
637
413
574
603
768
545
579
501
514
543
448
471
509
415
447
478
380
536
576
609
514
543
577
475
510
581
570
1091
1058
1021
1019
782
800
815
832
723
737
648
549
582
610
517
547
579
469
513
547
581
487
512
544
433
484
516
551
580
520
509
400
574
606
642
676
579
609
494
551
583
448
488
519
680
438
491
520
557
457
491
520
406
584
486
522
553
581
609
374
517
576
488
649
683
584
347
522
546
452
613
644
551
441
616
650
679
582
489
513
404
580
484
645
681
450
483
375
673
576
634
587
572
605
489
540
576
478
505
534
572
601
501
544
575
609
508
546
579
463
643
545
579
609
511
542
429
604
632
540
576
604
532
370
546
577
607
637
672
578
461
514
548
582
480
516
540
433
609
515
547
576
606
642
398
576
628
536
567
595
506
393
428
493
488
513
547
456
354
520
552
587
494
524
558
458
493
525
559
585
487
654
423
587
484
650
554
585
490
394
424
457
491
513
510
449
353
521
425
458
489
520
429
450
477
520
424
452
486
521
421
456
487
523
424
584
485
390
550
583
488
517
547
579
482
556
549
581
486
517
546
453
487
518
551
581
484
520
547
580
485
517
549
579
614
648
547
581
483
514
546
581
486
515
553
584
647
512
546
578
476
511
546
578
485
517
546
450
484
645
549
579
610
517
418
580
483
516
549
575
478
512
550
456
484
519
550
491
474
514
544
444
479
511
418
446
481
515
541
445
482
515
414
455
478
530
545
445
477
376
547
578
481
516
546
581
477
511
579
568
474
512
672
446
476
643
546
579
480
513
418
579
481
512
668
574
599
502
540
574
473
511
544
576
474
511
545
448
477
418
535
442
472
507
413
437
475
505
406
442
474
506
538
439
473
507
539
574
477
637
544
575
478
505
538
569
601
507
669
575
379
504
538
437
604
506
670
444
475
633
667
701
617
633
528
441
478
502
539
573
603
506
665
570
602
506
666
698
474
519
555
494
609
522
546
432
616
519
549
586
481
522
412
452
486
520
554
581
482
377
554
445
1422
578
534
516
547
579
609
513
543
577
516
514
536
574
605
509
542
576
464
505
542
574
607
509
541
437
479
510
541
574
607
514
526
573
606
510
543
572
601
491
541
610
605
510
539
575
605
511
538
574
608
507
539
576
464
506
530
570
601
507
541
428
605
507
536
571
606
505
399
569
605
504
575
565
598
482
539
568
1084
1055
1020
1109
993
764
799
703
734
760
798
701
475
507
539
573
596
502
404
567
473
508
536
567
476
410
531
446
479
631
537
570
346
520
531
450
600
504
543
410
577
604
644
550
573
612
504
537
573
473
504
538
573
346
503
536
444
473
505
537
438
601
764
665
576
619
638
671
573
606
640
672
593
600
373
535
568
477
512
673
442
346
507
671
445
478
509
516
439
473
630
535
566
601
636
667
571
484
508
539
571
600
630
405
441
475
504
623
436
542
494
575
647
609
526
608
571
657
654
593
551
641
599
566
656
623
579
669
632
605
652
552
589
623
656
563
590
630
527
559
591
499
528
565
590
491
529
557
588
524
516
554
459
495
524
560
593
497
524
426
588
500
525
559
590
494
393
426
583
491
520
444
590
490
522
571
457
618
651
555
357
492
518
554
587
615
652
419
579
508
647
554
533
488
390
450
482
575
594
506
478
505
517
468
471
503
572
439
324
488
536
587
580
617
648
549
578
617
531
571
582
617
652
554
723
743
777
686
726
625
518
563
588
618
646
554
582
484
518
553
597
494
550
549
447
481
522
545
581
488
514
416
478
502
523
570
585
487
511
554
583
484
532
552
610
481
527
581
584
486
554
549
536
597
719
637
660
562
599
504
531
574
728
545
589
482
512
552
614
485
515
554
584
483
514
553
579
481
514
543
444
477
527
544
513
480
513
434
486
508
514
547
599
481
511
551
578
498
510
417
574
477
639
542
569
624
510
542
315
473
668
667
574
608
510
315
575
475
507
663
566
472
509
543
575
502
512
545
445
480
378
544
573
474
509
536
578
478
503
669
573
492
634
668
445
477
537
542
572
474
506
435
609
658
626
595
569
615
503
541
599
609
569
605
605
466
504
561
570
470
506
542
443
479
520
581
564
620
499
403
586
508
525
537
569
473
503
537
601
481
520
531
568
467
501
555
435
471
505
536
437
516
1511
581
531
653
565
525
550
581
629
524
559
590
512
562
564
674
502
530
561
623
486
577
586
589
501
661
494
593
492
807
687
621
708
525
575
592
624
579
705
592
626
508
553
589
640
529
563
657
549
616
553
644
537
581
551
449
493
525
573
599
505
522
414
589
510
545
568
594
546
379
578
604
498
523
560
464
466
522
1087
1174
1152
1225
1194
1085
856
892
923
953
976
888
789
696
730
631
665
697
600
629
661
602
718
624
657
692
587
630
638
663
695
603
637
536
700
604
636
665
700
606
502
539
574
480
633
537
570
471
503
667
570
601
605
666
436
603
501
536
567
601
502
406
442
472
504
539
563
593
498
663
568
473
635
538
571
472
500
535
561
466
501
533
435
308
502
531
432
464
501
534
432
468
501
533
436
600
502
404
440
474
504
532
438
474
372
526
437
468
518
555
589
362
525
554
498
490
524
425
455
490
524
426
461
496
519
424
461
492
527
428
461
493
395
430
460
487
521
427
458
357
523
427
588
486
522
462
448
491
523
552
456
490
524
425
458
495
527
426
584
493
519
556
581
482
520
551
587
486
531
553
594
620
649
553
455
491
559
672
578
610
644
543
580
615
652
555
586
615
515
552
586
487
515
550
581
484
520
551
582
488
647
676
587
613
650
550
580
518
643
550
453
488
523
555
584
616
644
546
587
608
639
547
579
617
514
549
585
621
650
554
585
481
516
548
577
487
639
542
349
473
642
546
467
610
635
542
586
609
647
547
575
610
516
421
453
483
515
543
576
481
513
544
447
479
516
549
444
481
515
578
574
476
514
417
447
480
505
412
575
483
382
419
448
482
515
416
448
349
514
541
572
478
508
538
439
471
501
536
571
604
585
530
438
597
506
537
569
476
377
415
447
477
511
544
441
476
507
539
444
478
509
545
316
605
640
672
702
607
635
671
701
769
637
790
696
732
638
541
573
601
637
672
571
607
508
667
574
479
478
634
669
446
475
637
560
471
635
666
566
601
506
537
475
610
502
536
569
473
503
535
568
597
501
532
566
470
504
534
567
472
634
536
568
473
504
535
439
469
503
535
561
595
505
310
562
597
499
534
567
595
499
529
565
601
503
661
567
467
504
656
563
600
630
662
561
594
499
532
435
470
502
404
1491
445
440
438
472
507
532
432
469
503
535
443
475
509
541
445
473
510
541
438
473
505
535
437
470
495
536
429
470
509
539
440
469
543
536
426
472
509
538
439
473
503
397
441
468
503
536
436
467
359
544
566
599
500
534
569
456
504
539
438
604
511
537
420
503
502
533
567
469
504
396
682
599
504
656
570
713
485
1008
1015
1101
986
1020
1071
917
778
763
758
851
709
817
687
590
494
528
596
587
493
395
557
477
621
538
557
587
489
653
558
591
621
524
558
459
493
543
448
596
496
655
428
467
488
526
427
460
494
541
528
431
594
498
534
564
336
502
531
577
592
624
656
428
465
498
531
558
483
499
398
559
594
625
542
560
595
496
523
450
527
511
546
453
485
390
425
458
491
521
429
460
358
521
430
459
492
523
427
455
483
514
423
461
496
521
424
458
486
520
423
488
481
387
549
581
487
522
555
582
486
518
669
458
616
521
426
454
487
525
550
584
498
526
418
581
488
513
542
574
481
508
579
583
485
522
556
578
480
516
550
579
489
657
547
449
484
510
548
583
484
518
417
580
619
513
549
582
484
512
546
444
607
482
544
581
343
638
676
709
611
649
671
574
615
647
545
585
485
518
544
577
616
642
550
575
607
641
542
711
613
654
675
578
515
510
414
575
485
515
669
449
476
637
666
573
484
513
546
450
485
644
556
579
481
635
538
574
479
510
542
577
609
377
668
609
604
639
539
573
475
508
536
574
477
637
672
447
477
507
540
571
600
505
411
443
481
511
413
442
477
378
669
584
610
635
573
569
473
632
534
564
470
508
641
422
579
482
515
548
444
481
379
541
464
611
642
543
577
478
510
670
578
606
655
543
448
584
510
541
572
478
510
411
574
475
510
540
573
471
374
542
450
481
532
569
601
504
535
568
601
507
535
562
470
372
537
438
505
498
529
432
467
503
537
437
469
501
538
433
475
507
540
442
599
502
405
434
467
503
528
429
470
369
535
436
469
505
533
598
463
494
527
436
465
499
526
429
469
502
536
559
591
504
403
430
468
500
531
432
467
362
527
433
590
493
526
431
462
496
437
429
463
496
527
425
463
497
533
436
592
498
398
565
588
620
656
558
593
495
527
562
594
626
657
563
465
495
656
558
589
660
649
1232
545
506
480
509
542
573
476
513
545
576
477
509
543
446
475
511
544
445
601
503
539
441
474
502
536
571
473
505
311
439
474
504
539
440
601
373
539
439
469
502
537
442
471
509
540
573
473
508
541
438
473
504
534
441
471
503
395
437
471
541
548
570
599
372
543
570
601
520
537
571
470
505
539
439
474
501
532
1000
806
770
810
860
793
841
673
660
641
641
730
590
595
554
591
497
521
556
461
497
400
436
468
501
500
539
439
340
504
531
440
471
499
534
439
595
631
538
589
623
657
424
593
580
651
559
591
622
398
431
464
496
531
563
475
492
530
443
594
507
658
562
461
620
530
564
597
496
660
559
590
626
527
552
623
616
656
556
717
623
654
555
717
618
524
555
581
492
526
554
589
488
520
424
587
491
523
553
461
492
521
553
433
468
514
257
561
594
623
655
561
718
493
525
558
593
511
530
563
338
624
652
562
592
627
660
431
596
626
658
555
586
626
523
562
723
722
656
688
589
489
525
555
592
619
524
562
463
498
530
561
593
622
529
427
591
495
528
561
590
495
396
432
592
496
524
559
564
482
520
557
587
491
523
431
330
496
527
560
592
491
523
552
589
492
526
561
585
482
525
425
590
623
526
560
587
620
517
523
590
488
520
430
586
359
522
552
461
490
522
557
450
486
525
427
478
521
420
451
489
520
551
449
486
521
415
448
483
515
586
574
489
511
675
579
617
519
549
595
478
510
549
582
485
508
540
448
482
521
547
574
481
511
413
570
485
505
543
574
477
287
543
445
475
508
548
446
475
639
673
577
612
516
551
451
483
513
414
455
480
516
414
441
600
512
666
585
608
380
546
581
514
508
542
575
606
631
548
444
483
511
534
445
475
513
542
448
477
508
409
438
474
506
537
570
601
514
534
578
605
501
536
478
600
494
537
447
469
502
542
444
473
506
544
443
478
504
544
440
596
628
534
568
602
638
407
571
602
638
666
575
604
500
572
570
472
508
533
568
466
505
541
574
595
509
542
438
597
506
536
582
475
513
409
574
607
640
659
563
601
494
534
567
596
545
529
568
465
498
530
436
472
629
667
437
593
623
533
559
598
627
405
565
598
501
539
573
598
495
534
562
596
498
534
562
409
487
527
432
460
494
1428
453
539
496
530
432
597
500
531
560
469
501
533
433
465
497
396
563
595
626
660
567
596
502
531
604
462
495
525
429
456
493
520
429
463
495
659
434
595
495
656
563
595
622
397
561
590
626
659
565
592
489
529
561
590
494
565
552
454
492
524
432
586
494
527
427
464
496
527
433
458
485
394
554
586
493
526
431
1103
1106
740
754
765
783
799
683
705
523
506
541
577
481
517
419
580
610
642
549
583
482
510
544
578
610
640
547
449
351
511
545
576
480
512
542
445
480
508
544
482
473
512
414
577
606
642
678
576
603
506
545
444
480
643
419
450
480
382
544
449
481
512
540
446
474
506
541
442
472
510
451
443
478
508
545
445
477
509
411
446
477
527
543
575
478
382
539
565
472
636
669
702
602
636
670
700
733
638
672
572
731
670
667
701
597
628
531
695
723
636
670
702
733
634
670
703
606
635
665
698
590
633
666
699
724
628
669
572
605
636
663
700
635
629
536
700
602
759
668
699
601
503
668
693
726
632
664
698
596
629
664
698
729
630
665
568
730
634
666
697
726
758
526
723
719
627
663
695
729
624
661
699
731
633
664
691
595
630
663
696
601
627
658
696
723
630
663
696
728
627
664
562
725
626
697
694
726
630
528
690
719
625
660
691
727
621
664
695
601
630
664
697
594
628
663
693
733
625
666
551
722
622
656
698
724
789
521
692
719
633
657
692
725
621
661
694
727
632
657
687
588
625
655
697
725
624
660
559
724
757
664
696
725
627
526
697
756
619
652
691
726
619
664
690
728
629
658
692
591
758
661
690
722
623
660
557
718
616
652
685
717
622
523
688
716
622
652
638
714
611
650
684
720
624
651
681
582
624
651
686
710
623
654
680
716
621
782
686
720
618
655
551
724
618
647
681
718
617
292
683
721
619
653
682
716
612
658
684
720
615
650
683
582
615
647
685
717
621
656
550
719
754
778
684
716
748
521
683
717
652
647
680
710
604
644
678
708
612
650
684
583
617
651
684
722
619
659
550
709
740
643
676
712
620
517
685
711
619
655
679
622
602
643
676
715
609
771
684
576
616
647
680
717
614
645
547
710
619
654
682
712
745
514
681
712
620
644
685
708
599
643
721
700
735
644
671
577
734
640
673
715
1326
587
536
616
521
552
584
612
638
551
584
486
517
554
586
488
521
539
588
612
646
562
687
592
474
672
678
581
619
664
561
445
492
524
555
588
493
526
414
592
491
528
556
589
618
378
540
573
476
637
668
573
322
505
537
456
477
507
668
316
477
636
540
572
601
649
411
446
477
511
550
444
477
380
539
444
605
638
1202
1165
1045
809
824
681
849
864
882
649
425
457
491
520
423
456
356
528
560
593
616
649
553
457
617
643
555
585
490
643
419
594
621
648
549
584
587
385
673
581
484
523
549
586
614
519
677
580
484
518
421
580
358
518
552
584
485
518
430
454
486
515
541
448
486
514
412
427
481
517
549
450
487
389
424
455
495
515
547
459
355
517
672
578
607
649
685
448
612
645
549
579
629
668
439
602
634
666
603
604
631
530
571
603
635
673
584
481
508
538
570
605
633
669
573
475
509
540
570
605
630
667
440
607
633
662
566
605
635
307
567
605
635
665
564
601
501
669
568
603
636
662
570
470
503
662
569
603
631
662
569
591
632
663
568
598
632
654
556
602
585
661
570
601
633
527
569
570
604
635
673
576
473
509
672
570
602
636
668
578
601
637
543
573
474
637
402
578
612
642
671
547
604
500
537
435
602
503
536
570
474
509
538
443
472
504
537
438
475
499
535
438
474
514
400
434
473
508
536
449
472
372
505
437
473
503
536
443
342
507
667
572
606
504
658
438
596
527
557
586
495
528
429
460
496
526
426
466
494
395
426
463
489
435
425
458
362
535
560
590
623
654
559
461
496
527
558
595
494
656
428
458
492
525
555
466
495
393
561
590
627
663
556
595
667
650
555
598
623
654
549
579
488
524
555
592
629
657
562
462
494
525
558
589
622
649
425
460
493
519
419
456
500
392
439
500
614
650
550
579
484
650
553
715
502
521
559
459
487
646
553
588
616
644
417
590
496
528
553
584
619
393
553
586
611
639
588
576
476
642
547
579
487
518
553
454
486
519
552
454
617
513
415
456
480
517
543
452
481
359
522
553
583
621
652
551
454
587
650
556
590
620
651
429
589
617
643
556
590
618
390
553
582
486
521
551
587
622
523
553
585
615
518
553
317
607
644
679
556
617
664
681
713
618
650
555
585
490
650
551
580
484
1236
503
561
549
585
494
520
551
583
486
523
680
586
491
644
677
582
650
502
552
448
487
517
553
454
470
518
546
452
485
519
551
439
484
520
552
579
613
515
403
448
484
517
547
579
486
500
677
614
611
643
674
449
471
513
547
454
486
510
544
437
484
517
548
451
485
516
406
575
483
514
548
581
612
498
546
579
607
995
1101
1085
984
1143
874
810
880
848
780
850
819
579
697
571
565
687
692
556
471
634
534
569
600
640
407
563
598
630
663
562
595
321
531
569
601
635
543
558
467
627
533
569
468
516
535
436
474
506
535
568
473
507
406
562
608
497
528
565
467
495
662
566
509
498
549
668
571
601
510
675
586
602
635
537
582
488
524
553
591
605
504
539
569
474
506
534
574
467
502
537
444
475
508
498
432
471
495
661
564
600
635
401
443
482
501
532
570
472
501
536
441
475
507
661
569
340
501
534
572
602
493
536
440
472
470
534
565
596
625
530
441
464
499
531
440
471
375
535
568
471
500
537
563
469
502
537
439
478
503
540
432
462
497
535
434
437
496
529
428
472
498
528
563
596
502
403
438
470
500
527
556
591
369
530
566
595
500
531
563
464
500
528
433
596
493
526
398
589
494
528
431
595
498
401
566
461
497
529
561
467
369
534
563
597
518
558
585
482
517
550
458
490
517
422
454
491
518
592
585
618
527
551
466
490
649
426
580
483
392
550
588
490
527
562
587
486
521
556
586
628
516
550
456
621
657
561
583
627
557
417
586
487
643
547
583
485
515
559
585
618
647
553
586
472
508
544
579
486
519
548
449
493
515
544
578
483
523
549
578
523
513
545
457
479
515
414
578
485
520
549
583
487
516
550
580
481
512
675
582
482
517
547
576
482
642
546
449
482
513
670
611
479
515
415
579
484
642
549
590
480
503
667
571
482
645
554
583
480
643
680
586
613
647
556
449
611
642
668
575
603
632
573
573
607
637
677
577
612
381
674
576
483
514
544
576
481
511
550
450
481
512
541
444
482
510
540
448
475
503
408
444
476
542
538
447
479
376
659
573
482
639
668
579
476
513
544
576
608
638
543
446
475
502
663
569
602
505
400
440
476
508
535
441
433
372
666
573
614
635
669
571
599
632
540
571
479
635
534
573
474
503
1472
553
508
560
592
626
529
560
598
629
652
560
589
636
621
655
696
601
630
521
569
606
505
663
565
602
488
534
561
594
497
532
564
451
500
530
563
597
501
532
426
487
523
556
499
486
524
422
456
611
518
546
564
490
507
671
574
479
634
539
570
610
768
671
704
610
643
671
571
730
763
792
694
731
762
318
697
727
976
1066
1040
1122
873
773
676
717
747
777
675
582
487
514
549
579
486
521
418
578
484
521
552
582
486
517
544
581
520
511
547
577
475
378
544
579
478
517
545
583
478
516
546
583
483
513
545
439
479
518
539
578
482
511
414
452
484
516
545
482
477
377
542
576
477
519
544
579
478
507
538
576
479
512
546
445
608
509
543
571
605
512
410
576
478
507
665
572
470
498
577
564
474
501
538
573
471
509
671
575
600
636
665
440
599
505
666
567
474
507
409
573
608
637
540
573
603
506
536
568
598
542
533
572
472
506
535
568
472
505
539
436
473
505
538
571
601
507
407
449
475
508
542
442
602
492
531
444
470
500
529
565
505
502
534
565
596
500
531
565
468
502
536
572
467
500
537
437
477
510
537
572
600
501
402
440
476
510
544
450
599
497
535
465
585
501
534
563
471
499
530
566
470
502
536
434
474
506
538
443
480
510
398
562
595
499
528
565
598
494
535
564
594
496
560
559
460
494
525
564
592
495
529
432
467
500
531
568
600
496
399
562
467
503
535
563
596
497
534
439
585
496
527
560
459
529
522
562
597
496
530
431
465
504
530
563
595
496
398
559
590
496
530
559
594
494
526
558
466
489
523
555
590
491
658
558
669
621
649
553
460
622
525
560
593
497
525
428
591
489
655
562
463
495
397
557
591
611
652
555
587
490
525
562
592
494
525
598
451
490
520
556
459
491
522
424
453
486
521
426
584
493
397
559
586
489
653
551
584
487
521
550
586
491
525
561
454
487
560
556
582
614
523
419
585
487
521
564
458
618
397
426
592
622
516
422
584
484
520
559
587
496
655
557
578
618
646
564
586
521
641
545
578
494
522
552
583
485
386
424
587
485
528
557
457
485
514
422
453
486
518
423
452
352
511
419
450
479
514
545
346
481
516
684
581
494
641
415
580
487
639
542
582
483
510
676
580
619
647
553
584
483
1431
545
516
518
554
583
488
519
546
487
481
517
553
588
613
520
547
581
613
519
552
584
483
518
551
579
486
373
546
582
486
518
547
579
465
519
545
586
612
516
586
433
481
514
551
574
606
511
530
589
494
522
556
579
617
376
546
583
616
516
546
581
469
517
552
573
610
514
545
435
614
549
543
577
486
517
544
564
1101
1065
1048
1121
1215
982
748
784
817
846
752
787
810
608
625
664
693
719
625
658
552
717
619
650
718
705
610
519
549
590
488
526
560
590
489
528
557
586
620
647
555
455
488
647
550
585
617
655
425
586
485
520
548
582
486
293
428
454
489
520
556
585
362
534
553
585
614
658
568
452
495
526
432
456
492
523
420
459
488
522
548
452
480
388
547
581
649
647
554
583
481
646
550
584
622
651
560
587
615
649
553
580
611
648
283
451
615
512
553
581
612
389
560
585
607
644
549
617
489
775
552
567
618
646
548
451
738
778
679
708
741
644
548
587
615
646
549
711
609
640
676
581
611
647
554
576
608
513
500
569
477
514
544
578
482
516
417
453
478
515
542
447
611
638
546
578
614
645
420
581
481
643
545
579
479
386
417
568
476
543
538
445
475
514
417
445
477
507
545
446
478
511
543
448
474
514
410
574
481
644
420
450
606
382
549
573
477
512
671
567
379
503
537
457
477
518
662
448
601
508
676
703
625
645
540
575
478
512
553
574
617
509
545
577
600
512
542
574
473
511
545
486
473
505
547
573
473
512
538
575
623
512
547
440
471
510
544
570
473
509
412
568
475
503
539
568
477
376
542
574
476
513
553
538
440
475
506
538
572
479
510
415
581
481
511
543
576
482
379
669
573
599
635
671
573
477
641
674
578
612
643
545
448
579
639
541
571
604
634
413
567
472
508
543
440
476
378
541
438
605
509
540
573
347
511
546
574
477
504
534
434
599
507
661
551
605
633
408
565
471
506
542
576
607
510
538
569
474
500
536
567
342
503
536
576
613
632
665
569
597
635
536
569
604
515
372
567
596
500
536
567
604
375
538
565
600
650
538
573
471
509
666
568
603
633
537
427
591
503
533
566
600
499
538
566
593
595
534
563
472
504
403
571
602
507
530
557
470
374
535
567
608
514
542
569
465
506
538
564
595
500
535
1306
495
571
529
566
504
631
534
569
603
507
541
573
606
510
542
572
603
507
536
572
598
502
535
566
608
507
535
430
600
504
535
564
598
501
517
596
594
498
530
562
598
490
536
567
600
503
538
569
459
503
534
565
600
502
534
429
604
507
529
564
597
499
391
563
595
497
567
564
596
492
536
564
598
499
533
563
456
1108
1065
1048
1125
1213
1058
930
691
834
849
860
875
893
779
801
574
606
641
679
573
557
510
541
577
476
515
546
548
453
489
519
553
586
490
518
422
585
490
516
548
585
485
389
551
582
484
519
555
586
360
519
479
603
637
541
574
475
630
539
574
603
511
414
445
605
641
544
448
605
641
413
576
606
510
545
578
602
503
544
571
479
510
574
568
470
508
538
572
476
507
536
445
478
509
539
570
472
505
409
574
601
640
667
574
607
502
540
573
602
504
538
571
470
539
528
566
476
508
540
441
607
507
539
574
474
504
406
570
601
629
540
569
476
502
533
440
471
634
664
441
467
373
532
571
630
626
532
438
467
504
664
568
593
499
537
436
471
503
531
568
474
502
407
569
599
502
534
563
469
498
531
563
597
503
534
597
464
501
533
569
597
497
530
436
599
501
534
570
600
501
401
565
597
501
537
569
470
499
532
564
597
501
532
565
463
496
564
566
596
490
522
429
592
502
534
564
599
500
400
565
594
497
531
561
597
494
527
562
590
494
529
562
465
498
525
564
593
525
523
430
593
498
530
564
594
497
403
554
462
504
527
561
591
494
526
562
594
510
529
560
593
494
524
431
462
488
516
426
354
484
521
556
590
620
526
430
588
618
651
556
584
619
396
557
591
489
519
553
589
488
526
555
589
493
521
425
458
489
523
461
457
492
523
428
458
492
522
555
587
489
394
557
596
626
656
559
590
489
654
559
590
618
649
672
450
616
652
554
582
615
552
546
583
620
649
552
587
618
518
677
584
627
647
555
586
487
528
557
584
488
521
551
456
486
521
556
584
491
646
546
585
638
641
551
587
613
653
550
583
618
644
549
585
616
516
555
585
616
649
542
572
478
517
546
580
483
518
546
449
613
643
545
531
478
515
420
579
485
517
542
575
482
383
423
452
481
513
419
451
352
517
554
455
483
516
423
450
488
516
539
447
481
1286
422
487
482
513
423
450
479
378
545
585
484
513
544
578
475
637
549
578
608
514
551
442
481
513
546
574
480
512
416
580
611
546
675
568
608
507
680
574
610
634
544
571
477
516
547
580
480
516
545
447
481
511
540
571
609
635
414
575
480
513
542
574
641
374
534
571
602
635
667
573
606
630
668
573
606
634
670
1106
1103
872
881
899
914
808
819
716
487
518
558
587
482
519
423
489
481
518
550
583
484
515
561
586
493
522
554
583
489
519
554
576
482
519
552
455
491
524
552
583
486
518
425
584
613
643
583
580
608
513
546
450
586
620
650
428
455
495
522
554
588
492
524
422
585
490
524
556
588
488
391
552
586
484
519
550
586
320
518
424
453
485
523
443
457
494
522
682
578
614
534
425
457
483
521
430
457
495
394
421
462
489
520
422
578
361
517
586
543
478
570
520
485
572
670
628
722
691
391
494
591
576
528
500
469
574
536
506
576
534
505
463
557
511
476
558
527
495
577
470
471
376
665
569
475
626
536
572
474
511
543
580
478
502
665
443
471
508
538
571
607
508
411
582
481
520
545
570
469
377
565
567
601
506
665
573
474
506
538
570
476
506
549
439
595
635
536
568
599
505
408
572
602
635
534
574
606
502
536
564
469
525
525
557
467
499
535
565
468
504
539
442
471
500
541
565
474
505
406
567
475
500
531
565
595
371
534
568
467
498
531
562
362
497
538
451
465
520
663
436
461
623
547
565
599
501
533
564
597
633
662
566
602
632
661
562
595
627
653
556
587
493
529
507
590
494
533
566
460
494
528
560
595
500
533
436
594
502
529
556
464
493
397
563
465
496
528
563
468
499
533
562
594
501
559
559
462
487
524
428
591
497
528
429
590
498
529
563
592
491
395
557
591
495
526
556
589
488
530
432
590
496
530
559
460
521
521
556
589
491
526
429
590
494
527
553
585
489
392
553
588
490
524
557
589
492
527
558
593
482
529
555
456
489
517
552
487
486
525
428
588
493
523
549
582
488
392
553
585
486
510
554
585
489
520
555
585
491
522
555
585
488
522
553
582
490
525
576
428
591
495
524
550
585
486
396
559
584
492
526
558
593
368
532
561
589
497
530
555
459
493
520
427
591
496
527
432
586
593
525
556
1325
508
590
592
496
524
555
595
533
470
551
520
608
459
663
630
475
621
632
650
637
655
797
560
724
628
656
692
681
620
522
690
722
754
659
690
720
494
527
436
467
500
530
432
333
497
529
550
588
497
530
559
587
497
528
431
466
493
394
526
588
625
658
576
588
491
650
554
720
625
529
558
720
624
656
557
720
626
1320
1162
1043
805
829
961
848
861
872
779
548
586
585
523
554
593
483
522
575
482
512
545
578
478
512
547
576
480
523
545
446
482
514
548
581
481
512
414
577
482
515
540
575
509
505
538
571
484
510
549
576
479
514
547
574
488
513
546
447
481
514
546
576
477
508
409
577
476
519
543
576
480
378
545
600
604
506
542
578
474
507
539
577
482
509
545
580
479
508
545
576
478
514
549
442
614
512
546
576
481
374
667
562
467
503
569
569
475
505
546
570
607
507
540
572
474
504
537
570
600
634
662
558
476
638
668
570
603
635
534
567
473
507
528
560
596
315
530
566
600
496
548
454
469
628
540
571
601
634
667
567
598
632
666
698
602
630
535
566
481
502
660
565
599
498
548
566
515
499
663
563
596
627
660
691
595
630
661
560
728
627
663
567
597
632
534
695
599
629
529
559
597
512
658
562
600
501
655
595
588
625
656
689
596
756
658
562
596
727
637
797
700
599
503
666
571
724
753
664
567
602
632
666
696
597
632
795
570
597
600
659
563
596
630
532
688
594
629
793
570
598
628
663
699
600
762
658
695
601
503
660
695
600
762
655
561
597
629
659
565
691
628
659
437
601
633
665
701
727
632
531
696
598
650
678
721
748
524
557
592
623
654
558
589
484
524
553
584
490
534
552
356
367
521
553
475
492
528
425
589
621
653
554
586
490
521
563
462
495
522
560
587
487
527
552
583
491
524
558
453
486
526
584
584
489
520
422
584
489
521
546
581
487
394
556
587
488
520
554
588
486
521
551
580
486
517
549
455
486
516
547
580
485
553
550
587
489
518
548
583
485
517
418
581
491
516
551
582
608
515
548
576
485
647
551
581
484
518
423
454
485
514
542
448
515
513
415
444
476
507
413
450
485
516
420
455
480
385
549
578
483
642
677
581
486
513
542
575
481
514
544
453
608
510
671
607
603
642
544
581
480
517
1364
563
525
528
562
598
502
661
564
596
615
778
568
600
503
533
565
459
496
532
687
597
491
650
322
589
496
527
558
597
497
514
566
597
499
532
562
596
630
656
560
589
622
659
562
600
490
660
561
593
499
657
560
454
494
565
561
592
497
528
543
592
491
528
559
595
495
513
561
592
499
527
554
591
479
530
559
590
1122
1066
1045
1035
921
810
827
712
799
740
651
554
590
492
523
562
597
479
528
556
587
497
529
561
454
512
525
557
592
496
525
421
592
627
532
559
593
504
512
582
580
617
520
556
593
481
523
554
589
495
525
559
449
491
523
558
591
492
521
416
582
491
522
556
581
617
507
677
584
620
552
676
584
473
650
550
590
614
648
558
448
616
648
555
590
619
651
559
592
618
650
559
588
619
375
435
463
501
529
579
429
513
550
536
644
623
483
471
574
431
595
520
548
565
599
630
533
566
470
510
535
554
590
497
660
562
472
634
536
566
471
502
565
563
589
620
526
558
591
498
530
568
597
500
404
563
597
500
535
455
596
496
529
567
459
628
661
564
594
629
665
564
595
665
658
557
586
751
785
687
725
760
526
690
720
764
654
686
723
621
655
558
591
625
655
558
462
498
528
558
484
618
649
421
489
486
522
557
601
495
393
559
591
497
522
556
590
364
525
559
581
487
524
559
459
494
526
560
591
495
525
425
585
620
523
588
582
492
528
552
590
494
524
566
600
494
394
567
601
635
536
575
476
368
538
567
473
507
531
434
455
502
535
440
466
501
434
420
468
506
533
573
470
500
395
438
469
500
528
435
469
494
541
575
600
504
537
564
454
501
544
438
467
503
532
417
463
529
526
432
465
495
387
420
582
486
649
552
583
486
520
551
584
489
520
543
450
488
518
544
580
486
517
418
578
483
515
548
482
477
382
548
583
622
641
670
583
487
648
551
584
616
519
547
450
483
512
549
581
487
517
422
580
477
510
543
570
476
511
317
575
611
642
547
578
612
515
549
576
484
513
541
567
475
511
547
576
484
514
418
446
479
515
551
447
477
514
412
574
612
585
534
570
604
509
543
575
480
513
545
445
478
513
545
577
481
517
546
448
491
506
534
572
473
507
413
576
480
513
545
577
511
376
541
567
478
509
538
569
470
502
541
1466
548
514
546
579
484
514
549
584
609
514
545
578
609
515
549
574
609
497
543
611
609
510
543
575
465
514
543
576
611
516
543
438
612
513
539
575
610
508
407
444
482
500
531
560
597
497
659
562
611
503
692
573
597
487
533
432
466
498
526
432
462
495
525
431
461
499
530
428
460
495
526
428
458
495
400
567
594
1151
1077
1051
1122
785
779
810
845
750
782
816
717
486
522
547
580
490
646
423
584
488
651
555
589
623
395
559
591
491
519
554
588
484
514
546
492
485
651
557
457
486
522
554
584
490
522
422
588
490
652
556
584
486
390
423
456
488
519
549
580
483
518
548
454
485
516
454
449
482
513
545
440
477
519
417
459
483
516
547
452
485
387
547
582
485
514
418
452
355
517
416
451
485
488
524
423
454
450
521
426
585
488
518
426
586
488
523
557
584
483
386
425
588
489
518
554
581
359
520
423
584
486
519
553
463
507
539
442
504
500
532
443
478
510
541
575
481
637
539
576
484
524
539
572
609
509
545
573
478
510
545
708
476
530
675
575
491
523
680
344
472
512
541
576
478
525
408
571
476
521
670
576
605
507
540
444
475
508
542
576
474
507
537
568
474
498
531
437
472
504
564
565
474
634
535
571
474
503
535
567
474
503
540
450
472
505
542
573
478
636
672
572
604
634
666
571
606
505
669
570
473
534
664
436
598
630
532
569
472
498
531
569
600
505
679
576
599
501
533
564
469
633
659
567
471
631
664
565
600
508
661
564
548
500
659
561
601
632
530
567
601
630
660
569
603
505
535
568
603
631
660
570
473
507
665
571
598
634
663
437
594
627
659
600
591
626
529
567
597
628
667
565
598
500
532
558
464
498
527
556
460
497
658
565
602
626
533
438
469
500
527
431
462
497
301
444
472
510
536
561
592
371
539
560
477
627
657
582
466
620
532
567
597
499
523
432
467
495
524
562
592
624
658
560
594
530
650
429
462
493
393
553
602
493
528
572
595
485
527
560
597
497
529
560
464
495
528
559
590
497
527
430
598
509
529
553
493
490
393
556
587
491
524
561
589
490
524
551
589
493
525
555
459
491
646
554
585
493
524
430
462
492
522
558
585
490
517
455
579
487
521
556
583
481
518
424
456
489
522
425
456
487
1437
531
493
521
552
454
487
520
562
456
482
517
553
579
484
512
449
576
485
510
552
454
487
515
550
458
615
504
549
448
482
514
547
581
467
519
551
453
485
514
545
436
483
518
550
454
485
546
398
557
598
504
545
571
489
499
664
562
598
627
534
569
595
634
669
706
729
623
655
555
726
623
658
695
727
760
529
562
1131
1078
1054
1135
1112
1094
857
749
761
780
797
686
720
500
538
569
589
498
529
420
591
493
526
562
593
499
516
553
587
493
523
586
592
481
527
560
589
496
524
561
450
493
649
560
586
495
523
540
594
493
519
555
589
488
523
551
588
490
521
556
587
341
667
536
572
469
517
560
441
607
637
689
440
473
637
535
698
606
638
543
571
606
637
669
690
600
637
671
700
599
500
535
572
505
501
536
572
472
509
539
576
485
508
533
437
476
633
667
572
603
512
534
458
489
522
665
586
599
498
543
567
588
625
549
519
462
505
539
567
598
501
534
436
604
504
676
568
608
503
405
569
587
498
539
569
603
368
664
568
595
628
668
570
465
503
570
559
468
503
530
426
589
501
534
570
601
631
406
568
468
503
663
573
599
499
531
568
599
632
664
564
334
507
535
565
596
532
537
431
593
622
656
557
480
624
675
564
465
495
531
562
592
496
527
570
591
498
535
560
595
464
502
543
571
471
510
537
403
592
501
532
578
473
508
405
577
598
506
535
567
469
371
539
566
600
632
661
561
470
635
529
565
595
501
533
430
600
510
509
570
472
628
405
567
592
515
548
564
593
631
547
695
598
631
667
693
461
627
533
563
597
625
664
431
588
621
657
561
594
601
529
563
591
497
531
561
591
492
523
560
466
500
529
555
457
496
525
560
464
495
526
428
470
518
558
595
616
644
421
584
517
524
551
584
486
388
555
579
483
527
556
585
492
519
554
584
488
521
553
584
484
517
548
585
611
532
558
454
489
516
423
480
483
521
418
455
484
521
425
453
480
382
419
453
487
520
548
457
353
645
550
584
615
644
549
447
610
523
545
571
487
514
313
453
478
645
421
452
478
510
571
585
615
519
677
577
616
644
665
706
617
771
707
622
744
775
675
711
743
644
546
574
607
547
544
569
608
505
539
574
478
510
539
579
478
516
557
454
476
516
422
446
1466
580
484
539
567
600
506
539
569
473
505
534
470
465
505
535
446
598
503
541
572
482
539
559
438
602
505
391
565
606
509
537
569
603
506
552
440
649
596
553
585
616
507
578
452
486
521
533
433
461
507
534
441
605
512
537
452
661
524
532
582
610
500
519
559
597
505
533
564
596
486
532
572
595
466
529
564
457
980
1077
1049
1123
1216
1063
936
696
724
854
869
762
784
637
542
629
504
563
563
474
513
527
583
466
499
536
564
374
498
545
593
491
653
660
469
602
509
672
562
471
492
528
565
626
643
658
576
624
513
533
439
470
502
553
562
493
511
551
475
482
491
525
461
465
527
532
433
480
518
529
465
499
531
533
560
478
522
399
573
587
517
525
429
465
365
533
445
595
499
445
458
490
504
539
425
464
497
527
425
477
521
540
597
466
623
395
560
460
491
522
561
604
363
530
451
487
493
525
433
458
527
538
522
490
520
552
425
489
516
526
436
641
491
397
579
581
624
654
557
596
487
533
565
595
650
657
577
460
528
658
553
621
622
661
445
625
632
678
588
591
622
518
554
597
624
664
556
588
490
527
560
598
500
649
551
459
492
657
565
588
488
651
322
589
489
528
427
587
490
392
555
586
485
652
555
586
485
656
558
586
492
654
555
590
620
521
555
460
488
522
425
453
486
545
420
587
490
525
422
456
489
522
551
582
490
393
555
586
492
521
546
582
487
517
423
453
486
491
526
427
464
491
652
555
550
489
393
553
458
484
518
428
586
364
529
557
461
495
525
557
457
492
525
556
457
493
525
425
581
489
544
581
486
516
416
477
481
515
546
581
482
388
422
452
487
517
547
450
350
512
546
448
486
516
424
449
484
518
545
449
480
513
415
441
478
512
564
442
481
381
548
577
486
518
545
451
490
508
555
448
482
515
427
450
354
648
416
449
482
516
547
444
479
512
544
575
478
543
536
582
481
641
544
576
476
505
541
576
477
511
543
450
479
515
544
447
479
511
417
443
475
507
538
437
472
508
409
444
424
508
541
451
477
374
671
573
480
635
669
577
481
508
673
446
474
509
543
442
477
636
668
580
607
640
539
573
478
510
544
479
606
494
659
569
599
636
537
568
476
507
553
570
477
510
672
438
480
508
536
572
597
634
1306
466
556
507
541
577
605
371
577
564
604
477
639
543
575
603
511
540
571
608
639
544
577
477
641
544
575
611
660
565
602
633
792
699
729
765
528
698
732
674
661
696
732
625
664
698
594
629
665
695
597
758
788
696
601
754
673
564
605
631
795
699
727
758
532
564
469
497
655
564
498
493
530
560
589
621
528
561
1006
813
885
690
859
793
846
696
686
554
562
555
552
555
551
588
488
657
575
589
626
520
427
626
619
646
426
456
461
497
663
434
600
627
524
426
465
498
530
433
465
493
396
432
465
500
530
431
468
364
530
431
464
488
489
426
461
513
419
455
490
520
424
460
358
521
424
460
488
519
550
451
480
515
420
455
485
518
422
456
485
516
420
449
486
285
541
578
615
645
551
577
481
516
539
453
501
645
433
580
486
644
550
583
614
774
552
708
736
771
669
701
607
636
673
703
651
645
672
713
610
635
676
719
615
642
671
574
612
639
674
710
612
645
546
712
735
772
799
705
740
638
672
710
610
638
672
712
577
610
648
683
605
639
673
572
607
768
799
706
735
640
546
708
610
645
675
702
604
634
669
702
603
637
671
702
605
637
700
701
607
634
670
701
605
638
666
702
605
636
670
575
606
639
798
700
602
761
540
569
477
508
541
572
475
495
530
568
472
642
665
570
471
635
670
572
600
503
668
442
477
506
542
443
470
503
410
565
473
633
542
566
599
500
555
567
470
500
659
567
537
626
663
560
595
629
663
438
596
632
666
560
599
631
536
443
476
636
536
568
601
502
531
576
470
627
666
566
469
632
537
599
598
629
529
436
602
633
661
566
599
623
408
566
599
626
667
568
597
497
533
567
469
625
531
566
596
627
662
569
466
499
569
426
589
625
656
559
595
496
658
561
600
629
663
565
602
631
529
559
593
496
529
564
594
498
532
565
468
500
531
565
463
527
655
561
592
494
655
427
595
623
534
564
596
627
406
567
597
628
527
561
595
494
532
567
603
491
527
563
459
627
654
566
488
484
523
426
591
620
529
562
592
627
396
562
598
491
530
565
588
491
529
569
596
497
526
558
460
495
533
561
589
624
525
325
454
491
526
440
592
627
394
560
476
492
520
560
472
480
520
556
591
494
519
556
456
492
524
554
588
487
1290
424
515
487
551
547
583
487
523
551
580
500
517
548
582
617
519
426
457
488
524
428
460
360
525
556
582
491
522
556
453
487
526
423
454
648
516
425
583
484
515
551
582
489
485
522
557
592
497
524
550
327
491
523
556
589
615
523
431
465
492
523
426
461
488
396
516
451
483
516
427
457
361
524
555
589
488
523
1089
990
763
794
700
734
765
802
699
600
504
543
567
600
500
400
565
467
501
499
585
492
385
432
462
495
532
560
454
350
526
430
460
495
526
558
447
498
524
557
462
494
529
415
458
489
518
549
453
492
553
537
574
476
513
554
576
604
506
544
585
479
674
613
606
568
521
559
583
620
637
673
448
490
506
699
572
603
633
415
465
505
505
541
465
608
498
533
567
477
659
546
592
464
430
618
672
607
532
579
524
651
707
717
652
646
519
395
565
636
505
538
515
600
517
603
569
674
573
600
566
463
508
552
569
599
530
540
452
666
502
568
567
601
502
399
567
618
504
546
565
600
522
564
559
594
520
537
565
469
503
568
615
681
527
630
534
692
598
626
658
689
593
394
687
603
763
792
689
721
749
525
783
569
690
757
663
296
643
618
695
580
591
623
651
597
589
499
648
567
637
641
599
663
699
605
631
657
695
589
754
662
565
489
521
550
325
488
674
557
586
489
648
425
454
614
523
558
447
487
392
423
460
526
538
450
479
383
545
615
618
656
673
577
486
526
578
573
601
639
544
440
476
639
666
580
612
616
402
570
586
617
645
694
637
528
514
631
646
678
709
739
519
557
713
550
581
592
647
418
579
612
642
547
580
610
387
546
580
509
519
548
593
478
678
578
595
637
642
694
446
483
641
547
566
519
644
415
542
506
522
549
581
612
643
546
576
611
524
553
594
607
531
563
597
630
669
575
600
505
539
575
487
507
538
564
507
518
615
592
603
505
530
438
504
523
574
602
643
736
635
672
592
738
541
573
598
504
545
570
633
501
531
582
466
502
553
567
469
503
530
413
595
491
507
538
579
473
502
669
567
602
639
669
570
474
506
542
571
477
508
536
440
474
504
542
571
478
509
414
566
567
645
542
606
499
557
561
595
527
534
564
468
499
549
581
595
504
525
554
461
496
542
588
666
497
505
408
568
475
519
535
343
576
689
580
562
506
479
642
553
580
498
517
680
446
625
642
674
575
609
643
671
708
614
645
542
707
609
641
674
703
609
405
666
578
616
522
678
576
482
533
673
452
608
638
425
447
477
513
540
447
483
515
418
451
476
509
540
441
476
377
537
446
422
504
538
444
343
510
542
447
479
508
544
445
480
512
544
447
1114
1079
948
838
725
876
884
903
913
684
580
492
524
559
589
651
513
551
460
613
524
424
576
355
518
427
457
490
521
426
454
492
522
427
454
487
523
421
456
480
523
552
454
490
517
546
487
488
516
417
452
489
387
551
584
616
648
552
582
483
514
548
581
486
643
676
579
612
645
551
584
489
647
425
582
488
521
581
572
603
506
674
578
614
645
547
581
480
518
548
577
608
644
547
454
484
644
677
578
610
642
416
577
481
518
673
582
508
282
540
449
485
527
544
578
480
637
667
577
620
643
548
446
482
513
546
576
485
516
418
447
483
514
546
573
478
374
540
577
507
508
544
575
480
503
541
440
476
637
669
446
608
638
673
572
598
636
543
570
609
639
668
573
606
638
668
574
477
636
533
471
601
506
549
568
598
502
536
569
477
505
538
444
476
507
537
441
475
507
537
570
608
630
536
568
601
509
541
573
604
498
565
565
594
503
535
565
474
509
540
444
477
503
536
437
603
503
535
566
599
501
407
567
470
505
533
561
597
499
535
569
594
653
659
563
469
501
533
566
472
503
535
438
604
634
662
568
603
498
405
563
467
501
537
568
601
500
538
562
595
497
528
561
358
495
528
563
597
631
540
558
596
502
531
563
599
516
406
564
597
504
534
562
469
498
529
565
593
493
522
560
460
495
526
589
586
496
528
559
594
498
527
558
595
501
529
436
593
497
531
563
595
499
398
430
594
494
528
558
595
366
527
426
462
494
425
426
456
496
528
430
464
496
528
431
464
501
530
431
462
498
400
563
590
622
520
552
586
492
527
683
588
620
651
547
459
566
518
554
587
618
653
552
588
490
654
559
584
493
525
427
448
491
522
427
461
362
528
430
462
495
524
428
456
487
521
430
490
485
522
424
459
488
522
426
460
489
396
554
587
620
522
677
581
488
651
554
588
617
648
553
459
494
522
550
586
487
522
582
581
487
512
1322
504
594
499
523
558
590
625
523
435
466
497
529
565
596
500
660
562
451
617
653
558
593
622
527
422
593
524
523
557
585
619
518
556
464
494
527
548
459
484
528
562
467
496
530
435
454
492
527
429
463
496
526
418
462
620
649
679
613
613
509
680
583
488
649
684
459
478
524
561
591
495
527
559
453
619
515
554
1122
1215
1058
1058
949
835
850
865
883
777
666
594
592
502
535
571
597
501
537
567
470
506
538
570
473
502
535
567
470
506
534
438
598
502
538
563
590
500
527
560
595
497
558
557
595
500
528
566
598
500
533
564
595
493
520
558
593
501
529
567
469
503
534
569
591
500
530
433
596
500
530
561
596
525
519
562
592
496
529
564
591
493
528
560
593
498
526
561
462
498
527
563
589
492
528
428
593
495
527
561
586
493
396
560
493
491
525
555
591
489
525
549
588
495
658
559
458
623
530
562
594
499
527
427
588
496
528
560
595
497
518
556
588
492
520
587
588
483
524
556
587
491
523
559
460
489
526
558
589
488
520
423
586
619
650
556
583
620
514
549
586
488
648
680
581
488
412
553
446
478
519
424
586
488
523
426
588
490
520
549
453
491
520
557
461
489
520
419
454
488
518
425
585
486
509
548
452
516
514
422
585
480
517
556
582
611
641
672
448
483
646
550
456
486
519
420
582
487
518
424
456
482
506
419
448
476
510
543
523
349
510
543
578
483
516
545
442
479
514
421
454
484
516
419
572
480
511
545
577
481
385
430
454
482
511
421
581
482
645
579
575
606
512
669
442
473
509
539
575
608
511
677
576
613
639
545
578
482
516
413
577
479
504
540
573
479
382
427
576
482
545
538
565
473
509
541
571
477
507
542
446
481
508
542
445
477
511
412
568
478
510
541
572
480
506
670
571
604
633
666
565
366
501
537
452
472
631
666
443
488
637
430
577
606
509
536
572
478
508
539
569
474
377
541
443
605
505
539
569
341
504
540
477
595
507
539
441
473
499
533
565
600
505
410
445
471
504
538
439
476
502
537
567
472
501
536
574
462
500
540
572
480
504
565
436
468
504
536
442
474
500
537
438
478
506
537
446
599
501
403
565
478
509
535
563
603
367
536
438
470
500
533
436
464
533
525
431
461
500
533
433
468
1317
520
615
606
513
544
686
607
510
537
576
606
504
538
575
605
513
545
573
605
508
549
578
502
502
543
431
609
640
538
575
597
504
527
575
612
510
544
571
603
485
551
574
604
509
540
573
461
504
536
563
595
500
536
316
453
489
524
433
590
629
523
553
600
495
653
694
605
488
520
424
459
493
526
424
454
496
533
1153
1024
1145
1170
1023
874
865
757
819
807
674
784
564
600
639
668
570
598
627
656
563
595
627
661
560
459
624
659
576
586
616
650
683
586
508
536
446
476
537
539
424
479
503
536
427
473
510
398
430
458
495
525
430
462
364
528
432
462
492
526
424
458
493
527
558
462
492
517
422
485
488
525
556
588
491
396
554
589
493
528
561
589
363
526
433
455
483
518
426
448
489
522
559
457
493
521
421
461
484
517
620
590
616
519
554
582
618
520
555
660
588
684
581
660
626
594
554
648
361
590
544
512
600
568
523
492
582
551
513
487
574
576
520
581
487
519
550
580
356
650
426
587
614
641
542
583
613
649
548
719
501
522
549
453
625
525
554
580
613
651
420
595
513
513
548
587
481
386
551
578
485
518
550
591
484
522
549
584
484
522
551
443
480
517
559
579
614
525
417
590
490
652
562
607
603
513
545
448
479
521
537
576
478
520
549
588
608
642
545
443
480
510
545
447
480
644
560
582
612
513
673
582
488
507
443
440
475
510
538
447
346
509
413
443
474
512
541
445
474
505
541
447
477
509
412
445
485
510
418
446
481
383
415
443
477
532
537
434
469
509
538
440
481
510
540
311
474
507
679
446
607
641
672
571
491
506
666
569
607
763
537
440
471
630
538
571
628
498
666
570
601
503
675
574
471
499
532
568
469
633
666
444
606
513
668
569
471
507
534
434
604
635
672
569
597
499
536
596
468
504
538
440
467
502
533
563
468
502
533
438
470
506
536
442
468
503
401
437
467
623
660
567
472
500
534
567
598
630
554
563
468
498
525
431
595
628
539
437
600
500
665
569
471
503
405
562
598
509
542
566
601
493
544
569
470
502
534
561
461
515
527
560
594
497
527
430
595
505
529
561
597
499
403
433
464
501
548
567
595
629
656
583
595
626
651
691
725
494
654
696
617
628
663
686
589
631
787
705
604
632
660
559
1433
513
600
528
561
586
625
524
555
586
613
518
547
578
484
512
538
580
609
545
546
576
613
519
546
576
482
491
539
574
481
516
675
580
471
513
545
576
486
514
549
435
607
514
666
574
610
639
526
575
553
503
541
576
481
510
533
576
611
514
547
577
465
507
539
575
605
513
542
431
610
511
542
571
610
516
403
561
1124
1208
1051
1156
1109
1112
887
921
967
857
894
926
829
602
634
807
699
604
635
541
697
730
762
787
697
733
763
559
700
603
638
793
698
599
281
660
698
599
640
792
697
597
631
663
691
729
634
667
567
728
761
666
696
609
637
536
703
602
768
670
698
719
505
655
695
756
754
663
693
593
634
794
694
607
632
662
563
739
632
668
694
726
634
534
695
731
629
673
700
732
510
663
694
722
629
659
730
584
627
665
694
595
626
659
558
595
627
663
694
726
631
529
694
723
630
658
695
726
502
656
689
724
626
657
691
592
627
688
691
596
632
662
557
721
630
660
699
722
627
529
698
595
625
659
694
721
625
546
689
722
625
655
691
721
502
656
679
711
648
648
684
585
623
657
690
718
624
656
559
590
497
656
559
586
493
516
551
590
493
526
558
590
491
525
556
598
623
651
553
357
487
655
560
591
486
651
552
590
493
528
561
458
490
391
554
585
618
650
553
585
483
517
555
582
612
647
549
452
614
644
578
582
612
651
423
582
615
653
555
585
617
517
549
580
616
651
555
594
484
523
553
587
623
650
551
455
488
649
552
582
487
673
544
455
488
646
422
581
485
518
545
453
486
519
421
580
355
646
549
577
604
638
543
583
611
518
552
582
607
641
676
574
641
642
551
575
483
517
418
577
481
647
550
582
487
387
553
579
617
512
548
576
479
516
418
450
485
516
542
444
477
511
540
475
476
512
415
449
482
515
546
451
480
385
537
446
475
504
537
445
474
512
418
450
478
508
543
445
473
511
542
566
475
505
356
572
471
507
666
442
475
381
542
446
607
514
542
572
470
510
517
553
454
485
518
411
445
482
518
435
475
507
411
444
478
551
664
442
606
508
533
568
602
519
532
574
337
634
556
575
606
512
542
573
608
640
541
570
601
636
668
570
602
630
665
570
631
632
534
567
603
500
536
569
591
497
536
568
602
635
666
570
1269
307
426
452
391
657
590
518
588
624
561
611
564
516
580
536
595
547
617
564
636
472
573
559
542
526
521
615
478
513
677
568
474
522
670
440
477
507
533
567
600
506
410
568
475
506
565
563
467
370
539
441
473
505
533
568
471
504
537
439
469
504
537
439
471
506
540
569
472
508
407
437
467
629
531
566
593
395
750
723
809
773
871
833
694
703
716
734
746
765
780
674
693
598
498
533
560
593
495
525
568
592
629
652
561
594
488
528
590
593
504
653
556
456
495
522
563
592
494
526
424
469
499
525
432
598
496
396
434
460
495
527
556
457
358
531
430
590
494
553
424
456
492
523
431
593
498
522
425
595
499
523
552
586
493
392
428
586
499
520
555
584
485
648
555
585
491
522
551
453
642
505
545
581
621
518
419
592
489
649
556
587
618
518
551
582
489
647
555
587
483
519
421
580
491
540
553
580
615
766
675
607
614
647
551
587
619
649
680
708
614
515
552
582
614
519
553
452
615
646
551
585
618
517
550
710
486
530
556
460
491
527
459
449
495
531
564
595
622
662
418
595
493
658
691
596
629
387
559
593
628
662
566
595
485
662
563
588
626
658
690
443
494
685
692
606
617
659
412
591
495
530
569
595
495
388
546
585
485
515
544
581
351
511
544
575
479
510
545
444
482
510
545
454
538
523
537
571
607
639
540
578
476
507
538
576
611
647
545
575
478
523
547
575
604
637
544
444
479
642
543
575
605
639
409
473
476
512
543
577
480
506
535
444
480
511
545
585
477
502
545
579
603
504
537
577
475
512
538
443
472
513
542
438
478
508
437
436
470
502
404
438
472
508
548
574
603
505
667
570
616
634
672
701
467
647
672
569
604
633
662
432
472
504
536
569
601
667
402
436
470
500
532
438
472
367
534
573
605
495
528
570
466
502
538
443
596
503
530
431
438
472
502
545
575
483
376
411
546
600
507
429
447
470
634
671
574
723
652
541
444
479
509
543
571
610
518
399
575
601
516
673
577
480
376
544
569
477
511
514
571
469
631
668
572
474
501
536
570
601
634
543
569
481
507
536
433
478
501
545
575
481
505
403
570
608
505
538
566
602
344
532
567
474
645
539
572
468
507
554
571
599
640
662
424
594
628
664
573
599
1433
481
565
530
556
591
500
526
420
588
490
555
553
585
485
364
529
561
593
497
526
561
460
495
525
558
592
509
533
431
595
502
529
564
597
491
392
558
587
624
528
561
555
361
533
558
462
506
654
578
483
517
424
579
486
647
420
456
489
517
423
591
486
645
420
455
485
517
553
457
478
508
546
613
482
517
553
450
1017
828
900
833
857
791
846
901
742
634
617
614
619
737
612
486
528
438
592
511
652
553
454
494
645
553
615
615
647
548
586
615
661
562
589
622
521
432
584
492
523
552
581
485
531
425
456
491
523
416
451
487
518
547
579
482
514
317
455
486
521
549
580
488
388
423
456
489
515
543
452
354
517
419
583
488
518
551
452
488
520
548
581
479
513
417
463
607
602
542
588
484
515
576
579
610
649
548
584
479
517
553
581
486
525
550
445
616
646
565
577
613
514
541
583
610
646
547
580
515
513
544
576
615
520
668
572
607
509
676
454
612
645
675
450
352
513
548
457
485
513
547
446
482
511
546
578
609
648
418
474
599
513
676
570
478
510
545
572
609
641
545
444
471
501
538
577
602
508
545
441
480
510
544
443
480
515
411
448
479
513
570
431
468
374
537
441
476
509
540
445
474
509
538
575
476
502
539
440
599
509
537
567
476
509
407
443
472
507
551
570
601
401
548
567
475
630
534
569
470
624
661
702
732
633
799
566
605
636
669
569
604
634
667
567
604
634
665
569
597
369
536
565
497
630
535
570
471
634
538
571
471
505
663
567
602
508
539
566
475
506
537
441
598
504
666
694
598
632
399
432
467
628
528
594
592
491
523
555
598
499
533
565
469
508
536
567
594
501
534
437
471
503
531
439
470
496
400
434
470
499
535
438
467
369
432
561
594
635
668
433
467
504
534
568
596
498
533
433
600
502
528
565
596
500
402
565
594
630
660
562
595
490
527
555
589
517
528
561
462
501
532
561
601
496
532
559
465
499
527
429
462
494
390
426
589
497
527
562
593
492
531
562
463
493
527
559
352
488
527
564
480
502
651
550
589
495
538
555
598
623
660
557
719
752
653
688
720
622
521
683
582
614
649
550
585
489
650
579
583
619
652
558
585
620
654
687
591
622
655
550
718
621
657
554
719
626
526
429
587
489
522
1419
497
459
487
520
423
458
509
512
422
456
488
515
421
451
487
388
423
457
501
521
439
583
481
530
673
589
479
644
548
580
617
654
679
710
613
645
548
661
610
644
683
713
612
514
680
704
614
654
686
712
611
649
679
714
611
643
681
576
614
649
681
714
620
641
543
710
611
644
704
704
611
645
678
713
617
646
678
1137
1229
971
858
878
906
907
922
942
718
486
517
554
584
483
514
420
576
480
515
548
577
513
380
538
572
478
510
545
587
477
512
548
575
479
516
544
447
485
516
550
578
482
518
415
448
480
522
542
449
480
381
671
479
610
637
540
573
474
501
670
572
474
507
541
442
606
639
672
580
477
511
414
581
608
640
674
575
481
506
676
575
607
637
564
568
470
639
665
575
603
640
539
440
606
638
543
574
474
509
408
568
473
632
537
577
482
503
674
573
606
640
666
571
470
534
533
571
602
630
664
563
599
636
668
570
601
633
668
437
603
635
671
570
603
638
408
566
593
629
661
568
601
499
537
567
624
636
663
566
465
505
544
568
598
636
665
430
466
506
532
569
605
632
405
564
609
632
662
568
601
499
538
564
604
634
665
589
463
501
534
566
599
632
658
429
597
637
661
560
597
630
406
565
597
618
662
562
603
493
534
563
595
628
662
564
460
497
556
564
592
628
661
427
581
494
529
564
594
634
405
563
470
500
533
565
595
491
532
559
600
629
661
559
461
497
527
560
598
653
659
558
585
627
655
561
595
628
661
434
595
499
522
429
592
626
398
433
463
494
531
561
591
488
526
557
592
494
520
425
350
480
518
553
582
619
526
555
589
621
660
554
602
617
518
556
462
628
528
566
458
357
527
429
454
494
524
425
454
489
519
452
456
493
523
426
587
618
654
552
585
491
516
554
591
620
527
557
592
487
528
429
461
490
523
548
455
484
513
421
450
482
466
418
457
616
645
550
452
613
388
420
582
618
520
561
584
478
514
550
586
489
522
552
447
490
520
552
596
489
519
419
580
517
516
548
577
606
517
547
580
485
519
551
583
485
387
548
583
487
524
554
591
481
526
545
577
489
517
549
450
494
645
549
479
604
516
416
448
476
511
547
451
483
383
421
456
486
525
429
577
477
518
549
461
487
526
420
447
482
512
545
1331
621
558
514
512
551
469
615
649
549
581
483
648
551
583
614
648
546
712
613
643
675
582
614
516
439
578
608
512
672
576
479
510
550
478
478
515
549
442
475
514
546
576
482
513
413
578
482
517
548
583
483
384
550
578
612
644
678
572
475
511
545
585
612
643
577
580
609
513
549
584
611
648
680
447
485
512
544
1127
1109
1182
1062
819
851
857
744
885
789
675
573
495
531
542
569
477
502
434
441
474
508
542
445
344
508
542
574
476
642
543
449
480
511
544
570
477
506
408
444
480
512
545
445
479
380
665
583
604
535
539
570
474
508
541
574
600
507
542
440
474
512
541
441
475
511
406
573
477
505
538
576
473
502
538
438
472
500
533
573
360
498
536
458
474
634
534
439
473
509
540
574
596
517
400
450
482
517
549
454
493
374
535
440
603
497
534
574
469
498
532
462
605
623
658
437
466
631
660
570
600
636
662
438
598
634
659
564
600
628
529
566
592
624
662
564
591
493
662
562
593
498
431
559
464
511
531
460
588
624
529
554
594
621
658
562
599
636
527
569
595
512
527
452
594
495
655
568
599
627
656
561
461
651
653
688
720
624
658
562
734
759
654
692
727
623
532
564
725
619
658
696
720
496
654
688
596
624
655
690
587
626
657
687
666
613
652
556
588
620
654
564
594
632
521
561
588
626
655
558
589
489
525
565
592
492
526
555
454
493
524
554
590
490
525
586
584
619
649
560
586
621
652
551
601
489
522
555
590
490
397
560
595
622
656
569
590
492
526
558
588
618
646
558
459
486
561
550
583
495
523
424
462
488
523
423
457
496
388
556
589
491
525
555
580
479
522
557
587
490
523
552
455
483
527
557
585
520
521
420
584
486
520
543
579
610
512
553
586
620
527
554
582
486
527
550
586
488
524
545
450
486
513
546
588
486
648
420
489
477
512
548
580
482
385
547
580
486
518
557
585
470
513
546
579
484
522
551
451
487
518
550
583
483
517
420
580
479
513
577
571
478
517
548
579
612
646
678
586
483
512
547
578
477
515
542
575
480
516
541
584
480
511
548
448
484
509
540
574
476
532
407
575
477
516
546
581
479
498
540
576
476
510
543
575
478
521
550
578
477
512
557
446
474
511
546
577
475
635
412
572
510
1406
474
449
481
508
556
456
492
635
679
572
476
636
538
570
604
639
672
571
606
636
669
699
607
641
537
571
474
503
666
594
597
494
531
572
599
502
673
696
469
518
549
453
487
520
555
440
485
516
552
454
487
516
402
450
483
518
549
450
484
517
303
448
483
515
549
451
484
376
550
455
483
511
548
452
465
515
548
1038
1054
1068
998
879
873
895
779
792
807
824
712
483
526
580
586
491
523
429
591
495
529
562
595
496
396
556
589
489
518
550
582
361
523
443
589
493
658
567
455
497
522
550
587
491
549
421
590
492
529
559
586
495
389
559
585
618
649
555
591
488
529
553
589
491
522
551
580
484
642
676
593
622
662
546
710
562
654
681
717
618
514
554
587
488
519
554
588
489
640
677
586
615
652
557
585
484
524
523
557
594
627
532
430
597
628
529
517
589
498
392
561
589
621
658
557
589
490
530
557
588
607
646
552
452
487
513
549
585
487
525
428
590
492
520
558
583
488
351
547
582
484
517
557
585
355
513
421
586
490
523
554
453
488
520
550
584
488
516
420
587
616
523
556
582
611
388
551
583
581
515
553
586
483
647
554
584
496
524
548
452
485
518
546
578
492
515
418
452
489
649
550
582
612
515
427
452
488
523
547
537
350
509
416
576
486
520
552
444
482
519
548
457
504
542
438
480
508
539
545
583
478
511
545
470
488
512
552
581
486
513
642
577
611
662
567
603
504
534
437
470
506
541
442
472
506
539
443
477
503
538
439
473
504
537
443
472
506
403
431
593
506
449
564
595
495
662
568
485
504
665
570
471
637
664
567
602
628
657
559
599
633
665
568
602
633
536
575
600
631
665
561
597
399
528
448
602
500
660
459
469
505
535
569
601
501
533
436
601
632
665
569
601
632
534
563
598
496
532
563
469
366
530
435
493
496
532
437
336
500
532
566
599
497
533
427
588
500
529
565
466
500
406
567
591
510
533
566
602
505
520
566
604
498
524
591
595
495
529
564
595
495
526
559
460
495
528
563
596
502
535
423
594
493
526
564
594
506
400
561
591
510
536
559
592
490
553
557
592
496
525
556
455
486
529
560
592
497
658
431
467
500
528
433
466
497
394
431
463
496
527
427
464
362
527
561
589
649
519
560
459
504
1359
491
587
575
603
507
546
571
598
503
541
572
605
510
542
572
608
507
544
554
607
504
536
568
604
633
336
541
453
490
521
555
589
484
655
554
589
513
524
557
463
623
541
689
720
520
651
552
720
620
654
686
601
507
654
570
723
541
534
680
717
507
519
550
584
479
516
550
582
486
525
431
458
493
522
431
454
492
1136
1098
1064
1032
1122
1003
776
802
709
743
801
801
699
476
509
537
572
481
511
415
575
478
511
548
577
476
507
673
581
612
514
546
577
477
512
547
576
479
512
544
444
513
638
538
573
602
509
414
577
479
521
673
581
607
500
671
577
608
510
674
580
477
639
671
573
611
636
540
566
476
504
541
597
598
508
534
574
611
635
543
572
609
372
541
574
472
507
668
573
471
514
543
578
607
510
670
573
605
508
535
437
464
500
567
437
474
506
539
441
476
506
411
441
469
504
536
436
471
372
667
565
597
506
665
566
467
504
534
566
599
500
664
439
470
659
533
568
602
503
402
567
596
630
536
568
593
496
538
568
602
635
666
568
470
632
664
569
597
625
655
433
598
633
661
567
627
628
527
564
599
631
663
567
600
500
542
566
597
633
664
561
464
500
660
562
596
630
661
431
597
627
661
563
594
630
526
595
585
626
659
565
597
494
532
566
602
630
661
564
465
634
658
565
601
625
655
429
597
628
663
565
597
630
665
561
587
622
555
568
597
631
526
568
604
624
656
556
590
491
525
559
593
626
659
563
462
625
659
560
589
634
660
430
585
622
654
558
592
652
515
559
593
630
656
553
590
491
527
558
595
621
652
563
456
497
532
559
589
630
660
431
591
619
654
560
590
619
519
566
616
621
647
551
585
483
521
554
586
621
655
558
458
492
525
555
586
622
653
426
582
610
645
550
585
619
517
552
583
617
649
646
552
464
494
526
556
590
621
654
426
592
496
655
561
591
623
397
557
585
622
655
557
592
626
527
558
589
621
650
552
585
316
522
442
589
496
657
559
458
495
659
554
478
495
523
422
459
487
520
552
589
493
390
556
589
493
523
554
590
358
521
555
554
618
519
556
452
487
521
563
587
491
523
423
581
488
521
553
589
490
393
555
589
492
521
546
577
354
522
553
586
493
651
645
453
488
520
552
584
491
649
420
1187
560
503
505
540
570
607
505
541
573
606
510
544
573
605
508
541
572
602
507
527
567
499
501
532
571
603
487
540
569
598
502
537
572
460
506
541
575
605
508
534
566
569
609
513
548
579
481
517
402
577
616
504
512
579
603
497
543
575
600
506
543
575
458
529
568
604
504
668
567
452
631
535
570
601
503
540
425
1134
1226
1094
1198
1179
1035
839
842
871
779
811
845
743
650
549
586
617
516
551
577
462
520
548
583
488
519
549
437
589
498
529
556
591
493
379
555
586
594
521
553
586
353
522
552
587
493
526
554
439
622
524
555
458
496
649
407
462
614
519
552
588
487
373
679
455
487
538
578
508
362
544
445
476
509
666
443
454
491
540
570
480
517
546
578
471
513
542
577
606
510
545
428
606
512
546
572
600
507
394
585
592
628
661
558
590
494
527
449
594
509
656
446
463
494
650
555
589
619
655
556
593
612
785
692
724
752
524
683
717
746
679
678
716
480
772
559
718
751
783
559
587
624
656
689
718
620
781
556
594
749
780
685
588
617
521
559
590
492
525
554
584
381
515
428
587
489
524
554
456
618
528
569
585
629
524
423
456
491
520
430
458
488
391
426
450
491
542
553
589
480
638
672
658
499
518
565
457
489
518
425
455
484
520
421
459
489
523
427
456
483
522
422
456
494
520
421
454
489
388
551
581
486
520
581
577
483
518
552
577
478
514
546
449
491
519
547
454
487
523
417
454
487
515
545
579
484
518
545
576
484
518
549
582
482
546
414
449
481
512
419
447
482
511
548
581
481
510
415
457
484
522
424
454
481
384
546
580
609
643
548
578
481
514
420
450
502
504
543
446
476
511
547
448
481
517
414
570
482
511
541
447
480
379
541
575
478
514
543
579
478
514
545
448
481
505
541
341
473
516
549
449
479
642
408
456
612
517
547
452
486
507
546
581
609
519
552
581
603
640
419
447
485
506
542
448
345
509
569
568
478
512
542
444
477
513
537
443
475
507
410
451
470
504
540
571
474
376
544
569
474
507
540
571
470
506
538
569
477
532
534
431
466
509
541
447
472
507
408
442
475
507
541
444
476
366
537
442
472
504
533
434
339
507
536
443
469
504
534
433
506
502
532
438
472
504
407
438
473
500
538
440
469
1155
608
554
581
609
515
547
581
488
515
552
582
610
513
548
577
606
509
577
573
608
520
552
578
610
519
550
583
467
521
550
578
487
516
540
574
608
517
549
583
610
516
545
437
480
515
543
576
606
537
529
581
613
507
543
582
611
502
549
575
612
514
544
580
470
519
549
581
612
517
550
441
609
506
542
575
607
503
936
730
796
711
769
818
753
601
500
632
647
545
563
565
453
491
520
559
460
493
520
422
454
487
523
551
583
490
393
425
582
487
514
580
582
485
521
550
583
486
519
550
456
488
652
556
587
621
654
554
594
619
512
553
583
619
518
422
455
488
518
424
455
484
470
544
424
458
491
523
421
586
623
652
559
586
620
654
564
460
626
523
427
591
493
518
558
586
621
649
552
586
490
521
574
510
510
546
573
480
518
553
580
483
509
547
451
484
512
543
448
610
641
419
579
611
644
547
578
612
508
543
452
482
510
421
478
340
506
537
576
480
505
544
442
476
511
419
575
483
512
416
447
478
514
416
443
480
385
545
444
481
636
543
579
479
512
573
574
611
640
670
442
602
637
665
569
607
509
415
448
480
515
545
575
605
510
542
446
482
512
415
445
348
508
539
575
481
669
532
438
600
504
664
570
478
508
542
572
605
637
541
575
603
637
532
569
605
637
663
571
611
376
539
445
606
505
538
576
363
498
541
565
598
514
542
439
627
646
667
568
607
634
532
563
599
633
664
567
613
507
660
562
601
628
658
564
465
633
804
723
725
761
790
562
602
633
672
696
734
628
529
565
727
634
663
703
603
498
538
437
471
504
545
578
466
502
539
569
588
500
565
431
467
502
533
564
468
503
403
559
467
500
535
568
470
372
534
435
467
498
529
433
458
497
526
562
596
498
527
429
