169
170
171
169
164
163
171
173
173
453
169
171
171
170
164
167
220
130
169
173
172
164
165
170
171
171
175
86
171
126
121
169
169
170
164
169
170
167
173
169
162
164
169
168
161
166
168
163
168
174
187
128
167
168
170
141
166
165
169
167
168
197
195
115
124
117
113
119
120
118
170
168
169
168
190
106
122
119
172
171
167
168
166
166
175
91
117
118
169
167
169
169
167
168
195
232
109
123
169
168
169
169
169
168
170
204
331
87
122
169
167
169
121
169
170
199
135
99
118
118
168
167
167
171
162
172
191
114
169
165
166
167
168
172
172
168
175
130
84
167
165
161
163
162
169
167
166
200
90
120
171
169
168
167
167
173
170
157
105
124
168
168
167
167
170
167
169
166
198
115
142
167
168
166
169
167
135
167
241
172
145
168
167
169
169
168
167
167
167
200
113
89
121
167
166
168
169
168
167
205
202
122
120
172
171
168
167
169
169
168
229
375
118
123
169
170
167
167
172
169
214
129
81
177
119
170
169
167
168
166
169
202
96
168
168
168
169
172
168
169
170
227
173
151
171
172
169
167
169
167
166
166
169
86
164
126
170
167
167
170
167
167
200
93
118
175
168
122
169
169
169
167
165
213
82
177
171
169
169
171
169
172
168
195
108
116
171
168
170
167
170
169
171
168
207
163
175
168
169
168
169
167
168
170
199
917
451
108
172
167
170
167
170
169
169
192
119
105
119
167
169
167
171
167
168
157
429
116
117
169
169
170
167
167
167
168
258
187
107
171
166
169
168
168
169
169
243
272
90
169
168
172
169
167
169
169
170
216
138
132
168
168
168
167
167
168
168
219
85
165
167
166
171
171
168
168
168
169
198
99
115
136
168
166
168
170
166
168
177
146
102
167
167
166
167
170
167
164
167
247
1240
137
173
166
167
169
173
167
168
585
200
83
121
168
169
168
166
168
170
167
214
1047
396
94
167
172
169
167
169
168
210
317
118
168
168
170
171
168
171
174
167
186
103
114
118
168
169
170
139
165
164
165
99
119
112
161
169
168
123
172
167
190
344
83
119
169
168
169
168
171
166
167
555
121
128
163
166
166
171
168
167
170
215
415
104
171
169
169
168
170
168
169
166
186
810
91
119
168
169
169
169
169
167
853
641
106
187
167
168
166
167
171
175
173
149
133
109
167
169
170
167
169
172
168
206
444
89
169
169
169
171
164
202
168
169
216
113
115
119
172
169
181
169
167
168
202
692
130
146
121
118
119
122
118
121
168
208
124
105
170
164
166
171
168
201
170
203
85
121
118
166
165
167
169
170
167
167
192
108
123
194
169
167
173
168
166
169
202
165
81
122
168
119
173
167
167
201
166
213
214
138
169
169
166
167
167
166
168
193
124
124
116
182
120
116
117
121
119
168
190
118
118
167
170
168
173
174
165
166
165
191
101
169
169
167
169
167
166
167
166
205
244
129
169
167
168
170
168
165
170
226
1002
106
161
169
169
167
169
167
167
167
200
1116
483
77
168
168
166
165
166
169
210
475
88
167
168
134
168
167
166
168
169
226
1090
601
112
166
167
176
171
169
169
210
587
99
117
169
170
171
166
170
168
172
201
100
128
116
166
169
168
169
168
170
194
102
120
118
170
169
176
118
169
172
168
195
658
142
167
169
170
170
170
169
172
202
187
131
180
171
175
177
172
168
165
167
181
219
107
166
167
168
170
168
170
169
179
173
104
170
169
165
167
168
165
170
162
183
631
139
80
169
167
168
167
120
167
209
103
84
117
170
170
167
166
170
165
165
223
104
115
166
167
168
169
169
166
165
226
231
138
170
169
168
166
165
167
167
168
213
173
157
133
121
168
169
168
168
166
224
221
139
168
169
167
172
167
168
167
206
182
121
121
170
170
168
173
168
168
169
199
168
128
108
169
168
169
170
167
165
189
1536
933
106
168
165
170
165
169
168
164
235
805
92
168
170
168
170
168
168
169
177
130
167
166
169
168
168
167
167
170
166
212
305
127
123
165
168
169
168
169
169
424
672
83
172
167
167
170
168
169
171
170
183
199
90
170
170
175
170
168
168
170
196
323
81
129
167
172
171
167
167
168
167
179
202
157
169
173
170
169
171
169
172
183
212
132
170
167
165
165
168
166
172
168
171
332
135
120
166
138
167
166
163
167
177
160
194
193
180
170
166
172
167
165
166
224
206
118
172
170
169
168
118
118
167
178
91
116
166
167
168
167
170
167
167
168
235
212
121
121
168
171
168
167
167
167
204
230
79
162
169
168
169
165
168
165
165
198
437
97
163
171
169
165
168
171
168
206
200
110
172
168
172
174
169
167
166
167
203
1313
443
77
120
168
166
171
165
166
198
1490
857
123
119
172
170
167
165
168
168
226
307
100
160
174
170
171
166
167
239
235
108
146
166
167
167
169
167
167
165
165
198
232
83
78
169
166
168
169
168
167
223
353
91
168
169
165
166
168
167
167
167
223
145
76
79
171
168
170
170
168
170
210
216
106
117
166
166
167
167
167
167
166
219
218
77
122
167
171
170
166
170
169
233
95
79
79
171
168
167
169
169
166
169
206
110
126
167
168
171
167
173
171
167
331
84
77
162
169
167
165
167
166
169
169
190
96
80
117
167
168
168
170
170
134
249
94
123
168
169
167
167
165
167
168
167
216
604
95
85
120
170
164
167
166
167
233
963
426
124
119
203
168
168
166
166
165
216
100
174
166
172
167
169
167
168
170
290
877
143
168
167
168
169
170
171
166
250
203
166
167
167
169
173
164
168
166
166
166
484
90
124
173
172
169
168
165
166
244
692
385
90
119
168
167
168
166
171
167
351
1384
959
73
175
166
170
168
166
165
359
179
95
169
166
168
168
168
169
168
168
201
168
169
171
169
169
169
169
168
164
208
179
170
167
164
166
168
168
166
166
168
205
169
132
169
169
172
167
167
167
169
227
255
82
119
170
168
166
167
167
165
166
213
239
91
170
170
169
170
167
167
169
191
676
568
74
167
165
167
165
165
165
166
215
662
239
87
169
168
167
174
169
168
638
1971
1255
336
119
167
172
169
167
166
167
192
1259
888
119
169
168
168
169
169
170
201
212
144
121
168
166
167
170
169
167
167
218
757
116
90
165
165
168
123
165
172
216
256
92
168
169
168
166
167
166
166
168
218
202
174
175
170
169
173
170
166
167
212
708
162
86
169
168
168
166
172
168
165
204
244
90
120
172
169
170
169
167
166
202
980
486
98
168
171
169
169
167
171
166
196
368
88
122
171
167
168
168
167
166
210
1330
518
96
112
168
165
162
163
162
162
209
285
90
120
168
173
172
167
170
168
375
1140
463
194
170
166
166
172
170
169
167
211
220
81
165
169
169
171
170
169
167
196
604
87
131
166
169
178
173
168
168
174
216
141
77
119
168
169
169
171
168
170
206
1390
751
106
121
170
172
167
168
170
170
220
293
76
119
153
168
169
183
169
170
212
731
148
91
171
172
167
165
168
169
168
181
270
91
118
169
185
167
167
168
165
105
174
162
167
174
166
161
169
173
167
167
249
167
168
167
167
170
165
166
168
168
217
213
87
171
172
171
167
168
169
169
185
165
116
171
171
172
168
169
171
166
170
212
221
83
169
169
172
169
167
169
170
233
430
106
133
119
118
120
118
118
118
166
223
222
101
120
168
169
168
167
168
169
190
661
100
166
169
169
167
170
167
168
170
215
215
123
124
122
124
124
122
118
167
209
647
348
173
169
169
171
170
171
170
168
207
274
119
165
170
173
168
168
169
170
222
882
144
121
165
164
166
164
166
136
162
191
114
131
168
170
168
171
168
170
168
259
551
343
119
171
169
169
171
172
170
171
206
458
355
168
172
171
172
171
174
171
200
101
134
121
167
167
125
168
170
170
168
237
557
165
170
168
171
169
169
171
168
209
234
82
166
174
174
170
172
132
171
165
202
249
100
173
169
167
169
172
167
169
195
212
84
171
169
170
168
167
168
169
168
236
420
90
169
167
167
167
167
168
172
220
248
96
171
167
173
168
167
168
167
169
210
405
202
167
170
168
168
169
167
165
229
938
233
121
172
170
166
170
167
135
166
224
681
116
163
169
168
168
168
170
169
218
445
102
168
167
166
170
168
170
168
167
200
204
136
170
167
168
170
168
168
166
230
410
137
166
169
169
169
170
166
167
165
210
471
107
172
171
170
171
170
167
164
203
200
81
170
169
167
169
170
171
167
168
208
663
102
114
168
169
168
168
172
167
232
582
108
130
169
169
181
168
169
173
168
197
223
97
170
174
168
169
169
170
170
187
206
111
169
171
168
170
171
171
170
171
229
170
127
170
170
172
168
169
170
169
196
586
90
136
170
171
167
169
167
168
169
196
852
870
111
166
168
169
167
169
172
203
2165
1632
718
142
167
169
167
167
167
226
701
143
165
165
160
164
161
164
172
189
217
477
132
171
170
169
168
172
166
168
224
357
312
114
171
170
168
169
168
173
169
225
220
123
118
170
172
170
167
167
167
180
122
116
172
167
173
171
171
173
167
167
197
537
155
168
167
171
169
168
167
165
196
724
224
167
169
168
169
170
167
167
169
220
526
146
170
170
169
165
168
166
166
1077
750
103
84
168
167
166
171
169
169
166
271
362
108
168
168
170
172
176
167
168
213
327
86
164
140
177
166
167
168
170
167
234
525
104
167
171
170
166
166
167
168
213
172
140
169
171
169
169
169
171
170
168
229
181
118
118
170
169
169
168
169
169
223
173
125
141
167
168
166
173
167
166
167
197
205
89
123
167
169
170
168
173
167
230
241
121
124
118
121
121
121
124
118
166
201
187
85
173
166
167
168
168
168
168
206
212
131
172
171
168
169
168
168
173
168
231
91
168
169
170
172
168
168
169
168
174
107
128
165
167
165
168
170
167
167
167
241
172
167
169
585
171
170
168
168
166
217
224
87
171
171
167
171
168
167
167
166
247
162
171
176
169
168
166
169
168
169
230
1291
394
137
194
169
169
167
170
171
170
204
371
92
170
167
167
167
166
166
168
182
989
117
166
168
169
170
170
166
167
168
235
441
311
163
169
168
167
168
167
167
260
95
133
179
171
169
174
168
176
168
167
209
528
158
175
167
168
166
168
170
167
207
566
101
130
170
169
167
167
167
170
168
196
954
185
162
172
167
171
166
166
169
210
1078
724
144
170
168
171
167
169
167
169
202
1013
533
148
168
171
169
167
167
172
228
647
82
164
173
168
167
169
169
167
208
435
152
170
170
168
167
172
167
167
167
208
1623
831
178
161
170
167
169
169
166
231
993
748
148
166
170
167
168
169
169
168
219
1018
688
137
169
171
166
167
168
170
224
1320
556
126
168
169
168
170
167
167
171
255
783
400
124
168
166
169
167
169
166
224
221
145
169
168
167
166
167
167
168
167
227
938
498
162
169
169
169
172
170
170
209
1037
601
90
171
170
170
169
173
167
168
208
219
106
121
172
170
166
166
172
170
210
570
103
121
119
118
122
117
166
173
163
218
97
167
163
167
166
168
166
168
174
197
145
169
170
166
167
166
167
166
140
161
185
167
164
166
171
163
169
172
168
167
207
634
130
114
170
168
169
169
169
171
169
221
1310
572
82
120
170
167
170
168
167
222
2870
2130
1143
279
127
168
166
167
170
168
588
1024
510
98
168
167
170
170
168
168
224
1103
1292
135
164
173
170
171
170
169
173
546
2664
1948
900
83
162
167
168
168
167
227
1891
1685
784
79
171
167
167
171
168
168
432
2345
1528
872
81
169
168
171
170
169
1025
3191
2429
1522
836
142
169
170
176
169
222
822
2106
1224
97
136
167
166
167
166
166
524
1797
1226
277
165
167
170
168
172
169
167
367
1712
1059
311
92
169
166
167
167
165
212
761
459
129
170
169
169
166
170
169
170
202
108
169
166
168
168
169
165
168
164
203
101
120
182
170
168
117
166
167
167
166
243
129
168
168
171
170
168
165
167
166
272
104
119
167
168
169
171
167
166
167
169
252
116
168
169
167
169
167
169
167
172
222
353
86
117
169
165
170
169
168
168
169
224
113
120
116
168
165
167
120
165
166
232
480
84
168
166
165
167
169
165
168
199
130
167
172
166
170
166
165
167
166
166
231
96
116
170
167
172
170
166
168
168
209
178
112
119
170
167
166
165
168
170
169
220
100
114
115
172
169
171
173
168
168
233
126
167
170
171
167
168
166
165
168
165
196
105
121
163
168
169
171
169
166
168
519
183
93
119
173
169
169
171
169
166
168
200
1418
665
96
166
169
167
169
167
169
190
238
88
170
166
169
171
166
165
167
167
201
544
468
162
167
169
168
167
168
167
178
166
171
170
172
166
166
166
170
167
169
229
223
80
121
170
166
168
166
167
167
232
490
134
196
169
170
168
168
168
164
166
219
180
114
120
112
118
117
118
120
116
225
147
116
117
169
171
171
168
168
166
169
212
305
114
120
118
167
168
166
166
172
216
336
86
119
117
118
119
120
116
116
168
250
201
88
119
168
169
171
169
166
168
160
173
115
171
166
168
168
168
166
167
168
207
295
133
170
169
166
131
162
169
165
210
218
81
125
121
117
122
116
119
120
165
230
824
229
117
120
168
167
167
167
167
185
133
88
126
122
118
118
118
120
118
168
198
262
164
170
167
172
171
166
170
168
230
112
119
168
169
170
169
165
168
167
167
207
194
98
123
167
168
142
164
164
162
201
91
98
121
170
181
172
171
168
183
168
200
110
85
167
168
173
169
168
167
167
254
98
165
168
170
167
167
168
166
171
167
202
2152
1273
529
77
164
170
172
171
172
193
2181
1379
790
87
169
169
169
168
171
164
192
863
557
115
121
167
168
168
173
170
224
1185
521
80
123
166
173
169
117
167
168
420
876
318
116
172
168
169
170
167
170
198
1743
969
78
161
168
168
167
167
170
222
1848
1162
169
162
169
170
160
167
167
164
195
245
127
172
171
172
173
170
168
167
207
187
115
171
166
170
169
168
167
167
171
202
113
123
171
167
166
169
170
166
169
284
254
79
119
167
170
168
167
172
170
167
212
119
170
168
168
166
166
167
170
168
235
186
112
168
170
170
168
168
172
171
167
193
216
132
171
169
171
169
170
168
169
188
295
109
170
171
169
172
168
170
170
170
209
209
88
169
170
168
169
167
169
170
228
433
100
97
168
165
166
166
169
170
166
225
110
117
121
171
169
168
169
169
133
191
202
86
168
171
169
170
169
170
172
167
216
206
171
168
168
169
170
169
170
167
192
164
125
122
166
168
168
169
165
167
168
232
596
84
164
163
166
163
165
167
169
209
186
113
124
173
166
169
169
171
169
170
218
1384
635
147
165
166
169
171
170
166
255
557
147
131
170
167
166
168
164
170
168
184
236
133
169
167
170
167
164
165
168
378
802
199
108
121
167
168
167
166
167
165
285
192
85
117
172
170
169
167
166
167
235
115
120
121
168
167
170
167
168
169
168
232
913
322
146
171
168
165
169
166
166
207
343
99
169
170
176
169
168
170
167
168
209
224
168
169
165
168
167
170
167
166
206
714
127
155
120
165
117
165
165
169
166
219
473
117
123
171
167
168
166
166
168
254
626
130
84
168
172
168
167
166
171
167
210
333
140
129
172
168
167
169
169
171
196
394
134
173
165
167
167
166
169
166
164
238
297
132
121
170
166
168
170
168
169
188
207
81
121
175
167
165
164
171
167
168
208
111
117
118
168
167
167
166
168
169
179
100
138
169
168
168
167
167
168
166
187
86
122
166
170
165
167
168
168
166
171
228
99
93
166
169
166
166
169
170
168
209
901
459
133
172
170
165
166
168
171
168
222
832
275
135
140
128
125
126
124
124
178
501
109
165
171
169
166
165
170
169
166
188
187
88
170
173
169
168
174
179
167
219
248
83
173
165
166
168
171
167
166
166
250
135
87
139
168
168
169
169
169
168
253
169
171
167
168
180
167
173
166
168
170
622
187
140
125
179
177
173
173
177
177
236
804
420
174
183
192
178
168
180
182
177
244
298
166
174
173
176
171
172
174
179
201
178
90
130
173
171
172
172
178
175
175
214
226
88
171
176
177
176
147
174
173
237
317
104
132
175
174
185
176
174
180
180
206
948
536
128
178
171
170
177
173
175
261
223
153
173
174
174
172
174
180
175
177
209
211
130
125
176
178
145
177
181
178
223
348
93
125
177
174
175
175
178
177
178
206
231
95
133
175
175
177
174
175
177
186
375
121
122
124
128
125
124
125
173
177
205
247
135
92
172
178
176
177
176
178
175
874
118
117
178
176
183
179
176
177
178
205
207
123
131
179
173
145
171
174
172
201
1072
510
130
130
180
195
179
177
180
179
269
277
89
130
179
177
183
177
180
180
310
1107
446
176
145
174
176
174
177
198
178
214
175
179
176
175
172
215
169
170
175
176
179
173
181
176
179
178
171
151
165
171
165
170
173
164
174
171
175
161
269
167
168
170
169
170
182
168
163
165
171
169
300
132
170
169
175
165
164
164
185
169
163
246
142
101
172
172
171
174
169
172
174
187
340
124
173
172
170
172
169
170
168
172
177
179
133
176
171
171
173
172
171
172
171
193
190
173
170
168
170
169
170
170
169
199
210
120
172
171
172
168
169
172
169
257
184
157
121
172
171
173
169
171
175
172
243
138
148
123
134
180
169
172
170
168
201
356
102
174
171
170
174
169
170
172
169
264
219
141
173
169
168
171
167
170
171
212
245
126
124
155
176
170
122
168
170
172
225
192
170
177
175
170
172
170
171
173
190
211
127
197
171
172
176
173
169
170
172
189
127
167
173
171
169
172
171
168
168
781
493
149
127
121
169
171
169
169
170
174
867
1021
767
139
120
170
168
172
170
170
877
463
124
171
176
168
170
167
175
168
170
774
546
86
120
123
121
119
122
168
168
725
502
123
120
171
169
169
171
169
169
168
739
165
147
171
171
174
170
169
171
169
724
833
121
204
164
164
163
166
164
163
168
835
498
78
119
168
181
172
171
177
169
557
106
168
164
163
166
169
169
173
174
182
626
88
121
141
168
169
146
170
170
171
454
195
127
122
171
167
167
166
167
173
628
511
112
123
189
140
141
170
167
168
170
819
1031
656
130
177
168
168
171
168
167
170
928
796
100
123
171
174
167
168
137
171
1003
667
86
170
170
167
170
174
167
168
167
753
904
80
169
171
169
169
169
172
169
897
623
1362
432
140
118
169
167
168
170
171
788
948
108
120
168
172
171
166
170
168
856
697
118
118
169
169
171
172
169
167
167
843
1055
148
120
170
170
166
168
169
189
853
607
132
168
167
169
168
167
168
168
173
912
641
93
168
170
171
168
168
168
168
854
533
125
170
169
171
166
173
169
167
169
862
964
129
167
169
170
167
167
168
168
1225
867
634
118
169
169
169
168
168
168
915
781
94
169
169
168
170
172
167
171
167
1220
1921
1017
132
162
172
166
168
166
168
934
934
116
142
172
169
171
172
168
171
167
800
791
111
184
175
170
170
170
168
169
850
323
89
138
173
168
171
168
169
168
171
877
542
83
169
168
169
167
168
172
166
848
639
125
170
169
168
168
167
170
169
168
895
1284
298
81
170
172
169
166
172
168
911
608
87
122
167
170
168
169
169
166
167
895
550
87
170
175
169
170
166
168
168
848
928
95
123
170
176
173
168
174
166
169
815
646
79
119
121
118
121
119
119
117
836
216
100
171
169
167
157
166
167
176
166
878
801
125
170
169
171
175
170
167
168
843
502
104
169
171
169
170
169
170
168
169
862
594
80
120
170
169
167
168
171
171
845
706
83
125
169
169
169
172
167
170
165
827
416
113
90
172
168
168
169
172
171
813
574
132
169
169
169
165
168
168
169
170
814
515
122
124
170
171
168
168
171
169
791
2193
1283
280
85
168
167
168
166
169
170
1530
2085
1603
643
97
168
165
172
165
168
1116
2200
1601
639
94
169
168
170
166
168
167
1131
1189
1139
165
123
168
169
171
172
168
799
742
120
128
173
174
174
175
170
178
174
235
332
212
151
179
183
175
179
179
174
219
244
129
132
178
179
176
177
173
199
179
242
224
147
122
176
177
178
177
176
174
173
160
105
122
178
179
178
179
176
177
144
206
247
244
96
170
173
172
181
178
176
195
1480
1618
389
97
178
176
177
179
175
175
227
1943
1242
451
128
178
179
176
177
176
213
263
108
131
176
178
176
176
178
177
175
220
353
97
179
177
175
180
177
176
174
197
350
117
171
174
177
174
176
175
177
181
266
202
115
133
176
177
181
176
169
178
215
822
597
96
175
176
175
178
177
177
204
745
622
107
176
177
179
177
177
175
180
204
708
521
130
178
179
177
169
174
179
204
210
114
111
175
176
176
175
174
174
174
197
661
489
84
174
173
175
178
176
174
207
825
515
93
175
174
173
175
174
175
174
192
1055
864
109
175
176
173
174
174
175
190
232
105
123
127
124
127
125
123
124
175
178
381
132
186
182
173
172
175
179
177
194
236
106
174
175
176
176
173
172
173
174
205
409
173
172
177
175
172
183
171
172
214
1907
1466
635
89
176
184
174
173
174
174
220
835
759
86
177
176
178
173
175
176
200
224
95
176
173
177
176
175
175
173
139
225
886
498
167
173
174
175
178
174
172
233
784
845
98
182
175
174
176
173
176
173
218
1420
1357
468
140
174
178
175
176
173
280
213
129
169
168
167
168
168
175
176
174
191
156
93
180
176
174
177
174
175
175
201
1692
1605
608
135
174
176
174
175
181
188
222
758
715
192
174
175
176
175
174
181
202
669
637
95
176
172
175
175
176
174
175
237
446
106
175
173
175
173
175
173
178
199
288
237
138
174
174
173
177
174
178
176
225
248
84
173
174
175
181
177
178
173
177
150
169
169
172
174
179
174
173
174
172
208
327
113
123
169
167
169
167
170
168
198
279
119
123
167
173
173
177
172
174
172
216
277
145
179
179
174
173
123
172
174
237
181
110
169
170
178
176
173
172
173
172
212
251
89
174
177
185
174
176
172
172
219
2118
2652
1751
750
136
176
173
176
173
175
216
2138
1546
921
96
175
173
173
174
179
205
2800
2189
1321
411
161
175
174
174
173
210
1534
1097
308
123
175
178
174
177
175
172
210
2763
2054
1223
218
162
171
170
170
167
214
2157
1443
812
102
174
174
173
175
173
173
200
1991
1624
717
148
126
173
173
175
176
180
903
682
129
175
171
173
175
176
175
138
148
2050
1359
586
78
174
175
179
175
177
242
1313
1149
199
121
174
173
174
145
169
170
201
265
109
122
169
175
175
176
174
174
222
184
86
173
176
177
175
178
177
175
180
185
220
397
177
170
170
170
176
167
170
224
695
827
101
78
166
169
167
166
178
168
210
232
124
126
178
176
177
183
177
175
202
340
149
175
179
172
172
172
168
174
175
206
212
107
124
173
176
176
176
172
183
222
205
348
91
173
173
174
173
172
172
172
216
214
99
128
175
173
172
172
175
174
217
300
143
168
176
171
179
180
178
178
185
202
202
90
185
181
183
184
177
178
184
202
169
126
93
180
185
185
182
181
180
178
226
364
120
132
183
180
179
182
180
179
276
394
86
180
181
182
180
177
183
181
180
175
486
94
180
180
184
183
181
184
183
238
1068
1368
368
195
182
184
182
193
181
179
229
1499
1531
627
92
129
180
180
180
180
228
2399
1838
910
214
143
182
181
178
181
182
175
2642
2443
1290
495
81
175
174
177
173
215
3551
2796
1945
1200
200
182
183
180
180
179
190
3172
2571
1853
851
94
145
180
179
178
483
3003
2748
1859
1066
132
189
179
196
177
180
291
3233
3007
2084
1083
84
192
181
180
178
221
1308
1526
594
91
185
184
182
184
183
181
230
769
622
107
191
179
179
182
181
179
263
527
146
130
181
179
180
181
183
178
178
265
412
126
183
178
181
180
179
180
178
244
437
173
123
179
179
179
179
178
182
268
354
130
157
180
177
179
179
177
182
178
217
234
147
186
181
182
178
182
179
178
177
224
87
131
180
179
181
177
179
178
178
214
391
163
123
169
183
185
179
180
182
333
1181
354
220
164
169
168
171
170
168
167
215
1096
374
182
181
182
179
182
184
180
228
248
143
180
185
182
179
178
180
178
179
191
320
88
134
181
178
181
181
183
178
697
2502
1696
914
97
143
181
180
181
183
180
328
1478
1192
139
183
180
181
179
181
181
251
762
86
160
181
180
182
185
182
182
185
242
428
107
182
183
180
180
181
179
180
171
185
99
183
183
180
182
178
179
179
178
192
372
91
134
130
130
134
132
129
127
174
443
124
181
180
178
179
183
179
179
179
242
184
96
181
181
178
182
183
179
180
208
217
118
172
181
179
131
185
180
181
180
210
212
154
168
181
185
180
180
178
181
245
318
115
186
179
185
185
180
179
181
180
192
190
131
123
177
148
181
181
177
178
205
153
93
183
179
179
180
176
181
178
178
201
93
87
124
183
181
129
131
179
178
217
122
86
173
170
169
172
167
168
168
179
200
176
121
171
169
170
122
170
167
169
179
112
190
174
182
179
181
181
181
180
190
197
153
161
166
180
179
180
179
176
179
207
107
88
182
178
181
178
180
178
180
189
259
317
89
169
182
181
181
179
182
177
186
1529
757
95
175
182
178
182
187
187
179
286
784
131
130
138
178
180
181
179
182
222
278
108
133
180
182
180
181
180
183
180
287
141
91
181
180
180
179
178
179
180
224
329
141
181
182
183
181
180
180
182
181
223
189
113
182
180
182
183
181
180
183
211
393
116
128
177
178
178
178
179
183
218
217
115
133
179
180
178
179
181
177
180
196
453
117
132
179
181
178
178
181
179
258
601
98
180
182
178
179
176
178
177
183
205
206
86
180
181
181
179
181
179
181
209
326
135
183
180
182
178
177
183
181
179
208
168
120
142
181
180
171
180
178
180
197
958
1338
489
143
179
182
185
180
177
180
291
1009
968
215
181
182
180
181
180
178
234
238
128
181
182
181
171
182
178
179
178
204
196
124
183
183
183
180
180
180
178
199
432
210
138
179
181
181
178
179
178
182
217
1069
479
174
180
182
188
185
185
178
209
956
695
90
181
182
180
181
178
182
180
204
1692
1460
470
114
179
181
180
181
178
211
2407
1499
574
76
182
179
185
180
177
181
185
2645
1995
1138
115
185
181
179
181
179
233
2295
1881
830
83
154
179
183
178
178
180
182
561
585
83
179
180
184
180
180
180
234
2040
1530
614
84
180
184
180
179
181
181
569
2203
1831
515
84
179
180
182
181
184
634
2365
1952
1016
141
178
181
179
183
182
179
211
2652
1941
1215
176
179
181
178
179
178
216
2242
1039
591
126
181
178
180
189
180
186
234
2300
1256
138
139
180
180
174
182
177
716
2433
1703
1041
128
143
183
184
181
180
178
1032
1132
118
117
129
180
179
183
178
182
208
332
86
168
166
171
169
168
169
171
178
260
117
183
176
170
168
166
170
167
168
174
555
144
175
180
181
185
182
177
185
180
227
91
168
183
177
181
184
178
179
178
188
493
143
180
177
180
179
185
180
181
179
236
131
125
151
180
183
179
181
181
178
260
110
135
145
174
175
175
173
175
173
180
232
272
186
132
181
181
181
180
181
180
200
341
158
189
180
179
180
180
178
179
176
229
387
100
181
180
179
187
182
180
182
207
1208
876
96
181
179
179
182
180
180
187
106
148
133
182
180
180
180
179
183
183
181
221
145
182
183
181
181
180
180
186
201
365
102
182
179
182
181
179
181
179
184
214
574
162
129
179
178
183
180
178
183
208
757
373
174
180
183
132
182
174
179
182
184
171
111
184
181
180
182
182
184
178
215
226
130
181
177
183
183
178
181
180
177
279
364
113
183
178
180
181
178
176
179
214
202
108
180
184
178
173
173
173
171
175
185
218
112
132
181
188
131
179
178
180
183
221
96
182
177
181
183
180
178
181
178
235
185
95
180
186
180
180
179
181
178
201
181
144
180
178
178
188
184
180
179
179
173
191
98
180
179
177
182
179
178
178
192
185
110
185
180
179
177
180
178
178
177
208
898
786
92
180
183
184
181
178
177
303
454
96
170
183
181
180
186
183
178
179
209
218
110
131
180
181
183
181
181
194
205
211
134
179
180
178
180
181
181
179
178
206
177
99
131
178
182
179
182
182
178
201
168
128
130
178
179
179
178
179
179
176
176
219
111
179
181
181
181
178
179
178
196
202
110
132
178
180
177
179
183
179
179
227
270
110
181
178
181
179
181
181
179
265
228
106
186
180
179
179
183
181
179
181
183
178
201
179
180
177
178
177
175
180
218
284
113
188
180
180
180
177
178
181
181
184
240
111
182
178
178
180
183
178
184
196
247
121
180
176
179
188
179
178
185
179
243
216
83
131
181
185
179
177
178
180
178
336
235
182
181
180
182
179
177
179
180
214
261
111
138
181
180
180
179
180
174
203
216
102
169
180
180
178
177
178
177
227
311
92
180
179
181
180
172
180
176
186
206
211
84
130
180
177
177
177
180
181
222
195
97
133
184
184
183
180
183
186
181
229
213
106
131
181
180
178
180
180
180
213
435
354
128
180
178
180
178
181
180
180
207
1214
901
129
179
182
179
178
179
179
197
892
286
146
182
180
180
182
180
179
178
269
383
99
179
178
181
177
180
179
180
219
277
117
179
179
178
179
182
180
177
179
188
199
114
181
178
180
179
180
183
178
170
334
106
89
143
138
137
140
173
175
183
208
352
144
191
181
179
195
197
179
180
226
305
122
181
180
179
182
181
181
183
181
191
1002
848
117
183
180
180
178
180
180
221
397
112
181
186
177
181
179
183
179
177
250
227
111
180
181
193
179
179
178
185
182
453
144
144
180
175
186
189
178
176
191
230
568
127
89
184
179
179
178
179
177
238
353
84
179
187
182
181
180
179
178
179
218
198
98
125
174
178
183
191
184
178
207
1169
969
140
180
182
181
181
182
188
178
213
1335
728
92
142
181
179
178
180
177
178
689
105
146
183
178
180
181
183
180
181
190
219
97
227
184
182
180
177
178
180
255
1988
1219
539
125
94
179
187
178
178
179
221
1321
1001
138
186
181
181
180
180
180
242
1155
1351
350
174
180
179
178
185
179
182
219
1755
745
109
181
180
182
180
181
190
184
1949
1169
422
91
180
179
178
180
177
181
219
220
146
179
180
184
179
180
180
179
219
186
143
141
180
179
135
151
180
179
182
206
792
875
144
130
179
181
177
179
180
279
758
965
87
180
179
177
178
178
178
192
217
641
88
141
180
181
129
178
179
180
202
220
123
180
181
178
179
182
177
181
157
195
142
130
180
183
181
180
179
182
178
204
137
174
179
179
179
178
179
179
182
189
304
201
181
184
179
181
179
177
182
180
243
229
93
182
184
184
181
182
185
185
223
249
118
185
180
181
184
181
178
177
180
221
316
107
183
181
181
179
185
178
178
220
227
115
135
180
180
131
180
182
180
178
182
173
180
178
179
178
180
179
182
179
196
213
144
180
183
180
180
185
182
181
181
187
99
135
177
178
180
178
178
177
181
250
152
176
181
178
179
183
178
180
178
180
187
173
98
182
180
178
181
183
181
177
195
195
140
181
180
181
181
182
180
176
180
171
530
100
133
178
179
180
179
179
176
269
354
244
109
179
183
180
179
185
179
180
230
1181
760
111
179
181
179
178
183
182
218
1287
885
164
182
181
181
179
180
180
186
208
232
103
182
179
185
180
179
180
181
192
469
142
176
179
177
178
178
177
181
175
221
1244
983
180
181
181
180
181
180
174
216
1461
1097
132
183
181
186
181
181
182
185
214
322
106
132
180
179
179
178
179
178
182
207
105
182
181
183
179
178
178
149
174
211
397
94
177
174
174
180
196
188
181
260
572
416
108
178
178
180
194
179
187
179
215
207
101
176
181
179
182
130
181
180
240
365
136
180
182
181
181
181
182
178
188
229
305
110
189
177
177
176
180
182
179
214
212
143
182
185
178
181
177
180
181
179
210
185
128
180
180
181
178
179
179
180
230
486
91
125
183
179
178
180
180
181
195
204
191
156
130
181
178
182
181
178
179
196
908
121
115
171
166
181
179
179
198
178
176
179
133
132
183
179
179
181
179
178
198
197
88
167
169
168
168
171
168
169
182
182
90
180
194
183
191
183
186
180
182
193
224
82
186
183
179
180
181
179
181
184
297
408
148
180
182
182
184
179
193
181
217
176
149
130
179
180
183
180
188
179
234
225
121
183
181
176
186
178
175
180
180
205
248
133
170
182
180
180
200
178
181
206
196
130
169
180
179
177
188
178
181
180
215
207
130
169
180
182
178
178
177
178
191
175
164
168
143
184
182
183
181
180
178
198
210
151
181
179
182
180
185
179
179
186
189
170
169
166
167
167
167
167
166
177
171
181
125
171
168
167
167
167
183
179
210
515
103
165
168
182
178
186
181
179
197
167
144
130
166
169
183
167
168
167
170
172
212
131
182
181
181
177
179
178
179
181
260
203
130
173
181
180
178
180
181
180
215
295
109
170
170
167
168
167
167
168
177
203
229
87
181
181
178
181
179
181
180
195
234
121
171
168
182
169
170
182
183
180
202
147
168
169
168
168
170
185
180
178
239
441
211
148
181
182
183
176
175
174
178
290
406
201
169
166
166
177
179
181
178
298
370
214
170
169
169
168
166
166
182
179
212
205
127
134
132
134
128
130
128
130
187
296
110
179
180
181
175
180
179
182
180
278
235
100
168
180
180
182
184
180
179
257
238
104
124
172
179
182
181
176
181
176
298
424
190
169
168
168
170
170
167
179
236
215
100
133
180
181
180
180
182
179
178
258
287
110
120
169
167
172
169
169
166
229
273
120
168
168
168
167
178
180
182
176
238
298
197
178
178
182
181
179
180
181
244
202
125
176
178
181
178
181
182
172
181
207
1193
923
82
134
183
180
178
181
183
213
1670
857
88
121
167
179
179
178
186
180
197
994
456
137
126
187
146
175
175
178
218
200
148
131
179
187
183
179
180
192
209
106
123
134
188
180
181
191
202
175
179
187
232
169
119
184
180
179
183
185
181
209
276
161
134
178
178
180
182
180
179
190
201
223
120
117
180
180
182
180
183
177
227
211
117
96
181
179
180
179
179
182
172
237
221
104
179
180
177
180
179
178
180
171
427
103
143
183
179
179
181
179
182
180
188
334
148
136
174
184
179
180
174
180
234
231
119
184
182
182
179
191
183
178
178
199
204
199
164
181
185
180
177
191
178
206
853
679
78
189
179
185
180
177
178
183
175
200
110
186
192
182
180
180
180
178
191
216
99
136
134
130
128
130
130
131
185
194
156
101
175
180
179
179
178
182
179
186
439
89
179
189
188
180
179
187
179
178
223
233
89
181
179
179
179
181
180
180
214
233
204
129
182
180
181
182
197
178
182
206
197
149
181
182
179
179
179
177
181
213
1550
1144
610
100
181
183
179
180
179
179
296
1800
823
120
156
174
174
174
172
173
157
150
168
180
180
184
183
180
178
178
183
160
200
175
174
181
181
188
177
179
180
144
150
178
138
177
177
185
180
188
179
180
197
184
100
180
179
178
179
179
179
178
208
404
173
189
183
178
179
181
182
177
179
183
395
236
143
180
181
178
179
186
180
184
217
193
179
179
180
179
181
181
179
178
204
190
99
135
188
181
178
182
181
181
195
196
98
179
177
180
182
177
184
180
181
197
192
111
181
179
181
183
184
178
178
186
225
115
133
182
179
179
178
184
180
180
233
205
113
134
179
179
181
182
182
178
212
250
222
187
183
181
179
187
182
180
179
223
207
166
129
180
180
181
132
185
181
207
224
154
133
179
181
179
180
179
182
200
285
142
183
179
181
179
178
178
178
181
248
222
114
132
180
181
180
179
178
179
161
216
140
151
181
181
179
178
180
178
178
189
394
102
179
181
180
181
146
181
181
177
826
644
78
181
178
192
180
179
180
181
159
1361
951
104
180
180
182
178
180
182
230
294
108
131
185
180
177
179
177
177
182
237
220
130
136
188
177
182
177
177
177
176
194
102
180
179
182
180
180
182
179
177
226
198
100
180
183
191
178
181
188
185
199
213
86
171
179
178
183
179
183
178
178
193
256
154
182
150
183
181
178
194
182
177
253
131
180
182
179
198
204
177
178
201
194
209
101
180
180
180
182
193
176
182
203
203
135
172
178
183
180
178
183
196
181
190
149
171
180
181
180
190
185
181
173
161
190
123
152
190
180
182
180
186
181
184
194
261
146
179
180
200
193
178
178
181
190
207
134
172
180
181
178
190
181
178
180
187
167
140
170
186
182
179
179
188
181
197
141
99
133
179
176
136
189
178
181
189
181
166
126
130
180
178
180
186
180
180
208
162
120
182
179
180
178
183
179
182
185
200
104
129
130
180
178
182
180
179
180
205
98
139
179
187
192
180
179
187
182
182
190
115
103
131
182
182
180
179
177
187
219
92
92
133
178
180
179
179
179
179
181
192
126
110
131
181
181
181
181
181
180
205
150
105
182
182
178
179
180
177
181
182
205
94
81
183
181
179
179
177
189
178
183
147
134
131
182
181
182
182
182
181
178
174
109
137
188
180
181
179
142
179
172
225
207
93
180
183
180
183
181
180
179
177
194
134
143
180
182
179
181
177
178
185
206
88
126
182
180
178
178
179
184
180
194
424
141
131
180
182
184
181
183
187
184
201
136
109
183
183
187
181
180
179
179
157
114
95
183
179
184
178
180
183
183
181
206
118
93
180
178
181
183
182
180
183
200
86
106
180
179
182
180
179
179
180
180
217
114
134
181
181
185
180
182
181
185
176
122
93
184
179
182
186
187
181
182
180
168
103
94
179
182
179
179
181
184
179
214
755
90
174
182
180
185
179
180
179
178
197
271
131
128
177
180
178
181
179
180
233
200
110
179
182
182
179
180
179
186
180
188
295
127
180
183
179
181
179
178
180
215
664
84
141
179
181
178
180
180
181
179
209
1894
1108
146
174
182
181
181
180
180
234
146
101
130
183
178
180
181
179
178
182
206
649
77
129
170
181
181
181
187
181
210
2053
1221
261
78
181
177
180
174
178
179
242
1656
705
87
180
181
182
185
180
179
278
115
166
166
168
180
180
181
181
199
179
248
96
99
180
179
181
183
179
180
179
199
99
81
172
179
180
181
182
183
180
182
268
129
140
179
180
180
180
181
179
180
204
87
166
171
170
181
179
180
180
180
182
199
90
118
130
178
179
180
179
181
180
272
110
95
174
174
177
175
168
174
180
180
196
232
88
122
172
180
182
181
180
180
257
125
96
181
185
183
180
180
183
185
182
187
134
133
170
180
182
180
190
179
180
235
328
91
181
184
180
179
184
180
180
179
182
310
140
179
183
182
187
179
173
182
192
172
95
129
180
180
192
181
178
177
180
206
146
98
181
182
182
181
182
183
181
216
237
102
183
181
184
181
179
178
181
184
203
145
175
175
177
181
182
191
247
464
140
176
181
181
180
173
180
181
196
285
111
176
176
180
188
180
182
183
182
177
161
182
181
179
176
178
183
198
186
108
179
181
181
185
182
186
181
182
179
226
149
179
177
176
184
181
181
181
181
180
106
175
169
170
168
171
173
168
178
221
117
139
184
151
153
148
196
181
180
252
103
121
193
183
181
183
191
184
180
181
196
93
181
176
181
183
183
173
181
180
224
112
182
179
180
182
181
183
182
180
113
120
368
181
133
134
141
189
180
195
123
172
168
168
116
174
192
188
183
180
121
91
138
141
139
121
171
170
182
198
90
185
182
232
124
117
164
177
180
181
183
181
181
180
211
123
105
177
178
154
184
178
176
179
1921
371
130
132
176
176
176
180
182
182
1227
943
129
129
190
183
181
181
183
250
156
184
187
177
176
191
152
179
178
184
515
103
176
182
180
181
152
180
182
194
118
131
179
179
179
182
132
182
181
180
237
94
183
179
180
178
183
176
182
245
119
178
178
177
180
151
182
180
180
181
501
159
192
192
182
182
185
151
181
250
145
151
180
180
176
180
187
180
181
184
241
174
180
182
183
184
190
175
175
179
210
116
184
184
181
182
184
189
177
173
202
211
173
181
182
182
182
184
202
181
191
191
172
180
177
178
180
184
181
182
182
244
134
183
184
174
176
176
182
185
181
187
150
138
182
182
184
176
175
182
180
196
117
135
183
179
182
183
181
182
182
260
123
135
136
182
184
189
175
184
176
177
296
178
195
180
180
153
183
194
180
234
407
143
177
183
180
184
151
186
903
663
127
187
182
185
181
181
184
184
204
132
107
183
188
181
182
177
183
181
369
103
145
186
175
175
129
192
177
178
181
215
152
133
183
182
180
183
198
179
214
118
101
180
175
177
185
192
181
179
180
178
161
183
176
190
182
149
181
180
232
130
188
181
185
183
181
175
175
179
178
206
155
136
183
179
185
187
184
176
238
90
129
175
182
149
157
176
173
176
181
159
139
135
133
134
129
133
183
179
212
111
127
180
153
133
136
138
133
130
130
161
173
98
125
132
178
181
174
180
180
177
177
186
184
255
124
101
181
175
179
178
173
180
192
174
179
177
175
179
182
105
87
179
174
182
180
179
179
188
176
178
178
187
207
138
101
135
130
123
129
128
122
128
128
124
130
127
170
190
87
175
149
182
176
148
193
180
154
186
178
179
179
92
131
180
175
130
180
177
134
180
174
180
178
174
178
199
98
141
180
173
180
180
178
181
185
179
178
182
191
214
85
90
131
178
175
131
184
174
180
182
179
180
173
180
167
108
99
180
175
177
179
176
176
182
172
181
180
177
327
113
109
179
179
144
181
180
178
130
180
146
177
184
213
118
104
134
180
181
183
185
184
185
215
494
96
176
175
180
180
180
180
181
180
228
299
103
180
179
180
181
180
130
178
220
391
165
179
180
179
179
180
180
178
183
206
1278
122
101
177
181
179
180
179
181
215
108
128
181
182
182
179
179
178
181
183
198
135
119
181
184
179
180
179
178
183
208
176
181
179
181
184
182
181
180
180
181
208
132
135
180
182
184
181
180
178
180
194
558
112
79
193
180
182
180
181
181
180
219
91
111
180
178
181
181
180
179
183
221
113
129
130
181
181
180
182
178
181
178
202
128
98
131
180
182
181
182
179
181
218
118
100
130
178
157
180
184
182
179
234
131
134
131
131
131
181
181
179
182
180
198
108
118
131
181
182
180
182
183
183
222
121
160
132
181
180
181
179
184
182
181
223
114
136
130
185
180
180
181
183
181
241
102
180
180
182
180
182
182
181
181
182
204
109
130
132
181
179
178
177
181
182
212
119
139
132
179
180
178
183
180
180
177
281
89
132
184
180
182
179
178
179
179
163
109
130
180
182
180
182
180
180
181
179
194
135
134
179
179
180
133
178
177
181
259
124
132
129
181
181
181
178
179
183
195
207
126
135
129
130
177
179
130
181
184
204
113
150
179
185
177
180
180
177
177
178
202
115
97
135
183
180
180
180
183
181
173
185
182
184
180
183
179
179
149
140
145
180
230
96
140
140
183
182
178
182
181
238
205
134
131
179
183
181
178
179
183
180
230
256
152
180
180
181
182
180
179
179
201
206
130
184
181
179
181
181
177
179
180
208
232
132
182
181
183
181
181
178
181
252
184
138
121
178
180
184
170
180
180
179
222
266
136
181
181
180
181
181
181
183
179
226
129
179
179
183
181
182
181
182
180
223
97
136
180
181
175
151
182
179
182
192
169
133
131
180
181
181
180
180
181
180
208
192
112
181
185
181
184
183
182
181
202
106
112
179
178
180
181
179
178
180
179
249
114
93
135
179
178
177
178
178
180
211
98
92
182
183
178
177
181
182
180
185
246
113
136
179
181
179
180
182
178
180
272
233
153
124
166
179
182
185
187
181
181
232
205
159
120
118
117
116
122
120
130
197
118
125
117
128
180
180
181
180
180
178
218
193
176
170
181
179
178
180
178
178
175
169
121
172
168
181
178
183
143
180
201
104
131
179
180
181
180
181
179
181
180
217
223
147
184
183
180
182
179
182
179
190
142
129
182
182
184
179
180
182
188
181
216
110
130
132
180
180
183
181
179
182
179
116
130
130
183
181
180
181
184
177
182
179
179
142
182
182
183
179
181
180
180
201
129
174
185
180
182
179
184
184
184
182
190
110
129
184
182
181
182
178
181
184
186
189
142
132
185
180
181
182
179
182
186
202
117
130
132
178
180
178
180
183
181
152
181
129
134
186
182
182
182
180
181
181
211
172
129
132
180
182
178
179
175
176
226
197
133
126
175
174
188
179
181
178
179
201
136
130
132
178
182
179
179
179
181
225
88
130
135
181
178
181
179
178
179
184
207
121
128
131
188
183
181
184
179
178
223
196
164
182
183
180
183
179
179
178
179
187
117
148
135
183
180
183
183
180
179
188
87
135
181
180
179
179
179
179
182
179
222
170
131
180
180
181
181
183
177
179
190
242
132
139
133
130
131
132
130
129
179
193
285
292
127
179
180
183
178
179
179
295
1034
155
135
132
180
181
184
181
180
178
223
890
202
106
132
132
132
182
179
181
217
262
139
154
132
132
130
130
180
179
185
203
232
148
181
182
181
182
185
182
178
196
160
123
133
180
183
154
179
182
179
177
245
248
154
172
169
135
168
172
164
165
177
176
150
182
184
181
179
182
186
182
182
177
227
189
180
182
180
185
179
179
193
183
192
168
176
170
180
179
187
183
180
180
184
234
145
172
173
180
183
179
184
180
259
189
150
133
179
186
199
177
178
180
179
204
183
131
133
179
182
182
178
189
180
218
192
133
132
183
188
179
179
176
190
188
217
151
125
169
179
181
183
179
180
181
211
222
121
120
177
169
168
168
177
166
218
190
119
122
117
121
118
118
127
128
186
224
181
88
170
169
167
169
175
168
168
215
194
131
133
181
184
184
182
183
192
180
210
193
138
130
130
132
130
130
132
130
233
223
118
132
131
129
168
180
179
178
178
207
199
143
132
130
135
129
130
131
132
202
218
119
132
132
129
134
130
132
179
180
208
221
145
131
131
130
131
130
133
130
177
231
146
132
132
132
133
133
130
134
179
234
234
149
135
134
130
132
131
130
129
206
243
149
133
132
99
130
130
130
128
182
207
289
148
132
129
131
134
133
128
131
245
220
149
131
137
182
180
181
181
185
181
229
214
133
133
133
133
131
130
137
131
269
296
110
133
132
130
132
131
131
179
178
241
200
126
135
168
167
169
168
170
169
197
224
89
122
119
117
121
169
170
170
181
207
265
90
124
128
178
180
181
180
200
242
264
87
130
186
177
178
181
179
182
178
204
132
124
134
182
179
178
178
178
177
209
998
356
125
131
181
178
181
179
181
180
292
253
138
120
172
183
179
177
179
184
182
130
142
171
180
179
181
180
177
178
178
217
175
159
167
168
169
171
168
172
170
193
251
116
168
170
169
169
169
167
181
181
245
158
148
139
180
180
183
181
186
182
211
246
154
183
179
182
184
181
184
182
180
196
281
117
180
179
182
179
179
180
182
239
191
97
133
183
181
178
178
180
183
178
209
249
149
179
181
181
182
180
182
183
178
217
136
134
180
179
179
184
180
178
184
193
195
146
179
185
182
182
180
182
175
141
166
81
167
179
185
187
179
181
181
287
189
122
134
176
167
179
178
181
178
178
220
1110
1232
249
95
184
180
179
180
186
261
248
113
131
182
177
179
184
178
180
178
209
350
129
173
178
179
178
180
182
178
227
247
153
123
178
177
182
178
180
177
180
191
192
135
100
174
171
174
170
174
177
174
192
125
131
179
178
200
180
192
178
174
225
210
124
169
171
168
166
176
178
180
162
199
167
167
169
172
169
169
166
175
179
179
215
145
171
172
175
179
167
166
170
214
223
122
170
175
179
179
184
183
178
175
215
204
125
167
181
186
182
180
182
185
225
188
151
175
168
167
168
167
168
168
180
249
239
122
121
122
129
130
131
136
186
193
82
119
118
167
167
171
179
181
178
173
195
237
117
120
182
179
182
181
178
182
200
204
122
170
166
167
165
168
170
168
180
226
136
138
118
168
180
186
180
185
186
260
230
119
173
186
176
182
170
185
177
180
238
539
422
132
181
193
180
182
181
174
211
560
96
80
180
176
183
178
178
181
182
204
485
130
143
182
178
186
181
181
180
208
227
118
182
181
181
179
180
179
182
192
173
234
129
181
182
180
180
184
178
179
202
210
127
119
176
170
179
168
166
167
174
179
488
95
129
180
178
181
180
177
181
198
214
150
133
179
178
180
178
179
178
179
208
184
156
170
171
168
169
178
183
179
189
238
183
173
169
182
178
179
179
180
182
186
186
142
180
179
178
180
178
184
180
224
202
111
133
181
188
178
178
182
177
187
183
189
86
185
184
181
184
183
179
185
189
206
127
181
179
180
181
180
184
177
180
232
154
182
181
179
184
181
181
179
187
210
243
135
132
179
180
183
131
180
178
234
164
145
132
179
178
181
180
180
181
199
177
188
148
180
186
180
181
182
181
179
251
214
133
180
181
177
177
182
176
181
177
207
300
133
180
181
178
180
180
178
180
205
306
120
170
138
171
169
169
168
166
182
186
187
151
169
169
180
179
183
179
183
243
262
152
132
121
118
118
122
117
131
176
202
194
172
171
168
180
182
184
180
178
256
178
87
131
132
130
131
133
129
129
186
211
261
89
135
135
131
129
132
124
128
203
206
97
126
128
129
131
131
134
128
180
203
237
90
122
133
130
136
128
134
128
188
228
90
134
132
129
178
184
180
181
180
198
223
122
138
180
179
180
182
180
182
212
255
87
134
132
181
180
179
179
181
184
203
273
86
134
133
135
131
127
130
132
230
215
121
135
131
129
132
132
131
132
199
257
235
87
132
184
181
179
178
180
182
208
325
90
94
126
178
179
175
174
178
196
217
128
100
141
182
181
182
185
179
183
202
291
94
137
177
190
184
182
179
188
191
218
200
87
134
181
180
185
179
179
180
207
112
140
142
135
133
129
130
133
180
188
285
220
91
136
182
189
183
181
182
181
308
239
88
142
182
184
178
178
180
179
178
204
151
84
134
181
184
181
181
187
183
260
240
88
132
182
180
178
172
189
179
188
195
214
90
133
136
132
135
130
133
129
197
150
83
132
180
180
182
180
179
145
182
232
245
88
135
131
131
124
130
130
127
203
263
87
133
134
180
179
181
179
180
180
233
237
145
133
128
134
131
133
129
132
215
228
90
130
133
128
132
132
128
128
193
233
188
90
133
131
134
131
132
130
130
214
176
86
137
131
128
130
129
127
127
197
226
92
134
186
181
178
178
178
180
178
288
239
90
132
130
131
130
130
131
129
209
571
128
130
167
179
179
179
186
141
178
223
501
104
130
169
168
168
166
167
149
237
255
123
119
118
168
168
168
180
153
180
281
209
170
171
169
167
169
167
166
168
189
161
170
174
171
166
168
167
179
180
179
169
183
169
171
170
177
177
178
172
180
205
196
171
168
168
170
166
169
170
170
179
208
193
173
171
180
179
180
178
180
180
171
201
172
180
184
179
183
180
180
183
181
178
197
171
181
183
183
181
179
180
181
189
199
179
180
182
181
182
181
178
181
188
188
188
174
179
181
181
181
180
184
181
186
202
166
181
180
176
181
179
179
179
185
201
161
194
169
182
180
179
180
180
179
186
178
170
169
179
181
180
173
182
182
183
208
169
191
170
180
182
183
181
180
180
186
194
89
198
179
182
182
183
179
179
182
195
197
104
182
179
187
186
183
182
180
209
214
131
174
180
181
184
183
180
179
181
201
152
167
169
179
181
180
180
179
182
203
917
943
159
164
183
182
183
180
180
179
211
281
108
174
180
179
179
185
179
182
209
292
86
198
176
176
180
180
190
187
173
191
247
93
182
181
179
180
178
180
179
223
205
167
169
182
180
184
178
180
178
180
208
228
168
171
183
195
181
181
178
179
188
139
188
169
180
180
187
181
179
179
184
190
192
172
180
180
180
182
181
177
185
183
144
171
170
180
180
180
184
181
146
174
176
149
168
169
173
174
180
182
183
179
192
143
134
172
179
196
179
178
181
189
189
186
163
131
179
180
181
187
181
182
179
213
198
131
166
174
182
178
180
193
187
183
206
236
97
142
180
201
189
197
179
204
207
193
175
180
186
178
178
174
186
183
218
212
168
167
182
195
181
179
179
186
186
226
205
144
173
181
180
179
181
179
189
201
199
173
169
182
196
181
179
194
185
179
181
147
164
181
179
188
180
195
175
189
199
193
186
179
180
178
179
191
181
190
177
208
266
121
120
174
168
168
167
177
169
201
381
156
164
170
165
183
178
179
179
190
263
641
322
87
182
182
181
182
177
177
258
659
140
96
180
194
182
179
179
192
182
245
257
120
121
182
178
186
179
179
179
235
239
81
171
179
179
186
180
183
179
177
275
195
87
169
166
184
179
182
178
186
266
183
146
168
168
178
181
181
178
179
184
194
209
82
129
181
144
183
132
178
177
228
211
89
132
180
181
180
180
180
178
190
243
182
109
99
175
179
179
181
188
178
195
158
99
131
181
200
190
182
184
185
179
221
241
86
181
181
183
181
179
179
180
198
197
85
132
189
182
181
181
193
179
181
221
171
95
180
179
200
178
189
182
192
169
168
96
181
181
182
184
187
183
182
182
218
216
111
130
180
178
178
178
182
180
234
218
89
131
180
182
179
179
182
179
189
202
202
86
131
181
182
185
182
180
180
249
191
85
184
183
194
181
180
181
190
181
193
178
114
182
180
179
182
180
184
180
235
221
96
186
182
180
180
179
179
178
177
205
207
83
183
180
184
178
180
180
178
203
208
131
186
179
181
180
189
177
182
180
227
197
87
131
182
180
183
179
181
179
195
187
83
131
185
180
180
184
177
177
191
223
194
85
132
180
185
179
181
181
179
215
211
86
181
180
182
181
180
180
181
212
211
84
132
180
180
178
180
180
181
180
187
218
130
186
183
180
182
179
184
180
210
196
99
130
134
130
131
130
131
180
192
232
231
116
140
183
183
180
180
179
183
238
154
90
128
179
185
179
177
180
181
182
189
200
87
134
129
131
132
128
180
179
206
186
89
182
182
180
180
178
189
177
180
231
240
115
180
183
184
178
177
178
191
170
182
92
182
185
179
188
151
173
175
178
166
208
107
99
173
181
181
178
183
176
201
157
90
131
134
188
191
182
181
178
200
226
207
106
131
138
182
191
196
186
181
229
238
85
137
128
194
180
171
150
189
194
257
170
104
135
143
131
202
192
196
183
190
188
87
131
143
133
123
128
140
190
179
223
187
94
132
131
189
182
183
180
191
232
201
80
147
133
179
179
190
181
179
248
242
154
135
132
134
129
128
128
132
131
213
254
105
133
132
129
130
130
131
130
182
192
208
117
134
184
179
180
180
178
178
188
212
157
183
181
182
156
178
180
179
182
221
179
155
134
182
183
180
181
179
179
232
221
111
181
181
183
180
181
179
177
180
197
197
113
181
180
183
178
181
173
181
222
220
121
139
181
180
181
181
178
181
180
232
211
129
134
183
184
182
183
179
178
194
247
88
181
182
180
182
178
180
178
179
182
190
137
181
179
178
179
183
182
178
195
196
92
182
181
182
181
180
181
185
179
180
203
165
182
180
180
179
179
181
182
215
240
141
179
180
184
185
181
180
178
184
215
225
144
131
182
180
183
181
179
181
193
296
115
131
181
179
179
179
179
179
180
168
196
318
188
182
180
180
179
179
181
218
454
85
102
180
181
179
178
177
180
207
224
125
217
177
179
177
177
180
180
180
214
210
146
122
184
181
177
178
179
182
214
201
142
180
181
184
183
178
179
180
180
204
148
139
135
178
181
179
181
180
178
232
193
104
181
179
181
181
182
180
179
182
199
225
114
132
182
182
184
180
183
180
233
194
115
182
181
182
181
180
181
178
181
188
236
88
183
180
180
182
177
178
180
196
232
90
179
180
182
180
198
182
179
181
223
207
90
181
179
182
182
181
177
181
193
206
91
182
179
178
182
182
182
182
179
203
249
88
181
181
180
181
184
182
176
229
189
112
186
179
181
180
180
181
180
179
215
193
90
182
186
179
180
182
181
183
207
201
98
181
181
182
181
178
178
179
181
187
213
89
180
183
181
182
181
181
180
211
188
100
181
179
179
180
181
181
183
181
227
212
93
180
180
181
178
179
181
180
216
196
88
183
183
181
179
180
181
179
181
232
1164
902
120
93
178
177
181
182
178
224
228
92
136
180
184
180
181
179
180
178
209
397
125
96
148
179
180
180
178
180
246
247
105
181
182
179
179
183
183
183
179
198
184
94
179
182
178
180
180
178
178
273
220
100
181
181
185
178
179
178
178
180
212
210
142
181
181
180
184
179
179
181
217
190
142
121
183
180
182
179
176
179
180
221
270
135
169
181
180
184
180
179
180
213
189
110
181
181
201
180
181
178
178
181
211
232
159
170
180
180
175
170
178
181
199
199
188
170
178
181
179
179
179
191
178
196
205
198
171
181
179
185
180
187
179
200
196
172
170
193
180
180
178
186
178
179
230
256
97
129
178
182
183
180
177
183
234
306
91
111
185
180
186
188
183
181
202
223
129
103
179
184
180
179
178
178
178
212
241
134
112
178
179
182
182
179
180
162
149
80
171
184
179
178
177
187
180
179
257
289
86
171
183
180
177
176
179
186
199
256
85
170
179
179
177
180
181
178
182
189
254
137
184
181
181
177
179
178
140
213
209
89
169
184
181
181
179
180
178
178
200
189
88
173
179
179
182
174
179
180
219
286
88
171
179
181
180
182
178
176
184
248
214
89
171
183
182
181
172
181
178
204
304
82
181
180
188
179
180
182
184
182
202
209
88
182
182
179
182
182
180
183
245
179
90
173
184
185
181
182
181
184
181
194
211
90
167
186
181
181
183
184
184
212
194
81
173
183
183
180
182
180
179
183
208
211
102
182
179
182
181
179
179
181
219
233
95
179
179
180
180
181
182
182
181
171
157
125
169
182
181
183
183
179
180
200
263
84
181
181
177
181
179
179
179
180
216
229
87
170
178
179
178
179
176
179
182
270
85
170
184
183
180
179
181
180
179
208
197
131
170
182
182
178
178
178
178
227
181
87
183
183
183
182
182
179
180
184
181
241
166
183
180
182
182
180
185
178
184
212
170
180
180
182
182
179
182
180
181
190
241
118
182
181
181
178
179
182
181
187
162
148
90
168
170
167
165
168
167
179
204
206
149
131
173
183
178
168
180
178
218
259
128
98
180
177
181
180
180
182
180
213
208
160
92
183
182
180
181
181
177
207
263
164
91
179
181
182
182
178
178
179
207
204
184
90
181
180
181
183
182
185
183
223
152
90
183
181
182
185
180
179
179
198
217
84
130
130
130
133
181
182
182
204
236
87
130
139
144
141
178
175
184
182
190
208
93
170
181
190
184
184
179
187
256
231
187
168
179
167
173
176
168
169
196
226
178
169
169
177
170
166
181
184
183
273
272
191
170
171
179
190
180
179
179
222
216
171
168
181
178
177
191
194
179
179
203
279
186
171
168
177
169
168
170
188
215
219
171
174
168
167
166
173
167
178
134
197
258
174
163
167
168
166
169
183
179
193
248
133
170
170
181
183
181
179
181
199
237
204
133
174
166
180
179
197
181
180
196
155
132
169
171
188
178
181
178
190
192
217
246
130
170
167
168
176
170
167
166
180
280
127
170
179
169
172
169
199
188
181
206
256
131
170
169
201
184
182
182
195
207
180
132
166
179
179
179
190
179
187
183
182
152
168
171
179
178
177
181
193
180
203
216
107
122
181
146
173
177
180
178
184
220
190
123
181
175
177
177
181
177
177
198
240
118
170
178
180
144
181
179
179
178
234
233
89
170
181
173
174
178
174
175
211
260
86
169
173
182
179
184
188
182
177
205
215
154
168
177
191
185
179
177
190
167
224
95
167
179
178
179
192
182
180
183
220
231
130
168
183
179
180
177
182
182
204
362
552
114
179
179
180
183
180
179
177
219
179
144
128
173
178
177
179
180
179
206
497
291
83
180
193
182
182
181
190
183
224
224
124
182
180
179
180
178
182
182
204
184
84
181
182
183
179
178
186
182
181
182
205
87
172
179
183
183
179
178
187
194
265
125
180
179
179
180
179
180
179
179
225
195
84
169
172
179
184
181
194
180
220
245
166
172
178
185
185
180
178
180
183
229
268
170
171
180
179
182
181
180
179
183
218
171
170
180
180
178
180
180
179
179
190
170
176
170
168
171
168
169
177
183
164
182
167
181
184
181
180
183
181
180
220
210
167
172
171
175
170
169
171
165
191
196
187
166
170
172
179
181
185
180
179
200
197
167
170
179
183
182
182
179
180
180
209
201
165
170
181
181
182
181
182
183
197
188
175
169
169
168
169
167
169
171
179
196
186
137
120
181
178
179
150
180
181
234
198
176
172
166
167
181
167
179
180
178
188
214
168
171
168
169
168
183
162
167
261
240
147
169
169
167
169
168
166
166
180
211
186
179
170
185
180
167
179
179
180
361
394
101
167
162
165
161
162
167
185
187
188
232
108
172
169
168
174
201
179
184
206
200
101
125
171
172
169
166
178
180
186
215
199
169
90
168
195
188
178
189
198
207
209
88
187
182
179
180
186
180
182
190
184
242
86
171
174
173
174
178
184
173
287
269
85
120
168
168
191
185
183
180
192
201
221
134
135
180
179
179
190
183
177
227
243
107
130
180
188
180
180
178
183
178
193
221
131
179
178
178
183
181
179
178
251
195
154
177
189
179
181
175
192
181
180
183
213
122
119
169
182
169
170
168
178
184
243
119
171
180
179
181
191
184
181
175
281
280
127
119
180
187
169
171
172
168
227
223
151
169
168
168
175
173
166
169
187
203
246
121
174
169
170
169
184
188
177
211
186
146
132
180
194
180
180
181
184
183
200
214
153
129
181
180
188
183
177
178
203
176
149
178
181
177
178
181
179
177
179
190
167
126
132
180
182
182
182
181
188
196
218
134
134
182
178
180
179
183
182
178
236
220
134
179
184
179
179
188
185
182
180
186
140
176
177
172
180
178
178
178
172
179
173
180
188
209
122
131
180
182
179
171
179
171
179
195
179
181
171
176
192
184
93
116
131
182
180
178
191
184
179
180
182
223
124
132
181
179
179
179
183
182
200
176
179
182
180
182
185
179
178
178
186
207
180
179
189
183
179
181
182
178
180
212
215
146
132
182
188
178
179
181
190
186
237
201
150
131
184
174
179
183
179
178
189
167
142
130
181
183
180
185
184
177
178
203
204
138
182
180
184
178
181
178
193
201
223
143
184
180
184
184
180
177
179
184
194
116
125
150
179
187
181
180
182
179
202
230
147
129
179
185
192
185
178
182
183
207
192
144
182
180
180
184
180
180
179
192
96
119
134
181
181
184
182
181
182
181
190
191
141
131
179
182
181
185
180
180
195
212
146
183
182
182
181
185
182
183
180
173
158
118
131
180
181
182
183
180
188
192
235
130
180
178
181
182
194
188
193
182
177
188
122
185
189
181
183
184
180
183
219
112
132
133
179
178
182
180
180
179
190
265
179
170
169
182
181
178
181
181
179
166
251
155
118
168
170
169
167
169
166
178
205
204
141
167
167
176
170
171
170
180
226
248
111
177
168
176
178
179
150
203
178
217
211
192
131
189
180
177
195
187
180
215
178
87
168
177
167
167
171
181
173
185
226
182
87
167
171
196
178
182
179
188
191
181
113
196
180
182
184
193
180
178
192
210
207
102
118
195
181
145
188
195
179
195
182
131
170
167
168
180
167
179
189
193
230
292
106
178
171
188
187
194
180
184
216
260
179
127
167
180
179
176
177
186
179
215
180
108
85
167
167
177
167
180
182
226
196
139
126
178
167
179
181
182
179
187
283
279
89
121
121
130
119
121
117
128
243
244
147
134
166
179
186
184
178
180
222
215
125
86
130
186
178
180
182
191
178
230
224
106
130
132
130
134
128
149
128
268
213
142
95
144
179
178
179
186
178
185
193
252
144
167
166
181
178
186
192
173
182
205
123
98
181
190
179
192
182
180
182
199
169
121
142
135
184
183
182
185
181
200
196
132
122
120
128
134
128
129
131
145
258
174
131
131
133
129
131
134
130
130
253
195
135
134
133
179
178
181
179
182
177
223
217
135
181
181
178
181
178
180
185
183
193
119
123
118
133
129
129
135
128
183
198
193
148
85
120
174
168
169
167
166
245
218
135
94
131
179
184
185
179
178
183
218
220
124
76
124
177
182
180
179
178
205
248
136
91
135
131
186
178
182
178
185
251
247
138
93
128
176
179
183
180
179
226
209
123
95
132
134
130
128
129
130
178
223
202
141
93
133
181
182
178
179
180
202
239
88
126
171
171
167
166
171
168
179
223
250
104
120
168
168
169
170
168
176
225
201
150
184
182
181
190
196
190
182
184
215
234
128
183
181
178
180
179
186
182
206
214
145
123
171
181
182
180
178
182
187
211
244
140
134
133
130
133
133
136
130
209
197
128
132
130
186
177
180
180
180
177
243
263
127
137
131
182
181
176
178
183
189
200
121
131
138
180
178
183
179
181
177
192
185
135
120
123
130
128
131
127
135
257
248
124
136
128
180
178
182
178
180
179
261
251
121
131
182
179
181
180
187
178
177
134
137
126
180
180
183
179
182
178
192
182
237
127
133
182
178
180
179
178
178
229
257
143
133
130
183
179
181
181
182
178
244
199
144
134
133
185
195
182
183
178
200
235
144
127
171
179
182
181
179
178
227
236
140
133
145
129
101
93
91
93
145
188
212
103
134
177
192
175
190
177
180
189
279
122
121
124
133
140
129
134
132
198
193
204
147
139
129
179
185
188
181
180
204
614
109
84
119
132
129
133
131
135
191
206
1289
1084
125
97
177
178
178
193
190
211
1090
655
84
184
178
183
194
195
203
190
236
1030
91
94
179
190
179
184
183
188
206
210
104
121
133
132
129
140
129
128
179
182
183
135
130
136
129
131
129
186
179
222
104
120
130
131
129
139
129
131
130
200
187
178
147
124
129
134
128
140
129
129
193
188
176
168
182
192
181
181
182
179
178
192
115
169
169
179
180
177
168
178
179
196
202
119
132
134
129
136
129
136
173
187
195
182
137
181
177
186
179
179
181
191
217
239
141
189
179
178
178
179
177
179
180
198
187
113
181
182
179
183
179
182
178
193
186
143
178
183
182
190
179
184
181
178
194
781
131
115
181
179
145
181
181
184
211
217
133
173
169
173
171
170
183
182
181
193
191
153
183
183
181
184
182
182
181
192
181
100
131
132
129
129
132
129
138
186
210
205
142
182
185
179
182
185
179
182
185
185
143
184
179
182
182
182
181
179
187
194
199
113
179
179
179
181
183
179
177
209
219
131
171
171
169
171
183
181
184
184
210
202
96
131
134
129
130
131
128
131
202
202
146
183
180
187
180
181
180
187
183
178
149
98
122
118
121
119
119
123
118
182
156
147
171
165
180
182
180
177
177
180
238
206
167
174
167
178
180
180
180
180
199
186
132
184
170
179
182
179
179
183
185
185
174
131
173
177
169
168
171
188
178
182
201
130
172
170
172
174
162
171
167
190
200
82
120
118
116
120
119
120
117
177
195
202
173
170
169
180
182
175
180
178
198
209
114
131
137
133
129
137
130
130
180
201
165
180
184
181
179
179
180
180
184
215
217
172
171
168
171
174
173
170
167
191
190
212
105
130
183
184
180
180
187
181
200
215
104
132
131
184
181
181
180
178
182
223
208
92
172
181
179
183
179
182
181
196
699
108
143
172
179
180
178
183
181
181
195
869
92
165
187
187
179
181
183
181
230
237
84
128
120
117
124
117
118
117
179
201
200
88
120
132
128
129
133
130
133
185
201
100
169
181
182
181
179
178
182
196
203
600
82
88
176
174
174
173
177
179
173
622
150
91
189
177
172
186
189
193
174
237
695
132
96
182
189
183
194
183
181
198
374
165
91
180
180
193
179
183
193
183
208
186
136
122
129
127
141
119
134
127
198
175
173
168
194
182
184
180
192
182
191
186
202
128
131
132
131
128
178
177
179
205
164
156
125
132
131
129
135
129
132
178
220
160
96
79
116
133
131
134
133
129
227
223
95
119
128
178
186
179
179
179
195
198
203
168
140
130
181
177
182
181
180
198
203
136
131
129
137
132
132
131
141
193
190
203
149
119
130
128
134
129
129
130
216
223
147
135
139
132
129
129
139
130
188
194
203
140
131
130
142
131
132
132
125
177
136
131
121
132
181
181
190
179
180
177
182
191
158
121
135
129
129
131
134
127
171
172
119
120
128
129
151
131
130
132
183
183
180
125
120
132
130
129
134
130
132
187
207
131
101
130
140
181
179
178
177
184
201
193
152
119
131
129
127
131
131
130
180
193
121
135
132
179
178
177
180
180
200
215
87
131
133
131
131
129
131
127
198
193
197
150
120
130
180
178
183
182
179
206
184
124
132
128
181
182
178
179
178
177
182
201
148
121
129
132
135
123
124
173
178
190
125
119
124
129
178
179
178
180
179
198
164
126
132
129
130
128
132
127
128
196
220
114
132
142
129
131
132
132
130
177
199
188
143
120
131
130
129
131
129
180
167
113
120
120
128
130
128
131
131
130
187
181
185
125
131
138
131
129
133
129
133
198
216
120
130
130
129
129
133
129
129
183
206
233
125
120
128
131
140
129
127
132
187
202
117
121
129
129
179
182
179
177
181
199
177
135
130
132
130
129
133
128
140
206
189
124
117
130
177
179
184
187
180
177
166
166
119
121
128
131
130
133
151
128
191
199
170
121
135
178
180
180
179
181
177
178
157
163
118
132
179
180
182
181
181
218
187
144
119
130
177
181
178
179
181
174
170
178
157
127
134
129
145
129
130
129
191
195
154
118
148
138
129
130
142
136
180
189
199
129
118
130
132
129
128
131
140
169
187
141
134
132
130
129
134
132
129
180
195
198
140
119
133
181
177
178
178
179
168
197
118
120
128
130
130
129
135
128
178
221
218
119
123
129
131
131
131
130
129
187
361
81
114
128
124
125
172
172
178
177
170
138
170
134
145
128
124
197
181
190
179
198
149
119
130
136
129
131
130
140
190
177
213
87
118
182
180
191
185
180
181
194
641
83
89
187
181
184
179
187
173
186
211
606
111
114
166
176
168
169
170
179
193
197
151
122
129
132
129
134
129
177
197
207
197
89
122
144
130
130
136
129
128
196
188
87
120
132
130
192
188
130
183
202
194
84
130
127
183
183
180
184
182
178
206
181
129
118
131
138
129
129
130
186
204
222
87
124
128
130
128
135
128
179
182
194
200
121
141
148
129
131
129
148
177
195
173
107
127
129
130
143
130
130
128
140
214
271
132
135
132
128
128
142
127
126
184
222
104
182
178
194
190
182
185
203
185
218
209
82
119
179
181
180
178
182
179
226
228
94
134
180
178
178
178
184
179
184
177
214
83
133
183
187
179
183
182
186
389
485
84
117
182
179
178
178
179
179
183
197
214
85
130
138
129
132
128
94
124
232
190
82
150
131
185
193
189
180
180
183
224
221
83
137
132
135
132
135
176
181
265
240
83
131
129
130
130
130
131
134
187
193
183
85
132
131
129
135
129
129
131
180
233
84
133
130
130
180
179
185
177
180
198
264
85
132
179
184
180
177
179
184
267
214
104
129
132
179
178
185
177
177
178
200
160
133
134
135
131
129
132
131
131
199
213
165
132
134
130
130
132
132
129
187
218
201
143
133
128
129
129
183
179
179
191
180
139
130
134
132
134
177
130
189
188
198
269
187
129
136
149
190
179
179
180
248
181
143
136
182
181
180
188
187
183
178
182
221
138
131
132
185
179
179
183
180
269
164
151
131
179
180
184
180
178
177
178
214
238
126
121
171
170
170
167
171
170
206
250
139
120
170
168
171
175
168
177
191
198
216
125
119
175
169
170
167
170
167
220
177
165
167
172
183
176
179
179
184
183
258
206
138
169
169
170
167
168
168
183
212
186
125
118
170
171
167
180
180
186
178
231
220
124
120
174
169
168
165
167
174
208
188
144
174
168
170
169
176
170
176
189
149
124
122
172
174
165
168
167
174
179
260
197
136
122
167
168
171
118
170
168
196
194
126
120
168
168
167
167
185
181
182
207
187
169
170
172
169
167
169
168
142
183
189
164
166
170
163
171
180
173
178
183
248
222
183
168
182
181
168
179
174
178
223
195
124
131
169
178
193
175
192
178
181
181
252
101
169
171
168
125
167
184
169
266
203
115
168
166
169
180
171
167
181
181
210
110
126
170
168
179
181
193
182
177
201
172
143
172
169
202
179
181
180
193
178
182
218
119
171
170
168
182
171
170
172
261
161
126
119
179
168
166
168
172
168
145
171
172
122
179
178
192
182
185
184
194
201
229
151
178
181
181
179
190
180
178
182
195
170
156
128
186
183
180
182
192
177
194
181
145
182
188
178
187
181
181
185
196
212
235
158
193
178
179
175
192
180
180
214
187
132
133
180
185
184
180
179
189
183
201
211
146
182
179
182
193
178
183
180
185
183
103
185
174
178
181
180
181
177
179
197
167
146
184
181
180
180
182
180
179
188
208
150
133
179
178
180
149
178
184
181
189
204
147
182
183
179
178
181
180
178
178
170
167
135
181
179
181
178
178
183
197
163
160
156
180
179
181
179
181
181
180
235
193
140
133
180
192
180
177
178
182
181
187
227
153
130
184
179
181
180
179
178
207
217
194
180
182
178
181
177
185
179
177
192
218
146
182
181
181
179
181
183
181
209
210
132
135
181
182
182
182
179
180
178
198
219
139
182
182
179
181
180
188
179
203
197
154
177
183
184
181
177
178
179
184
193
422
83
117
179
180
186
183
180
181
214
197
86
182
179
185
180
180
183
181
231
245
184
184
178
184
182
189
181
180
179
185
288
197
169
168
181
179
183
184
182
220
207
130
135
182
177
185
179
179
179
197
193
236
152
185
176
180
181
190
181
180
191
197
139
179
180
180
178
181
179
185
178
252
232
175
185
181
180
180
178
180
179
211
167
143
121
182
180
179
180
178
176
178
178
166
133
181
186
190
180
179
185
186
189
228
179
183
183
179
182
179
178
185
183
184
213
132
182
184
181
179
183
185
181
255
241
95
179
181
180
183
181
178
179
189
245
228
91
173
169
169
172
171
166
169
203
184
142
131
181
183
180
184
181
189
178
214
206
104
183
184
179
186
183
179
184
202
189
173
183
185
179
180
187
184
180
179
201
235
99
181
181
189
180
178
186
182
217
201
102
168
171
171
167
139
164
166
174
169
163
174
165
176
190
180
200
189
174
216
198
167
162
169
170
169
184
181
173
193
224
232
160
175
184
169
170
170
183
173
177
223
138
167
171
178
178
176
188
192
175
269
176
171
170
165
169
176
179
172
185
227
196
148
168
171
183
167
169
168
178
178
232
232
134
170
170
174
179
166
168
171
242
114
182
177
195
179
185
193
201
181
185
188
222
117
124
121
178
176
166
170
171
184
203
112
133
181
183
183
191
180
182
192
198
186
139
134
190
179
180
181
190
178
193
170
145
166
171
184
184
179
179
190
199
219
268
112
124
192
182
183
197
179
187
197
216
133
128
150
134
178
192
191
197
181
215
420
127
115
130
130
189
185
184
183
228
197
122
130
187
178
183
185
192
189
187
244
151
79
135
131
181
178
180
182
183
190
253
131
126
186
181
187
181
183
181
178
244
135
133
145
180
181
181
180
177
183
252
154
94
135
135
131
133
131
131
130
193
291
90
183
187
182
180
180
180
182
183
183
236
91
192
184
181
180
189
181
193
186
153
92
188
178
181
185
182
180
180
181
195
174
134
179
189
179
183
182
179
182
176
223
102
182
182
182
183
183
192
178
185
196
142
154
188
179
181
183
187
182
182
189
239
114
194
183
181
180
185
183
185
184
263
263
81
185
181
180
186
179
185
181
173
113
83
181
182
184
182
182
187
179
193
258
224
147
139
179
186
178
180
182
182
206
244
115
183
179
179
179
183
183
182
178
211
176
119
187
181
178
180
185
181
184
194
279
93
183
183
182
186
182
180
181
192
213
161
172
184
178
183
184
185
180
183
214
175
87
179
179
182
182
183
183
185
178
253
293
149
183
191
183
182
179
185
177
255
279
93
185
182
178
192
181
191
180
183
261
264
111
182
182
183
184
180
180
181
278
257
149
181
181
185
184
181
178
181
184
273
199
86
183
187
181
184
186
178
180
264
247
142
133
183
182
179
181
184
178
192
169
180
132
194
177
184
179
182
178
179
253
226
120
134
185
185
181
180
179
187
181
228
266
116
185
180
185
182
180
180
179
287
215
114
172
182
180
183
181
183
178
185
261
193
657
82
171
178
178
182
179
177
234
944
135
116
170
178
180
178
179
184
181
230
695
132
132
138
171
175
173
172
174
219
216
114
195
189
193
179
171
185
181
176
238
274
150
131
146
179
177
174
193
129
122
121
166
178
173
179
174
181
177
180
178
184
179
203
255
145
134
129
125
127
177
179
179
174
180
173
176
172
180
155
218
119
123
118
124
129
130
131
144
134
135
188
203
801
265
128
190
180
181
199
179
178
223
650
156
155
185
190
191
134
184
181
176
210
192
129
144
134
133
129
136
132
128
265
225
98
121
122
128
133
129
127
135
185
214
249
107
123
118
175
182
169
168
167
214
262
110
136
140
131
130
133
186
180
199
237
175
111
129
130
130
130
130
141
189
218
247
98
95
133
133
133
140
135
185
134
221
234
85
180
182
181
180
185
188
182
270
240
130
184
181
179
185
179
186
182
152
235
191
128
180
182
183
181
140
155
177
180
158
85
181
179
182
182
179
181
196
184
392
387
105
164
166
162
162
165
173
175
180
208
148
173
169
179
181
178
178
180
184
244
192
125
169
167
171
179
179
180
184
190
208
131
168
180
182
180
179
181
181
177
194
182
147
135
190
185
179
180
141
199
184
197
161
98
180
188
193
199
187
188
203
219
629
103
134
175
185
181
186
179
178
221
513
123
99
181
178
180
179
179
181
180
200
215
111
181
178
181
182
187
182
180
166
157
132
181
190
181
185
184
186
179
189
197
208
148
133
183
194
183
181
178
182
222
196
149
192
180
178
181
182
180
177
177
190
202
141
179
177
176
180
181
183
179
218
201
98
132
178
182
182
180
180
181
192
197
271
97
186
179
178
178
184
180
177
227
259
142
131
182
180
178
180
180
199
179
203
204
193
184
182
179
185
181
178
179
221
182
148
130
183
183
181
178
180
179
187
191
156
150
180
181
184
179
180
180
181
253
196
135
133
182
179
182
138
180
180
180
226
209
119
180
183
181
183
180
190
178
207
207
133
133
179
180
179
181
181
180
240
196
132
182
183
180
178
182
183
184
182
189
250
117
180
179
183
182
179
179
182
197
207
152
132
179
181
179
179
179
179
181
179
244
149
180
182
183
180
182
182
180
201
181
117
122
118
120
131
118
117
131
190
197
279
127
173
181
184
181
190
182
184
227
232
171
169
167
181
179
180
178
183
181
198
246
85
117
166
176
178
173
174
173
194
201
119
119
176
166
170
182
166
174
176
212
174
188
182
175
167
183
179
170
201
195
193
175
168
185
169
168
180
192
185
178
207
176
94
131
183
188
178
185
179
196
197
216
129
193
181
184
189
199
186
180
181
202
164
130
129
181
187
178
180
194
179
205
184
168
169
169
179
180
189
179
179
195
210
178
123
133
173
174
170
183
169
173
244
253
128
119
166
176
169
168
169
179
189
210
203
147
168
173
168
189
169
172
170
205
209
108
167
178
170
170
172
180
191
190
249
206
144
121
172
194
183
179
180
194
193
213
115
123
181
181
190
196
183
179
180
226
151
120
168
173
169
171
173
190
186
189
202
134
131
178
182
189
179
179
180
195
188
213
138
136
177
179
185
187
176
180
206
177
131
185
180
187
183
179
179
183
183
184
230
165
134
133
129
135
156
128
135
212
196
147
133
187
181
180
181
193
180
184
192
164
113
131
181
186
181
180
184
187
231
232
99
188
185
184
181
189
189
181
184
195
173
164
168
171
183
186
181
183
184
182
151
108
170
169
172
169
169
168
168
195
201
199
89
175
169
175
168
184
169
179
220
166
143
172
167
168
181
179
180
185
180
190
184
121
120
167
170
170
168
166
179
246
208
166
170
174
167
167
166
170
169
226
225
118
182
178
181
183
178
180
184
190
162
164
139
179
178
181
181
185
185
179
190
248
170
186
184
185
178
183
147
184
185
209
201
135
181
179
180
182
179
180
185
185
169
98
132
181
179
183
188
181
179
189
186
189
135
133
180
186
183
182
185
185
196
174
120
186
181
181
182
186
186
183
199
248
198
86
168
178
179
180
180
189
181
204
191
119
172
167
179
190
181
180
180
199
197
184
121
171
173
185
183
184
179
181
237
161
143
170
167
183
179
179
179
184
177
207
192
134
170
168
173
168
172
178
178
206
194
87
87
178
168
167
169
183
167
184
246
204
120
119
166
185
189
183
180
181
237
225
136
174
168
168
173
176
170
168
182
204
278
122
130
131
134
131
134
131
129
215
219
170
170
175
171
174
171
169
168
187
254
213
146
169
169
180
182
195
179
181
232
259
144
173
169
185
183
184
184
186
186
203
214
124
173
181
180
182
182
181
183
380
317
92
131
131
131
130
130
179
188
205
249
218
116
121
168
192
182
172
175
195
236
199
165
181
172
171
167
177
181
183
203
222
182
124
122
177
166
180
179
193
186
199
187
166
128
183
181
187
179
180
180
174
180
192
145
200
183
184
182
197
189
184
236
184
120
135
180
183
181
180
184
198
196
222
139
164
184
182
179
201
194
191
179
241
210
143
136
192
181
180
178
194
182
191
216
194
119
132
179
196
181
178
181
191
209
193
149
191
185
184
183
195
180
177
179
192
228
113
185
197
184
185
178
189
186
232
197
146
185
181
182
196
184
179
181
177
191
199
115
142
184
189
189
201
184
186
190
252
167
186
182
189
186
184
178
186
183
204
132
190
179
180
179
190
179
181
183
224
198
123
131
186
183
186
179
181
179
271
192
118
184
180
182
189
181
182
182
188
239
196
117
132
144
181
180
187
180
182
195
227
117
183
179
189
184
179
185
189
193
256
208
166
172
169
179
183
180
185
183
216
223
117
170
189
179
181
187
179
178
183
189
181
129
124
179
184
184
181
181
179
242
186
128
172
179
181
180
181
180
180
178
172
160
129
174
177
181
182
178
187
180
242
196
124
169
172
181
189
182
183
180
180
244
188
138
134
179
177
179
189
179
181
183
174
115
184
183
186
179
179
178
185
178
260
184
119
182
183
180
186
179
184
177
199
223
122
132
188
181
187
184
197
179
186
235
203
150
137
181
180
184
181
181
188
244
253
148
190
181
183
182
184
179
182
180
181
231
114
178
180
182
176
182
181
178
200
277
125
176
184
181
184
181
180
178
197
259
189
170
186
185
180
179
185
186
184
214
243
122
188
183
197
179
180
178
182
191
197
173
152
180
183
183
183
179
178
180
192
205
121
138
188
180
180
180
191
183
183
222
212
123
179
179
186
182
189
181
181
208
257
139
135
184
182
181
186
179
178
180
209
210
121
181
191
182
181
180
193
183
205
207
148
180
181
179
183
187
181
182
194
215
200
115
136
180
183
184
195
180
180
202
241
108
134
179
185
180
181
183
192
183
230
665
231
83
172
181
178
179
180
180
197
200
84
120
172
167
170
186
188
177
189
275
209
143
121
169
195
187
132
179
198
306
239
98
172
167
178
179
178
154
174
172
235
302
125
165
178
187
175
169
182
181
236
245
98
192
188
181
194
181
180
180
251
237
89
123
131
123
120
117
135
173
197
257
222
89
192
185
199
181
178
192
200
253
1065
875
78
81
180
182
198
186
180
178
203
260
143
135
144
138
132
132
142
138
218
1197
1693
627
91
126
193
184
189
183
178
203
265
90
177
169
181
182
198
188
182
227
162
128
171
178
180
191
185
179
201
196
213
249
98
177
170
170
189
175
169
171
275
151
146
172
186
187
184
182
197
181
191
275
212
92
167
171
177
164
168
170
168
283
202
86
135
173
175
169
176
186
182
181
293
220
93
126
185
181
181
192
203
187
217
234
84
172
174
180
186
182
182
181
201
228
196
125
183
179
181
188
196
182
181
205
206
84
170
190
187
180
181
182
188
183
240
211
90
124
185
184
185
183
181
187
188
542
131
128
128
124
127
128
127
178
183
178
279
124
134
130
191
183
188
183
181
209
195
120
134
182
185
181
187
183
183
181
224
144
186
224
196
83
144
128
122
128
127
130
145
129
130
136
130
130
126
175
178
159
212
149
133
129
130
128
132
181
190
185
284
98
133
190
185
183
178
181
187
183
205
218
125
130
133
129
128
129
127
130
185
214
127
134
182
183
183
180
185
177
181
194
204
146
120
178
183
182
182
179
180
209
189
120
132
131
129
128
138
128
130
182
187
169
122
119
134
128
132
133
141
129
186
223
169
183
182
183
186
184
181
184
197
198
248
173
173
181
182
181
181
181
180
225
134
173
172
180
190
181
179
183
184
189
191
252
166
187
184
180
189
179
180
185
235
198
133
171
184
179
184
180
183
181
183
190
185
168
176
186
191
186
181
178
189
224
180
284
146
180
181
180
185
183
178
238
731
190
96
174
171
169
169
167
174
186
188
177
118
172
172
166
168
173
170
168
190
187
135
170
175
168
168
179
182
179
184
179
164
164
165
177
184
167
185
182
189
203
179
171
178
174
179
181
186
178
180
182
189
175
172
169
179
167
170
166
176
167
273
226
93
172
171
168
172
169
171
181
178
185
212
164
171
172
168
166
174
168
183
235
291
84
170
169
173
170
168
183
194
184
197
244
131
173
169
170
181
172
168
170
222
179
107
169
169
170
149
177
176
175
175
226
175
133
168
162
176
174
171
169
173
219
217
161
131
176
177
168
189
173
171
179
191
187
145
129
173
175
175
186
192
193
227
225
139
169
175
180
201
183
182
183
175
175
177
133
185
175
181
183
187
179
184
189
189
122
172
166
186
170
118
119
183
199
237
137
190
168
168
171
171
187
181
177
238
168
140
169
184
184
183
185
184
192
186
229
196
143
120
189
200
184
188
193
203
246
160
140
135
185
175
186
198
186
181
178
249
225
161
182
191
182
183
188
203
180
204
181
97
130
183
179
188
178
180
184
203
184
202
151
140
181
183
183
198
179
181
195
577
83
95
179
190
181
180
193
191
190
209
239
154
185
181
182
194
182
180
183
186
385
254
143
187
182
180
178
184
177
179
226
551
143
128
199
185
180
185
181
187
216
535
112
128
179
177
177
184
146
181
182
197
659
671
84
121
183
181
180
181
180
245
286
96
180
185
182
177
192
182
184
194
232
274
118
134
178
177
181
200
179
179
245
212
95
134
179
193
183
186
181
193
185
280
321
117
92
184
178
191
183
182
184
253
313
112
174
175
183
181
182
194
191
254
211
96
118
188
179
186
180
179
181
200
242
229
114
144
180
180
179
183
182
182
175
271
119
183
182
184
182
182
181
187
183
218
244
168
182
182
180
194
187
182
182
320
264
167
171
186
179
182
179
188
182
182
188
201
106
119
180
182
180
181
185
194
179
204
115
132
178
179
181
185
182
179
183
218
221
135
123
182
184
179
182
181
179
199
195
118
133
180
177
185
179
182
177
195
215
254
130
122
179
178
180
188
185
179
231
235
116
121
183
196
179
182
177
183
182
203
207
95
153
183
182
180
183
188
190
199
187
147
170
187
178
180
178
183
181
179
215
256
121
122
182
190
185
180
178
181
212
215
151
173
182
185
184
194
178
180
179
208
222
106
130
182
182
187
181
188
184
193
214
149
180
184
180
190
181
182
182
201
241
190
117
141
186
182
182
189
181
183
220
227
111
133
132
134
130
131
132
134
187
210
199
112
174
178
168
173
170
170
167
222
200
129
171
167
181
186
180
185
178
180
210
191
99
171
167
171
167
168
168
184
254
241
149
179
167
178
179
186
177
180
179
224
246
139
90
186
193
183
178
195
197
221
235
141
175
168
201
177
184
184
179
201
229
156
169
173
175
186
184
196
179
183
206
273
151
171
169
194
190
190
187
198
199
170
206
167
198
178
183
194
185
185
188
275
235
170
172
188
184
188
180
198
187
177
226
203
169
173
182
196
187
183
179
199
193
198
99
119
172
185
180
194
185
178
182
213
176
167
171
191
180
182
182
196
194
224
203
172
171
168
180
183
169
179
168
175
211
230
153
177
178
179
183
173
178
185
197
213
170
176
168
198
185
182
180
190
216
241
192
186
178
173
166
184
172
175
174
209
223
178
171
173
182
180
178
193
183
221
226
133
127
183
181
195
184
186
195
184
195
178
162
195
169
178
181
196
185
184
241
225
116
173
179
185
180
181
185
190
180
172
180
151
183
186
180
185
182
183
184
248
190
137
184
188
146
180
183
185
179
181
232
246
115
170
185
181
181
182
179
179
214
200
172
143
175
183
180
194
193
181
182
184
172
152
125
138
130
133
130
142
130
192
224
134
124
182
182
190
180
180
180
200
201
193
144
174
186
187
192
199
195
178
202
210
122
134
181
185
188
182
180
180
190
250
232
80
169
171
185
204
185
181
180
223
170
85
171
171
180
189
182
184
178
184
176
153
119
168
171
170
170
167
180
172
214
195
132
170
170
170
175
174
172
171
173
178
174
99
181
182
179
180
182
192
185
219
129
145
172
171
189
183
187
182
184
197
219
207
86
173
174
170
167
169
169
171
206
193
136
169
180
183
181
178
176
187
185
202
200
122
121
168
186
180
179
179
179
189
209
81
182
187
185
180
175
186
180
190
150
229
137
171
173
172
170
166
168
202
209
188
170
185
172
183
179
195
181
184
186
193
192
122
171
176
181
182
179
184
178
182
221
147
170
172
180
189
177
183
182
197
186
199
146
174
173
171
172
171
174
170
185
213
132
175
171
184
183
180
184
181
190
216
196
143
171
171
187
194
179
184
178
207
162
116
172
181
174
169
168
170
172
186
212
208
171
176
168
173
174
181
184
189
172
193
169
178
171
169
170
175
171
170
180
264
248
122
170
175
167
169
169
173
169
276
239
139
175
170
166
171
171
168
169
226
268
166
175
176
169
168
168
185
182
186
204
302
81
169
165
162
164
172
166
179
208
190
138
169
