637
542
338
382
186
244
217
199
211
134
199
216
175
269
165
212
182
1035
149
1711
1793
1504
860
448
395
173
182
215
175
229
137
152
230
378
963
832
378
1155
749
1168
793
682
526
600
356
574
295
1250
1387
608
2009
1562
918
1618
2983
2784
2421
1730
1559
1018
999
1012
1087
859
496
148
467
1593
2143
2286
2258
2327
2236
2369
2950
2606
2883
2375
2166
1737
1785
1241
1366
650
1026
662
1797
1394
1559
1162
1202
865
596
588
809
640
502
1260
1230
231
1448
1515
1171
1723
1539
1766
1161
642
311
2010
2235
1550
816
858
770
348
626
495
607
238
170
264
180
218
908
539
1767
1178
270
180
172
236
140
168
224
249
150
184
149
642
622
162
205
145
162
374
177
175
83
174
213
167
184
92
194
828
1457
505
924
923
849
532
180
166
204
221
204
207
303
631
146
521
322
210
94
259
229
122
172
204
216
205
168
187
213
225
271
87
161
226
81
211
312
356
386
884
96
1487
1093
380
1628
1888
1735
1285
1456
1332
982
888
842
391
484
1043
559
1488
2115
2014
1565
1138
710
371
483
346
134
243
119
203
204
485
1097
774
209
186
721
150
280
943
1489
744
129
264
907
1328
1322
882
1794
1172
276
540
814
1219
980
168
176
137
193
628
1090
1415
1134
434
1036
1018
1294
1152
563
616
580
202
237
254
734
614
142
231
657
207
1585
1798
1447
1162
859
1056
683
1316
792
275
328
132
175
197
1051
1657
1031
382
473
120
251
219
201
171
103
161
244
215
215
108
214
277
106
194
222
203
751
303
192
185
208
765
104
232
1337
776
646
594
429
348
623
159
220
90
187
184
185
233
122
180
202
143
167
403
120
194
96
200
273
173
181
174
201
227
86
181
156
169
180
106
168
198
163
196
880
140
205
254
164
252
168
174
120
187
258
113
180
202
185
479
705
190
207
186
755
273
176
170
299
141
209
171
529
443
136
355
103
224
222
191
239
353
174
200
150
211
401
196
214
214
131
181
321
1483
738
183
179
167
198
105
122
213
132
186
240
204
1059
969
266
847
715
214
210
220
1308
956
142
694
1068
1288
939
146
221
86
224
190
184
180
95
136
176
82
143
198
215
176
101
141
252
172
1143
1057
131
1478
1095
95
1598
2500
2860
2778
2373
1506
1300
1741
1685
964
1932
2020
2377
2078
2266
1820
1136
1118
1446
1021
707
1425
1304
1101
782
680
391
261
116
411
427
1139
1042
592
1151
743
953
806
227
219
225
251
240
204
235
144
217
238
861
1355
584
160
184
217
178
246
169
1023
604
218
959
1004
231
1141
962
968
516
209
283
170
202
138
173
443
143
214
369
304
874
127
184
224
158
174
188
166
173
153
193
241
217
777
132
251
262
174
243
240
169
231
168
185
173
223
192
224
213
106
176
191
166
275
110
160
202
106
183
276
210
212
456
127
216
123
168
179
197
237
100
180
213
400
1640
1506
1118
1115
262
194
213
478
1304
778
888
1437
1842
1670
1028
679
755
204
217
274
1348
1211
534
186
187
107
116
184
206
115
514
880
167
197
103
303
422
117
191
227
89
188
162
337
886
102
194
85
146
194
146
210
120
155
216
1296
2435
2331
1756
1274
885
573
492
999
1014
837
423
222
522
161
212
1626
1982
1933
2040
1936
1373
1041
1672
2120
1918
1400
1769
1783
1595
667
741
1126
1065
1132
1150
847
246
1628
1956
1215
1360
1655
1475
1085
475
442
880
102
191
1258
1907
1628
1022
1248
1195
979
951
338
583
270
110
172
533
1564
1434
488
841
568
86
226
716
1062
931
112
193
377
1475
1097
497
596
377
85
284
537
491
695
86
285
115
93
190
435
2185
2246
1248
2532
1975
1258
1615
1256
1038
886
766
776
652
1221
723
121
187
109
138
210
1220
2414
2267
1539
1809
1889
1833
1472
732
653
1099
662
579
419
1448
1019
95
197
79
182
164
99
202
1013
103
1640
2338
1844
1323
806
901
657
185
312
522
1094
703
164
196
103
197
916
83
196
117
140
209
128
187
112
207
201
240
132
223
101
246
105
138
258
111
214
88
168
176
127
202
252
108
199
239
88
196
152
165
206
137
143
99
118
198
188
179
506
140
232
330
213
201
178
423
208
174
187
78
103
280
103
316
197
189
203
92
1264
1045
100
202
91
171
180
107
1060
676
172
177
80
325
153
176
202
120
127
213
131
224
197
107
169
111
89
231
236
399
194
155
169
103
232
124
200
290
125
188
213
95
210
213
189
216
134
125
174
101
226
127
138
217
332
1020
668
151
290
125
157
176
216
697
871
133
233
129
136
174
148
217
103
125
156
123
531
498
168
134
112
195
176
128
466
961
102
203
169
173
288
156
790
813
88
319
127
192
281
166
184
477
222
244
337
1135
1120
124
345
498
528
233
115
235
102
180
160
111
188
101
196
261
116
173
178
145
253
823
175
235
128
578
707
238
260
199
169
215
152
929
984
137
180
106
124
189
139
202
121
196
249
151
212
108
178
198
118
205
169
120
205
112
172
200
127
162
252
163
1229
1947
949
1291
1540
1511
1283
790
1439
1107
272
285
643
523
298
300
281
134
96
217
135
417
957
133
206
458
991
406
163
226
95
184
218
122
362
99
139
159
102
179
82
142
176
412
132
210
865
1185
1212
240
230
94
197
226
101
206
174
95
230
115
147
146
163
192
384
165
187
130
193
112
182
182
356
105
224
102
187
693
115
197
367
367
399
181
194
815
114
1406
1580
2621
2745
2321
1746
1127
552
767
1130
1531
1070
420
944
1930
1367
660
557
441
283
171
221
120
1201
1174
194
303
325
410
410
179
173
201
83
181
179
183
95
161
212
236
248
191
481
774
129
136
191
293
661
614
98
188
731
113
815
1043
832
512
121
227
354
137
219
250
257
97
128
183
101
227
126
131
209
1041
109
227
574
972
365
113
181
100
121
185
101
168
108
150
151
99
198
105
176
175
124
126
185
99
173
136
123
191
103
171
168
843
1008
415
98
177
126
138
528
94
158
113
179
192
79
197
77
146
180
105
165
151
134
134
106
145
180
118
146
148
134
208
589
81
161
944
1185
875
290
262
148
198
170
169
191
778
96
192
1037
1414
905
100
669
670
156
323
1025
2360
1568
1192
1900
1421
1538
977
522
692
261
159
178
172
182
163
191
180
88
174
182
116
138
304
87
181
110
187
75
126
203
241
128
239
131
181
443
85
179
143
155
247
423
428
786
81
205
83
181
108
160
400
148
143
189
462
477
250
178
220
105
198
115
113
175
86
175
183
114
190
116
159
192
103
163
212
92
183
115
178
173
83
176
447
100
180
89
126
188
185
225
114
159
233
106
114
216
118
194
92
110
214
98
213
106
122
218
125
143
204
100
205
97
117
195
102
143
199
110
183
113
127
192
100
200
98
124
195
125
112
193
103
212
82
133
207
120
126
201
82
615
567
115
195
115
556
932
82
577
413
100
241
88
292
104
112
169
87
499
158
115
187
92
144
176
157
185
122
168
181
75
173
155
117
200
291
125
203
147
179
343
95
298
608
123
183
104
176
91
179
149
105
180
225
138
155
114
161
225
150
189
110
173
172
115
167
204
89
201
101
115
224
120
160
178
254
298
179
122
217
90
174
114
162
166
78
148
171
107
206
127
157
190
176
172
271
127
170
122
190
225
122
186
101
227
199
182
163
176
121
224
107
125
167
90
183
105
171
195
287
115
215
94
164
121
167
197
86
177
196
113
184
80
124
194
129
202
77
124
168
104
125
166
99
174
96
177
226
226
141
204
109
199
91
146
191
133
177
536
114
167
227
178
249
115
191
120
165
197
242
126
162
300
196
87
121
182
134
156
82
150
214
81
116
153
107
193
91
176
211
107
200
96
164
196
199
192
460
135
206
155
118
200
144
177
209
158
184
145
119
263
152
170
116
153
197
99
122
208
115
201
157
125
260
130
125
198
131
195
101
150
217
110
226
112
119
185
99
84
267
96
171
105
161
177
126
132
183
126
185
134
123
226
108
190
118
169
181
109
152
213
167
177
141
158
203
120
119
135
85
190
110
155
201
110
203
91
127
201
109
122
197
120
258
100
172
179
100
188
135
162
214
97
180
262
115
203
121
168
207
104
161
148
109
205
113
128
209
136
152
110
121
657
434
91
181
104
198
90
121
206
121
120
180
113
253
114
90
206
106
210
119
123
211
133
130
249
111
179
125
121
184
107
120
171
132
209
165
131
167
96
209
117
121
193
115
129
150
90
186
86
125
193
82
132
222
84
181
121
129
187
101
170
103
123
177
82
121
185
111
190
112
124
182
114
193
113
126
164
81
119
190
111
182
100
175
178
124
122
202
114
241
134
121
150
128
232
125
121
229
77
120
179
115
173
99
150
213
122
165
200
94
179
82
161
209
85
185
121
169
191
124
174
166
128
196
82
126
152
94
169
178
149
181
551
160
212
114
205
94
183
239
113
119
200
98
155
94
124
169
137
87
184
105
195
90
119
288
110
217
118
124
177
117
121
218
164
259
129
120
185
120
205
129
172
198
134
122
241
159
291
723
139
167
88
126
191
168
248
132
122
189
104
199
116
169
210
119
124
236
154
301
90
123
179
129
146
277
116
938
993
168
191
96
262
105
127
189
109
120
184
118
225
108
151
166
131
104
180
274
793
936
225
214
98
154
79
181
209
331
154
223
240
231
107
179
234
477
753
827
78
233
714
158
232
113
185
384
129
223
162
138
278
120
205
344
83
246
155
176
79
175
176
113
198
197
174
633
867
105
284
809
132
205
108
178
175
89
181
174
226
266
150
236
128
149
154
167
214
412
115
196
146
174
164
115
445
1101
287
1028
682
992
663
470
536
352
160
228
89
163
150
145
195
117
178
160
96
213
106
130
224
238
911
558
141
183
303
88
243
129
187
296
177
197
137
188
119
125
205
118
100
195
221
217
110
185
244
298
118
225
118
223
101
120
188
100
222
107
150
209
88
121
159
110
169
227
162
218
118
122
193
111
194
114
123
1111
979
860
650
98
226
113
86
183
140
174
103
126
262
93
151
180
124
141
601
85
244
133
233
94
152
215
163
120
160
116
302
679
122
183
116
116
208
115
226
112
123
181
161
281
823
112
223
114
142
223
124
169
103
174
205
112
171
122
172
170
102
178
173
105
442
209
181
202
124
120
181
101
181
116
188
222
89
149
825
86
230
103
227
199
118
175
133
121
183
112
158
165
119
747
737
138
216
543
754
288
110
173
899
84
181
623
767
522
150
177
150
189
173
118
173
110
86
207
109
190
116
162
158
93
119
181
113
166
116
178
173
289
1037
1176
496
468
1221
264
715
448
349
213
127
290
178
182
203
90
180
444
184
177
190
210
130
132
195
123
178
194
112
205
99
123
206
131
150
184
106
206
160
92
189
216
726
923
121
212
105
177
178
103
187
117
124
215
116
125
171
131
197
126
125
183
522
1594
1873
950
693
1093
187
183
1001
1460
1097
150
226
1078
851
1445
2562
1987
1817
1316
977
1179
923
848
112
227
285
91
187
92
179
137
128
194
534
655
1072
122
367
484
123
187
98
220
1446
448
2272
3217
2237
3529
3466
2404
3821
3219
3778
3618
2896
3695
3272
2615
3195
2393
1564
1008
2176
1368
803
612
532
611
1223
468
506
475
448
431
520
461
331
156
236
216
161
191
88
185
96
122
187
120
120
213
85
175
525
149
181
109
466
1010
139
163
163
81
165
98
173
97
120
151
111
120
183
187
184
100
175
206
97
184
90
119
197
94
150
174
97
143
123
119
167
98
185
116
166
204
125
120
151
114
202
96
187
184
94
118
215
101
189
90
117
175
105
193
103
127
192
104
185
215
151
185
102
180
163
180
185
209
93
177
392
135
206
184
194
164
178
209
98
173
174
105
175
131
182
157
131
125
183
82
208
225
188
222
108
190
112
166
216
108
165
199
95
198
101
122
205
97
190
188
185
150
122
185
193
97
173
136
178
199
127
197
215
120
176
93
179
157
101
192
117
170
216
103
166
175
116
195
124
182
190
114
121
192
100
186
82
183
208
114
164
144
198
231
208
183
201
83
231
119
153
169
107
183
182
121
188
103
212
192
187
198
125
180
171
206
194
199
136
174
108
170
203
105
182
181
124
170
121
178
164
93
171
108
126
191
151
127
201
237
218
97
127
232
124
210
162
183
549
511
125
213
151
188
172
134
180
168
137
222
160
163
192
181
202
113
191
116
150
194
118
168
201
127
169
93
165
202
112
123
202
114
197
110
151
170
131
214
132
172
215
117
185
169
471
1034
289
200
176
156
129
167
105
177
124
123
199
119
227
124
183
157
125
160
167
165
793
696
142
194
114
121
183
132
170
108
180
186
130
154
110
165
190
320
91
223
284
208
182
173
180
254
178
238
156
177
129
164
213
114
715
909
94
188
125
149
166
287
656
450
220
245
562
405
201
95
191
112
138
183
234
644
365
102
199
116
126
207
107
226
108
124
175
106
182
124
88
554
665
362
494
235
307
532
215
294
904
753
424
97
196
684
127
208
302
198
327
96
175
351
136
180
110
275
542
102
207
188
170
228
114
138
122
185
168
239
268
169
130
207
115
174
199
89
170
81
152
168
331
944
620
135
149
150
198
175
87
181
101
121
200
85
199
212
127
194
136
188
211
121
171
350
173
162
115
128
186
97
200
106
123
185
135
127
166
115
191
98
125
158
95
445
828
100
405
771
104
199
235
187
118
169
200
133
169
162
119
200
131
186
203
216
448
685
165
184
127
179
146
87
189
125
126
222
109
179
159
137
224
99
122
198
93
179
115
124
187
136
125
197
386
536
269
119
196
108
192
114
121
207
149
125
210
149
318
670
126
224
236
203
276
124
206
114
119
216
120
209
103
124
195
98
124
209
124
215
596
93
178
135
120
202
120
197
116
125
193
107
242
519
179
190
109
132
170
128
166
183
165
175
86
169
181
100
201
130
125
183
118
194
81
120
187
98
149
193
140
168
101
170
223
110
188
226
103
205
100
119
203
139
202
134
165
225
362
91
211
87
192
139
120
173
94
205
92
131
159
102
174
218
182
213
148
90
201
746
83
274
133
177
309
90
208
120
201
333
130
196
164
223
253
145
336
695
132
221
115
191
224
118
352
251
141
289
169
516
661
178
233
119
123
183
165
190
100
126
235
117
134
197
339
692
440
138
175
123
201
138
167
135
106
119
222
121
206
202
123
182
147
216
115
125
193
116
126
173
97
193
115
124
173
274
153
197
112
191
83
192
198
119
213
111
109
198
104
186
234
494
540
145
186
234
107
132
225
255
313
563
773
764
596
556
390
88
204
137
165
193
99
192
544
100
229
110
125
224
130
187
98
172
196
103
172
99
122
196
92
165
217
198
438
204
128
192
141
200
224
123
201
111
130
251
111
200
128
143
192
85
117
241
170
258
105
120
249
343
647
696
188
202
106
181
169
97
246
118
189
206
133
181
158
111
175
93
160
190
188
1097
719
115
217
135
162
158
90
226
174
167
230
267
134
198
671
1176
1238
881
923
1003
1416
812
94
262
136
135
216
192
211
104
170
212
127
173
658
588
486
409
109
218
107
217
272
89
169
107
90
203
96
191
107
121
187
109
166
207
119
214
112
173
209
128
221
127
194
192
90
128
194
119
208
107
180
200
118
201
93
204
222
112
168
187
133
139
170
201
181
95
183
169
104
181
104
188
181
97
186
108
134
149
99
172
179
111
179
95
202
206
107
192
198
113
192
110
174
176
82
196
103
164
179
122
181
198
167
190
92
170
188
107
180
188
93
175
103
168
197
97
218
94
186
199
112
171
199
123
186
98
181
198
112
174
164
84
188
85
139
204
90
188
75
168
167
92
148
184
90
186
108
175
170
108
149
110
180
169
98
170
189
100
186
118
183
178
110
172
204
111
173
119
185
163
79
182
103
185
196
148
175
177
111
180
121
181
207
133
172
200
260
143
146
183
168
144
225
140
184
172
96
171
147
147
177
125
186
203
101
182
170
162
211
125
184
170
101
198
159
170
149
156
169
145
150
153
118
169
183
153
201
145
172
155
160
187
165
140
179
145
182
201
159
188
202
326
238
127
184
172
128
186
157
184
187
150
164
227
137
202
269
205
227
142
184
171
147
217
176
169
220
213
738
872
113
197
106
168
226
740
1335
1334
919
1303
885
519
1005
1299
1554
1424
1528
1656
1348
1008
887
149
176
177
177
209
114
333
629
158
173
94
145
179
96
194
1144
174
189
772
705
485
136
171
262
132
188
359
145
89
132
152
159
207
190
123
183
100
127
201
79
191
112
134
176
95
109
180
272
187
263
99
190
153
202
116
132
212
177
125
180
102
180
125
129
188
129
131
198
96
159
114
94
185
408
365
413
98
227
192
101
194
195
206
99
102
195
179
99
182
181
524
549
104
202
107
179
260
98
217
294
139
181
123
196
177
201
797
809
113
493
776
1802
1549
544
313
222
189
118
122
195
79
152
145
127
155
130
125
235
93
167
130
121
166
106
180
148
116
166
111
173
178
309
98
210
359
331
217
175
202
125
190
134
200
155
162
131
289
152
288
509
117
160
137
192
164
92
190
125
119
160
91
965
1589
772
1095
659
163
886
1441
1710
1466
533
531
843
234
215
457
1104
819
102
233
206
631
856
143
200
508
129
267
117
186
83
83
199
109
91
223
115
186
309
97
250
1162
1203
999
522
236
442
96
215
94
646
488
88
198
123
180
136
151
190
74
143
213
109
177
115
156
166
142
140
229
80
192
122
149
171
110
167
711
144
261
122
101
156
110
187
303
86
171
203
154
197
149
168
127
151
196
113
146
231
147
178
214
151
209
388
648
268
182
223
109
122
163
367
501
766
82
199
471
804
433
130
243
77
165
197
125
259
98
168
221
124
201
98
216
183
90
217
159
125
156
94
130
187
84
147
181
97
171
105
133
164
193
387
690
96
203
673
155
247
105
204
81
125
181
182
130
232
186
213
93
186
214
279
198
83
164
178
412
141
198
766
1303
783
102
183
163
146
169
114
237
236
179
200
603
1240
1193
212
173
700
291
194
811
1030
727
95
216
93
169
187
111
180
91
162
178
166
167
100
135
187
138
186
206
240
189
251
166
220
87
164
122
120
220
84
131
177
100
180
100
177
216
124
162
189
166
208
101
182
195
106
196
105
187
211
108
169
166
91
197
88
181
190
118
120
237
120
195
118
128
243
108
160
93
127
195
115
120
156
118
159
100
127
225
101
179
211
80
188
103
177
241
98
220
132
177
186
123
188
215
105
244
103
120
186
113
147
211
107
174
111
192
203
100
240
115
175
241
94
174
220
101
144
107
139
209
110
194
80
174
186
117
121
175
84
184
203
134
171
120
119
145
90
186
112
120
237
97
244
107
175
165
205
181
193
213
236
101
151
214
144
179
189
142
177
134
174
171
90
211
130
119
182
108
167
178
92
188
270
128
239
75
151
193
106
199
104
211
190
698
590
705
187
246
920
129
168
108
166
335
107
185
119
129
184
89
195
96
180
214
127
194
121
130
197
234
129
197
334
192
90
180
234
77
198
123
185
208
347
135
197
94
1137
1203
454
887
517
91
197
164
173
89
128
166
97
174
113
183
226
176
135
235
187
370
949
133
216
147
157
263
131
675
344
100
294
254
213
207
134
182
106
182
175
101
245
94
121
190
98
142
211
144
180
96
126
150
101
199
105
127
244
263
184
189
145
208
683
185
232
114
230
211
179
208
128
118
214
125
211
168
151
185
220
129
209
123
206
139
175
184
287
462
891
196
552
1068
127
188
111
171
539
186
191
258
189
178
136
193
723
178
178
907
1718
1537
679
1594
1409
408
649
349
281
908
240
192
131
189
171
122
827
776
89
211
876
1100
1567
601
781
1211
267
390
1267
1139
838
229
570
341
143
191
123
171
249
181
176
127
176
89
193
189
109
179
168
100
595
989
215
499
332
182
96
184
203
123
152
155
104
541
785
86
174
281
81
201
230
319
741
150
184
129
977
956
98
221
104
91
254
800
950
638
73
201
623
142
211
81
170
105
130
167
1014
1985
1290
390
239
139
88
1042
1648
1334
839
179
213
212
86
184
115
217
573
100
173
150
199
765
96
171
104
146
188
402
1130
849
99
152
78
129
120
172
175
122
91
224
100
192
187
117
175
138
119
170
100
170
101
122
151
136
185
101
148
175
134
131
205
106
163
1023
87
455
911
130
190
373
1274
1216
217
189
331
731
629
89
156
1235
339
1540
1352
941
1078
450
441
390
98
160
786
1109
724
75
171
136
724
274
81
156
308
81
159
213
833
579
80
185
86
117
158
97
162
79
124
166
79
169
928
140
572
890
110
168
94
175
89
117
154
139
119
165
127
175
96
116
194
101
186
96
118
193
268
121
216
103
152
91
116
147
121
151
862
122
170
108
116
181
129
187
118
125
169
165
123
179
90
181
86
116
171
109
177
630
81
189
97
115
173
79
225
106
119
163
94
117
204
103
325
1103
164
1117
1371
1860
1207
893
882
486
120
183
126
159
137
129
158
136
117
189
81
185
90
154
169
126
183
98
125
182
98
118
143
91
176
89
85
191
102
116
161
100
163
86
118
171
115
200
91
121
146
427
83
199
157
1219
1102
173
217
245
164
96
116
165
104
116
162
93
134
139
125
155
104
115
170
102
211
116
78
195
721
1757
1220
232
271
666
85
202
82
211
105
113
169
121
116
198
107
187
87
121
158
105
190
572
81
203
1996
617
1231
2080
1656
1061
789
748
367
87
200
177
394
736
132
180
102
193
101
119
157
97
116
186
109
195
106
115
170
110
172
111
116
149
121
119
175
91
170
92
117
189
103
115
184
127
204
328
77
196
808
2391
2421
1522
2133
1532
1017
1481
2745
3601
3103
2412
1723
1176
648
1445
1139
879
587
274
461
685
1159
956
312
401
567
124
925
621
2093
1906
1194
1257
1606
1285
1252
1895
2223
1444
1502
1832
1352
1894
1367
704
1079
763
470
721
915
1185
1296
311
1481
1089
451
1549
1610
1300
838
739
1238
1369
1837
1131
689
1670
989
418
660
1048
1380
877
268
261
257
235
195
102
187
120
119
183
221
222
164
118
223
152
117
184
154
130
107
115
195
141
169
107
116
158
109
116
182
125
217
115
116
160
119
115
227
136
188
88
88
192
105
172
103
86
141
99
89
172
99
183
139
115
135
106
117
151
116
160
112
123
131
179
175
405
170
628
1224
404
1409
1287
652
773
338
259
97
121
187
1212
2634
2173
2190
2458
2510
1851
1242
788
473
577
688
627
338
321
150
124
143
123
157
279
78
147
79
115
177
115
174
107
118
164
107
124
189
97
176
81
124
150
75
175
97
116
154
237
124
188
125
172
124
84
160
92
163
159
266
386
502
101
172
92
205
414
97
170
90
118
178
91
182
227
112
169
82
122
152
110
187
75
117
153
102
166
87
127
181
300
78
139
231
159
299
130
185
97
119
167
99
156
98
122
188
94
193
140
128
156
125
134
147
74
196
117
119
189
188
721
620
81
180
94
83
199
101
147
102
116
200
114
117
144
91
172
98
116
182
411
943
787
97
199
602
91
188
85
173
164
106
204
101
114
195
83
186
74
119
158
99
189
97
117
191
97
115
200
82
169
86
121
187
209
119
173
372
827
986
217
967
966
758
332
125
220
140
115
167
104
195
89
118
177
266
257
580
128
163
134
119
183
130
354
688
122
162
107
116
187
136
175
299
122
181
169
293
462
79
170
121
120
134
237
198
496
103
211
87
121
165
175
171
137
138
196
116
206
102
121
191
370
167
176
276
267
594
94
181
91
125
156
83
186
136
122
195
116
210
278
91
217
181
85
259
95
202
103
94
144
315
79
236
127
263
176
79
210
101
174
80
125
236
130
123
204
208
780
863
104
261
120
197
150
119
165
130
119
246
200
238
424
93
271
80
80
191
136
246
186
120
219
821
1001
877
146
309
782
118
193
128
160
122
124
226
86
124
215
83
218
85
119
225
87
169
87
122
200
105
123
174
216
256
137
118
208
156
119
198
201
200
140
88
207
141
563
252
93
143
156
125
195
130
187
349
125
196
236
98
179
121
183
131
127
171
174
196
704
84
175
115
126
148
95
202
212
121
188
196
348
756
84
182
106
119
175
126
195
102
120
161
173
91
203
121
169
94
122
161
146
156
115
120
163
109
124
628
558
882
953
97
213
121
126
216
136
251
92
195
172
131
185
542
105
170
79
124
199
122
183
122
120
196
103
119
193
112
196
477
81
208
145
248
146
149
204
95
119
170
132
187
74
152
206
88
124
164
99
215
113
120
191
84
168
220
121
168
164
101
214
101
196
124
125
177
84
188
92
125
190
140
126
221
115
175
105
121
185
88
120
190
74
205
801
92
303
1044
862
462
82
184
114
126
168
78
156
199
91
201
295
128
232
91
209
367
105
225
87
222
122
120
193
618
82
220
95
148
155
87
183
128
85
224
140
180
89
120
191
116
424
189
85
158
241
132
199
139
185
150
121
176
98
212
135
121
214
117
121
199
178
247
718
135
159
108
117
155
204
248
917
92
251
225
864
749
97
203
176
119
185
109
161
265
119
206
119
120
230
336
472
874
78
249
109
173
171
149
212
116
119
158
141
207
126
169
208
115
120
178
133
221
852
104
228
276
180
135
122
159
116
130
252
148
167
181
127
219
169
115
215
121
181
159
123
243
177
226
112
120
164
117
121
214
146
210
243
100
214
227
502
821
133
193
132
121
184
108
162
162
120
189
213
124
199
214
436
624
81
178
133
178
156
118
253
134
127
169
125
226
280
124
173
100
123
174
151
159
182
120
197
147
244
612
89
186
145
85
242
215
269
142
123
181
114
119
189
119
287
843
85
220
111
229
100
119
192
114
131
194
120
202
199
119
194
77
117
187
196
274
100
117
190
194
217
160
117
179
250
118
246
242
315
873
188
238
111
136
90
124
189
129
165
226
212
298
839
211
209
118
187
210
107
200
107
187
215
113
249
691
88
207
109
143
169
107
209
154
185
169
150
147
197
161
230
256
136
221
146
244
259
205
196
91
171
165
106
377
819
206
177
114
123
199
139
536
696
111
222
782
640
875
97
178
149
118
171
80
176
107
204
225
266
679
452
121
266
120
168
176
147
181
838
87
199
148
168
133
142
218
128
128
205
974
917
337
130
216
580
118
246
99
247
125
188
194
115
169
175
118
230
121
124
253
113
201
108
151
230
108
151
190
119
194
103
170
187
113
176
155
94
295
137
164
202
218
845
473
276
482
120
161
200
106
247
98
117
224
93
163
245
108
237
121
171
184
106
626
522
119
174
93
117
214
114
891
806
135
184
114
138
133
98
205
96
166
175
105
176
410
108
200
93
166
166
337
998
1284
395
272
684
761
1019
137
246
1050
165
148
685
1213
1595
598
2375
2084
1519
1782
1529
1049
859
1424
1546
1251
1051
654
124
189
80
123
192
127
186
107
134
172
156
136
206
234
513
624
92
165
105
192
83
138
207
119
136
186
96
188
92
130
158
202
98
174
107
160
121
137
174
392
864
837
80
193
187
138
176
92
185
813
83
146
135
738
759
83
175
782
81
200
96
1144
988
105
261
428
114
206
121
170
175
142
169
106
190
101
83
193
124
135
178
369
1124
866
598
644
426
115
234
1243
1532
1649
1173
1106
866
939
1131
340
629
1464
469
283
898
996
534
153
198
105
83
222
102
239
820
187
233
943
932
872
91
448
1150
209
1253
2192
1873
1092
598
383
89
105
196
193
714
509
179
154
348
424
162
85
185
794
114
225
186
402
355
94
186
823
967
1309
428
894
753
222
192
258
274
202
96
183
121
120
191
250
413
826
126
248
572
799
517
77
154
103
107
189
246
355
850
101
147
107
117
183
84
382
517
85
209
109
194
84
117
189
292
118
194
180
395
822
126
166
349
97
216
264
191
828
136
200
76
177
108
88
171
270
81
182
215
362
594
127
158
418
94
178
830
975
362
116
160
100
147
109
130
194
275
115
173
304
139
82
118
199
95
175
75
118
164
477
88
170
235
824
478
82
171
103
115
169
133
189
680
139
156
87
189
516
74
186
300
89
195
81
194
133
102
267
466
82
166
107
140
88
119
178
81
166
223
129
185
235
83
179
202
452
1014
100
180
109
128
162
90
159
80
117
189
79
214
99
130
167
94
120
185
378
760
407
78
168
91
143
203
103
222
90
88
164
76
178
88
121
190
108
119
176
93
175
81
119
179
147
165
103
120
176
125
123
155
282
171
108
147
156
102
118
224
130
120
431
1106
1375
967
1370
2174
2469
2495
1938
2079
1823
1773
1511
1019
605
1112
1358
1597
1620
1621
1099
740
517
521
607
779
565
93
189
188
127
173
215
967
1006
120
170
928
95
182
110
707
529
104
549
655
622
575
88
188
159
122
161
350
544
509
84
205
117
206
106
117
183
443
124
227
402
504
464
87
203
163
119
156
93
212
131
117
212
239
355
942
113
190
144
89
238
395
271
798
78
256
191
117
200
130
234
125
120
230
159
189
214
120
218
188
120
166
129
197
114
119
153
108
128
238
109
713
793
117
165
242
202
97
123
219
127
117
226
113
199
151
118
179
129
117
179
113
184
114
119
207
152
247
1006
208
211
703
195
214
101
191
147
123
245
281
504
755
78
165
127
131
192
114
186
114
97
149
154
132
197
182
288
190
132
209
96
180
123
178
238
295
130
223
243
274
102
131
186
97
124
220
343
281
790
119
193
108
177
183
126
212
200
129
202
309
386
651
121
176
128
124
160
97
191
74
132
191
114
200
156
124
171
130
128
209
123
160
99
128
199
77
130
161
202
146
700
94
207
105
150
84
128
185
116
124
145
91
205
82
129
176
148
190
107
137
208
84
132
181
105
157
152
128
175
169
132
149
81
152
92
124
217
85
187
99
125
199
105
128
169
108
145
99
131
188
107
130
163
168
252
794
91
233
121
172
105
129
160
108
132
185
114
178
137
125
186
114
91
204
649
1954
1697
700
1332
2068
2170
1879
1210
1674
1182
681
608
316
952
1201
957
1207
1133
2166
2854
1904
2246
1485
934
1647
1313
1776
1366
1013
995
1157
417
300
1160
1417
1058
190
226
167
184
130
127
178
136
131
175
133
149
162
130
205
115
130
214
201
247
112
90
195
186
219
132
135
188
93
125
174
96
601
896
141
173
117
128
192
146
224
143
124
181
126
181
121
129
208
98
127
210
140
168
90
126
232
176
129
229
163
174
112
124
197
133
220
126
131
215
124
135
203
137
166
85
131
177
122
212
91
128
250
145
125
193
152
193
147
90
236
132
123
227
106
189
130
132
168
126
169
161
130
204
102
137
234
106
199
75
116
168
79
122
226
91
154
94
181
217
198
198
236
134
175
90
119
195
97
171
104
118
166
130
119
169
103
167
119
119
153
95
152
78
118
208
132
122
173
327
1519
1318
317
779
1063
268
176
659
1155
1582
654
615
297
202
110
91
160
145
127
179
119
1284
814
186
183
293
251
594
99
202
112
121
181
97
188
91
87
266
685
104
176
190
541
981
209
225
605
518
861
86
234
181
118
174
177
302
164
127
166
129
120
232
94
177
120
121
237
122
208
105
151
229
123
119
210
134
193
130
148
187
96
118
303
130
174
202
79
212
105
234
106
82
199
96
116
212
156
211
105
115
227
118
81
204
102
178
97
113
189
102
1541
1455
458
317
610
93
267
586
1233
987
117
277
134
235
155
87
177
226
113
210
127
184
119
118
181
238
141
184
115
176
202
118
278
162
421
637
131
212
136
118
150
185
196
174
121
219
208
132
200
150
182
145
146
193
124
172
163
118
249
365
145
164
175
276
465
107
215
99
226
245
224
228
223
119
176
428
724
500
82
174
140
115
215
113
221
145
118
212
143
116
209
176
211
142
119
182
426
695
431
155
189
153
117
191
179
218
140
119
175
153
216
178
127
183
402
82
167
142
176
316
84
241
1236
341
1340
1270
1062
544
129
115
124
428
771
75
211
106
81
175
361
700
526
89
163
71
81
147
99
155
290
85
174
120
173
102
83
189
156
81
204
253
528
323
94
261
143
120
232
81
257
262
82
241
257
653
761
73
239
158
117
192
139
215
288
84
211
117
183
114
148
150
159
119
222
153
214
302
99
255
251
83
204
123
180
140
120
230
187
353
163
119
157
112
118
218
233
646
600
117
173
138
120
223
151
158
165
90
185
158
229
130
118
195
117
118
189
204
508
756
84
209
495
100
166
117
263
121
115
171
123
179
188
118
240
150
181
311
219
182
117
123
190
153
84
202
122
145
143
120
237
171
194
174
120
220
124
123
234
110
200
116
151
218
126
177
100
147
270
97
119
159
76
198
152
132
168
120
154
230
86
179
99
123
159
120
181
88
132
155
106
133
196
111
191
83
133
202
105
128
190
78
240
97
122
169
100
207
151
127
356
149
137
192
518
979
1200
561
471
91
150
187
235
1196
1550
595
954
1105
997
984
444
354
811
89
201
712
542
1162
210
1821
1168
1432
1271
1434
1409
958
1011
1152
867
822
576
497
270
475
156
319
1296
1724
1299
431
489
522
529
446
89
247
120
131
194
353
721
502
86
166
155
118
204
139
173
153
116
176
100
208
143
115
209
126
117
262
223
767
772
175
203
549
83
222
122
181
109
126
164
116
222
112
121
169
115
118
170
141
378
656
78
192
119
117
203
182
637
899
187
198
131
174
79
128
173
102
117
210
197
237
523
105
191
212
594
817
141
213
538
85
174
120
179
106
125
147
382
145
213
164
235
129
123
635
548
1070
952
263
272
741
106
182
834
1031
714
427
886
758
83
200
115
194
113
118
177
99
232
111
146
186
117
81
165
123
186
253
116
183
95
117
193
119
190
128
152
161
128
168
126
120
155
109
151
201
122
190
112
118
188
89
156
215
107
508
826
102
229
112
186
239
86
226
109
84
185
200
632
837
88
230
623
501
491
105
174
102
139
190
435
774
783
191
177
124
184
203
230
695
832
84
212
117
190
88
150
179
211
176
190
128
187
100
152
204
107
118
223
99
384
855
116
175
108
220
112
166
196
121
201
233
101
159
104
120
193
159
205
179
102
188
121
127
155
303
712
434
119
195
144
169
199
137
203
91
145
178
345
82
191
238
688
880
139
240
838
607
433
131
231
122
120
204
104
175
105
181
195
114
207
102
195
242
95
120
199
150
187
106
206
153
109
168
217
107
196
106
150
180
110
206
102
121
174
100
125
178
131
208
198
89
204
189
165
182
333
622
786
101
256
553
457
218
195
210
113
182
205
127
203
84
194
197
725
142
548
973
909
1045
397
786
994
1319
986
79
413
889
155
306
307
204
96
174
165
108
127
192
129
496
743
110
194
100
176
100
157
171
107
189
199
112
199
361
183
208
95
173
92
175
188
107
181
199
77
205
823
97
198
630
142
145
457
1039
930
101
190
116
207
666
103
200
116
174
212
115
245
93
170
223
125
166
171
106
699
703
142
188
85
195
144
168
201
127
175
183
92
187
91
173
213
129
166
180
104
205
324
171
266
90
162
88
201
213
92
173
219
103
211
137
168
215
111
121
183
97
212
110
183
202
121
261
103
80
190
120
117
179
79
180
186
169
178
117
182
103
127
189
100
116
182
118
409
1050
635
1152
1454
533
1953
1780
1508
1411
1224
1000
906
984
1019
914
945
491
205
209
460
774
362
139
218
93
132
211
705
831
1288
292
205
115
251
116
86
182
110
127
185
110
185
152
130
172
108
126
141
241
188
87
177
199
107
187
99
171
185
132
170
168
125
146
609
179
183
169
179
207
101
180
114
176
189
87
165
125
171
206
155
127
176
132
166
104
126
201
106
206
129
122
193
180
132
192
136
172
113
175
191
100
118
170
94
187
104
122
172
129
168
104
78
199
146
154
148
91
173
113
125
191
99
88
146
113
168
115
127
209
116
186
490
153
169
110
121
167
99
183
110
117
152
147
126
192
140
207
107
121
201
115
157
149
124
166
116
118
175
95
184
94
173
160
84
189
88
176
187
584
95
204
122
198
131
122
207
105
167
187
121
205
126
127
193
139
195
106
125
188
122
170
200
122
182
93
171
180
94
120
207
100
218
97
174
145
120
171
84
171
180
138
171
200
112
168
99
122
168
94
170
181
94
180
81
120
186
106
213
140
125
228
131
121
192
90
226
91
121
192
119
118
163
93
193
109
127
190
103
188
102
129
158
127
120
200
221
188
112
128
175
99
223
133
173
195
160
88
176
163
196
120
122
200
140
121
215
143
228
395
122
511
656
475
2388
1401
1414
1557
903
1077
1779
1823
1755
1129
925
709
112
245
112
182
85
167
153
137
672
841
104
199
476
175
173
99
181
129
169
194
92
172
153
95
182
99
124
208
242
734
603
138
234
105
175
206
179
183
344
174
196
162
135
192
120
178
112
125
177
110
215
107
170
204
86
124
193
104
180
212
136
215
105
200
632
84
209
139
95
201
470
488
187
92
157
126
83
192
167
827
983
148
308
652
518
282
128
176
111
122
190
1377
1433
837
504
181
846
525
339
126
202
125
138
296
375
191
541
176
196
228
129
197
109
201
117
124
178
135
169
190
103
203
495
114
158
183
538
440
83
211
106
119
162
107
180
85
91
177
112
174
185
116
203
109
139
189
245
781
658
125
222
346
106
207
86
215
137
122
201
128
221
466
131
248
281
90
215
140
154
120
123
198
122
122
156
110
240
698
101
178
102
188
123
122
186
105
120
211
279
494
880
179
217
160
127
178
109
215
106
125
194
117
221
104
125
163
140
169
203
126
193
91
202
227
96
123
169
106
214
121
118
162
194
196
111
121
176
83
120
164
107
211
102
123
211
92
201
134
175
200
109
166
185
101
187
84
148
171
445
99
244
82
148
122
120
188
93
201
357
101
194
282
93
183
129
181
124
119
166
142
124
190
105
164
74
190
188
113
168
111
177
142
94
174
149
106
181
102
163
153
109
173
174
109
158
135
174
144
92
146
150
175
196
282
133
179
417
154
92
170
189
106
138
177
83
159
97
165
219
110
187
97
168
167
85
171
189
557
513
706
227
350
886
653
340
136
189
138
175
159
95
178
109
172
189
246
186
165
257
544
799
247
182
148
184
121
179
234
191
180
145
142
600
929
126
160
617
200
167
123
145
120
181
172
99
188
121
155
176
239
140
166
236
336
107
124
186
79
183
162
94
183
383
96
186
572
977
1340
347
676
1195
209
418
803
1408
1036
427
181
468
86
214
263
797
715
126
159
112
197
215
168
218
80
174
195
121
199
368
151
167
109
166
113
184
208
110
144
188
1012
1459
854
673
954
1092
131
301
1180
1681
1145
832
1559
1170
1549
1518
663
632
829
520
856
595
419
154
199
208
85
154
176
105
224
171
169
200
79
139
126
156
184
97
156
173
297
635
804
113
188
431
98
171
89
184
116
103
200
287
616
822
191
206
106
154
171
117
283
396
126
174
145
180
134
156
201
260
153
193
331
498
809
84
200
102
156
201
92
198
180
123
178
178
155
135
119
188
87
192
186
117
205
270
88
180
324
114
160
1215
1685
1269
1541
1753
1890
1951
1588
1127
1617
1872
1436
1638
1775
1911
1326
1392
1497
1293
517
1173
908
993
583
141
189
103
176
128
89
210
86
118
194
83
163
96
176
196
130
124
162
113
170
127
167
176
131
204
136
180
186
117
175
230
218
623
349
184
224
136
197
136
170
216
82
120
175
100
217
128
120
190
123
135
165
1060
1819
1544
672
681
1193
1047
564
146
178
835
138
181
121
188
90
101
185
100
155
192
105
174
852
83
206
226
194
112
110
157
115
97
218
597
911
1179
462
1392
1133
672
735
1553
1392
807
268
235
116
181
76
100
209
544
76
220
361
242
145
100
188
92
152
182
101
188
96
138
177
103
175
303
96
189
464
126
205
155
160
107
150
192
100
208
100
150
173
162
151
181
118
187
429
196
213
469
84
176
85
181
86
182
188
99
173
109
154
197
199
156
204
107
171
868
96
177
1029
159
177
103
183
812
85
397
1332
1276
747
396
187
682
140
178
789
1298
892
127
236
117
83
196
154
201
119
85
218
187
247
178
122
188
111
131
165
117
183
93
116
187
147
120
198
95
197
88
186
211
192
244
417
104
215
134
129
163
97
169
480
132
175
190
159
113
125
204
97
166
196
365
183
148
124
160
101
128
227
108
182
81
144
220
173
181
553
103
197
142
155
179
104
182
497
85
201
364
85
224
98
182
514
119
197
303
169
489
213
344
653
89
180
547
2283
2115
1693
1838
1060
603
672
1179
1793
1145
923
1154
1107
864
664
174
196
83
102
213
112
169
98
152
200
106
159
175
96
170
83
155
192
96
191
98
122
163
100
148
199
130
150
93
124
186
131
170
134
148
231
127
172
175
97
184
78
201
233
122
173
197
135
199
93
152
222
135
187
114
124
217
106
126
204
110
187
96
121
217
96
150
183
97
189
126
119
196
155
232
97
124
226
101
119
210
128
182
116
169
200
111
170
175
104
178
138
128
227
100
204
103
124
185
113
84
224
230
155
104
93
491
1157
282
260
1388
1306
1013
162
194
766
577
467
135
182
101
127
168
242
294
802
88
169
123
186
113
84
171
223
153
191
373
420
820
100
181
114
121
198
116
156
136
169
193
182
183
297
128
202
104
181
190
119
193
109
121
216
104
129
181
90
846
656
164
175
111
160
136
119
188
125
139
144
185
650
914
106
272
817
177
209
157
179
95
117
149
192
364
916
193
516
656
224
227
111
210
115
175
156
122
189
204
159
230
164
170
198
141
466
808
127
208
142
171
164
258
498
877
82
235
582
390
160
159
182
97
120
195
140
190
135
180
173
114
123
189
122
183
106
124
185
94
173
586
193
251
124
193
194
83
235
269
132
174
117
187
171
98
201
110
120
179
119
231
521
157
179
124
121
176
100
197
463
126
197
130
172
268
148
180
99
123
241
191
204
117
184
179
116
182
235
111
485
839
142
229
97
195
103
120
190
115
184
223
91
199
574
162
170
96
120
184
96
179
100
162
190
86
366
836
78
211
95
122
197
103
185
105
119
212
82
165
207
121
190
110
183
218
100
181
492
170
197
194
199
214
121
172
103
193
189
131
94
177
124
341
832
107
192
662
766
479
97
137
107
120
163
154
603
884
97
197
466
129
155
92
197
82
150
162
110
571
703
181
189
98
175
212
113
192
86
170
178
95
175
146
175
196
143
124
218
91
194
209
122
193
105
122
226
154
228
382
195
257
138
238
84
118
206
891
100
203
86
168
94
112
217
111
120
189
107
198
104
168
200
110
214
104
120
191
143
119
186
116
690
827
136
198
98
118
156
97
164
162
119
141
132
155
600
118
624
463
80
164
94
154
84
146
183
92
95
178
160
695
846
85
214
114
172
101
120
190
122
146
165
128
494
845
135
201
675
458
356
119
189
82
116
144
93
159
131
86
179
107
118
151
81
184
118
121
178
88
188
118
115
161
109
123
180
155
580
872
130
138
102
119
208
89
199
106
84
190
104
183
115
83
184
102
123
153
105
148
92
115
157
102
121
147
109
879
971
132
874
831
633
425
131
184
97
121
195
86
194
92
139
165
202
267
81
121
184
98
118
150
100
176
92
126
177
91
120
151
116
218
107
88
175
103
144
75
119
184
104
125
155
152
173
93
122
175
86
118
177
79
174
76
116
183
97
194
96
147
176
106
117
188
91
166
107
150
151
77
122
177
76
201
82
149
181
78
165
106
122
151
92
148
163
87
158
76
122
169
80
123
158
97
186
73
126
196
103
146
119
151
166
109
123
163
124
170
92
148
207
88
167
97
123
155
874
90
177
96
188
101
122
185
86
147
174
96
192
88
123
140
72
210
93
117
168
159
125
154
215
910
995
138
439
917
152
185
99
159
145
117
188
116
239
785
137
175
93
118
144
108
237
910
175
228
152
160
149
105
163
99
121
170
133
677
784
98
258
677
85
172
97
172
64
117
161
100
118
160
98
170
124
118
176
100
204
651
156
174
95
119
173
107
202
96
119
161
106
184
485
115
176
96
122
175
99
189
95
116
191
125
120
199
81
195
108
132
178
147
204
85
150
183
108
116
184
120
130
100
147
158
101
117
189
78
140
101
119
172
81
169
96
122
152
113
146
172
102
147
152
117
170
97
164
203
102
188
98
116
169
93
195
103
116
166
77
121
163
102
256
764
82
193
121
115
152
75
166
93
118
1003
1074
1225
1290
986
1025
607
291
159
106
199
104
119
162
130
165
112
128
180
95
117
169
117
202
108
119
166
98
116
191
115
1068
856
110
217
1003
724
399
107
159
80
132
153
102
176
110
119
228
109
120
193
116
138
103
118
174
92
776
691
82
200
119
145
182
117
176
98
131
202
121
118
175
105
193
641
77
199
99
177
133
123
185
115
117
171
99
194
555
97
181
74
191
82
160
195
115
119
156
89
185
84
129
190
111
120
178
115
196
115
121
186
97
185
86
129
180
132
81
202
100
175
120
117
205
102
120
166
128
166
321
83
209
88
165
96
118
157
128
119
158
89
186
737
81
218
121
118
178
98
159
73
118
171
95
175
405
88
183
115
115
201
82
200
143
114
179
105
83
187
98
186
278
77
185
116
192
112
114
183
76
122
163
95
169
263
97
230
116
195
99
123
163
125
117
197
114
188
119
117
185
116
117
187
117
170
103
87
159
93
202
778
121
175
99
119
192
85
190
80
119
198
102
119
170
109
174
102
117
197
109
174
97
120
171
83
117
157
101
187
612
86
190
105
120
131
86
190
115
139
187
101
152
86
130
196
98
118
151
120
1104
996
118
151
1032
2030
1715
1451
1972
2342
1654
2072
1936
2267
2048
1759
1638
1252
907
573
348
596
329
462
891
351
717
434
84
157
86
137
176
179
205
152
100
166
128
137
148
80
152
77
118
171
101
190
83
120
183
96
122
186
102
195
128
128
158
144
87
196
97
194
105
117
165
124
158
89
120
194
89
126
164
354
519
514
107
190
485
138
164
96
156
358
107
175
498
689
349
104
142
114
130
169
96
185
98
129
172
105
125
176
110
185
100
129
160
103
178
87
128
169
89
118
156
113
169
105
118
172
89
155
90
129
157
134
119
202
124
158
97
116
172
109
128
193
121
144
101
118
180
115
186
95
150
190
93
129
179
116
170
106
124
199
119
123
193
116
154
97
135
185
85
157
93
129
212
131
129
191
106
186
110
150
165
160
92
168
106
162
93
126
180
106
184
109
125
201
114
128
207
88
166
110
132
206
99
171
107
129
167
110
125
175
214
182
124
131
196
109
129
161
112
216
113
77
154
94
167
82
132
140
121
123
160
105
153
80
133
167
101
119
173
109
163
92
126
165
385
1406
906
385
352
158
121
156
93
173
85
126
166
122
131
162
113
174
462
94
160
83
144
103
122
175
133
130
167
115
197
172
148
254
534
89
236
163
241
101
117
182
134
219
149
119
216
236
127
202
125
163
103
125
160
105
169
97
127
195
112
130
252
445
599
470
95
205
130
127
161
92
198
124
115
242
125
242
89
127
237
169
127
174
163
152
104
118
198
169
195
199
140
162
115
120
217
148
146
99
128
182
85
116
158
88
200
111
125
163
75
122
151
93
193
109
119
157
577
488
236
116
164
82
76
174
100
175
99
81
180
283
90
201
738
1758
1309
404
285
1142
1452
999
153
193
101
116
186
111
172
96
116
173
145
345
701
108
220
768
93
193
72
191
102
119
158
84
119
186
338
666
1089
144
389
636
404
386
99
170
87
120
185
360
655
806
138
241
466
82
186
513
610
354
168
180
113
130
90
118
165
302
81
181
241
174
103
113
208
85
116
172
105
160
94
123
203
104
256
915
113
174
86
120
190
88
207
103
116
156
102
118
176
128
184
503
133
163
86
164
79
128
187
94
117
190
117
168
217
121
195
134
399
695
123
190
108
120
189
104
243
890
80
212
105
119
184
325
600
286
168
206
216
322
631
130
205
413
155
211
121
201
101
135
190
199
116
157
89
167
91
117
190
84
168
289
82
198
199
116
182
109
162
110
128
179
148
119
157
541
691
233
126
230
162
273
253
126
205
82
84
165
426
1154
992
140
450
833
85
197
375
817
487
84
162
115
189
91
125
168
117
119
175
98
184
102
147
185
91
226
351
118
146
75
125
161
96
181
97
117
196
146
124
194
121
141
104
116
171
111
179
97
122
185
95
118
174
92
161
102
126
167
96
150
172
105
210
89
118
207
105
188
119
129
158
101
117
153
109
184
205
95
204
94
118
174
116
202
94
119
175
106
179
86
123
186
113
119
194
102
189
80
117
206
98
187
86
129
170
106
124
173
109
510
384
80
166
107
146
174
98
132
78
118
156
107
166
99
120
147
81
123
185
98
142
93
123
167
108
117
138
111
171
412
129
136
409
818
404
80
176
104
118
185
106
156
100
116
173
358
95
197
522
979
943
91
167
73
182
100
118
205
110
116
165
168
153
110
121
181
105
83
161
546
867
893
1164
1528
1167
970
717
304
178
104
86
187
103
479
811
93
194
105
192
112
125
185
96
128
172
97
182
520
99
177
81
127
152
103
163
83
122
182
89
154
110
121
144
86
125
187
112
176
97
120
174
113
133
214
108
170
455
102
206
74
180
103
123
145
95
128
191
83
153
111
132
216
125
129
152
94
164
90
129
157
329
313
515
123
177
276
121
185
95
185
112
124
181
94
123
203
106
171
85
127
181
93
178
87
118
172
88
117
147
216
645
406
136
183
101
714
488
77
152
136
124
154
337
718
362
93
159
84
87
174
81
196
100
124
181
107
167
73
115
174
78
124
184
233
402
351
137
186
120
94
223
308
880
511
92
197
88
190
125
147
210
108
125
169
82
488
565
129
156
209
91
164
165
667
151
132
178
144
180
102
117
193
104
117
168
110
178
197
119
153
116
111
183
103
879
814
86
1027
853
806
405
104
191
1008
145
1663
1456
1017
1471
795
1302
1450
1378
1300
734
1202
1186
620
904
360
657
571
89
154
333
129
336
517
714
575
180
169
185
183
85
151
175
313
86
185
259
514
265
96
173
117
149
168
89
325
657
113
176
122
182
136
119
186
131
148
177
245
555
564
102
360
490
87
196
116
231
512
87
176
97
195
80
123
197
288
81
170
120
142
107
124
180
101
141
165
83
160
152
147
189
115
156
118
121
187
99
182
168
176
532
468
117
167
98
169
118
119
156
174
84
193
129
262
348
103
185
94
117
157
112
443
685
103
208
111
191
100
157
191
111
124
201
295
481
286
130
165
93
125
179
223
569
685
90
209
105
161
103
84
197
302
93
174
101
152
129
132
189
151
180
102
151
161
106
119
161
108
163
575
104
164
104
126
200
104
170
82
150
227
165
149
106
117
169
114
119
147
99
171
136
146
155
95
118
173
298
488
528
128
199
85
159
90
129
177
97
128
178
102
181
187
96
215
118
127
206
89
169
84
128
182
115
155
114
119
192
135
119
169
116
185
125
89
167
116
120
178
112
341
562
100
211
102
160
93
119
177
127
91
163
100
177
127
165
218
105
126
141
98
134
85
149
128
110
167
120
150
165
91
151
221
113
126
91
81
162
87
205
100
132
156
103
171
179
162
415
556
91
191
121
150
145
86
162
645
630
636
125
208
115
125
178
116
135
197
96
167
143
124
175
82
116
208
150
146
107
118
202
96
203
190
82
168
108
83
179
80
324
151
398
674
580
131
159
208
206
121
152
162
168
78
148
167
262
97
117
169
85
156
95
117
171
100
116
152
117
183
77
116
174
74
592
572
88
153
111
121
194
285
1003
1580
632
523
349
516
222
106
219
161
122
298
138
209
127
119
215
85
121
177
83
185
83
118
191
216
605
649
80
217
101
117
171
132
196
166
124
502
425
86
140
104
639
479
83
142
226
567
628
110
202
126
124
165
154
168
86
148
203
122
117
158
123
158
105
151
147
89
195
94
119
171
133
116
171
85
188
113
117
187
97
154
77
117
184
91
117
173
131
156
90
118
234
117
117
167
320
487
993
134
192
412
305
186
112
167
83
84
175
85
193
102
89
191
128
130
146
103
174
104
151
174
140
179
104
150
188
124
152
168
157
228
113
150
190
114
117
180
90
163
116
119
194
122
158
83
126
142
96
129
161
113
136
178
126
181
118
144
187
114
150
95
120
187
102
154
118
117
227
104
125
130
94
175
133
121
197
97
239
106
119
178
94
118
195
83
219
95
121
163
75
117
192
118
190
94
123
178
107
163
92
116
202
112
120
146
92
209
100
125
206
105
120
165
121
166
110
119
181
304
304
742
93
224
109
118
176
128
190
131
121
191
91
119
182
109
173
113
118
166
292
1155
1391
390
281
861
80
191
103
188
197
120
146
104
136
150
110
281
443
149
180
120
210
503
90
191
634
91
183
117
212
930
76
354
972
1663
1128
384
1234
1030
512
858
465
948
560
207
221
215
83
159
111
184
103
150
179
287
499
267
104
221
107
119
169
115
180
113
117
164
86
123
167
99
191
108
118
181
153
160
107
125
200
111
117
199
103
161
335
115
213
89
128
199
104
171
79
119
177
1205
2084
1409
662
1106
649
93
216
261
420
126
152
181
80
117
173
116
153
121
149
206
112
155
150
86
178
100
86
171
108
225
77
119
175
105
552
617
107
184
936
93
196
665
724
593
226
179
457
85
166
151
713
484
87
175
99
158
113
125
155
86
119
163
179
703
589
81
199
78
124
233
100
181
89
116
171
102
185
94
124
181
280
95
211
104
845
552
77
750
357
143
175
416
208
110
121
221
111
200
92
123
155
84
161
187
121
144
89
117
203
447
814
756
139
248
110
149
186
86
463
533
116
213
112
146
207
86
171
127
127
180
107
414
597
167
185
140
123
189
160
617
445
124
204
88
118
209
75
185
281
83
205
82
162
503
113
159
100
120
224
83
184
93
118
182
84
119
186
205
191
94
128
180
248
617
578
111
183
601
102
218
105
148
139
131
190
225
81
132
100
144
277
113
170
92
477
120
111
168
94
123
117
213
704
892
124
165
99
1129
1249
424
283
546
103
226
122
183
88
118
202
87
118
158
89
170
100
119
177
619
466
1191
191
706
856
107
464
861
844
1247
434
521
781
139
198
82
179
1028
156
481
1450
2424
1937
1021
1299
1361
359
1169
1044
2751
2979
2036
1940
1263
480
1521
2023
1674
1058
384
356
1577
1448
766
235
632
600
145
206
100
188
100
133
176
86
101
170
108
189
158
136
157
87
173
103
127
180
88
119
153
86
205
85
129
185
83
175
82
116
186
102
126
240
279
163
100
112
153
134
92
196
245
199
106
115
177
229
191
126
81
205
68
119
149
131
189
112
146
176
105
125
154
117
183
82
119
162
110
183
130
117
179
85
130
151
231
496
112
137
161
205
118
213
110
177
99
119
164
118
185
117
118
186
92
92
158
85
241
262
94
190
101
118
161
115
168
141
138
173
94
196
93
117
143
122
119
196
101
634
426
103
163
102
150
103
118
162
100
98
158
81
550
480
125
193
94
116
145
91
190
112
118
171
188
812
425
94
164
723
98
154
109
190
96
119
185
95
121
183
99
164
94
124
161
104
183
88
117
151
91
121
222
98
170
81
116
176
98
115
164
129
189
100
117
204
197
285
325
95
179
737
78
274
444
555
994
912
1016
1891
1872
1186
664
723
628
107
271
110
209
113
129
167
108
130
163
100
193
88
117
204
104
147
151
133
177
120
148
173
895
945
980
100
641
982
222
632
761
1013
566
99
173
163
191
106
144
152
124
120
170
91
160
86
144
186
121
121
155
154
200
123
147
177
84
172
82
117
178
132
147
162
133
183
342
104
145
323
97
186
107
164
165
88
174
98
174
460
125
186
127
123
169
92
151
90
113
170
96
183
108
120
154
107
117
168
78
188
107
119
175
120
173
160
163
201
167
136
177
103
158
234
138
161
97
118
185
88
161
90
127
188
104
127
194
95
175
83
125
165
150
182
369
106
172
95
128
166
128
174
133
127
161
99
173
165
99
214
90
117
160
119
174
310
130
177
120
119
178
108
186
103
145
164
99
123
156
105
156
113
146
195
90
175
107
159
194
97
146
142
99
189
117
94
193
250
416
541
236
183
436
130
166
102
129
77
116
207
123
81
185
85
177
78
124
268
141
170
87
118
138
85
118
157
117
185
120
123
155
512
350
209
87
131
70
88
179
113
177
77
147
171
88
124
295
100
185
84
146
188
94
130
177
110
159
88
150
261
103
190
93
118
174
90
150
173
104
175
83
116
161
105
183
123
115
196
109
127
156
92
190
109
126
165
100
124
177
102
161
220
118
216
86
148
107
127
215
109
124
149
109
182
355
116
187
107
77
177
174
180
106
117
223
97
155
113
147
176
108
114
163
79
168
102
93
157
108
123
159
105
196
137
148
158
350
531
224
102
857
659
192
201
123
158
229
117
205
104
128
180
109
175
99
124
194
120
154
86
129
211
87
137
155
132
147
122
124
160
146
192
108
119
191
117
131
175
94
324
554
82
175
81
116
197
122
190
571
109
191
125
153
118
126
193
72
84
159
106
171
157
99
172
127
81
169
105
173
101
130
152
97
180
98
130
194
91
147
183
110
194
93
123
170
111
126
186
125
171
85
125
173
97
153
81
117
176
126
128
186
97
205
351
114
204
163
131
167
137
183
122
124
171
97
161
97
95
185
384
108
192
86
199
93
128
191
102
169
100
152
190
108
123
131
84
182
129
117
183
214
130
181
85
161
128
148
178
197
187
727
90
157
98
123
194
533
1144
749
115
164
172
147
188
738
1223
776
119
213
880
767
430
106
186
122
127
167
73
155
109
82
195
98
123
177
94
180
98
156
163
368
889
647
165
195
105
125
162
96
193
124
117
181
163
83
153
118
178
75
128
161
229
858
630
159
170
83
136
189
157
180
547
96
221
321
306
100
129
185
158
122
190
514
1061
584
154
193
79
151
205
96
138
237
100
179
276
230
102
148
202
84
118
189
103
171
253
82
186
126
130
163
109
161
88
146
174
173
634
558
95
177
106
127
174
163
149
716
120
288
594
109
235
97
187
100
117
158
246
928
633
111
207
216
95
167
108
173
89
146
144
111
127
158
429
930
859
115
216
113
137
93
128
183
102
148
127
122
153
100
123
175
83
170
88
151
151
91
130
150
112
156
110
148
167
834
76
190
713
894
508
183
171
751
1073
710
83
191
88
129
178
106
164
89
126
178
359
87
163
88
195
99
99
158
126
579
618
96
175
122
129
178
74
149
673
142
199
125
118
175
118
161
108
122
169
127
167
79
117
192
98
127
697
546
437
207
91
184
133
87
150
83
179
112
127
170
158
211
101
148
174
95
118
164
101
171
105
146
149
89
169
159
118
197
337
94
192
110
182
936
94
192
88
146
160
83
126
131
83
147
111
160
106
146
167
113
127
179
105
404
546
123
208
94
116
191
262
555
567
164
194
137
244
225
134
212
151
94
201
105
166
85
117
223
152
91
212
148
412
414
78
192
119
205
138
148
196
87
128
184
177
463
596
126
153
128
190
134
117
159
130
149
243
153
172
107
115
191
116
149
198
103
186
97
125
251
136
221
99
117
180
128
116
173
141
164
142
116
177
80
171
208
120
186
136
123
220
244
323
469
105
209
87
114
230
80
203
204
89
182
1171
172
864
900
1924
1450
669
1263
1184
1759
1087
1160
1609
1135
953
1040
696
996
1084
733
851
1010
112
634
1080
817
507
95
179
94
170
244
130
147
102
130
154
99
152
100
117
205
156
518
231
85
175
162
90
209
324
479
286
101
213
111
118
182
110
143
132
116
228
135
261
90
117
248
131
118
204
89
139
89
129
203
332
81
208
105
164
113
123
213
102
217
114
124
150
113
136
174
103
186
96
161
202
105
167
218
566
623
928
109
160
108
213
108
117
185
88
178
131
108
199
90
118
187
83
183
242
100
142
89
115
168
87
150
97
113
246
104
119
228
352
367
309
93
218
100
193
111
165
191
90
114
148
100
171
89
117
206
98
130
170
129
147
97
118
227
170
211
83
180
152
108
201
187
83
212
91
126
156
99
125
220
103
213
100
127
225
85
164
99
119
180
104
94
188
166
197
282
93
178
121
118
173
131
193
93
123
199
90
202
141
112
184
126
119
152
124
199
93
128
171
92
117
202
122
147
100
126
248
102
197
210
175
136
161
117
193
109
244
91
116
200
126
165
84
117
162
106
131
191
165
177
96
121
202
147
126
208
208
400
688
73
168
82
147
82
120
204
108
117
200
124
222
135
133
304
196
130
291
194
230
121
130
173
112
187
81
126
195
98
122
157
101
166
113
124
154
136
124
177
136
181
120
124
159
83
170
120
131
179
91
128
184
110
149
123
130
168
154
169
135
129
174
114
120
159
81
181
165
83
172
110
118
168
108
174
106
129
175
77
180
148
118
169
83
130
182
94
629
446
97
158
119
127
175
120
220
100
147
165
85
161
86
120
169
130
128
175
90
177
86
131
178
915
98
159
733
888
1412
606
968
768
431
219
106
705
1167
162
509
208
194
84
86
130
97
130
196
110
177
111
117
170
88
149
87
150
165
105
130
181
416
519
354
113
134
96
157
88
96
185
111
152
164
202
1080
985
192
403
249
123
166
105
164
111
87
192
102
161
84
118
221
401
90
178
90
185
101
129
184
107
116
168
85
183
83
118
161
501
847
955
313
565
330
104
191
114
167
97
122
139
111
118
151
114
180
89
117
186
766
1360
1042
664
1128
1164
963
867
564
488
372
157
190
87
124
146
94
172
89
128
203
96
827
533
82
214
98
109
167
110
354
155
83
168
109
188
108
131
168
83
120
178
104
191
87
125
179
87
118
146
86
169
87
80
165
80
156
272
101
172
89
124
170
100
193
107
178
180
82
119
152
91
165
356
105
163
84
237
968
95
192
108
123
161
110
191
661
146
166
107
117
169
104
171
105
150
166
178
162
119
127
161
106
121
196
73
148
80
130
169
91
152
134
118
167
112
131
351
986
1121
544
86
272
432
103
183
84
195
130
118
155
778
861
1681
681
1285
1912
1135
1323
1744
1535
1162
1078
1449
1917
1015
2073
2159
1700
1343
608
992
471
997
787
393
566
518
104
182
114
228
775
134
236
465
86
147
103
166
451
88
192
95
188
405
116
232
108
120
140
102
182
96
122
173
79
119
179
163
1318
1105
109
184
782
1021
674
85
210
103
119
184
116
159
117
119
166
108
178
176
87
251
152
85
212
122
178
116
119
189
100
127
193
83
251
980
113
190
709
1004
685
81
204
158
113
160
111
132
154
85
130
100
117
150
87
169
93
116
165
117
435
838
172
1272
783
227
496
389
184
145
83
197
304
80
534
1517
1491
1537
1150
1126
2118
1934
1277
1290
1022
1334
450
188
608
696
741
156
157
214
130
172
385
950
598
89
194
87
175
83
126
143
91
120
169
91
183
437
88
189
842
989
916
103
174
109
84
174
303
670
233
83
165
107
118
139
86
193
78
151
197
90
171
97
123
139
90
126
143
102
170
97
117
171
100
150
166
93
175
151
123
206
90
136
114
121
177
113
118
171
126
162
117
128
183
91
127
170
101
160
420
83
181
140
155
144
89
184
115
121
191
105
195
81
116
193
136
120
160
183
183
118
116
195
120
271
135
144
181
173
118
215
93
211
149
146
195
112
218
123
129
168
119
204
194
131
167
168
128
227
178
155
209
765
819
1130
128
1070
1329
1152
657
122
184
87
118
203
412
1577
1579
1071
1247
2157
1235
1156
965
789
460
103
167
679
1760
1412
419
1103
1174
224
639
1924
3502
3367
2612
1841
1329
929
686
299
370
897
418
364
245
236
163
91
168
93
104
198
97
175
459
93
157
109
120
179
80
200
81
118
184
124
166
84
118
172
99
146
166
96
160
89
123
151
100
171
272
97
160
75
130
153
105
208
115
119
179
81
127
172
98
212
560
83
161
72
176
97
119
164
87
118
183
192
234
753
149
183
92
117
190
92
167
81
120
187
100
166
72
120
142
98
119
194
102
179
96
146
184
160
130
165
97
178
79
119
159
97
166
201
121
182
145
146
176
84
194
102
119
162
96
118
166
90
149
121
130
142
111
199
107
126
182
105
92
165
99
141
92
150
191
147
635
301
130
199
80
118
156
85
167
115
116
138
81
118
159
136
411
315
138
196
126
158
89
148
183
109
128
147
146
141
95
146
173
106
122
181
89
258
444
153
157
82
152
84
145
168
106
146
197
103
197
94
118
182
127
116
177
77
150
111
119
205
195
520
387
147
167
100
130
197
108
161
111
120
179
125
178
514
127
119
104
120
165
90
167
408
116
192
82
118
173
96
157
99
116
184
97
164
98
145
157
142
119
187
86
378
311
97
176
111
132
183
76
169
88
147
182
97
153
97
147
177
132
118
182
122
167
84
111
173
96
117
166
153
487
593
130
183
141
174
93
124
211
95
114
156
100
191
76
124
203
93
151
172
100
209
122
187
187
203
447
445
92
149
103
115
171
94
174
75
117
150
138
396
562
96
178
95
116
219
122
198
102
160
148
88
122
158
97
173
96
117
166
84
142
86
147
159
110
116
163
99
140
90
145
150
83
120
159
103
169
92
146
197
162
251
275
120
148
116
146
204
101
172
119
117
190
102
118
168
116
164
114
119
154
100
494
605
75
173
112
129
201
86
165
131
86
174
119
122
192
98
220
134
116
153
99
168
89
85
180
96
128
165
83
167
91
120
155
114
170
78
121
173
475
90
180
110
202
102
114
190
106
114
160
111
181
103
115
184
81
138
79
120
150
104
118
171
98
156
96
117
186
81
116
164
123
148
91
149
190
89
165
113
117
192
101
147
166
103
152
108
118
162
90
145
167
97
139
145
120
167
118
149
99
116
169
84
177
143
132
161
125
115
183
117
116
184
115
176
117
124
178
98
182
80
118
168
95
130
160
87
189
90
146
135
106
199
77
142
185
1132
226
654
494
209
888
191
669
1176
176
419
570
831
794
171
196
94
177
121
121
182
101
130
166
103
236
284
83
199
96
118
205
131
212
139
117
234
113
443
634
102
187
147
118
214
194
191
94
119
216
144
118
166
99
169
166
125
166
143
160
563
92
219
1062
175
172
582
1046
998
79
199
161
324
1177
198
1055
1014
152
189
156
381
935
83
223
104
146
203
600
1137
909
85
291
144
206
173
119
216
125
149
213
141
186
133
118
210
148
81
228
259
344
85
91
771
579
2119
1919
1047
583
656
93
198
207
656
460
106
241
158
128
202
139
176
136
117
193
331
763
237
93
232
98
113
178
86
234
212
120
186
102
118
175
123
198
110
139
208
104
191
166
117
154
139
146
170
111
184
150
116
182
79
191
130
129
180
119
117
212
130
160
102
119
263
113
118
235
217
188
118
120
172
91
242
154
119
182
155
117
172
142
224
107
118
230
126
130
174
143
1016
631
88
189
91
207
161
150
206
113
119
201
140
133
75
117
194
107
120
184
100
173
134
147
169
743
1209
1357
359
248
749
115
195
152
173
123
147
232
107
118
146
142
178
127
154
189
85
155
135
118
176
100
148
175
96
172
99
127
183
82
172
87
112
191
99
114
173
92
150
104
147
163
118
119
156
107
181
80
118
173
154
190
198
137
157
104
147
253
125
189
131
145
184
163
114
226
115
161
123
122
158
89
139
118
119
161
107
118
172
107
192
134
125
162
122
122
171
107
177
80
118
152
82
178
148
129
190
100
119
195
126
181
81
135
172
165
122
177
102
204
168
87
181
103
136
90
121
158
188
132
174
74
144
82
119
156
106
168
121
150
209
103
129
232
140
200
111
148
174
119
117
170
92
172
75
149
179
129
182
99
129
199
96
121
174
80
193
104
117
161
107
147
173
87
165
84
118
679
538
389
384
108
182
103
117
198
75
170
89
124
167
96
116
179
108
136
287
121
190
106
204
109
128
172
136
118
226
81
181
554
128
205
77
147
75
116
179
82
147
188
94
147
386
107
144
95
114
167
75
157
204
128
180
141
173
105
119
178
101
115
141
115
185
107
131
194
91
129
172
106
165
106
120
163
127
148
112
128
168
77
120
153
93
163
101
116
211
104
174
166
99
184
219
137
184
110
170
91
127
172
86
115
193
84
178
84
116
164
90
121
205
101
145
98
129
191
143
202
108
147
169
85
129
156
101
196
519
153
159
126
156
81
127
175
136
149
161
117
165
106
120
198
95
149
173
108
156
115
117
155
162
183
379
98
157
97
116
172
115
167
93
133
186
87
117
174
157
201
565
93
162
87
176
107
129
174
100
120
175
100
182
112
117
169
91
131
180
90
178
105
120
181
144
136
136
132
205
199
124
189
124
174
102
147
189
129
151
136
192
309
611
149
245
128
195
112
120
158
129
116
165
99
209
477
131
173
132
179
82
130
164
111
119
176
90
182
223
86
179
108
85
152
110
184
91
119
154
156
318
542
127
184
88
118
165
104
200
100
118
166
115
129
156
122
246
596
113
164
98
189
111
87
180
90
157
142
94
182
89
128
200
115
116
158
90
184
99
124
169
99
162
110
127
173
88
128
206
88
172
98
117
181
105
127
136
169
382
618
76
163
106
175
102
128
186
109
117
168
169
188
465
88
219
89
169
90
147
157
77
121
216
127
190
228
143
194
78
125
161
142
197
163
125
183
73
183
97
120
169
107
146
166
79
182
103
126
187
184
116
174
80
197
92
115
148
197
387
453
92
205
124
123
205
156
184
98
124
171
121
124
1109
859
777
520
83
165
90
180
107
117
212
109
119
172
92
163
372
80
207
105
178
108
147
173
92
120
164
103
183
104
119
210
109
129
202
105
179
88
126
175
103
184
126
148
155
115
146
174
91
208
95
116
166
102
147
180
115
130
173
111
177
168
201
84
131
176
109
119
169
90
158
115
129
174
143
120
181
173
625
955
162
215
112
206
119
129
198
91
98
160
279
753
658
177
178
98
121
168
91
151
104
127
181
116
198
95
144
176
107
119
153
176
178
194
116
189
219
624
454
97
189
137
146
164
100
159
133
147
166
98
120
152
112
176
93
117
156
108
192
95
117
178
83
117
191
119
151
79
118
179
127
124
179
120
171
80
123
191
178
169
89
122
152
88
130
188
92
203
114
128
159
107
126
164
79
164
101
123
182
175
559
791
278
425
651
135
202
138
207
86
91
169
92
83
201
79
188
78
147
162
113
433
717
123
209
124
116
188
121
169
116
148
183
364
689
619
136
200
81
129
160
117
614
889
87
190
310
114
190
182
591
943
132
165
105
281
841
99
204
1052
114
1135
2590
3123
3455
2845
2103
1822
1829
3011
2643
2052
1454
1034
699
724
731
669
1023
1049
557
185
196
118
181
124
193
183
339
84
182
217
305
460
77
193
597
2382
1967
1425
1721
1531
1254
1249
803
955
530
136
155
804
1275
776
132
147
415
127
236
246
249
93
116
213
118
128
147
146
237
165
125
165
196
160
105
124
644
875
677
971
405
318
244
84
174
100
123
164
86
251
498
116
162
364
914
608
280
940
1092
230
208
398
408
868
179
168
723
102
372
1135
958
699
220
179
542
282
264
126
162
89
125
167
102
149
113
146
181
83
118
228
108
187
85
151
208
79
388
590
104
220
76
152
180
297
441
700
109
196
131
115
181
202
800
888
111
161
1155
1450
757
406
219
100
110
172
614
1197
674
437
699
535
843
460
133
405
587
113
158
83
164
85
151
165
141
158
178
83
244
303
137
212
168
166
77
126
165
96
159
161
114
168
143
149
214
128
147
179
100
193
463
89
582
911
1015
675
393
427
269
78
174
90
565
264
153
224
83
91
221
104
169
92
149
172
90
185
107
119
187
98
154
204
98
154
132
122
141
138
169
374
127
206
130
80
197
84
176
224
127
189
85
129
198
102
843
460
143
163
89
178
93
149
185
88
116
170
142
197
110
149
174
78
125
167
77
201
126
159
188
122
200
144
143
188
179
153
184
108
190
127
130
189
505
135
191
119
207
419
100
220
97
175
144
130
188
110
151
186
93
174
104
103
222
126
144
207
76
306
451
99
182
119
153
124
123
156
100
132
183
105
197
226
116
192
117
194
78
123
183
121
150
164
103
186
77
126
191
241
85
192
192
214
764
142
164
92
193
104
129
182
111
174
186
137
219
282
96
191
105
137
180
529
385
478
92
210
84
182
384
129
172
92
88
171
122
203
116
96
184
87
81
184
154
195
520
112
175
104
171
517
113
175
74
132
165
95
181
304
113
199
226
135
150
68
182
229
156
212
295
673
701
80
175
267
84
229
381
648
346
120
158
208
646
856
67
184
88
119
152
84
173
126
147
163
73
81
167
94
203
92
134
209
115
179
117
114
171
123
139
149
184
302
112
129
160
131
118
191
117
177
129
116
141
102
203
89
152
193
112
128
177
162
251
230
150
189
117
131
140
77
170
207
148
179
99
172
91
147
186
276
76
182
86
144
113
127
205
90
148
178
95
166
89
89
185
88
174
118
145
159
75
123
180
157
195
80
148
175
161
483
444
88
166
89
128
202
127
200
95
129
211
104
147
166
91
205
109
124
187
91
252
105
131
160
89
119
161
75
168
111
152
154
83
121
196
303
401
512
116
198
98
195
115
147
151
195
127
158
153
145
110
124
165
96
130
192
106
192
106
119
165
113
204
423
169
190
124
149
182
195
490
696
114
271
119
149
104
121
203
116
149
165
110
184
102
128
198
216
180
233
320
246
157
150
190
92
193
108
88
186
1193
194
2061
2690
2307
2862
2362
2109
1999
2241
2487
1843
1317
880
562
646
339
446
311
145
239
138
137
176
320
760
647
115
292
93
184
662
1219
1459
1165
566
505
576
884
1119
556
688
789
130
1166
1587
1530
1018
814
857
634
472
349
1067
1398
1375
633
461
518
528
729
225
205
566
105
146
135
186
344
109
225
445
303
111
117
223
117
131
201
141
196
125
178
198
120
132
168
98
206
101
152
169
102
191
137
131
172
146
160
278
110
178
136
193
217
95
159
204
175
267
189
136
172
113
205
99
154
187
107
155
176
95
189
137
218
277
292
96
134
109
245
96
150
192
165
204
77
131
183
370
116
178
99
143
864
79
188
302
164
195
471
746
416
103
184
119
205
256
175
106
91
137
180
159
212
162
117
181
184
197
189
207
574
718
169
136
222
266
698
309
78
171
224
194
108
252
105
118
175
111
190
555
118
181
654
83
237
121
172
96
132
219
477
121
291
558
896
562
87
194
108
161
80
171
184
87
188
175
341
877
1095
346
486
211
110
222
105
172
453
134
196
528
563
235
155
241
177
122
282
752
926
702
216
240
649
81
169
82
170
96
155
171
102
253
143
127
182
122
166
239
120
200
134
118
180
103
189
119
147
155
125
119
230
137
210
97
116
165
145
122
203
361
254
104
155
244
125
182
167
189
254
122
111
176
120
189
112
132
210
140
187
185
124
265
1200
206
1176
2689
2337
1595
987
777
393
209
359
157
187
144
122
267
146
193
288
124
202
137
145
210
133
208
89
147
258
150
120
141
194
172
129
121
211
116
176
138
146
185
142
155
163
143
233
82
154
174
139
120
209
77
177
109
149
164
107
228
261
123
135
256
94
179
116
158
103
119
182
116
149
179
94
195
108
133
179
114
158
306
117
199
95
122
189
129
574
519
154
174
134
126
147
601
573
410
131
187
220
190
315
135
178
105
121
161
99
150
100
153
192
136
129
152
77
176
126
157
191
439
628
384
146
203
152
158
188
94
359
552
147
201
113
448
369
146
189
82
158
165
100
183
83
119
183
412
131
211
124
243
661
112
223
103
175
87
138
184
106
128
164
118
508
540
120
176
91
127
165
167
176
282
172
165
81
178
101
152
188
106
119
164
105
174
351
152
176
444
117
221
99
196
98
154
167
141
524
535
188
197
81
125
175
109
190
83
153
193
197
119
219
471
616
394
116
186
88
158
311
120
183
1279
278
1073
1500
2379
2124
1589
2000
1677
1798
1256
614
1207
878
228
173
160
197
353
215
181
112
98
149
103
187
109
168
174
118
200
112
156
133
102
129
156
113
184
83
132
220
235
155
239
91
165
234
153
167
130
215
112
154
206
116
119
254
108
185
111
154
165
85
158
194
103
166
144
127
211
81
183
137
117
168
108
148
208
104
208
148
123
188
161
120
230
85
221
143
122
223
150
234
130
121
246
193
238
434
588
229
116
138
146
100
221
81
85
203
124
147
180
112
224
100
124
200
110
131
180
116
162
122
159
165
241
202
106
123
182
107
122
201
192
199
136
154
244
87
154
212
135
190
121
152
227
100
200
84
123
185
118
149
192
96
177
94
134
208
107
156
207
108
199
104
129
174
206
184
95
135
215
127
125
193
85
187
114
122
206
98
196
115
121
180
116
126
162
137
187
94
122
188
317
118
194
103
172
93
134
205
103
257
97
122
180
109
165
157
117
201
102
156
646
472
87
244
132
286
119
151
194
117
171
129
132
220
160
153
191
100
192
128
121
175
113
155
203
117
189
96
123
164
95
185
82
121
162
84
125
179
116
174
92
130
195
127
147
189
120
197
108
125
230
108
178
113
152
221
113
125
191
104
208
120
140
175
98
194
87
155
183
85
156
193
130
160
120
152
173
98
156
225
127
195
132
151
175
98
211
142
130
238
116
161
205
117
204
92
143
284
98
159
228
120
210
136
127
194
209
257
107
125
226
103
133
191
171
233
111
159
185
124
117
188
91
188
92
154
244
117
249
89
129
204
119
158
240
121
190
107
75
238
78
125
180
112
177
92
120
225
107
195
115
135
162
158
164
202
112
170
81
128
193
135
168
109
127
233
1055
181
531
423
293
636
150
210
368
163
176
112
199
175
139
370
471
673
560
163
271
102
125
181
174
182
100
127
209
116
127
156
108
207
148
127
158
132
188
91
157
190
115
124
150
120
226
96
129
251
120
130
180
139
267
778
108
203
141
172
116
163
191
163
165
209
101
196
144
150
205
149
160
197
110
143
214
132
170
88
208
108
142
211
110
139
177
111
161
154
149
187
81
206
101
193
244
142
142
174
91
182
93
140
188
79
141
189
145
164
129
182
213
114
207
127
122
202
116
175
227
220
181
143
180
185
182
178
230
98
193
117
183
181
120
173
120
214
194
102
206
178
107
167
124
147
199
85
128
250
110
233
80
122
240
90
172
138
165
258
107
186
204
120
182
92
126
127
116
166
98
129
204
173
225
163
174
1589
1123
634
468
546
187
186
181
265
343
166
219
90
142
636
157
198
407
99
863
1102
851
646
553
438
472
80
210
670
852
768
83
270
358
938
1013
138
199
397
91
1042
889
839
653
84
226
198
381
1153
217
185
754
107
200
93
200
112
127
199
88
130
226
113
164
125
183
182
109
127
160
749
1083
911
283
250
163
352
244
171
218
107
123
184
162
235
126
179
211
122
164
100
130
178
115
189
218
129
232
77
179
195
108
131
200
208
515
696
119
180
139
211
129
152
184
100
150
190
85
202
126
149
219
105
150
190
106
216
125
149
193
202
183
400
108
165
82
188
133
101
160
82
142
181
148
180
168
95
141
421
101
176
73
199
107
188
185
83
143
184
108
198
101
182
188
141
178
172
123
161
92
139
188
1164
1070
520
229
232
416
165
187
98
196
600
98
200
249
710
1139
207
200
123
91
159
1094
1416
1847
1165
1767
1284
948
1167
726
697
834
90
186
101
201
125
186
198
103
186
202
114
225
94
126
162
109
133
195
118
240
241
120
205
166
188
88
125
196
75
105
191
207
474
622
113
167
90
121
204
98
175
91
146
186
127
180
686
101
201
121
120
193
114
179
133
156
171
121
264
483
108
183
247
85
196
106
191
173
185
546
1439
483
610
1021
918
804
82
187
131
205
108
192
185
144
188
190
197
1191
1163
166
295
856
135
194
155
190
84
184
154
113
608
472
84
197
131
128
207
112
188
104
126
178
113
126
188
1330
1288
662
344
615
600
942
569
117
217
116
129
184
117
176
573
114
216
88
184
178
102
190
131
179
219
90
201
186
190
199
123
131
178
120
201
212
217
221
117
198
175
100
174
128
185
190
116
211
253
105
202
116
202
172
104
183
134
176
193
135
188
100
186
186
119
187
165
110
142
127
126
180
114
184
169
100
180
780
79
207
100
172
93
200
197
116
174
164
107
149
87
189
210
111
191
162
107
206
201
97
274
644
998
609
147
181
91
188
180
96
204
77
177
187
82
185
178
92
197
124
184
220
106
175
107
176
201
109
171
197
105
172
89
168
162
110
235
827
118
164
78
185
191
109
186
105
185
172
101
182
197
116
216
235
189
244
174
191
85
171
182
95
193
178
82
216
95
176
150
114
189
137
93
181
90
192
180
131
263
318
110
219
120
151
181
126
209
159
231
198
137
128
179
141
170
147
188
227
127
228
780
120
206
96
189
178
112
213
101
130
200
133
239
177
115
190
106
185
235
149
1398
883
655
1320
1909
1320
1631
1506
1305
1206
384
393
544
527
434
219
169
101
130
167
224
1343
1477
727
1136
1427
561
795
586
845
549
136
156
119
172
856
102
183
108
184
197
611
1118
763
166
205
1013
139
426
222
197
116
185
181
426
1056
1224
494
1115
1474
816
861
1493
1381
944
135
194
753
93
1253
813
861
499
136
187
385
716
794
143
164
114
184
184
190
184
107
163
178
103
188
212
137
221
565
95
188
129
301
800
113
168
131
127
161
89
176
110
186
182
110
211
205
144
192
153
129
191
506
301
571
105
236
151
152
169
118
167
103
149
184
129
143
123
130
160
112
215
183
148
217
126
182
231
97
134
181
114
208
127
127
225
109
196
97
193
203
123
130
233
132
203
154
186
188
118
128
210
122
193
117
132
235
131
247
343
244
236
109
132
224
93
195
120
153
200
90
132
206
128
193
116
133
167
103
220
112
211
183
98
183
177
121
223
436
120
192
303
515
333
94
191
117
151
183
144
190
137
207
218
116
126
200
124
173
89
133
238
131
214
112
134
175
114
218
216
109
160
107
128
188
136
225
189
129
169
110
161
192
139
190
547
120
207
101
126
225
108
199
119
126
185
88
133
176
87
226
114
122
195
340
549
360
139
203
110
182
177
224
189
112
183
193
142
136
208
132
218
89
150
202
115
150
130
167
186
114
180
201
286
196
83
135
224
107
189
107
124
186
168
190
174
177
280
809
100
183
87
123
173
89
183
106
122
164
116
192
107
181
194
89
137
210
186
455
138
82
146
92
128
207
125
202
106
192
208
605
903
593
119
161
1023
142
460
1119
1043
655
166
207
118
133
226
159
147
174
183
189
103
212
113
133
173
101
180
212
103
136
214
180
181
476
723
994
91
351
722
111
191
96
167
93
193
200
169
182
202
96
158
552
85
162
91
209
143
176
190
278
235
171
118
187
91
180
203
102
179
148
99
197
149
153
221
209
554
545
97
147
90
132
194
104
184
286
154
222
97
129
164
109
229
608
99
170
100
186
122
181
154
120
208
177
112
159
91
128
212
209
223
421
91
225
104
128
227
159
210
429
127
196
113
137
182
120
206
204
111
230
1318
2349
1888
1267
1920
1350
760
476
413
324
109
86
199
1103
203
1221
1096
920
357
179
186
841
875
1858
197
1116
1889
1535
1457
1635
1247
741
868
1298
1290
437
385
760
1028
946
104
202
542
580
665
109
162
431
112
203
348
759
486
197
227
125
129
154
246
565
753
89
176
613
902
822
132
256
105
124
210
123
209
110
181
236
271
612
701
114
283
154
131
246
204
763
670
114
189
241
125
238
153
203
105
156
195
200
599
756
90
274
173
156
216
140
209
374
158
239
252
184
236
101
148
677
88
229
462
930
998
127
239
774
160
185
122
236
444
133
152
396
138
209
147
192
135
167
192
116
227
431
166
222
339
183
210
127
167
729
150
206
111
166
187
136
215
113
196
230
150
220
517
169
171
90
171
183
117
255
434
137
235
196
171
224
238
338
809
77
238
86
166
90
163
237
95
163
191
148
217
110
181
187
165
228
94
169
220
243
136
217
110
184
141
172
210
148
184
253
136
192
451
139
226
117
186
144
178
163
99
176
193
182
157
110
187
224
103
181
256
108
274
98
184
503
674
1414
1006
124
220
504
140
350
161
417
893
136
297
371
116
211
129
244
152
122
315
150
201
439
99
236
186
122
179
288
308
444
121
369
221
895
666
197
228
142
117
295
126
256
106
166
193
111
148
155
119
178
91
169
206
100
169
110
185
171
192
208
199
199
226
707
142
185
144
166
199
99
141
142
169
198
156
204
285
156
690
828
85
198
146
209
414
186
198
129
169
207
219
182
125
165
194
101
216
87
171
203
131
169
212
158
194
107
167
170
179
142
213
161
210
129
230
222
135
188
140
168
204
168
183
201
155
204
233
128
233
105
218
108
171
174
123
165
210
159
167
110
168
186
132
176
227
163
190
135
173
229
148
187
87
153
246
113
186
160
107
128
141
189
216
124
164
194
193
206
119
162
258
80
190
119
167
231
124
173
242
107
203
458
135
182
98
154
255
165
188
107
178
178
101
222
99
175
187
135
172
157
145
315
152
142
173
172
121
186
118
204
97
173
192
120
206
102
165
224
129
165
200
110
480
543
175
213
124
180
87
183
211
135
190
220
172
202
85
165
179
151
165
201
88
190
88
221
178
115
226
100
167
210
129
189
211
85
257
119
179
187
90
182
192
99
229
133
167
212
133
267
710
131
280
113
186
245
203
260
110
186
171
128
172
217
123
197
921
950
869
651
593
699
147
267
110
173
235
111
217
112
167
209
191
197
261
168
208
135
190
167
166
203
121
190
277
106
151
206
132
265
88
179
260
98
255
122
172
202
149
183
255
181
212
108
168
148
101
167
198
154
164
137
179
250
136
166
110
164
188
84
179
187
146
193
603
139
182
116
193
206
84
205
98
169
182
144
191
98
175
203
148
172
246
146
190
488
148
210
157
175
170
108
220
188
171
240
86
184
95
123
164
118
125
226
106
160
118
185
172
579
888
606
176
645
182
131
189
120
789
581
90
237
111
118
176
111
183
158
175
200
123
219
149
144
158
583
98
179
124
205
94
169
177
139
99
207
108
191
134
136
221
129
209
89
134
179
103
123
169
159
301
713
83
155
92
129
209
97
226
135
134
178
167
337
794
98
202
126
124
162
155
272
761
168
167
123
129
181
127
166
526
128
201
111
185
114
129
179
139
136
268
128
206
85
127
213
103
172
149
128
185
129
126
204
1131
2086
1774
834
878
2071
1074
1667
1909
1597
1049
341
1039
1623
1714
1604
2346
2095
1288
486
1820
2002
1687
1125
413
444
459
210
219
150
206
119
123
184
125
265
277
129
233
93
122
197
129
217
88
120
230
129
216
248
118
280
93
213
236
99
236
84
179
209
210
151
207
106
165
94
124
187
88
170
212
128
449
110
120
187
82
187
301
134
198
133
197
205
97
175
97
172
150
86
168
95
185
209
146
184
171
109
156
525
144
201
403
168
193
246
979
1224
215
209
136
184
116
184
180
89
176
190
109
154
93
186
193
141
200
182
317
911
631
222
153
86
150
87
170
190
135
192
214
152
178
105
188
173
155
182
177
111
1190
1545
613
1473
1261
1171
625
124
196
177
147
216
191
165
138
183
175
124
143
189
135
1051
656
151
187
107
158
166
178
179
104
151
211
120
1084
1435
458
690
502
404
178
175
164
139
164
179
112
1279
1515
550
838
551
137
233
128
189
118
175
148
100
160
102
184
187
227
85
202
441
1111
724
136
223
128
179
254
121
176
370
89
141
862
1567
1886
1005
1324
915
97
199
85
187
109
172
155
151
142
175
87
419
1202
398
1198
1432
2098
1812
1762
1953
1933
1337
1273
1228
1263
807
124
211
1145
2374
2710
1894
2915
2697
1941
1355
1689
2082
1873
1505
941
1106
321
515
479
512
479
108
1094
833
1019
965
281
157
92
116
217
193
268
591
117
172
91
129
172
339
2436
2639
1802
2064
1696
1123
914
713
932
341
103
173
148
211
107
118
145
105
127
174
100
163
156
131
207
130
425
788
86
162
292
103
174
78
201
645
84
203
102
128
176
116
184
130
121
184
81
204
92
119
156
126
87
169
99
294
932
117
201
431
164
158
93
192
531
134
181
422
879
606
131
162
109
131
166
132
166
104
119
182
90
175
762
86
170
123
151
172
127
167
484
81
188
122
124
184
105
175
113
89
156
100
205
408
105
165
91
87
137
85
151
107
125
162
99
126
184
101
162
124
140
192
509
337
653
94
164
106
95
145
96
183
96
83
152
99
82
141
103
206
244
95
194
114
179
85
83
175
116
143
147
91
160
104
156
174
117
156
111
118
203
132
90
160
110
532
1082
155
360
810
85
154
114
175
101
104
188
443
756
869
293
150
120
95
188
182
180
329
80
157
112
80
185
108
173
287
92
219
84
540
1005
100
570
369
92
212
86
199
409
110
165
109
133
157
102
306
953
168
210
1086
963
612
91
201
271
114
173
197
185
445
79
577
1225
653
627
1258
1353
909
439
155
78
164
331
89
182
305
86
173
72
209
986
104
187
77
158
96
125
179
386
93
174
508
849
635
95
161
105
132
175
891
704
229
104
158
132
149
449
149
144
894
122
169
96
752
733
120
235
75
131
172
76
157
132
120
189
91
401
1086
83
1496
1294
463
414
320
260
118
136
182
98
204
184
100
182
97
119
190
76
188
117
119
162
308
97
153
109
181
124
93
200
108
148
560
165
162
250
126
389
1127
849
362
424
635
826
75
266
94
169
107
95
201
93
169
105
147
179
81
128
265
100
147
89
128
212
122
131
272
121
1086
888
102
233
1007
1104
656
114
187
88
151
195
114
253
650
109
198
112
125
170
98
171
101
126
253
104
194
80
139
176
94
129
193
97
166
79
123
214
101
125
193
116
239
98
125
188
134
142
98
149
200
153
158
162
125
166
418
115
183
80
169
122
125
160
96
98
191
157
682
706
102
206
109
133
151
94
146
107
96
182
136
940
1124
191
238
279
139
146
98
173
111
131
169
149
154
179
118
624
849
110
210
124
193
336
89
189
107
97
172
110
171
108
133
187
105
179
176
187
191
208
140
165
272
718
533
93
162
490
137
203
117
177
98
129
151
248
94
174
226
609
676
79
179
115
157
104
119
154
99
88
162
81
163
686
93
189
111
194
92
130
191
86
124
186
109
171
122
118
167
120
125
183
102
271
467
82
151
211
684
920
149
205
255
126
193
98
153
87
134
179
105
129
178
93
574
507
98
168
140
418
802
89
230
133
129
205
87
180
177
137
184
111
126
175
79
160
192
124
182
76
193
104
87
199
103
129
174
108
160
99
131
161
472
88
198
122
393
726
100
182
106
187
101
133
155
714
80
217
96
161
176
95
159
93
419
811
84
196
328
95
210
1069
1759
1651
717
1126
910
237
247
612
537
287
165
201
131
280
288
168
133
85
116
160
95
979
877
97
193
506
149
1103
1536
1885
2161
1667
1636
1932
1502
1206
991
1026
376
1366
1467
938
707
639
239
212
233
172
159
996
890
566
191
185
93
377
1125
198
801
757
77
188
76
152
75
141
216
106
123
185
103
340
883
98
170
691
891
637
100
173
108
191
146
142
199
799
139
189
127
142
114
118
176
100
152
186
130
172
431
118
202
80
120
164
106
690
967
87
454
982
861
475
142
188
78
117
166
98
151
79
120
202
89
148
167
125
198
98
153
171
234
984
949
107
189
92
155
165
150
856
573
102
147
106
115
166
88
180
155
161
145
74
493
996
80
266
832
105
180
122
170
381
153
184
126
197
145
116
229
92
122
165
80
210
112
94
260
136
82
157
100
593
926
104
194
188
180
823
81
257
155
122
179
144
213
135
112
235
132
162
204
126
441
944
142
185
971
1030
739
115
210
573
123
249
121
202
773
102
204
245
96
250
116
197
86
154
159
113
601
1015
86
424
970
123
209
785
617
