259
349
381
86
281
389
215
367
384
164
366
383
313
125
363
295
115
303
405
112
296
309
117
296
352
117
401
344
115
335
290
153
350
313
115
354
344
284
153
163
320
354
109
295
277
306
157
282
354
196
322
368
155
308
349
145
377
407
154
316
363
165
326
371
146
444
350
147
334
359
148
310
364
156
330
352
155
324
363
149
316
360
147
313
348
145
455
356
275
316
362
148
446
476
292
457
372
149
311
350
145
309
352
144
436
463
147
311
357
146
306
353
115
405
440
109
414
442
109
405
312
148
312
348
109
404
351
109
279
336
239
383
320
161
321
318
157
308
345
148
320
367
153
352
322
147
348
267
146
410
359
147
386
411
147
303
338
147
288
391
116
350
376
146
308
385
151
288
346
144
301
355
144
408
111
476
432
195
387
267
400
194
350
381
181
351
373
186
463
409
162
418
103
316
325
378
162
319
312
168
346
377
188
436
390
168
361
283
143
358
330
180
409
373
117
372
315
119
361
415
119
330
386
318
303
270
219
398
389
154
367
364
177
348
386
168
344
496
182
468
266
406
193
351
255
183
342
396
208
374
300
144
385
331
358
383
291
210
421
406
172
397
415
265
451
466
180
474
385
192
354
387
206
372
316
175
386
323
170
313
323
811
598
414
141
352
161
243
313
397
162
374
363
160
382
381
189
397
390
160
380
415
195
336
379
186
304
278
157
288
352
182
398
402
173
389
103
332
371
339
102
264
300
125
323
319
167
323
315
125
332
331
237
356
348
172
327
258
269
313
471
183
471
514
186
476
378
356
476
378
365
465
502
188
488
515
194
490
384
157
377
378
176
367
309
174
302
333
177
306
261
164
303
384
178
275
398
175
408
255
392
376
373
187
475
381
192
360
382
194
480
388
180
476
376
182
478
382
190
480
392
188
353
382
194
355
386
180
354
185
332
452
323
323
379
426
380
419
322
262
433
466
150
445
344
145
384
353
323
351
364
171
386
349
197
373
357
219
393
427
385
394
91
275
368
78
252
292
161
324
287
108
312
321
155
386
274
243
367
302
280
250
318
304
223
390
378
260
458
484
193
399
245
378
361
352
186
476
505
313
473
382
193
488
387
190
350
382
185
486
376
183
462
372
152
374
312
159
352
387
153
336
124
298
314
318
175
329
283
164
330
379
158
288
276
193
378
301
135
334
294
160
373
337
157
331
334
160
373
370
186
309
352
374
294
269
221
347
388
186
357
397
177
371
343
155
330
343
156
385
304
224
342
385
168
397
362
185
357
301
176
360
317
178
286
155
207
365
300
165
331
317
178
294
279
175
314
309
184
351
347
161
341
344
167
398
423
175
291
342
170
400
288
159
326
162
342
349
341
156
342
338
155
372
409
378
156
363
348
158
377
329
163
453
334
158
315
377
163
360
328
225
355
304
176
455
140
343
353
334
156
392
398
123
428
349
121
338
325
131
262
363
120
352
362
183
398
501
262
371
405
185
479
512
196
484
416
507
424
351
256
519
518
169
295
405
165
341
372
175
365
335
165
343
276
211
387
301
150
386
320
149
408
339
158
322
392
149
432
421
158
310
367
153
375
385
158
354
330
158
313
321
209
348
385
169
260
377
151
323
379
166
315
402
152
409
338
150
376
309
149
425
466
114
317
367
160
333
389
162
328
384
165
330
360
156
323
395
174
314
376
161
325
348
168
348
322
151
385
351
327
313
391
161
375
466
157
413
491
167
381
393
119
344
334
162
331
347
152
345
362
155
377
316
151
286
359
168
323
380
162
635
469
117
280
310
151
284
325
151
399
334
152
383
366
153
297
376
155
338
354
153
364
324
154
315
371
164
291
358
159
358
221
161
350
319
162
306
333
152
315
353
153
295
310
151
343
291
160
282
316
152
320
330
148
320
269
160
320
340
112
284
330
276
338
311
110
301
301
163
289
352
159
314
349
153
265
343
199
288
359
201
270
434
149
320
318
202
341
389
150
284
323
203
339
360
151
277
275
156
289
331
149
252
304
159
304
286
160
310
325
157
331
316
149
336
311
149
299
371
158
422
408
207
283
310
155
234
384
150
329
299
147
320
333
203
342
336
152
341
358
165
300
376
459
440
316
116
340
318
298
149
123
326
302
338
70
311
281
255
122
133
284
353
328
111
405
345
113
300
385
113
331
395
131
347
382
111
382
409
159
396
360
128
367
332
112
307
336
118
409
421
118
301
337
115
293
353
370
168
342
357
166
309
334
149
368
336
149
323
349
152
325
381
155
426
487
127
313
372
151
289
402
197
323
335
161
318
332
151
418
356
148
375
428
159
307
352
149
308
366
149
435
324
160
339
340
166
379
349
173
315
375
149
281
366
150
330
372
166
342
357
167
294
399
148
318
364
114
306
352
130
370
430
162
341
313
115
355
338
199
295
366
182
309
325
133
371
401
137
345
422
182
389
405
98
322
299
132
394
414
140
329
383
148
336
418
200
314
363
180
365
365
205
353
359
162
360
395
170
262
339
161
341
340
151
286
328
152
398
438
160
301
255
200
412
320
224
375
346
148
309
319
218
288
284
153
301
323
218
333
371
161
312
301
155
294
313
201
328
355
163
357
331
156
377
320
150
333
396
143
303
366
258
331
368
156
367
314
154
293
404
173
306
354
220
245
338
151
291
401
159
322
420
468
145
323
214
334
426
158
388
407
193
334
475
123
399
363
210
324
360
156
403
393
156
376
480
152
376
328
149
325
366
164
328
344
164
300
366
171
284
294
153
314
318
174
351
343
159
387
365
155
289
301
150
371
331
152
292
350
199
353
310
199
403
347
219
322
468
160
312
338
153
322
377
207
261
353
150
303
337
163
294
329
134
321
334
161
347
344
133
321
348
151
321
356
155
295
404
170
337
343
153
339
354
163
347
382
150
322
825
197
263
277
152
318
412
159
311
362
162
309
446
153
400
351
152
306
382
160
334
382
128
310
374
152
277
324
153
293
359
161
388
379
160
294
371
161
339
375
154
404
312
159
333
360
161
294
354
151
360
333
159
330
358
150
326
337
323
375
387
468
115
283
415
182
340
395
418
336
362
160
337
395
149
290
304
113
334
378
196
347
416
208
343
402
213
349
334
292
298
325
152
344
373
232
275
331
206
294
238
121
336
330
157
321
314
159
312
375
147
368
306
148
362
374
151
312
361
159
348
370
202
308
368
161
363
340
151
306
337
151
338
375
157
288
342
160
394
401
197
319
391
115
300
331
167
367
321
147
378
303
156
294
357
208
308
369
146
392
360
202
331
365
152
329
388
151
331
356
158
401
409
160
330
319
225
356
330
158
306
324
339
350
400
160
310
383
77
319
357
151
400
374
156
289
324
217
310
381
153
335
371
152
366
303
152
376
387
158
380
340
169
286
336
157
390
326
159
310
395
149
313
328
150
315
467
152
332
359
147
297
422
155
333
425
147
327
361
127
288
299
150
334
225
161
281
352
149
327
338
199
350
391
117
340
388
157
232
403
152
330
416
148
323
414
151
355
386
198
386
351
249
386
408
360
348
355
160
307
333
159
488
417
158
322
365
124
420
334
158
457
361
150
314
350
163
331
369
300
328
365
295
326
373
300
343
365
294
454
356
298
458
368
291
324
363
169
333
498
297
331
370
304
335
236
279
306
476
298
335
493
294
451
361
159
335
303
157
378
342
149
306
352
148
302
328
152
350
351
149
283
357
149
328
384
159
335
434
149
291
345
174
313
133
292
162
329
290
366
156
343
151
314
70
353
222
424
329
303
343
117
288
290
380
103
299
364
440
320
170
316
307
114
287
373
162
322
336
367
386
108
382
373
211
432
202
368
305
83
401
269
156
294
349
296
304
362
132
296
338
81
345
365
154
329
355
410
407
182
251
376
299
318
176
354
282
134
307
337
157
329
425
245
150
305
373
135
192
341
268
162
241
459
348
135
238
294
369
102
290
284
215
212
373
372
183
172
307
324
105
251
285
337
69
341
342
156
327
382
213
305
447
92
314
331
120
333
256
111
293
691
398
270
110
333
155
225
290
81
336
361
71
249
355
185
152
337
321
74
229
384
361
130
273
284
376
75
298
363
394
67
311
296
112
183
294
335
99
219
365
351
167
269
317
347
125
335
324
306
147
311
406
290
102
299
343
285
69
267
316
356
149
455
223
206
384
411
152
333
328
149
375
281
152
297
314
148
390
324
217
301
307
207
274
318
155
297
368
166
413
360
149
285
389
249
283
336
154
302
330
120
297
314
113
293
286
115
284
321
113
276
273
112
266
353
114
367
280
113
327
310
111
378
268
112
490
310
112
262
333
111
248
316
166
339
379
111
353
268
149
451
382
150
301
280
150
355
376
146
342
242
148
402
276
166
250
261
150
312
366
152
387
412
115
335
310
150
290
322
154
342
375
160
293
279
157
263
356
108
336
243
152
331
281
152
330
237
367
451
301
108
346
305
157
258
298
151
314
360
160
307
323
165
444
312
153
341
298
163
309
334
131
307
309
130
387
255
132
296
322
131
448
376
133
317
310
133
352
265
131
358
306
135
421
288
133
330
337
159
289
306
159
402
298
148
300
323
160
330
250
159
394
417
128
256
328
174
359
341
153
368
289
154
323
267
153
288
289
150
255
324
157
434
281
151
309
343
155
417
324
312
421
335
151
368
380
178
303
272
151
297
357
151
269
297
154
414
355
160
372
292
159
298
368
150
286
340
153
465
276
257
251
442
353
133
323
416
255
321
345
150
271
320
152
308
325
152
316
326
157
326
351
154
312
284
147
344
307
168
261
316
156
383
354
158
264
393
150
356
335
162
305
294
152
429
289
157
352
276
175
336
286
150
355
355
176
295
330
154
301
321
148
396
182
158
382
324
159
336
355
154
336
293
150
301
393
149
260
289
151
315
244
155
298
334
149
365
345
162
280
302
326
249
116
278
304
159
342
417
184
178
352
400
154
305
332
159
312
305
129
296
326
150
414
378
163
368
309
162
403
304
159
372
335
151
401
154
151
306
325
154
273
295
152
415
391
163
278
269
153
264
290
163
296
308
161
373
240
166
358
261
154
345
263
175
379
147
234
331
255
161
301
156
167
381
247
169
238
324
169
337
294
148
379
334
165
250
160
172
372
244
180
287
231
167
281
212
360
294
70
278
295
92
365
257
74
331
340
155
718
677
395
266
339
143
322
323
113
323
350
165
302
232
113
309
82
186
313
113
335
127
267
289
88
306
297
137
287
318
151
289
306
77
282
331
87
356
394
108
292
263
154
282
87
275
378
162
269
258
171
294
101
337
401
137
229
320
90
380
339
168
369
296
121
345
314
86
266
304
68
295
346
82
267
306
69
304
312
138
268
300
85
303
257
231
170
340
401
95
269
312
334
178
294
285
117
198
303
305
70
272
281
214
152
358
377
94
282
263
348
149
326
126
194
378
407
115
302
365
145
309
308
149
393
368
215
266
326
163
306
278
205
296
302
160
387
326
166
286
299
150
296
103
198
377
342
151
414
347
217
299
308
196
336
334
212
269
345
163
341
333
154
436
441
266
158
345
422
158
276
341
158
327
140
208
332
341
216
386
340
147
325
363
158
315
292
148
325
315
194
371
374
161
361
298
215
323
379
150
330
373
156
381
350
229
392
336
171
363
356
152
348
283
150
313
313
218
316
380
169
417
413
131
348
343
153
304
354
150
389
348
150
295
305
161
289
150
182
346
336
212
261
306
146
346
320
150
409
426
199
272
271
171
358
313
151
273
273
159
314
356
159
323
272
150
371
135
156
393
380
152
378
398
174
288
331
231
333
356
151
340
395
146
327
332
157
282
329
154
393
323
149
291
310
164
253
335
192
366
260
165
348
319
152
361
318
153
340
327
158
411
378
153
327
309
158
374
307
153
290
312
159
280
346
194
338
369
206
287
106
291
407
276
200
301
333
213
311
385
221
362
373
209
400
394
212
292
317
212
369
334
221
381
360
225
388
233
219
298
95
238
271
307
149
350
316
147
315
330
151
273
275
165
283
326
198
310
369
154
375
323
155
355
355
168
382
310
153
242
285
1280
352
70
332
318
266
150
344
244
202
315
310
199
311
377
193
305
312
165
291
297
200
241
269
156
299
383
196
303
315
153
360
124
173
294
235
158
260
296
158
292
314
162
381
323
261
404
326
273
342
283
161
321
256
150
333
350
198
340
240
146
352
149
154
387
302
152
379
349
150
293
331
160
339
428
107
323
320
148
296
338
150
309
275
161
298
301
175
383
352
150
400
313
231
409
340
108
382
164
198
301
412
205
337
488
135
357
301
210
854
510
118
302
304
147
352
303
159
350
275
153
335
263
210
342
147
146
287
244
200
286
322
116
344
308
155
345
375
152
290
225
160
333
328
324
70
341
403
220
465
361
133
328
309
167
393
278
161
318
425
149
331
327
148
289
309
149
294
342
151
272
296
174
301
309
165
328
288
151
394
389
209
419
437
122
322
76
183
301
299
167
268
335
205
296
299
156
282
339
160
335
389
150
330
302
162
303
329
120
267
318
157
310
357
151
279
319
207
348
325
107
290
326
151
327
263
147
285
352
105
325
360
193
308
342
122
286
304
159
365
297
104
336
273
113
417
381
69
284
151
198
281
296
73
289
357
195
369
369
113
312
328
149
293
240
198
378
300
130
324
286
149
303
289
197
327
330
167
293
212
158
456
392
109
319
325
108
329
325
202
299
354
122
312
284
164
260
277
175
324
319
161
399
312
150
329
388
148
274
360
189
281
286
211
357
366
155
353
391
147
285
343
148
300
352
205
323
337
204
382
357
147
263
377
164
345
306
154
284
352
194
328
345
197
301
345
195
322
357
171
333
416
131
393
91
159
284
203
112
340
140
198
294
126
325
349
169
357
457
96
336
367
69
404
424
172
340
373
79
338
307
86
314
266
158
293
271
75
288
317
102
344
386
140
197
286
81
172
316
73
214
306
162
306
269
70
328
307
72
296
360
70
330
311
161
296
317
82
229
388
110
164
271
84
217
414
147
200
375
134
316
376
191
236
410
129
298
251
71
362
288
131
286
335
71
349
337
71
317
380
72
280
346
71
296
365
69
309
279
69
325
297
74
293
303
186
331
347
76
158
329
337
75
261
274
147
342
312
121
331
347
112
303
375
112
328
243
120
370
373
126
429
296
67
319
285
178
384
374
116
304
448
86
257
376
161
345
289
176
311
319
338
136
299
255
155
263
290
149
286
304
149
342
310
104
318
292
166
269
349
107
311
288
103
346
268
149
324
300
147
307
357
159
311
300
167
348
359
149
304
382
113
324
294
157
351
291
165
308
354
149
333
295
159
334
331
160
316
304
151
303
310
114
345
311
108
322
284
151
356
311
159
319
357
120
319
303
160
270
246
152
338
332
164
329
303
151
261
292
163
310
422
128
287
294
152
254
279
153
789
546
153
322
328
150
277
365
162
364
398
241
335
345
160
307
359
151
372
316
154
306
405
159
336
404
152
395
441
158
380
424
107
426
342
151
354
292
161
335
312
159
354
255
231
310
244
159
372
290
148
376
372
114
380
368
113
456
355
70
314
237
150
288
250
150
308
137
192
345
222
304
354
156
320
354
409
160
246
311
285
324
137
347
302
367
164
284
352
153
307
370
154
301
351
155
225
353
155
304
299
123
306
298
344
361
280
156
299
357
151
301
344
153
287
352
164
327
343
155
292
320
151
281
315
153
307
336
153
320
400
151
354
418
153
330
325
165
312
332
159
301
339
153
373
357
116
331
331
152
285
364
159
280
260
130
309
276
150
321
427
153
406
323
161
305
317
152
278
289
167
318
303
154
396
376
152
382
280
153
410
339
110
358
376
170
329
370
149
444
418
116
270
286
154
294
280
282
356
325
172
353
356
109
343
270
152
304
349
160
360
408
151
446
329
152
352
328
164
371
265
111
256
247
152
274
328
160
321
309
173
445
352
110
286
334
163
344
385
150
328
295
152
310
292
168
304
290
150
277
322
153
349
255
155
336
263
167
347
423
151
348
385
159
323
358
108
405
311
116
292
333
315
73
346
299
164
395
298
139
302
265
162
467
415
131
348
389
152
316
335
150
314
372
119
298
309
154
403
399
175
337
247
111
278
320
152
306
294
153
319
365
128
364
380
151
333
367
155
446
364
245
469
300
150
379
314
126
438
296
126
300
308
156
273
241
163
377
358
155
406
318
150
406
315
109
272
294
160
263
313
152
344
287
165
291
310
167
434
383
152
424
388
127
324
377
129
307
327
134
304
371
135
337
447
103
312
404
134
327
363
135
304
257
158
322
335
152
282
333
159
299
79
274
327
287
149
318
381
158
300
318
163
324
305
156
309
368
153
316
379
169
356
341
248
301
330
153
329
322
154
323
345
153
315
360
125
308
350
162
309
345
153
462
371
150
311
472
153
439
486
153
437
346
136
431
333
157
325
365
163
318
369
164
451
386
152
312
349
151
310
345
154
321
480
128
292
453
160
317
363
134
411
443
275
332
277
276
328
369
153
446
358
154
315
473
167
476
368
301
328
377
157
449
485
159
321
486
157
437
1129
263
295
336
161
315
359
307
325
382
155
309
361
162
281
350
161
334
365
152
282
317
153
313
354
219
315
327
206
338
348
115
326
388
161
273
279
161
305
399
149
322
366
156
313
357
156
316
482
159
324
358
152
320
359
171
323
492
152
315
356
155
313
359
151
315
359
116
402
315
162
452
360
132
407
437
131
410
441
134
402
434
130
273
444
153
443
479
163
452
357
158
317
310
162
334
359
166
304
354
204
267
282
153
309
316
152
241
257
110
298
318
161
293
347
160
334
367
217
350
386
132
357
394
149
304
352
160
318
370
162
332
353
154
319
357
151
307
350
377
113
429
329
155
451
361
152
312
361
302
330
366
111
404
326
129
406
313
132
406
442
132
401
428
134
407
442
132
276
314
134
409
330
134
414
444
142
407
450
141
415
438
135
409
440
151
442
475
161
313
356
154
311
356
154
446
360
152
312
356
158
326
489
150
311
350
150
436
345
152
449
482
162
322
483
160
316
370
152
448
483
297
460
368
310
328
371
165
319
323
161
317
358
152
262
290
156
305
303
155
321
330
152
318
351
162
320
361
151
325
382
153
376
409
152
333
359
163
451
371
283
448
350
153
443
345
157
279
355
163
330
411
128
314
293
164
316
346
205
311
332
136
301
369
135
294
292
130
306
396
142
315
311
134
272
329
137
311
348
133
346
380
131
312
338
136
316
352
152
388
354
151
293
320
154
297
379
208
275
329
153
278
309
154
326
342
151
286
358
155
364
403
267
352
390
153
264
355
151
299
360
151
267
294
150
311
417
154
364
341
155
321
379
154
296
351
154
316
338
153
288
327
151
303
333
154
429
383
157
375
318
150
358
378
154
311
350
152
296
286
150
382
419
152
360
383
132
316
366
159
387
364
327
407
410
81
356
311
157
338
391
151
386
328
110
336
298
179
284
345
145
354
271
160
357
383
151
452
367
154
461
370
154
453
365
150
440
280
152
337
292
153
337
279
160
343
298
158
279
348
151
284
325
156
281
321
165
334
293
116
372
273
161
347
330
164
274
263
159
278
280
157
321
323
169
373
272
176
302
280
79
311
327
207
307
315
161
350
429
127
264
298
150
409
266
109
323
261
160
368
386
92
280
264
152
350
305
111
278
300
152
515
440
131
301
298
298
195
281
150
301
325
360
153
300
242
157
362
374
130
258
310
155
304
260
150
282
325
157
318
338
152
389
343
236
405
315
155
445
364
111
282
306
152
343
303
159
305
302
157
346
311
159
374
282
92
253
257
154
365
370
152
379
340
150
366
326
153
447
333
149
387
289
149
356
311
151
350
283
115
328
253
152
307
318
136
332
314
156
339
371
112
371
279
132
412
349
87
370
421
130
399
438
131
284
320
91
282
320
132
404
341
105
316
320
88
305
265
93
388
334
132
357
307
150
364
284
218
325
275
163
413
315
159
424
274
162
443
349
160
450
361
110
401
306
111
290
256
169
370
398
122
338
290
164
291
347
156
404
458
110
302
340
157
491
407
116
292
328
152
321
269
151
328
328
110
313
250
156
283
293
158
364
405
154
400
280
165
358
346
169
458
366
156
441
289
113
274
325
136
341
329
134
374
408
133
378
311
94
298
256
130
294
269
133
372
370
152
411
318
272
345
316
109
333
285
166
442
281
151
393
291
159
386
298
110
403
284
115
289
349
152
312
345
157
321
317
126
403
301
161
392
287
116
356
265
161
346
360
106
296
299
161
330
297
119
387
288
114
337
327
151
291
354
160
358
398
162
451
361
151
443
315
124
368
343
156
412
325
109
290
297
156
368
380
141
304
306
156
501
266
91
324
338
152
334
392
109
353
236
119
286
256
153
351
488
130
262
376
150
356
309
107
323
247
161
407
374
123
342
321
151
352
257
197
390
265
107
275
249
151
326
321
155
379
350
160
365
401
153
451
269
155
311
297
109
342
276
150
321
421
134
441
315
114
256
260
199
319
317
151
287
315
155
279
285
285
106
387
322
119
300
326
149
335
325
149
446
460
152
459
374
344
288
433
128
299
458
160
330
380
153
320
268
151
343
333
114
360
342
79
259
324
111
310
318
113
353
322
151
384
303
156
387
362
149
419
254
105
339
399
147
306
330
111
296
368
149
326
382
158
311
252
195
309
360
166
277
297
200
429
340
196
410
271
149
424
305
199
406
275
113
290
291
163
477
432
134
387
384
113
291
439
169
335
487
108
402
309
161
277
318
152
336
296
158
340
383
109
376
251
106
273
307
149
305
288
148
342
330
172
574
486
257
297
269
150
276
277
115
394
442
121
345
381
149
316
374
116
344
301
158
326
248
153
355
319
153
386
281
150
350
328
116
306
320
158
366
342
152
442
294
165
309
283
209
460
322
149
347
393
109
396
435
208
373
278
156
325
375
146
299
276
105
265
256
159
324
354
147
442
349
100
393
335
106
295
296
161
341
246
153
325
324
150
267
310
152
344
280
156
395
268
156
345
340
148
364
308
114
285
299
152
316
291
172
345
258
153
360
305
164
353
251
81
265
272
157
359
320
112
384
385
306
376
282
77
369
413
70
373
278
137
428
391
77
283
301
112
301
335
118
307
342
112
288
256
157
257
261
195
286
270
224
265
264
199
336
418
152
440
351
162
453
312
118
244
365
112
370
388
287
310
441
160
324
506
161
450
372
310
346
498
175
468
350
305
470
386
306
343
504
158
456
482
152
317
354
179
342
387
149
317
471
316
365
502
133
443
352
152
316
354
147
435
364
284
469
503
72
362
416
110
317
343
72
250
349
114
245
286
112
296
276
155
355
341
154
358
241
152
272
294
289
154
295
251
190
289
296
159
372
438
148
372
398
152
440
422
149
348
427
160
350
443
179
281
393
150
348
251
157
451
372
157
326
487
152
300
354
145
310
356
156
317
360
147
310
474
115
405
345
149
345
378
163
282
272
197
262
406
158
311
385
150
469
345
118
357
321
145
279
334
166
338
250
148
335
296
149
336
293
123
251
329
121
312
301
147
351
348
104
253
322
148
350
317
106
269
309
272
389
374
138
299
297
114
252
299
149
372
316
108
313
353
149
302
312
156
410
420
148
467
251
119
398
374
202
442
324
195
359
315
162
468
381
203
396
247
152
280
266
204
292
257
197
339
303
199
284
305
195
291
243
108
359
259
207
308
349
160
287
333
203
273
303
154
319
283
205
368
278
201
333
283
205
348
275
206
458
270
155
291
327
195
417
285
160
314
283
201
372
306
190
410
367
195
423
309
166
371
294
198
361
278
108
340
386
150
292
288
158
338
323
113
333
305
156
371
281
150
371
276
105
338
293
157
249
299
163
315
296
156
300
348
152
304
354
158
313
371
158
338
396
206
298
347
225
249
307
197
255
361
216
295
298
228
386
361
205
943
511
232
403
399
312
473
389
316
342
393
308
337
397
316
341
252
309
337
495
305
340
379
311
346
389
281
335
496
162
455
486
311
339
507
320
339
382
297
333
384
173
467
383
311
346
391
314
343
394
313
347
251
166
326
372
309
457
380
189
328
446
207
361
419
199
405
482
204
362
393
202
375
419
155
314
310
213
334
330
168
370
382
171
402
336
201
375
313
199
361
257
152
272
299
213
306
286
195
349
400
156
267
269
206
415
332
205
308
321
196
355
420
295
180
416
266
151
334
336
204
380
469
157
254
259
197
388
247
151
280
297
201
363
320
166
358
246
159
404
288
160
359
349
165
352
344
117
462
271
254
373
279
159
454
372
158
453
367
151
320
278
196
366
428
157
313
338
196
400
363
166
245
329
195
299
330
197
277
339
197
302
351
170
294
363
208
244
314
204
277
289
215
268
349
206
274
382
208
299
311
226
362
397
206
322
363
205
244
329
197
294
273
221
314
311
165
323
475
310
474
388
317
230
389
228
303
346
201
341
433
224
320
389
226
252
294
159
292
398
212
401
360
286
338
377
197
293
391
218
265
351
220
299
252
232
325
393
292
373
397
193
405
302
152
300
320
153
310
345
193
310
343
197
396
402
197
359
407
348
383
427
156
325
339
197
323
311
197
313
458
228
303
344
168
377
261
214
437
295
151
298
348
205
373
316
199
414
386
190
302
277
194
358
301
157
305
344
197
289
285
204
299
277
197
274
330
196
355
401
203
360
399
166
391
306
309
413
277
203
426
294
159
364
275
203
449
286
197
398
349
206
370
250
197
347
336
194
448
304
195
377
322
194
312
391
196
360
391
195
355
377
204
329
388
200
316
364
205
358
416
163
354
336
293
382
414
326
351
387
311
345
337
406
171
334
196
490
423
199
364
409
201
490
402
207
498
531
153
319
344
195
376
364
154
384
325
106
378
371
125
342
242
210
330
334
151
345
441
248
462
359
126
342
235
152
509
325
160
341
389
149
440
279
165
338
287
91
387
309
116
372
277
109
289
332
152
324
299
157
318
424
119
307
262
154
335
313
160
287
254
158
438
392
106
289
322
158
452
370
387
90
386
428
196
487
159
328
308
305
108
322
244
105
323
287
152
375
295
172
947
475
182
305
291
153
428
308
111
359
287
117
321
274
148
320
302
151
342
338
161
383
249
153
347
380
108
273
267
149
321
263
149
346
269
151
297
374
157
362
383
132
309
291
161
283
330
162
308
339
119
323
354
218
326
371
115
369
396
73
244
372
114
239
376
113
313
371
200
398
377
127
359
330
163
345
337
158
355
392
108
307
373
151
310
303
150
346
334
161
319
385
153
330
291
155
313
320
148
286
284
163
357
396
163
317
277
151
364
301
161
287
323
105
284
307
149
379
360
159
383
294
110
323
277
114
310
297
158
388
290
151
338
324
110
319
286
149
433
263
155
439
291
113
520
333
185
150
359
456
420
384
85
339
312
380
468
163
165
539
494
335
299
74
273
366
444
417
115
239
333
428
392
225
162
376
337
374
176
108
240
282
390
328
102
292
399
321
321
162
171
265
277
233
151
292
337
154
416
278
109
346
297
155
336
312
147
414
302
106
309
387
160
489
299
104
313
323
150
315
341
106
372
352
106
343
327
151
309
368
150
290
309
122
357
309
158
335
334
182
339
358
150
344
269
124
301
258
147
277
272
150
354
285
151
340
424
83
447
466
107
321
334
155
342
323
152
278
340
199
338
298
149
361
272
149
422
276
110
263
330
149
287
335
161
286
266
162
343
319
148
326
364
106
280
445
153
446
420
164
503
308
105
289
284
147
335
330
109
308
306
147
264
350
158
323
301
150
387
319
114
378
327
114
273
273
199
337
290
114
348
327
334
297
331
148
359
404
113
341
374
104
339
310
169
308
387
111
276
378
158
322
361
338
120
445
415
128
410
322
303
334
365
291
472
503
143
419
331
132
403
337
133
307
400
133
311
350
139
315
384
98
334
336
132
231
274
151
322
372
150
253
79
250
295
421
177
368
370
158
283
337
148
328
312
120
322
293
155
355
277
159
331
236
169
301
322
195
292
314
205
374
412
157
375
335
104
267
353
158
302
274
155
312
353
147
270
331
152
368
289
149
382
266
148
353
282
162
365
262
165
406
268
110
342
246
268
324
382
157
380
283
108
272
307
72
298
330
114
324
324
114
375
317
112
401
321
70
375
393
113
416
307
111
396
442
121
317
276
149
314
323
150
300
279
160
294
360
108
293
881
187
340
330
148
389
275
107
369
305
115
398
346
151
326
315
148
356
283
152
499
274
158
437
408
110
331
310
148
273
271
158
371
308
150
400
448
115
299
329
153
308
295
156
292
302
149
423
266
258
449
384
115
268
316
150
284
259
150
291
316
157
254
291
149
277
281
152
352
318
113
525
417
132
406
326
78
297
333
111
353
290
155
326
399
152
405
391
156
400
313
110
267
263
149
345
250
110
302
295
151
301
327
147
232
285
122
289
289
148
325
381
149
374
374
111
340
417
165
307
300
156
319
321
158
267
243
160
370
419
140
273
399
124
421
300
115
422
321
106
315
337
295
446
419
120
289
287
111
351
266
154
344
294
109
321
345
155
375
284
149
301
306
166
441
416
140
298
269
149
342
315
149
308
331
74
294
274
116
275
283
157
329
369
154
324
317
151
396
277
107
430
346
119
286
442
152
442
260
106
240
367
152
326
349
151
324
288
156
440
234
127
379
310
111
313
297
326
185
302
295
161
362
171
350
276
278
124
268
260
165
303
324
166
295
332
151
280
279
116
355
326
150
311
338
153
262
280
148
359
446
121
305
309
148
299
275
148
311
307
148
366
293
175
350
293
281
363
327
151
432
374
115
334
382
157
334
363
149
322
325
152
332
286
159
364
377
157
466
375
115
403
307
154
285
324
114
356
403
90
395
428
150
396
455
116
279
312
151
382
326
109
292
340
156
440
352
152
441
283
114
278
339
153
456
483
111
280
346
150
320
250
155
370
260
112
419
305
153
339
265
153
460
312
112
265
261
156
371
396
171
289
257
156
299
280
154
315
378
215
415
460
157
456
368
113
286
319
158
274
278
153
345
411
153
454
315
119
308
304
153
379
280
150
349
278
134
294
370
152
294
411
374
378
299
122
343
305
158
279
248
160
302
374
154
274
355
156
290
342
152
376
423
114
371
398
121
331
373
151
442
271
161
405
273
157
394
289
115
301
271
151
289
327
201
309
280
166
383
366
165
345
244
149
437
326
122
275
292
158
311
260
225
419
384
115
374
288
197
389
307
151
367
297
151
342
288
110
340
280
196
367
388
112
291
314
152
319
251
146
338
333
152
273
358
89
312
364
150
338
339
118
287
286
159
294
326
163
317
288
151
736
458
226
324
366
153
417
448
134
435
294
157
281
320
150
286
252
151
292
281
152
302
327
161
280
296
111
313
262
156
308
282
151
349
344
155
376
333
118
332
280
108
264
285
213
404
398
159
364
320
159
374
325
155
314
307
210
367
259
111
342
319
151
294
309
152
381
374
113
296
277
159
330
366
115
388
268
153
313
296
157
302
326
151
354
266
349
84
258
285
133
403
319
156
446
280
150
418
280
166
431
283
115
303
263
159
307
272
117
337
392
124
409
401
150
302
273
161
397
344
109
433
335
151
395
377
113
281
260
111
254
292
155
338
355
128
272
313
152
279
290
150
336
299
91
266
332
150
305
239
134
313
269
92
327
329
91
282
257
130
288
272
178
260
286
131
292
291
124
327
372
131
382
367
96
299
309
160
339
372
125
266
282
152
306
305
159
307
314
162
352
386
90
279
316
171
349
393
153
291
328
106
281
297
158
284
257
153
317
381
114
263
287
151
357
435
160
444
349
105
291
307
165
402
280
149
429
298
116
247
290
160
307
323
150
351
260
159
341
291
158
356
356
114
262
329
155
347
284
149
341
302
152
310
284
150
355
281
177
363
341
221
515
426
119
293
319
150
318
285
198
296
268
155
360
371
112
268
305
156
322
332
116
318
274
172
345
401
178
380
358
115
275
300
161
341
277
119
286
407
160
272
262
159
404
421
159
361
304
152
413
256
158
353
283
119
407
265
152
310
344
153
320
254
159
337
409
162
272
331
158
257
397
149
300
351
175
275
314
159
255
250
173
375
385
149
232
387
164
266
311
158
259
317
257
293
298
160
351
296
159
375
267
145
344
260
160
409
338
208
332
352
197
352
298
198
348
361
208
372
284
214
425
429
195
415
298
208
460
420
163
384
438
273
379
322
207
356
380
198
485
369
118
367
417
197
430
407
229
472
423
152
386
406
206
308
368
203
412
430
196
441
317
205
428
327
199
445
331
203
450
371
204
509
423
206
495
411
198
491
401
151
439
272
205
371
380
231
383
378
208
442
347
363
181
487
395
204
502
410
161
321
362
197
488
405
221
513
420
177
465
380
203
496
403
197
490
404
252
506
427
201
495
409
161
324
362
194
360
398
203
499
526
160
450
358
207
368
415
197
616
521
296
329
373
166
461
492
129
368
262
159
332
326
198
374
331
200
326
321
207
359
358
329
459
347
160
359
358
193
344
360
203
402
294
172
345
334
197
373
293
196
441
326
196
483
310
159
270
401
194
341
339
153
373
329
197
376
326
200
410
325
204
478
318
207
444
365
204
406
295
241
441
358
203
384
325
201
467
350
195
412
303
162
325
275
195
358
379
207
512
430
194
486
398
155
322
364
201
231
432
203
358
361
154
339
383
152
403
341
207
314
341
212
254
412
206
255
303
194
294
327
202
369
419
156
377
398
167
334
361
210
424
265
203
370
275
155
287
278
158
412
268
189
308
330
162
253
265
155
367
414
226
399
336
206
454
384
217
504
414
165
323
362
251
371
411
208
370
409
201
364
402
195
353
261
203
493
401
209
493
405
201
359
396
204
370
272
157
318
360
208
368
407
156
406
352
197
359
403
204
365
406
199
359
400
203
364
399
341
371
415
178
451
363
178
446
265
182
250
255
216
412
405
155
271
354
203
325
271
197
275
301
198
321
326
155
382
366
157
319
246
206
271
284
208
348
271
156
319
277
199
327
252
210
327
332
253
319
325
145
292
271
198
352
355
199
395
437
174
323
334
156
271
330
205
394
429
208
373
280
156
296
350
196
371
273
327
398
397
160
323
358
211
375
278
206
366
269
206
497
271
208
498
408
158
444
356
210
497
409
199
364
402
203
495
402
177
453
267
398
138
437
269
162
244
338
199
295
283
198
353
413
157
310
255
193
423
401
208
306
331
197
361
326
163
313
290
202
346
375
196
336
362
154
283
317
211
337
365
215
351
365
164
282
323
203
337
275
205
397
331
198
362
262
153
352
306
199
386
314
217
375
271
112
266
313
152
301
273
151
420
439
73
315
280
150
374
415
157
482
523
158
448
318
154
452
325
154
360
351
123
356
270
149
354
392
120
275
265
129
359
407
130
440
381
88
431
359
145
399
257
90
277
253
132
293
334
132
336
336
130
287
340
113
218
275
89
305
308
134
417
401
88
363
268
119
349
269
108
349
260
156
370
333
109
283
297
175
339
275
173
418
267
310
469
376
341
512
279
157
327
309
205
365
291
200
265
284
155
293
274
155
369
397
151
351
386
202
1008
523
349
376
412
164
366
368
147
440
357
161
395
307
169
261
322
200
276
320
195
381
267
196
407
283
121
276
385
171
289
317
168
356
384
127
273
340
131
264
319
161
387
426
158
306
358
196
353
404
215
314
393
167
352
370
207
348
413
158
325
347
197
306
345
206
368
391
391
374
397
148
287
336
223
326
352
175
252
283
232
285
322
198
353
401
199
305
382
205
323
240
228
316
262
200
350
374
198
292
352
199
307
358
209
355
362
198
346
365
195
351
390
158
298
348
197
350
365
261
322
362
305
337
386
308
342
379
309
339
354
156
424
338
307
218
251
197
305
272
154
354
361
197
499
410
158
318
359
198
354
393
196
485
395
179
467
374
160
320
354
251
367
412
344
378
282
163
323
360
161
319
360
154
442
478
197
487
394
208
370
272
165
457
233
207
364
408
447
181
339
379
253
500
415
198
355
397
176
467
379
163
324
365
198
358
262
205
363
401
208
349
332
176
314
316
205
306
386
210
282
297
156
298
318
199
289
320
197
412
410
199
422
275
182
368
238
198
356
276
207
381
317
205
402
312
201
361
263
199
487
403
207
494
437
208
368
409
155
318
360
202
361
400
206
367
407
198
359
394
210
371
411
208
491
270
198
489
400
157
316
357
196
437
280
256
370
295
214
366
326
198
364
266
200
386
321
194
370
251
205
371
312
154
253
268
201
336
371
199
298
279
201
268
285
199
323
425
170
361
262
156
360
262
199
424
320
162
314
348
197
355
396
208
372
410
201
363
398
177
325
362
179
325
360
198
358
293
199
488
394
202
361
399
208
369
407
211
377
279
202
362
399
177
336
378
196
485
396
197
353
395
322
357
516
156
444
353
239
365
270
207
366
409
204
365
272
162
316
352
339
1500
433
259
178
340
197
357
405
203
364
407
220
379
284
207
367
400
207
348
283
204
372
305
206
391
331
155
271
382
209
344
298
200
370
393
156
393
263
198
365
290
219
393
269
201
360
325
166
315
269
178
349
366
151
369
260
181
439
358
181
336
243
178
453
363
156
313
329
208
449
380
165
396
270
208
429
253
206
343
392
250
371
273
207
371
408
159
324
293
197
354
449
171
370
346
199
397
300
197
360
396
139
288
441
198
486
392
169
334
861
353
284
414
198
486
262
159
324
366
201
362
266
202
486
400
199
487
400
156
320
257
197
281
306
198
411
369
155
295
286
197
293
344
197
394
396
196
362
365
258
389
405
308
343
380
182
458
365
163
449
357
177
448
359
188
453
363
392
148
440
479
179
325
342
183
317
359
180
324
370
315
348
385
180
342
394
310
465
497
207
340
318
198
382
258
202
395
275
198
431
320
212
377
326
246
374
331
198
368
365
198
476
385
200
493
402
156
443
297
197
366
304
163
323
329
208
273
301
198
385
361
175
254
255
199
274
370
159
386
310
205
270
288
200
329
377
227
367
341
206
325
401
198
328
337
164
337
413
186
450
364
199
366
318
166
317
335
199
427
300
164
309
307
198
267
348
200
300
330
210
361
352
207
367
318
155
302
318
199
331
340
206
361
293
204
365
303
189
339
290
208
375
319
108
338
333
154
451
360
160
365
376
139
295
318
177
331
312
156
321
258
152
379
340
160
331
358
151
362
259
154
237
262
170
386
329
154
319
356
152
315
277
152
348
298
122
304
315
160
337
273
161
401
303
154
416
349
117
324
314
153
260
293
137
317
272
166
306
330
159
373
325
155
381
265
152
362
282
155
362
296
122
373
270
152
357
267
158
355
272
205
329
276
149
356
336
152
383
277
110
322
263
160
333
366
136
277
229
151
273
325
154
283
333
162
361
357
159
332
378
116
370
317
111
411
306
162
283
297
149
343
346
161
307
316
151
403
456
125
291
324
155
447
476
197
495
397
124
307
327
156
321
364
153
336
334
109
304
289
151
276
296
163
272
336
167
446
358
72
324
342
92
285
287
131
360
382
145
344
506
132
417
319
133
391
303
164
435
371
120
296
301
162
302
324
170
369
403
162
419
335
317
297
361
79
271
334
176
302
326
162
286
287
160
292
302
152
341
305
154
223
334
155
339
296
151
442
467
162
460
377
177
341
245
408
98
389
424
153
332
309
151
335
372
112
350
335
163
332
236
153
322
448
150
406
267
152
380
300
116
338
327
166
379
411
118
316
329
153
270
287
153
346
355
151
378
331
149
430
264
151
332
273
121
292
290
165
250
344
162
322
437
154
322
366
156
312
369
157
317
367
160
470
362
131
428
319
409
328
961
215
382
291
157
322
362
164
324
482
153
455
357
127
288
446
152
326
363
150
312
359
152
316
472
127
292
451
155
299
360
161
325
377
171
336
378
311
344
385
152
315
356
153
314
354
151
324
355
151
310
360
162
444
472
126
416
325
154
327
328
122
413
322
151
314
346
131
416
402
115
349
375
136
330
418
151
322
411
162
381
386
113
296
345
151
295
285
164
353
352
233
348
409
151
360
372
168
378
379
121
335
392
151
341
413
159
344
388
153
330
377
161
369
380
116
319
339
150
346
381
157
295
335
149
300
420
162
344
340
135
395
367
113
339
375
110
329
311
149
321
421
131
325
376
95
404
360
90
309
362
132
306
260
104
266
304
151
312
310
153
314
389
152
393
329
112
237
352
136
353
312
150
330
268
153
356
390
109
281
243
151
327
277
225
355
351
157
310
338
164
359
323
112
360
304
149
328
281
150
384
261
153
361
296
153
353
264
107
325
351
152
329
456
127
277
259
153
332
370
129
303
291
109
270
345
156
353
396
160
323
368
156
446
405
125
244
297
149
333
382
165
358
281
160
373
309
113
409
316
154
318
333
159
375
248
161
363
341
167
390
331
152
369
458
157
431
333
152
441
327
155
343
277
162
388
290
255
412
303
113
300
249
153
336
361
176
377
268
153
360
318
402
71
381
280
152
397
267
159
422
290
164
405
328
111
313
280
199
415
403
162
320
433
110
368
267
123
245
252
170
318
333
130
296
263
133
405
447
132
435
297
91
353
263
132
317
312
134
316
353
133
350
327
90
290
270
150
327
307
155
314
297
150
336
346
152
336
344
153
303
311
163
369
395
151
317
361
151
443
254
157
370
287
156
338
261
132
337
307
121
290
339
154
370
450
114
308
363
159
378
420
376
326
383
74
369
370
151
461
363
243
366
247
154
373
315
111
272
286
155
275
306
150
383
269
162
374
352
160
334
268
151
376
301
115
266
275
160
283
351
151
270
383
157
337
376
150
310
356
155
316
219
156
324
368
147
327
470
126
437
337
164
325
366
151
332
472
161
323
361
153
316
333
157
319
354
152
351
370
151
304
344
153
440
360
151
308
356
149
311
352
133
278
332
156
350
372
116
294
306
160
267
319
231
340
386
153
314
487
151
438
474
139
300
339
155
316
354
151
320
473
162
460
490
154
447
360
127
419
454
150
310
346
150
421
350
155
437
476
152
336
406
113
289
385
152
330
351
155
281
359
152
340
311
165
397
404
118
282
315
151
445
358
153
322
338
160
325
230
152
443
322
154
352
350
152
458
370
111
283
309
168
277
289
161
293
312
174
317
294
159
283
282
152
341
372
305
345
283
110
302
294
156
335
243
152
435
350
158
357
294
155
377
286
114
375
275
154
463
315
112
278
307
168
323
393
132
319
383
153
360
348
160
336
499
148
474
513
120
285
376
155
301
296
159
317
376
153
343
432
160
405
412
151
384
416
114
411
323
111
336
381
154
343
352
130
292
417
150
409
380
441
127
322
305
149
268
412
157
396
383
151
354
351
153
347
324
149
385
313
173
381
308
151
338
334
155
387
276
93
282
356
134
425
262
130
428
292
114
269
291
162
328
345
158
417
321
112
353
330
322
522
557
132
344
327
151
341
321
159
350
387
117
331
290
154
339
328
152
366
278
156
364
272
113
261
329
158
361
356
150
331
320
160
452
392
152
479
393
152
441
355
113
283
319
150
311
258
155
322
380
121
430
306
150
362
332
108
256
225
157
426
268
116
329
321
148
294
306
153
317
425
112
285
338
163
266
313
156
398
421
154
424
280
164
354
239
206
366
251
153
395
253
234
352
271
152
371
281
151
394
283
158
326
272
201
372
453
158
423
289
166
361
295
105
280
326
151
380
326
155
350
395
114
440
315
155
318
357
181
344
385
155
317
398
150
305
246
166
312
386
109
285
318
152
312
358
155
246
349
160
332
373
150
346
312
108
293
329
202
356
354
205
363
400
160
311
435
109
303
366
150
267
221
206
374
403
157
393
388
164
335
345
77
278
341
176
335
358
196
385
287
207
367
288
110
321
259
151
335
312
160
383
304
161
347
303
124
360
293
149
289
286
162
291
285
198
319
326
202
370
409
171
403
321
154
344
289
213
365
319
200
422
453
169
360
332
197
317
349
197
464
388
157
358
371
197
419
333
159
401
324
209
491
357
170
342
363
199
413
418
195
426
253
199
398
352
226
436
315
208
425
364
211
393
293
210
457
276
296
520
414
171
454
361
209
374
410
215
1022
703
313
468
381
201
365
406
199
493
401
162
455
366
171
338
375
155
413
399
204
363
355
198
399
432
196
377
374
365
152
390
349
198
415
329
153
357
337
227
395
308
206
536
408
174
340
325
199
369
330
204
350
411
154
338
359
220
367
346
198
455
367
195
402
339
151
399
325
196
474
390
198
450
382
171
336
377
200
361
404
196
490
430
200
369
416
204
364
399
171
335
376
195
487
523
161
322
356
195
361
403
193
360
357
162
399
325
194
418
339
205
319
323
233
379
390
166
336
340
204
510
420
200
492
401
201
492
397
198
487
395
158
316
354
198
351
392
201
488
288
170
307
341
198
386
418
200
454
448
157
454
365
197
456
357
154
382
353
197
391
347
154
435
437
171
416
335
155
320
330
199
441
356
156
342
392
199
376
294
206
347
321
155
369
303
200
464
346
163
414
330
199
495
332
199
400
351
196
436
323
160
301
306
204
401
253
221
373
325
180
356
331
134
259
271
179
392
367
175
286
329
178
375
326
134
314
306
197
293
280
205
254
300
200
311
350
197
315
278
206
376
303
203
401
325
117
293
337
158
372
258
113
267
268
198
276
304
152
278
237
151
327
471
151
362
397
179
337
260
199
345
376
125
421
360
164
325
410
150
319
401
127
330
344
152
340
383
150
291
344
151
297
332
149
415
438
151
347
386
297
372
415
158
447
358
131
417
334
162
326
360
161
317
358
129
423
459
90
493
397
129
405
342
131
304
358
133
306
324
159
300
329
150
308
367
153
310
398
159
304
328
152
288
356
164
295
325
152
295
331
173
331
352
113
344
359
151
331
381
159
330
289
128
309
389
150
281
329
159
302
313
157
288
347
161
316
356
149
306
398
154
336
396
160
321
403
157
325
380
153
327
321
346
106
412
158
394
432
263
69
319
351
161
380
304
152
315
361
178
367
404
113
285
309
149
263
252
132
318
323
130
365
277
267
347
400
137
238
272
130
403
365
160
375
277
161
448
481
125
292
226
196
344
422
112
318
289
164
388
304
156
283
297
153
344
313
154
463
410
122
422
321
150
312
285
153
296
313
158
363
389
111
373
329
152
331
306
150
338
315
152
307
312
150
267
321
148
365
366
121
284
250
158
314
337
158
267
241
159
937
525
155
313
367
151
353
278
105
315
280
149
348
281
174
433
368
254
356
277
123
279
292
116
334
265
105
271
265
159
350
289
154
394
256
116
360
296
149
281
344
158
319
333
152
345
362
172
406
270
154
319
262
209
342
328
158
341
381
117
272
342
153
345
420
132
255
261
154
268
261
167
325
362
162
385
412
152
318
312
153
318
292
161
311
276
151
278
301
152
277
332
155
270
324
168
280
285
154
311
347
154
253
264
165
297
345
162
262
287
267
321
393
122
321
323
166
287
342
152
363
381
128
290
264
200
323
347
162
294
293
151
341
421
111
305
272
161
291
299
162
262
302
117
287
328
162
318
300
152
350
312
151
337
296
115
302
287
156
305
328
96
368
266
113
275
270
170
260
417
153
332
318
159
322
369
175
330
366
152
313
356
151
317
340
170
342
358
159
372
317
151
480
323
155
423
263
152
412
269
151
352
254
255
435
307
109
261
291
152
413
330
112
321
338
166
314
324
117
300
308
152
264
267
159
340
433
123
277
298
134
282
271
131
358
283
132
400
252
96
354
273
138
355
309
131
347
299
114
356
354
135
302
295
94
300
292
131
325
330
167
285
267
162
270
391
283
192
272
287
174
336
316
176
357
300
151
397
301
151
379
323
154
374
325
159
371
417
114
267
267
149
399
328
153
309
338
152
278
279
159
290
324
163
319
303
165
303
284
162
342
317
160
290
325
159
307
288
121
346
341
154
335
372
171
324
336
216
353
406
152
434
333
135
356
343
127
312
258
152
380
420
116
311
307
155
349
381
113
306
262
166
284
277
172
380
391
171
350
350
159
329
368
163
334
372
167
327
370
160
322
361
163
321
364
152
443
397
130
381
302
120
282
343
155
348
322
118
255
312
152
356
122
234
339
290
111
368
417
178
502
354
119
314
341
163
313
268
198
316
393
162
285
430
166
375
332
150
271
393
189
330
383
157
249
342
151
282
365
154
322
266
152
332
393
153
340
406
93
299
362
130
280
358
136
273
319
136
348
401
133
307
397
91
275
298
152
384
411
159
318
392
154
381
379
116
329
418
150
269
332
153
323
337
165
339
391
150
335
370
154
360
283
161
341
397
152
334
410
128
355
315
164
274
380
169
291
334
160
354
915
155
327
305
169
301
332
158
360
404
163
305
282
312
295
329
152
382
348
131
333
402
161
246
319
152
307
306
155
312
364
121
303
349
155
242
375
166
299
364
151
263
375
142
266
281
130
329
388
107
288
261
162
314
259
157
441
385
125
364
290
120
285
379
153
264
258
164
310
322
152
311
326
110
349
273
115
317
381
161
357
350
150
315
437
159
331
324
161
313
384
163
388
379
135
334
263
152
294
361
149
372
386
154
340
393
260
322
378
122
279
376
155
287
340
171
278
293
152
309
374
131
281
358
179
288
343
134
258
296
131
297
367
362
132
322
373
258
361
366
131
319
393
103
282
418
489
316
77
285
376
469
309
82
235
343
394
383
226
142
344
329
266
347
157
183
302
277
317
71
191
263
284
302
149
158
306
341
333
304
214
194
247
280
280
154
305
344
175
301
342
164
344
318
169
374
247
108
359
299
175
262
437
162
328
367
149
316
255
110
270
303
169
331
293
165
330
315
152
362
374
124
256
265
151
325
315
112
357
292
213
408
445
153
322
274
158
300
264
163
472
502
132
304
257
161
362
377
122
321
274
114
295
307
114
306
248
130
334
287
134
356
305
133
340
417
109
301
273
160
296
386
119
317
252
153
290
289
155
337
393
150
310
275
161
373
400
169
350
348
118
330
269
152
341
324
162
240
242
163
279
347
111
308
398
74
401
374
132
354
377
114
352
448
123
348
342
151
272
443
151
304
334
278
329
367
153
341
405
152
342
394
171
308
418
115
307
327
153
274
365
159
297
268
151
356
335
151
326
419
150
286
281
112
315
385
150
320
338
159
372
416
108
403
318
147
270
306
158
343
308
157
349
375
167
370
405
157
446
482
121
415
326
157
450
381
151
446
354
158
329
396
328
300
331
161
322
317
148
361
409
105
313
368
150
259
291
152
294
295
150
353
403
107
314
286
200
345
379
111
358
331
157
317
276
158
291
282
165
368
417
80
374
288
156
332
365
171
328
251
149
312
323
151
364
455
122
405
410
155
368
423
157
333
364
177
474
378
71
380
287
129
422
341
120
294
316
115
389
418
80
382
292
151
358
362
150
391
357
149
370
277
151
387
368
196
434
332
153
278
281
153
321
300
155
322
404
116
273
318
105
451
390
408
467
441
233
111
286
341
157
449
368
119
289
411
151
443
356
161
325
488
122
413
326
160
322
372
303
343
385
306
341
382
156
452
355
147
311
490
329
386
388
121
315
366
148
305
342
149
273
357
148
268
345
157
348
345
151
327
361
114
399
320
156
252
364
164
318
382
159
263
307
151
321
339
157
302
380
159
316
385
153
239
251
150
390
387
148
444
464
149
439
483
157
322
354
110
276
378
157
327
311
148
270
387
158
339
384
149
321
360
153
451
367
299
333
412
169
360
371
149
342
432
152
411
349
161
326
382
123
315
394
194
340
401
152
431
339
157
450
373
163
331
369
309
339
387
129
293
331
112
419
297
149
315
362
161
319
370
128
305
388
167
374
326
112
353
340
119
276
419
117
306
348
113
320
378
116
255
344
118
288
289
116
230
302
114
303
343
170
277
335
150
335
277
149
265
369
162
302
400
162
353
380
153
420
403
164
342
335
151
297
306
158
297
422
152
284
405
151
332
392
157
373
306
216
371
325
133
266
289
158
289
382
156
380
317
161
366
370
160
401
437
128
257
331
161
290
435
153
375
392
162
321
357
154
362
383
127
293
330
160
449
361
119
402
321
153
441
334
90
303
298
154
307
288
120
407
341
154
416
329
111
314
326
153
338
298
139
270
281
152
370
234
164
390
325
108
318
334
152
333
373
164
324
375
163
321
362
161
320
362
155
445
481
160
449
263
238
353
273
163
351
328
152
392
317
154
367
348
155
434
273
160
380
255
155
448
302
110
279
251
162
371
325
112
284
355
160
297
332
154
390
388
157
369
291
161
384
325
155
380
414
160
319
480
160
455
484
156
451
487
388
120
405
421
116
299
339
151
332
399
133
318
342
155
339
326
160
352
348
302
287
372
141
367
309
107
329
281
155
446
389
159
354
372
119
304
301
163
298
345
162
272
281
156
284
274
166
364
381
158
278
354
157
289
312
113
296
318
150
326
316
176
305
324
151
360
397
113
273
284
179
372
454
107
292
283
158
284
312
113
304
278
153
465
326
151
445
249
105
337
362
151
302
289
168
296
349
159
329
301
159
384
409
119
385
251
112
420
405
85
304
288
119
274
309
78
282
339
111
323
316
157
335
464
115
309
286
151
527
536
174
340
312
158
371
302
114
420
254
106
389
329
150
349
393
149
389
304
105
332
251
150
274
287
151
334
317
150
380
311
150
378
347
210
373
339
151
364
267
148
360
281
106
274
316
156
389
280
113
330
317
151
274
360
152
412
249
155
337
327
155
354
265
107
373
329
156
448
306
150
382
366
108
308
289
150
365
318
117
272
295
150
405
399
121
302
322
110
339
285
104
347
362
116
290
334
105
310
346
165
435
374
121
400
338
107
376
311
150
325
323
149
388
440
107
365
286
105
297
291
131
313
324
106
282
283
249
344
415
151
361
307
105
306
289
150
279
311
107
403
427
149
389
323
149
379
316
114
273
321
109
234
358
156
341
422
113
349
275
110
433
321
69
338
274
113
337
289
114
342
357
163
384
358
156
414
314
158
420
287
107
296
364
112
282
294
149
348
329
118
258
303
149
365
419
104
285
276
150
379
253
106
365
358
148
467
312
104
314
320
158
305
352
151
441
347
107
252
255
236
357
420
107
267
270
149
300
306
146
359
355
149
353
319
147
468
292
401
108
376
319
148
385
310
150
416
379
148
404
291
275
481
247
148
356
329
151
388
287
149
404
263
106
368
290
107
337
329
147
330
379
109
276
276
158
364
361
150
412
250
104
391
313
149
391
265
74
327
331
115
287
346
110
287
301
147
409
354
149
359
395
149
331
401
109
335
366
148
304
398
150
423
301
158
337
366
150
320
385
149
308
385
155
336
434
115
355
401
149
314
325
151
304
374
148
301
250
150
345
363
149
354
319
221
339
378
149
310
353
125
290
333
148
248
362
148
300
350
149
422
385
157
361
395
113
401
327
147
261
402
147
341
401
153
337
397
115
347
353
146
340
336
146
360
423
144
326
424
156
343
457
194
369
349
118
294
317
146
392
310
180
329
286
151
316
314
149
381
318
146
321
322
67
276
326
148
329
365
152
307
324
155
295
304
115
402
394
109
415
328
106
303
284
149
414
394
246
465
400
146
441
382
148
417
346
148
435
315
107
280
321
157
291
327
158
362
420
149
330
345
149
422
313
150
360
409
119
413
406
121
318
305
156
309
396
122
367
357
108
405
400
121
352
397
111
317
360
71
394
393
148
339
390
148
335
406
120
887
429
116
388
358
150
363
373
147
395
397
154
405
410
105
358
412
104
356
451
102
363
439
103
286
310
147
376
398
153
307
346
289
315
317
152
305
306
159
291
265
154
298
330
145
282
332
147
356
376
147
355
387
110
436
270
111
292
325
150
349
408
151
321
310
150
291
289
147
319
300
157
474
330
108
291
355
151
289
328
148
294
264
148
405
474
106
300
243
150
331
323
149
289
362
146
367
360
155
345
321
129
382
300
148
390
367
370
184
312
345
149
386
390
111
286
319
153
282
316
155
336
316
149
354
282
104
343
327
150
375
369
106
289
323
149
352
396
116
293
314
165
343
371
159
414
326
117
382
295
149
362
305
112
422
250
137
427
320
121
348
272
148
326
304
152
273
312
160
317
351
149
508
446
117
412
329
158
320
362
152
442
260
150
374
300
118
270
289
148
415
405
115
386
314
109
312
255
150
308
297
158
328
271
149
396
280
85
393
303
88
394
324
131
327
304
87
271
320
135
310
294
131
393
285
128
424
309
110
325
261
149
284
332
156
347
431
152
387
358
118
290
295
150
324
385
105
324
334
198
388
430
152
482
401
163
453
365
156
578
362
155
446
362
110
287
316
156
327
370
156
450
370
118
292
318
149
436
320
107
291
395
158
353
309
104
331
344
158
344
339
125
292
311
161
433
290
117
336
322
152
317
270
170
380
448
111
268
254
117
335
280
159
334
316
150
364
361
120
319
272
153
355
399
148
339
395
109
435
328
150
407
320
106
326
319
149
310
309
152
299
319
243
388
380
154
400
319
153
421
385
106
321
355
165
334
377
161
326
368
160
452
484
151
443
360
105
310
300
153
278
337
159
356
312
149
327
319
154
303
292
161
290
295
199
394
293
194
370
295
150
285
262
446
79
310
191
362
359
159
450
365
197
489
334
152
442
323
198
274
317
193
295
295
154
293
283
156
330
290
159
263
296
160
268
310
160
344
297
156
364
318
114
270
296
259
325
394
122
258
322
159
274
251
157
362
389
124
277
301
158
271
298
123
250
275
110
298
296
109
339
352
126
311
306
159
329
362
206
347
290
153
312
316
202
307
297
249
202
353
200
408
353
328
75
393
257
197
411
416
166
323
343
201
315
241
195
338
284
194
885
517
181
298
363
195
374
391
153
297
310
193
301
270
201
256
314
160
364
366
156
267
293
162
374
413
111
301
345
111
331
373
111
278
279
148
302
308
156
331
267
151
398
438
111
289
275
147
338
327
155
399
272
107
315
274
150
340
355
156
372
268
148
361
314
105
285
282
164
307
292
154
329
355
157
286
338
163
371
412
128
351
294
159
432
352
147
356
304
150
377
253
148
392
373
151
270
299
197
360
347
159
345
283
114
377
294
114
270
276
177
334
294
159
433
294
171
374
257
155
354
283
159
377
339
159
357
256
115
317
327
158
417
396
201
342
260
203
377
296
195
368
274
150
318
334
195
398
384
195
372
246
195
423
292
150
314
277
196
326
369
126
402
274
163
388
277
163
353
326
150
284
307
202
333
323
170
253
288
211
393
370
164
324
383
205
329
373
177
354
308
200
440
308
203
360
254
194
376
346
149
307
276
199
293
294
194
342
336
222
362
316
206
435
322
206
389
265
151
313
330
193
300
313
194
369
376
193
376
295
155
467
321
197
416
329
222
370
282
193
370
328
151
383
293
223
366
299
218
422
292
197
378
301
198
361
269
161
288
296
201
296
372
193
311
343
191
282
350
196
325
334
132
275
318
204
337
260
148
348
318
161
398
327
171
366
280
161
327
316
109
433
262
152
366
276
151
361
241
107
271
291
163
362
257
155
364
304
175
319
399
109
306
284
150
327
361
118
296
281
148
346
352
113
299
267
159
357
272
111
238
276
152
274
296
154
326
359
208
374
255
161
381
371
372
151
316
263
154
328
360
139
341
283
148
402
251
150
384
279
166
373
268
154
370
356
151
406
276
190
367
275
157
357
300
197
325
221
195
368
339
155
261
256
197
349
377
154
245
230
196
312
114
251
262
298
198
315
295
200
373
301
208
356
302
208
313
274
218
357
283
198
321
290
200
388
293
166
250
277
212
238
267
199
349
233
156
297
299
215
371
242
157
342
283
133
281
229
203
300
341
225
310
292
227
366
378
156
259
221
199
292
293
164
352
266
156
291
276
199
387
258
227
375
339
205
352
335
152
262
246
161
339
373
206
375
289
199
386
266
207
318
287
208
288
284
208
303
294
202
311
261
198
331
412
155
417
276
198
261
916
141
280
381
206
389
365
169
310
347
198
376
375
207
362
446
158
363
324
198
339
328
170
298
270
200
340
392
198
295
328
207
381
334
199
333
354
180
272
374
198
316
424
160
303
334
207
283
337
198
296
413
210
421
413
284
375
396
177
322
350
199
332
359
212
367
393
181
375
425
185
323
324
203
261
319
197
320
351
197
412
365
197
420
310
210
348
288
153
272
250
177
317
362
220
375
250
205
350
398
218
388
298
203
390
253
156
279
272
198
354
442
207
361
278
155
246
323
208
372
294
201
336
271
199
355
415
204
392
278
154
296
308
200
338
394
158
255
322
197
341
422
152
302
280
209
301
442
267
368
262
156
415
288
155
275
368
154
298
259
206
284
309
202
274
281
213
298
265
208
347
312
158
315
276
196
316
318
197
309
270
159
364
416
161
317
309
222
248
265
199
254
305
198
318
276
199
382
309
200
295
284
208
356
415
170
297
328
217
247
352
282
167
420
264
221
368
283
211
372
292
198
376
346
167
314
251
220
343
418
168
341
258
232
343
394
199
392
271
199
473
368
206
356
295
140
278
269
202
263
272
196
367
399
159
278
332
206
252
285
203
331
254
199
393
253
155
274
296
202
292
273
185
348
398
169
314
278
159
284
289
119
251
286
109
372
257
153
369
431
152
380
288
202
422
299
123
362
293
150
398
275
113
349
258
155
263
310
161
305
284
152
246
269
151
305
305
160
294
252
153
304
264
162
286
284
152
269
283
161
403
268
156
382
343
123
354
263
159
343
273
157
364
328
158
367
238
162
347
299
110
289
315
153
318
296
117
299
268
154
283
274
163
385
321
230
359
285
112
384
299
149
381
299
153
349
269
153
395
282
146
368
291
101
248
243
144
349
372
115
270
269
330
340
374
78
399
356
125
272
281
151
274
285
149
359
372
105
275
268
158
348
376
131
251
255
109
257
283
151
315
297
150
296
289
149
362
274
105
378
276
149
401
303
106
427
257
154
333
406
120
288
275
147
346
426
137
327
330
152
385
267
139
297
255
116
274
258
182
341
228
109
257
246
157
341
369
149
389
276
104
248
276
152
299
281
152
365
400
110
302
277
149
355
225
147
373
270
109
359
254
148
311
246
150
486
367
150
364
312
177
678
413
195
310
328
166
263
327
148
325
396
150
340
363
148
399
382
147
339
299
105
259
289
157
330
249
106
284
320
149
288
336
149
267
330
147
287
367
159
303
336
149
323
385
160
330
402
109
290
282
207
351
319
151
303
370
112
277
383
153
348
381
155
302
379
148
326
342
166
338
438
150
329
340
149
370
393
149
323
418
272
265
298
342
149
329
147
309
377
287
136
285
322
150
265
273
148
285
335
152
236
270
148
371
397
122
319
338
157
297
325
147
341
397
158
346
364
152
308
378
162
327
389
90
266
329
111
260
364
110
283
362
113
252
325
146
261
252
153
224
342
147
320
267
155
310
356
149
331
369
110
297
325
147
323
311
147
216
314
104
288
350
152
282
343
149
266
372
145
308
334
150
252
319
207
299
339
110
295
341
156
332
349
148
337
321
115
271
338
149
312
332
175
325
323
157
272
281
149
330
328
147
263
272
147
309
298
148
297
374
156
257
375
172
298
333
146
302
343
154
285
337
146
294
326
148
306
376
158
234
373
158
320
340
157
334
289
115
334
356
154
310
354
152
306
314
147
221
335
156
306
354
145
311
368
115
296
329
149
289
343
156
348
349
115
336
380
247
368
386
146
338
371
159
313
340
150
357
391
156
350
293
106
267
267
145
260
262
151
354
289
106
236
267
147
339
383
124
300
318
149
263
345
146
396
335
147
304
337
157
324
314
162
318
389
173
284
348
149
290
328
161
268
270
173
319
321
147
306
275
149
365
354
112
281
346
163
286
331
156
315
335
147
227
321
150
282
366
147
328
305
182
375
347
152
326
362
149
313
360
269
325
375
157
370
374
156
401
405
165
362
369
153
347
373
160
409
423
163
344
393
114
308
317
149
337
405
158
300
384
159
345
163
140
299
263
151
272
333
163
312
325
155
365
267
104
293
274
160
298
274
149
366
267
146
371
300
147
338
290
115
289
300
159
359
304
113
321
246
104
273
256
150
285
327
146
235
370
147
314
318
159
339
250
156
316
344
354
121
365
375
109
349
278
165
267
352
156
292
384
147
262
340
149
273
341
145
334
326
76
313
386
110
321
369
112
226
340
111
312
352
123
273
261
342
279
256
111
223
333
109
285
263
112
325
383
130
324
345
111
477
431
148
282
273
111
336
387
90
212
377
111
377
401
148
283
351
157
275
316
147
359
342
151
287
356
121
311
401
107
341
326
147
245
276
149
284
325
155
315
363
147
245
329
152
293
276
156
329
337
154
343
249
149
299
344
149
272
336
162
276
282
163
326
337
151
243
342
105
309
351
155
316
356
148
245
354
324
350
319
131
332
355
116
370
393
111
319
333
85
276
381
110
286
290
110
267
310
111
394
332
110
376
322
111
370
279
115
306
327
112
378
271
157
383
281
104
280
298
150
266
299
146
367
314
149
349
250
107
285
332
146
312
306
147
321
364
164
360
289
128
329
292
114
248
257
147
295
299
150
346
307
175
361
282
160
382
284
151
359
270
80
292
283
147
298
307
107
299
262
226
312
348
147
291
290
150
335
263
157
317
275
112
339
407
67
350
304
67
294
251
112
390
361
78
336
264
113
326
347
114
345
280
125
317
387
68
306
293
111
280
271
110
292
281
118
344
289
111
414
336
67
275
267
114
296
287
113
327
260
113
372
284
66
277
230
112
367
328
84
341
277
131
383
294
129
388
297
69
257
286
109
298
301
160
401
339
170
360
330
101
296
299
206
413
361
110
249
253
149
346
376
119
266
294
151
362
278
111
292
292
105
371
272
68
286
254
147
309
279
148
299
278
166
301
329
146
314
322
163
292
298
153
361
318
102
441
307
117
254
321
157
393
341
137
279
280
340
116
292
212
147
354
385
133
329
282
121
251
254
155
352
294
157
410
302
116
274
278
103
268
292
103
324
291
115
289
354
147
296
258
156
352
325
150
345
321
102
254
240
151
329
316
156
304
301
148
266
323
162
338
283
146
299
288
160
277
311
156
323
288
155
305
320
162
275
318
181
299
382
111
344
350
105
325
350
135
383
293
130
356
269
87
276
253
149
321
308
151
349
354
129
356
316
105
318
345
148
281
289
160
293
326
153
238
295
124
269
307
161
333
371
168
249
297
109
295
278
149
353
360
115
256
259
155
290
265
160
320
262
119
278
295
151
310
423
122
311
341
159
398
345
151
356
251
160
361
272
106
435
286
152
242
316
104
292
226
171
267
236
263
352
361
130
298
266
169
298
293
122
267
266
144
291
242
129
296
293
131
874
563
159
288
289
128
289
338
129
272
310
126
328
287
107
258
277
149
300
263
149
331
345
130
256
276
148
330
375
162
334
303
164
421
311
106
284
237
157
399
272
116
310
298
159
308
264
150
352
379
118
350
270
151
282
317
155
325
294
149
340
303
149
355
279
151
364
295
108
267
244
148
288
283
176
417
357
118
277
303
154
338
331
112
386
285
147
359
302
149
364
270
106
402
253
149
376
293
129
354
317
109
283
290
155
385
289
165
364
319
152
362
264
153
359
264
151
370
284
163
382
288
148
368
271
116
259
294
161
302
311
149
278
279
149
399
284
111
308
259
157
255
313
151
309
328
160
408
376
108
309
270
150
267
268
155
331
325
150
367
335
156
433
303
106
431
293
146
370
416
148
286
334
151
289
340
149
381
346
129
287
316
156
407
378
333
139
310
315
157
272
294
157
302
353
157
363
418
264
302
413
145
277
317
150
296
269
158
352
308
147
326
358
163
307
394
164
291
328
119
311
360
151
317
259
157
350
407
118
332
268
158
423
268
148
378
282
109
292
249
158
293
249
164
329
403
127
277
267
159
266
312
155
296
323
150
351
351
123
297
320
149
352
278
149
354
243
148
383
281
119
262
254
108
363
369
106
266
284
151
317
363
153
418
254
108
238
266
151
289
277
211
323
314
149
401
306
112
285
247
152
286
257
150
349
260
87
250
278
128
286
314
130
301
326
138
317
281
128
303
271
86
301
253
86
245
267
128
256
242
117
397
285
111
335
232
157
310
303
127
382
397
82
276
271
163
365
272
117
328
288
151
290
318
152
288
263
157
333
303
170
423
303
114
324
281
154
269
292
153
294
283
149
333
273
127
259
297
149
286
255
152
343
421
220
337
271
110
428
325
109
260
361
337
86
302
150
283
285
157
373
295
108
250
279
150
383
300
149
410
299
128
357
281
88
345
266
109
263
271
133
378
262
130
378
299
93
299
298
128
317
287
100
298
315
159
336
286
155
314
240
163
341
303
160
315
338
157
401
360
125
264
253
152
326
264
157
346
371
113
383
336
163
384
316
107
279
282
156
333
213
172
379
276
151
368
266
211
431
305
149
361
278
145
363
253
150
373
245
152
398
274
151
377
279
155
378
320
120
265
879
166
263
335
105
298
262
151
254
272
151
376
366
100
305
254
130
337
426
95
263
320
149
405
393
125
265
264
148
275
254
153
285
305
166
313
287
148
298
322
160
313
369
111
245
289
150
319
298
151
380
258
319
90
346
289
159
375
252
154
370
298
118
265
294
150
327
412
125
273
334
153
380
337
114
256
274
150
302
322
162
307
257
150
265
268
153
280
284
155
301
289
153
331
310
117
290
305
165
348
271
151
368
291
157
449
274
152
451
274
150
399
277
158
344
306
153
369
272
150
370
314
107
258
299
151
367
265
150
368
346
117
327
310
151
348
258
153
345
329
117
264
281
159
333
366
149
381
279
151
350
271
157
371
285
111
268
283
148
332
356
153
392
311
154
377
336
107
269
315
149
265
333
142
339
247
151
402
280
106
268
299
152
300
350
150
323
380
158
335
393
157
374
339
299
327
395
163
290
353
118
229
349
156
307
344
157
270
308
155
256
337
149
265
352
148
229
236
148
339
352
162
265
328
156
359
350
157
251
302
131
274
353
150
346
312
150
322
366
152
313
319
157
238
342
159
276
351
149
273
265
149
294
332
169
301
276
155
308
323
160
303
328
147
282
367
156
278
275
153
335
325
150
316
321
149
300
244
156
331
351
148
348
349
110
316
310
211
349
336
149
377
349
149
299
396
112
252
323
151
232
293
157
288
318
150
335
367
165
395
231
117
291
307
148
271
262
156
259
269
149
357
287
158
440
318
156
259
278
158
325
302
154
309
283
149
299
388
157
260
234
157
283
305
155
311
320
152
289
282
149
335
372
111
334
312
152
326
330
147
268
237
148
324
373
158
257
357
159
263
339
149
263
313
149
237
251
153
280
335
194
347
339
165
364
294
117
255
265
150
298
272
351
333
338
164
370
320
108
292
313
158
302
342
107
299
275
160
281
321
159
314
358
116
284
261
165
261
248
150
301
291
243
78
223
163
376
268
319
69
413
326
86
253
264
130
274
258
129
365
371
130
326
319
150
291
311
164
301
312
153
343
345
132
348
237
169
380
296
169
387
297
114
282
338
151
300
354
148
332
366
150
356
325
150
394
320
150
377
300
159
399
260
161
376
332
115
284
281
150
268
258
167
388
386
108
246
326
162
286
882
266
272
258
151
331
379
158
358
285
148
347
313
153
373
309
108
295
275
161
342
358
133
291
249
158
306
356
170
284
272
156
293
267
143
328
267
163
356
272
148
407
254
151
392
308
149
373
270
161
395
274
154
420
254
161
405
300
157
445
237
161
357
291
107
269
295
152
315
278
148
333
354
162
340
308
167
350
287
150
402
306
112
280
281
155
233
320
151
280
255
155
319
343
150
312
373
261
372
368
151
305
375
117
316
338
156
323
327
168
333
341
152
264
321
150
256
364
151
314
370
115
271
388
152
303
359
147
315
344
115
321
339
107
327
321
155
225
382
127
294
341
128
376
333
152
285
147
256
275
311
332
108
159
278
272
384
219
117
288
255
309
209
103
259
298
313
298
85
170
322
273
428
141
150
292
245
295
149
343
403
132
279
303
150
316
296
153
352
393
207
364
258
151
356
303
159
373
292
152
371
248
149
452
290
158
424
263
106
289
292
149
307
261
157
456
379
166
386
358
130
332
294
150
270
269
106
386
419
158
374
264
150
404
307
115
368
253
157
393
278
133
256
360
129
404
286
128
433
270
87
255
249
128
294
279
156
327
294
149
308
316
149
259
307
150
400
392
156
401
318
149
396
259
111
312
276
146
388
436
106
262
303
168
299
378
156
369
273
345
86
386
334
105
332
312
148
318
335
158
317
380
147
259
298
151
374
287
107
329
280
160
352
411
205
426
271
110
356
284
107
326
283
155
397
372
118
320
316
148
328
446
104
268
317
182
302
254
157
257
263
157
362
328
104
349
243
119
387
345
147
407
317
109
325
292
155
347
246
107
260
241
149
342
299
149
319
295
163
354
361
136
256
280
147
425
275
105
398
314
106
357
265
103
262
254
148
321
354
111
422
287
366
282
335
129
276
280
156
291
306
154
290
276
158
305
278
189
354
412
111
277
273
158
325
302
154
422
229
155
388
284
111
339
318
150
328
395
146
362
268
158
375
295
158
379
279
151
325
286
149
432
247
149
382
334
108
324
259
119
268
283
110
399
295
125
252
285
112
349
384
67
264
332
111
332
268
111
250
303
110
280
267
155
327
347
108
294
273
147
398
350
120
325
285
161
428
276
151
363
290
69
407
321
105
417
282
103
267
357
728
545
413
195
331
314
156
309
258
149
361
359
148
364
317
109
407
283
147
336
260
151
364
306
103
308
286
158
330
405
135
316
291
163
381
320
103
270
296
151
399
304
105
312
272
159
304
329
160
309
290
155
412
376
94
317
264
116
326
330
82
264
363
112
342
260
67
270
286
112
308
315
110
285
327
157
278
256
148
305
299
170
305
274
155
354
264
146
327
316
157
324
435
326
351
382
159
308
379
158
366
411
115
321
383
164
245
338
149
263
346
149
369
347
147
332
419
156
358
469
156
375
391
104
332
262
149
266
350
147
297
315
179
373
423
132
256
261
155
325
307
170
295
384
150
402
307
105
247
296
149
351
255
152
329
347
282
70
369
291
105
270
264
147
414
375
123
378
348
146
356
267
150
381
257
104
262
280
147
418
397
108
316
276
147
304
351
148
336
446
114
322
321
148
317
337
119
352
419
106
257
284
153
380
369
148
351
310
148
344
324
150
434
276
105
283
315
248
351
449
155
320
332
161
391
276
157
396
289
104
355
313
149
458
321
156
385
266
161
371
306
148
391
317
149
342
266
103
322
319
151
352
386
116
363
316
161
410
274
112
293
291
156
315
408
102
273
255
149
306
284
151
317
334
158
370
265
163
411
339
114
266
314
149
307
290
148
322
320
148
353
395
149
370
330
106
299
308
149
345
267
149
312
325
166
301
301
151
303
275
211
369
379
135
281
315
147
319
398
118
288
325
148
260
271
155
333
305
149
424
298
159
403
289
155
390
339
116
331
277
149
265
304
149
320
284
159
423
362
114
365
326
149
415
285
151
430
296
105
269
285
157
327
378
154
451
318
111
404
308
111
408
292
130
388
269
104
284
334
149
349
325
157
290
281
105
308
314
157
419
441
118
311
290
68
314
350
148
299
362
155
339
377
293
481
475
106
289
295
151
390
416
118
293
308
160
364
306
104
259
283
160
277
281
158
307
269
161
283
339
147
369
413
166
370
410
148
328
401
149
309
402
156
362
398
108
280
320
148
359
350
151
314
477
121
337
369
148
357
408
110
394
383
155
322
310
122
292
347
132
283
266
151
275
333
163
265
320
158
313
322
161
335
225
152
265
387
149
260
345
161
306
362
153
331
338
293
401
256
152
963
676
156
270
382
121
367
286
121
301
263
150
315
286
163
288
273
160
326
391
126
359
295
155
402
255
325
226
339
279
109
354
267
153
294
324
152
367
262
152
387
282
156
430
262
113
283
309
153
298
315
156
308
295
163
287
338
156
286
335
163
258
290
158
283
339
154
338
256
154
364
248
152
338
282
72
239
261
153
293
302
154
436
335
118
265
296
152
285
339
150
312
260
155
261
284
152
286
285
157
273
280
162
296
339
159
293
313
158
322
388
152
355
271
181
284
275
155
351
320
201
316
257
110
316
284
151
363
411
99
305
337
131
291
355
130
306
395
130
237
244
138
303
364
103
310
350
117
431
349
160
333
393
156
256
274
152
263
287
163
366
351
152
356
356
161
322
406
131
322
335
160
252
262
151
314
327
131
323
346
175
256
287
159
301
376
150
231
333
156
267
315
151
316
391
152
233
316
158
358
365
136
279
335
156
367
322
156
462
303
111
279
257
209
361
399
163
287
288
150
341
344
150
342
378
121
323
337
160
336
357
164
284
315
150
285
310
162
326
290
151
262
268
151
275
329
153
310
280
163
291
291
159
303
274
154
261
316
150
367
327
109
269
220
151
276
301
161
288
283
163
317
347
122
260
344
158
316
312
153
289
303
136
340
348
122
251
268
151
351
377
107
277
317
154
375
307
123
286
269
162
354
360
111
255
242
177
353
395
119
277
305
119
384
318
154
354
272
112
242
251
95
251
272
131
288
306
140
273
270
131
330
283
90
354
275
143
311
306
90
276
256
131
270
326
137
390
383
161
401
274
183
422
297
159
360
372
110
300
249
153
284
256
152
306
288
164
326
282
128
344
248
114
352
268
109
285
256
153
284
351
152
278
321
161
355
257
131
351
270
90
364
218
359
91
287
233
89
320
374
167
387
385
117
302
281
157
327
320
158
367
292
156
375
312
109
317
327
154
327
376
120
301
322
152
343
336
155
271
319
225
318
357
172
319
368
155
304
334
163
401
371
125
324
328
161
234
387
158
336
345
152
264
367
149
268
330
153
292
318
152
314
371
120
334
312
153
325
316
151
403
346
160
298
357
157
326
352
159
333
377
129
292
317
161
277
280
151
336
378
115
290
270
130
245
314
129
309
339
132
898
511
126
336
364
130
387
303
165
399
438
151
341
345
163
372
371
114
298
337
155
373
333
278
328
413
155
314
402
160
308
375
128
305
345
106
256
318
149
323
324
161
286
271
177
381
348
166
368
388
111
374
354
165
300
379
154
388
383
113
277
332
153
260
351
152
333
371
159
316
398
116
239
315
151
296
314
152
340
350
164
380
429
123
368
266
151
306
339
159
271
358
151
298
346
130
280
354
153
251
265
171
296
313
159
279
338
153
292
346
159
240
381
162
281
349
193
293
304
166
359
391
128
283
340
153
254
354
151
274
328
151
240
373
159
311
354
150
242
352
161
345
392
121
246
324
153
396
346
172
279
271
151
331
333
157
259
332
165
270
337
158
328
351
157
244
257
161
295
315
152
277
279
156
310
374
129
291
271
157
285
374
148
289
322
177
360
381
167
395
381
113
287
333
158
287
265
187
306
320
159
235
363
149
327
354
163
320
470
292
305
342
120
249
334
167
313
303
159
292
379
150
331
383
176
339
382
162
309
407
120
308
343
159
311
346
156
288
364
159
360
305
123
255
279
150
251
268
152
272
256
162
377
387
120
422
303
72
265
279
166
272
247
275
87
290
358
165
352
420
112
348
297
169
362
247
166
392
267
152
372
292
178
380
293
124
300
273
172
310
287
159
377
241
108
308
276
163
266
286
153
326
272
100
330
310
131
298
300
137
276
254
131
240
280
130
341
391
137
270
285
155
293
230
161
305
267
151
308
297
162
271
263
188
319
365
123
272
264
155
342
345
150
369
380
139
252
343
161
292
293
186
389
265
110
304
272
171
269
282
164
354
304
126
406
304
152
313
394
152
323
292
108
290
260
151
304
292
154
293
264
163
293
299
166
435
249
110
261
273
156
374
185
229
300
314
149
284
322
152
347
387
124
315
308
132
444
279
153
442
294
114
279
333
153
315
348
152
320
314
151
330
394
150
407
347
306
355
384
172
299
362
153
323
390
179
348
328
122
385
354
162
280
370
160
320
367
122
246
249
160
342
346
154
234
357
160
325
339
153
274
286
164
245
340
162
265
335
159
277
250
152
267
242
151
315
334
153
332
366
152
333
411
175
331
370
125
345
262
155
307
355
163
316
404
114
337
328
151
310
885
162
295
340
162
331
244
122
377
292
131
350
322
134
389
298
88
305
368
202
361
216
133
402
252
154
373
279
111
282
267
152
238
252
109
334
295
162
302
326
165
277
286
169
340
342
162
346
300
110
341
235
160
290
316
158
286
280
151
275
259
155
263
317
164
321
274
120
248
290
151
279
296
157
344
283
161
254
262
154
335
333
108
251
257
150
318
292
151
415
255
151
364
304
115
375
269
153
400
277
108
268
230
155
376
396
132
435
321
90
289
281
219
364
356
130
346
340
149
369
270
113
291
295
158
314
268
169
246
277
151
286
274
248
115
300
222
154
330
401
114
275
263
175
326
370
149
394
268
109
288
254
157
292
281
150
291
349
153
304
339
153
279
361
151
314
335
161
349
311
159
377
267
156
326
287
157
355
267
109
286
246
151
350
267
152
357
372
135
355
271
108
261
265
150
277
289
158
278
317
126
269
292
151
297
328
149
334
351
126
253
282
151
302
354
150
360
279
130
381
280
121
298
284
159
325
308
164
273
320
162
339
250
161
364
288
213
375
284
114
247
278
160
279
245
155
274
306
162
272
277
151
368
397
111
280
269
151
334
383
131
319
297
162
258
246
165
345
252
153
400
277
149
403
272
161
365
240
107
355
302
179
278
296
153
299
351
152
266
248
158
468
243
153
365
329
153
365
335
155
386
290
150
388
256
151
343
288
159
368
265
159
386
271
108
273
315
154
315
287
109
264
263
130
306
270
160
333
298
182
344
337
154
363
280
110
288
340
162
298
315
151
428
418
128
305
271
167
328
391
112
307
276
160
264
292
165
274
293
156
338
287
111
296
352
173
370
369
159
364
255
149
415
324
112
309
319
151
293
325
152
328
307
147
379
378
117
305
226
151
290
1274
292
347
362
132
366
277
113
323
316
161
273
288
161
334
356
128
268
289
161
406
296
107
300
268
152
342
267
149
288
263
224
323
385
131
465
313
151
371
294
160
362
265
162
375
340
157
362
285
161
399
263
117
329
341
152
297
309
155
285
265
119
343
289
113
287
270
159
316
306
157
287
270
151
332
303
116
341
341
71
317
289
149
362
378
121
307
377
158
279
301
161
333
341
152
298
314
157
272
328
123
314
323
156
283
309
382
83
382
913
176
368
345
130
305
252
159
359
378
120
311
274
151
274
326
153
456
288
154
430
333
120
313
253
156
346
321
170
304
278
157
373
344
103
311
292
128
319
297
139
226
269
88
363
289
238
356
371
136
374
313
86
261
290
109
271
329
152
325
388
151
348
327
149
433
257
119
282
271
150
296
246
109
272
239
108
356
327
156
312
305
157
278
263
156
323
298
118
275
290
155
287
358
161
298
376
115
284
316
159
326
348
162
273
297
149
253
315
150
396
356
150
380
394
151
338
338
123
329
371
151
252
346
150
310
359
151
265
298
153
312
357
79
261
316
172
343
351
252
403
334
159
406
290
157
360
331
108
324
283
159
390
391
127
362
264
153
360
329
151
386
330
157
339
299
154
346
286
170
362
282
157
362
304
152
346
330
150
360
255
115
287
247
152
409
310
152
359
303
150
378
314
150
358
299
159
381
311
108
302
363
151
297
320
153
345
257
121
322
267
169
339
407
126
303
265
153
417
288
113
357
255
112
252
247
153
312
294
172
294
298
184
349
339
156
338
317
144
285
254
153
339
353
122
303
316
156
255
318
149
264
244
159
384
347
163
419
295
162
392
265
156
330
307
157
303
287
151
340
346
165
264
315
150
346
406
114
292
266
151
294
298
321
189
272
169
310
344
160
369
324
151
364
353
152
389
257
153
367
327
115
288
277
152
352
363
123
278
283
152
266
279
154
305
282
151
342
436
153
338
278
116
336
329
245
406
440
159
323
350
161
378
380
150
354
367
156
370
294
107
406
323
168
351
410
160
352
401
153
336
409
112
308
332
154
339
276
155
331
366
126
298
246
158
292
302
301
161
341
266
152
390
157
373
292
334
89
461
266
88
293
276
159
317
365
121
391
324
150
387
1408
239
303
317
111
344
360
111
283
332
159
299
317
150
377
422
113
318
305
163
293
291
163
333
342
160
309
336
165
280
307
156
298
306
161
302
304
157
354
382
165
353
259
171
382
305
151
357
322
109
304
278
152
358
295
108
356
274
222
338
355
161
387
289
108
283
295
155
346
330
115
275
299
149
341
374
131
352
272
107
256
246
109
278
283
150
418
417
112
369
273
163
428
289
151
458
287
151
364
255
112
294
329
172
314
327
164
292
300
160
699
393
183
240
257
168
327
382
160
275
294
160
382
384
151
403
293
153
357
245
152
426
320
107
279
283
151
268
241
153
274
287
169
441
362
153
415
317
108
290
304
195
361
325
120
337
301
160
401
304
133
384
289
113
296
293
150
326
283
151
333
377
112
277
242
162
286
270
154
360
322
158
280
371
120
283
276
161
307
409
120
327
276
159
325
404
165
346
325
107
270
294
150
420
383
120
328
320
151
299
273
150
338
289
120
446
309
153
465
330
108
277
283
155
294
294
153
370
408
161
378
265
106
283
307
154
366
240
151
349
288
110
328
326
209
339
352
87
279
281
128
290
316
130
327
389
140
402
295
86
357
301
88
340
295
132
412
353
140
306
312
138
352
365
103
292
336
131
276
242
113
404
407
101
308
366
91
309
362
132
356
326
130
335
367
136
363
390
102
288
322
130
271
240
131
309
287
128
314
378
132
336
452
130
403
386
92
243
313
131
295
322
134
299
339
131
271
379
131
325
357
130
312
340
131
341
359
205
340
390
130
267
269
374
74
260
273
156
304
291
119
285
313
150
372
403
125
419
269
150
347
294
154
430
318
159
452
294
243
396
275
151
392
313
88
274
273
133
402
396
97
392
295
131
415
380
113
392
341
130
348
411
130
329
364
130
344
402
103
329
357
131
307
341
128
317
362
130
369
268
133
277
283
151
387
387
131
404
358
109
332
337
155
323
379
160
337
389
114
343
290
151
304
252
154
266
248
162
261
255
157
291
345
152
261
402
148
270
325
154
329
343
151
352
372
117
335
344
151
262
327
205
269
396
173
355
391
135
315
278
119
323
412
104
375
275
91
278
259
132
334
376
105
276
305
129
423
389
129
382
329
87
265
274
158
408
419
149
366
325
108
358
289
165
391
305
110
306
358
172
385
356
114
316
286
154
445
255
157
421
283
109
279
324
160
346
402
154
361
268
151
374
283
117
259
279
164
293
394
171
296
230
152
282
258
106
302
298
167
306
350
150
315
301
246
336
401
130
376
296
107
279
262
162
325
261
124
281
363
149
353
408
143
368
311
89
314
251
104
267
331
153
405
317
112
312
300
150
297
327
151
350
374
110
278
274
164
380
476
117
312
290
155
360
397
157
384
336
115
914
682
171
274
283
168
363
336
159
406
360
152
380
265
152
398
341
107
291
347
160
292
274
116
286
404
160
288
341
158
407
303
150
376
300
120
369
313
237
381
354
108
244
274
161
340
373
118
291
296
151
281
275
151
350
264
154
413
275
156
387
271
154
280
335
153
319
318
155
427
335
134
309
365
129
256
260
129
280
365
129
381
342
154
260
373
151
268
379
155
343
349
154
247
335
150
334
376
153
307
274
252
121
416
318
173
398
361
130
297
376
153
326
327
154
306
423
146
305
419
112
303
354
147
298
282
145
294
358
146
278
293
149
273
296
144
297
368
146
350
314
144
252
367
120
311
315
148
249
350
164
379
337
145
246
312
144
294
355
149
370
257
212
343
256
109
294
278
148
327
378
118
393
297
67
248
273
158
335
285
148
261
264
155
329
308
100
310
278
147
362
285
146
295
260
157
351
318
107
314
259
157
374
351
112
336
294
159
263
250
145
284
302
155
390
252
148
375
292
151
343
387
123
328
261
152
328
320
149
265
340
146
268
312
151
280
274
147
305
357
153
272
236
155
339
337
146
306
374
148
297
264
173
366
411
206
347
313
147
457
363
149
442
334
101
323
289
148
291
283
146
288
275
144
430
287
102
279
324
133
334
357
136
299
267
181
354
277
147
402
310
115
400
266
147
370
335
161
365
314
149
349
268
104
297
284
149
384
303
109
259
266
155
328
311
111
334
338
103
256
291
152
318
276
102
266
240
152
315
322
115
237
284
102
364
341
148
303
277
157
306
337
126
260
395
146
297
297
196
331
355
102
255
300
160
395
227
149
403
296
163
356
305
107
270
284
154
313
275
147
307
267
155
354
337
152
357
422
102
317
286
127
277
310
126
310
338
136
345
316
129
273
325
270
85
373
160
304
359
118
251
284
157
354
488
109
519
338
106
252
374
155
286
318
157
366
448
115
313
355
154
393
292
123
414
370
151
308
338
164
333
353
156
339
381
164
328
369
125
296
284
187
361
338
162
263
263
151
343
340
116
315
377
149
365
353
113
288
261
146
382
387
148
389
344
119
378
346
146
280
279
360
355
310
398
150
356
338
122
314
344
144
384
337
117
333
325
107
296
342
108
274
355
118
235
338
128
315
376
147
893
504
141
302
283
145
305
318
153
316
327
151
330
341
156
267
329
149
283
301
151
290
271
146
260
385
153
280
346
149
308
389
147
359
292
148
390
414
146
394
368
149
353
409
147
456
440
147
246
347
105
299
349
147
314
354
147
332
330
122
248
347
150
322
386
295
400
395
107
302
391
146
264
317
150
291
360
148
338
384
135
329
342
147
321
365
146
371
396
127
371
385
96
303
327
130
284
368
148
329
358
148
302
352
147
274
338
149
320
359
146
382
394
151
314
387
120
304
319
147
334
363
117
280
237
146
297
321
147
268
329
153
236
283
147
318
348
121
302
310
128
305
352
127
342
330
130
424
447
108
342
366
147
331
394
148
301
390
285
397
456
151
372
392
111
309
316
150
356
330
151
294
291
159
379
372
160
359
370
155
324
372
163
322
424
125
292
323
104
360
321
156
250
268
129
309
326
127
291
338
126
385
342
84
335
311
127
232
245
130
366
420
148
386
393
128
337
354
152
