473
211
291
556
189
484
788
322
931
186
320
504
269
791
400
714
127
322
773
82
197
849
520
918
623
183
428
1133
219
414
717
150
408
128
140
319
143
181
278
884
93
190
381
115
419
265
143
294
864
107
373
236
185
328
219
179
180
321
886
172
371
868
129
191
288
731
83
152
449
1153
459
360
686
102
131
143
339
213
204
475
305
200
189
202
340
608
82
188
298
239
292
301
307
337
182
180
276
802
162
207
310
252
262
245
250
244
204
226
773
183
792
107
206
895
83
226
902
83
782
102
216
734
175
180
939
156
695
181
218
865
403
850
68
221
801
75
212
1087
179
850
80
219
767
142
673
177
242
878
81
187
664
179
1056
91
160
638
142
189
760
171
817
139
251
708
254
405
189
204
432
183
178
1111
144
824
74
199
739
173
200
1001
85
996
83
282
779
153
827
72
267
869
82
270
851
174
1093
107
238
1381
383
202
851
80
1061
121
190
463
180
1420
489
160
807
70
153
733
172
749
160
170
800
87
173
416
151
451
137
158
735
162
469
138
170
801
75
289
805
146
801
75
227
884
90
714
196
283
418
198
228
889
84
975
90
291
693
144
337
780
85
1084
99
156
824
73
496
134
183
435
173
177
977
134
775
186
229
935
99
228
1302
298
937
72
154
775
95
790
95
341
78
138
432
477
234
770
140
195
859
82
185
1055
149
833
74
177
1241
267
459
141
147
397
143
186
499
185
883
88
188
658
181
225
868
198
1385
459
188
685
205
765
177
176
866
84
194
1263
264
966
73
227
909
207
900
81
186
494
189
192
719
169
453
102
281
745
113
143
741
260
678
181
211
1097
115
721
142
215
679
141
182
769
158
747
186
184
939
74
195
855
188
994
87
171
633
282
1565
589
192
645
97
148
677
161
389
142
232
760
101
215
642
148
842
70
160
485
139
403
207
225
1140
155
241
751
152
343
190
221
866
82
188
1217
217
1316
323
151
724
149
431
134
128
776
110
194
384
161
404
141
205
409
144
444
120
155
688
120
319
363
229
713
176
214
777
177
221
467
238
1560
562
202
801
173
761
182
184
981
81
199
763
159
521
188
234
706
189
219
870
270
970
90
190
772
137
575
190
176
1251
252
152
884
158
673
132
136
635
159
185
1492
529
1211
233
186
907
155
720
177
219
744
184
333
750
208
449
137
232
777
138
378
179
193
671
172
234
423
232
926
84
185
1173
194
153
790
122
632
143
147
726
145
667
172
299
1170
176
151
428
157
735
145
150
494
181
197
1557
556
1146
147
269
760
141
389
190
260
396
199
225
785
149
772
177
194
999
271
246
1227
251
682
179
187
841
184
921
80
186
718
160
157
755
208
1688
687
264
680
183
229
719
225
875
85
231
715
270
120
174
186
1431
429
247
915
196
445
186
208
675
194
782
100
205
678
203
209
1272
274
613
186
193
896
83
183
1365
388
695
179
440
733
180
465
184
174
767
176
174
1155
168
1154
155
191
769
162
207
723
193
787
72
209
1081
185
680
157
208
770
186
190
1081
317
1282
293
224
682
157
242
794
109
690
188
182
803
146
763
108
188
1362
359
238
660
152
780
103
148
377
139
211
756
151
756
185
314
680
228
871
83
255
409
184
181
1272
307
891
83
218
905
124
885
82
251
914
84
190
1355
357
1316
312
184
899
75
197
275
191
400
195
222
1421
422
1198
217
250
754
173
179
758
251
413
206
205
885
83
192
1614
636
1647
644
201
454
155
756
104
141
539
80
207
390
257
818
75
188
889
85
203
684
231
702
183
190
894
227
889
83
185
880
82
189
701
232
713
211
213
458
209
370
574
167
761
181
385
321
411
1191
222
150
545
130
182
538
183
813
71
246
940
73
895
84
263
809
73
266
435
236
887
79
383
802
75
203
814
77
1024
108
262
399
245
786
140
164
745
158
175
722
201
402
143
143
420
131
146
745
128
517
137
158
589
375
972
70
156
438
143
165
394
200
898
101
184
1003
89
177
686
160
516
175
201
1742
741
1090
115
215
929
83
228
511
192
585
181
217
803
73
199
1322
324
2355
1349
373
716
175
1018
93
195
733
182
189
752
182
653
179
183
731
150
487
176
161
846
70
234
464
154
466
176
175
905
84
212
883
85
823
72
207
810
75
880
82
200
762
195
203
769
126
717
143
274
793
75
237
802
79
577
92
260
717
222
800
75
203
842
72
238
989
98
748
181
267
462
158
211
766
101
791
74
163
428
143
728
143
162
849
73
345
424
142
785
104
275
587
232
845
73
216
690
188
231
424
223
1194
220
202
760
193
276
731
185
700
207
262
413
222
915
82
386
769
108
159
777
139
432
198
276
399
195
177
906
74
730
111
262
736
181
1078
129
183
470
176
165
1039
104
907
80
228
693
171
223
1209
212
500
133
158
696
99
446
139
162
431
138
164
788
75
562
144
162
404
132
131
226
76
1275
276
194
425
152
805
138
186
741
126
266
1414
433
1816
820
105
783
75
478
174
180
1250
270
183
464
166
1410
488
168
470
140
176
623
171
815
68
159
627
91
926
80
153
478
136
138
468
147
704
134
142
686
174
258
872
88
772
91
278
1361
384
901
107
233
933
71
245
1381
412
1150
390
154
824
75
157
937
75
561
176
200
1120
151
877
80
192
1414
407
159
756
131
813
95
172
736
149
168
684
150
495
138
420
754
106
424
143
150
436
152
132
468
145
792
70
164
1250
255
708
105
186
602
144
249
828
92
884
81
292
897
82
259
1274
384
642
188
269
664
84
823
72
208
687
190
249
726
212
715
185
206
816
79
287
648
213
940
82
200
789
86
939
72
157
681
141
170
895
84
804
71
269
837
76
264
484
248
966
91
242
756
100
923
82
198
953
83
226
878
89
1028
100
283
1429
508
188
503
165
1015
104
186
487
161
1018
87
177
1412
421
158
488
278
501
126
176
1063
141
782
74
173
477
147
156
856
202
1140
143
193
464
141
184
771
134
679
208
192
1872
344
715
310
101
797
74
202
719
106
433
119
139
789
74
161
475
147
986
78
161
483
154
395
147
222
745
94
214
563
137
668
140
126
409
99
127
769
129
761
100
242
898
93
676
179
230
1202
202
187
1469
486
1190
190
394
638
153
686
101
210
723
84
204
663
127
442
102
138
814
69
192
406
127
798
104
141
770
143
678
187
192
710
190
188
1569
737
1168
376
224
829
71
184
740
162
1321
339
145
757
138
420
86
201
784
74
132
682
173
748
127
181
799
71
192
749
183
1009
130
232
1366
388
1172
197
142
663
143
138
688
145
576
97
198
730
98
214
403
137
678
88
119
794
141
688
176
191
761
184
188
417
231
386
98
213
773
183
692
181
256
1387
471
209
405
235
691
129
186
798
71
229
750
165
787
73
179
897
203
392
175
179
1001
309
147
789
160
756
71
137
412
158
176
766
220
643
174
187
1281
301
1800
923
249
756
101
134
933
138
772
93
111
695
79
368
711
128
770
104
122
688
120
689
140
203
778
125
204
740
273
905
84
164
848
72
222
741
213
751
178
197
873
126
521
176
339
740
74
231
735
196
1973
989
188
722
145
977
68
207
857
72
118
680
124
767
97
137
536
131
130
645
250
886
86
188
1163
409
959
108
188
965
84
188
684
183
882
74
187
902
79
126
781
138
789
116
277
452
208
754
173
202
1018
116
190
1482
495
683
127
206
789
115
274
770
154
796
72
193
1160
248
465
189
186
1144
141
185
695
233
894
83
232
1219
236
297
739
263
393
189
215
586
167
730
129
196
782
112
227
399
261
785
114
190
881
110
787
78
260
763
108
207
711
269
558
186
236
851
82
205
1599
619
822
261
209
679
218
780
104
166
731
100
280
749
192
1110
108
140
777
103
132
382
135
791
70
139
774
127
785
105
114
405
90
725
1380
455
1134
157
141
745
148
198
409
130
414
100
150
765
200
891
81
289
970
81
226
1555
573
1117
182
164
813
82
1547
550
365
960
79
145
766
73
767
77
230
813
73
205
754
104
590
141
201
758
122
735
101
144
690
147
150
799
72
696
178
200
1015
81
184
792
73
702
117
200
1439
485
794
115
149
705
95
146
719
105
655
181
211
384
128
133
724
125
690
179
205
462
132
733
127
232
1232
254
145
676
89
674
150
190
1047
193
200
255
438
534
173
210
712
127
794
71
202
797
74
217
538
188
754
87
200
710
84
693
139
203
988
78
223
804
73
789
73
204
698
113
220
687
113
706
145
191
807
73
671
140
237
860
92
222
791
78
506
140
184
814
72
201
962
85
463
142
158
719
113
781
72
226
585
183
194
810
73
776
97
159
395
146
186
803
73
810
157
453
791
73
789
73
158
761
73
255
919
82
724
108
220
1212
305
523
100
194
929
94
251
721
148
606
86
141
709
113
223
461
352
1056
515
133
869
70
783
74
196
827
73
209
1010
117
799
73
199
931
80
190
829
73
961
95
210
783
73
982
86
219
809
140
213
899
73
816
71
194
745
113
205
804
73
774
89
200
777
77
647
152
211
778
77
196
773
100
792
104
197
807
75
202
621
72
716
141
208
814
74
723
74
151
941
98
224
704
223
913
90
185
715
113
237
712
198
790
75
187
1299
318
678
194
199
621
73
205
812
74
907
76
198
441
99
1053
342
189
945
83
185
791
74
879
71
218
653
177
185
838
73
486
148
151
788
70
491
180
186
840
320
203
784
75
465
141
191
1040
132
186
721
93
801
72
223
828
72
802
97
160
807
72
196
767
121
809
79
423
831
72
157
935
84
807
73
195
769
76
797
71
212
885
71
227
714
184
727
186
189
739
75
756
102
201
385
150
154
798
318
736
101
209
829
72
187
921
107
934
77
188
928
105
814
74
152
483
72
157
770
105
786
74
154
1402
494
216
797
74
459
130
201
662
213
929
79
183
763
106
210
702
151
823
72
216
1162
164
235
803
74
474
142
156
803
72
773
161
200
691
181
216
634
75
784
72
228
484
149
147
933
83
484
189
213
804
74
421
187
200
759
77
150
712
146
789
73
193
840
97
730
87
180
611
74
189
813
75
922
101
223
1216
237
174
792
77
994
104
224
664
219
957
91
231
804
75
189
728
97
710
76
201
1030
133
399
773
106
942
74
145
709
230
814
73
187
799
72
237
409
208
794
72
196
808
74
183
818
73
808
72
185
936
103
733
109
319
1437
441
179
739
75
398
181
191
801
70
198
1100
132
772
101
143
723
198
968
84
216
1114
134
151
819
72
1712
1255
257
711
364
1047
114
194
912
75
202
1050
471
828
76
144
804
71
147
800
71
241
138
235
994
636
1119
155
153
794
71
145
786
76
836
89
211
803
71
214
832
76
947
97
187
707
182
697
121
207
843
167
221
699
172
797
320
170
821
73
171
714
201
427
176
216
332
210
668
174
190
897
300
169
429
100
910
73
149
746
76
199
718
126
850
154
203
575
187
397
145
163
835
74
225
927
82
570
115
219
791
98
669
177
232
1374
393
200
981
86
899
89
205
353
186
220
717
194
710
104
215
754
103
631
175
212
431
198
458
757
112
872
82
201
767
72
204
720
103
853
74
187
675
216
691
174
213
683
177
200
1066
122
369
112
220
685
172
212
686
351
660
178
202
707
79
740
113
180
771
102
204
457
200
743
179
200
664
184
188
457
212
474
174
209
765
250
691
89
200
665
182
231
426
225
884
159
200
760
143
874
72
207
737
169
204
775
90
1076
100
219
722
110
219
767
101
840
73
204
689
195
743
141
212
884
84
205
694
197
996
356
224
671
156
211
884
82
760
114
206
657
185
665
175
209
653
85
214
748
91
737
160
201
324
180
226
485
146
655
137
147
660
143
515
140
149
792
73
202
639
193
681
178
213
791
73
735
137
205
759
99
186
755
105
771
77
219
719
110
221
668
141
749
114
150
775
73
718
107
206
797
72
241
521
189
764
75
210
1026
131
172
731
110
672
180
391
914
81
845
69
206
1047
121
178
634
116
685
108
146
546
139
155
738
91
747
106
197
938
80
650
200
186
785
71
212
906
312
698
110
209
933
81
208
873
225
450
160
185
1005
78
830
108
216
684
117
198
645
215
678
96
142
982
113
755
72
166
855
169
225
747
94
887
81
244
752
95
208
828
76
699
116
195
745
123
395
179
219
897
100
204
996
472
1026
188
204
971
451
153
554
177
675
141
149
741
185
1067
173
198
742
108
194
673
147
681
180
184
1209
232
222
676
173
716
185
189
754
90
395
147
195
669
82
198
885
152
741
99
128
670
209
198
645
225
714
116
188
811
105
641
173
184
867
75
153
728
75
665
175
187
919
83
294
177
196
1060
143
141
774
71
767
82
132
487
87
88
696
88
729
74
127
411
200
887
95
242
940
99
175
758
73
775
72
317
684
103
192
698
128
680
139
242
869
77
813
72
220
669
152
204
851
85
941
83
502
361
637
121
676
228
873
81
184
754
314
707
157
210
715
164
203
932
84
793
73
180
420
173
183
681
204
774
240
210
737
96
404
175
195
982
421
208
703
96
725
127
200
693
182
811
83
198
949
322
203
665
233
457
156
227
467
156
199
460
179
822
79
144
664
158
671
97
192
663
175
206
598
71
650
181
194
963
408
205
756
74
433
158
200
755
70
756
72
212
454
175
198
1337
428
1643
1233
351
647
157
198
424
113
252
107
194
372
194
668
172
212
376
158
201
401
114
442
109
205
376
179
375
164
200
389
180
239
386
147
344
206
223
404
153
379
406
194
904
343
157
397
144
376
167
207
351
174
200
399
200
761
69
197
382
177
196
399
197
516
180
222
405
194
397
191
447
429
130
130
381
195
400
187
200
395
187
198
387
206
394
183
201
371
217
362
195
199
391
188
202
386
197
385
173
196
530
147
178
424
202
363
171
210
369
193
350
173
242
554
174
203
345
206
937
91
172
396
190
400
185
210
373
181
229
362
189
387
177
198
397
178
201
390
206
403
178
209
397
200
390
198
203
361
179
208
376
193
846
202
155
351
145
158
383
239
864
78
167
111
192
413
186
234
393
190
188
340
230
558
183
219
404
140
156
359
202
411
180
216
373
221
411
181
218
489
188
215
377
197
470
179
236
364
191
224
389
177
390
184
264
371
218
398
196
171
375
195
221
384
188
386
190
231
421
227
423
179
225
1356
376
471
460
213
850
83
190
372
185
236
380
257
416
190
224
649
193
387
188
169
404
191
229
1488
488
1040
106
172
372
185
230
413
336
410
185
166
412
165
359
185
193
376
219
227
376
196
410
195
192
365
180
211
363
226
1161
178
157
386
148
376
139
158
368
133
158
421
206
389
170
215
695
190
203
370
206
1017
83
171
399
185
405
137
150
404
128
156
443
148
357
190
207
757
80
763
142
152
378
135
191
391
238
340
192
212
365
189
189
984
89
572
199
185
377
218
393
185
206
401
186
200
820
76
353
139
155
510
179
203
360
179
378
184
200
399
196
386
182
193
359
182
192
413
187
436
177
196
657
94
204
675
189
380
188
219
371
207
235
178
191
1050
164
144
391
143
343
134
151
348
190
214
387
211
400
185
189
555
78
357
140
143
770
393
306
105
198
375
196
408
366
198
389
187
206
395
178
178
1367
388
1945
947
90
751
71
228
357
211
384
202
213
366
211
408
169
219
447
193
200
377
408
359
189
217
360
176
200
707
124
344
179
206
422
181
388
178
189
782
94
198
361
148
438
154
204
364
155
187
318
112
385
173
211
407
147
1008
147
218
375
180
218
373
149
352
187
213
375
210
367
189
205
688
128
200
772
73
382
160
133
1108
136
205
1081
382
1032
212
158
469
146
848
331
187
1461
550
221
1087
123
1021
90
152
1206
231
224
1642
644
1106
485
151
503
157
713
106
154
740
84
198
1606
635
1191
397
213
1455
546
182
1109
413
1110
327
196
1058
500
905
111
196
700
167
172
795
341
861
182
182
1018
419
293
820
402
860
98
214
1011
673
1305
490
144
1304
336
96
805
404
977
384
143
703
94
912
72
202
834
92
197
798
76
971
147
491
1256
277
205
835
95
1086
401
182
1539
585
1150
156
217
1411
409
203
1487
515
1116
213
189
1043
537
277
962
98
1467
508
178
1043
810
713
95
245
1295
312
193
1449
688
872
133
160
943
72
181
858
428
1064
321
162
1320
339
1230
257
193
1072
354
245
1339
342
821
96
241
1275
299
193
1050
508
911
124
218
1469
468
955
118
151
723
97
151
940
81
1095
512
153
979
98
748
107
192
1217
232
217
1291
538
908
168
187
807
111
206
891
330
822
251
234
1039
577
840
72
208
1024
509
189
959
219
909
213
154
457
131
145
706
154
612
72
211
861
426
970
298
149
709
143
241
1456
495
848
116
212
1436
455
195
1427
458
779
105
141
1308
332
857
401
182
1082
371
297
1331
355
1039
89
224
913
299
128
1320
339
918
134
211
1152
222
689
77
218
1012
464
149
1223
270
786
289
215
763
73
829
245
309
1051
460
183
1422
451
1880
1509
539
1210
381
140
1346
369
1247
663
198
1069
496
883
107
196
1304
320
197
932
372
817
271
184
1155
82
206
1602
627
1161
293
149
956
92
1329
359
154
741
120
156
493
141
1005
109
199
1045
547
232
1078
720
843
641
151
1543
595
1101
71
143
1095
145
151
688
152
933
81
196
936
186
820
263
206
948
104
141
709
199
691
97
145
950
80
186
1303
328
859
334
189
1220
525
884
111
184
819
320
180
1033
622
1177
341
185
829
151
184
996
628
1229
404
208
801
73
957
76
142
714
154
194
379
533
794
161
195
1430
459
248
1080
360
959
101
216
879
421
1086
111
180
1169
185
220
1030
467
1853
852
296
846
346
210
1571
598
1114
378
409
1437
484
761
86
142
896
72
216
1016
108
1036
465
197
1289
317
1028
93
242
993
478
149
1029
335
1344
573
164
900
92
126
807
292
479
174
119
715
105
1465
487
197
1429
509
211
876
451
980
79
120
1426
515
137
1009
593
1118
226
196
1382
411
1744
1372
390
1240
383
144
660
78
723
78
155
683
181
204
397
187
604
183
190
777
73
570
191
222
361
133
206
651
154
777
93
211
782
74
213
287
214
384
177
203
675
159
309
146
201
512
169
214
570
197
867
87
206
637
72
732
184
192
695
173
202
660
210
901
95
191
549
167
198
404
213
398
155
182
548
182
620
140
152
651
181
189
634
210
642
176
192
376
187
175
831
80
390
126
126
720
158
359
141
187
624
176
199
695
205
655
184
190
701
91
228
789
242
691
167
188
687
210
634
133
148
509
178
187
705
218
430
179
357
1242
265
631
200
209
567
176
188
630
222
893
268
207
530
185
194
468
116
728
87
164
632
202
439
159
176
681
157
202
648
359
856
82
195
817
70
191
468
230
670
126
207
637
212
691
110
206
724
87
194
621
203
787
72
193
633
175
228
733
202
626
155
192
716
214
645
156
209
704
166
201
711
197
701
155
199
800
72
195
687
182
654
161
186
448
208
763
116
190
618
157
186
524
167
652
159
172
1055
121
623
158
185
727
102
215
641
202
678
176
200
615
109
188
688
206
571
174
194
700
203
699
114
174
412
122
124
650
207
698
159
204
984
76
198
636
161
656
126
173
647
208
780
74
209
637
176
187
778
70
386
178
195
589
177
389
670
183
1002
332
190
491
217
749
183
212
693
176
206
828
70
684
158
155
641
176
167
454
152
682
183
208
433
163
687
173
299
1021
86
152
686
119
406
124
146
661
138
861
69
154
658
69
68
855
69
677
157
172
621
180
151
658
141
674
181
154
690
367
663
188
193
828
72
224
676
227
883
87
146
377
147
199
1444
466
1121
143
140
490
190
693
186
216
693
182
207
659
211
765
182
194
668
177
212
656
197
793
98
216
704
178
427
172
154
636
128
158
692
159
503
197
149
680
177
162
621
155
1248
266
169
371
210
87
177
275
704
185
200
738
188
658
175
201
1497
516
692
72
182
707
180
187
655
206
701
174
204
747
107
177
917
82
405
121
139
729
136
370
127
139
699
174
206
655
190
782
71
189
362
146
145
687
213
370
186
203
582
198
815
72
215
390
140
306
829
86
662
174
245
933
281
196
357
216
379
180
204
671
222
380
187
183
495
176
199
654
223
321
189
197
446
171
193
665
351
633
187
242
716
181
432
187
177
701
174
210
641
199
983
422
201
736
104
657
180
191
943
90
229
840
73
578
193
196
937
162
200
543
190
654
180
206
663
193
746
121
205
726
182
200
915
79
691
124
203
672
184
196
764
70
380
141
143
733
101
665
136
163
452
186
200
682
96
746
107
213
757
107
200
663
206
745
123
209
711
107
459
189
195
913
80
224
925
81
822
72
207
546
196
740
177
203
405
187
202
742
107
663
179
192
1049
82
149
551
157
670
92
157
655
126
745
89
199
723
175
196
711
212
711
74
180
646
193
205
1355
372
994
240
234
741
104
382
159
197
1350
374
198
726
188
551
184
216
812
273
192
883
83
824
67
347
1041
201
735
105
201
414
174
224
439
212
449
157
199
741
97
200
692
207
665
183
154
710
120
648
119
141
721
160
152
383
330
672
137
189
891
78
709
170
213
389
186
197
737
201
683
171
224
811
97
215
522
233
468
185
199
639
295
710
178
210
737
139
191
624
194
669
163
206
711
79
204
667
203
709
156
189
691
219
904
84
223
473
188
227
379
218
673
180
209
778
73
194
676
79
417
181
217
707
222
446
184
247
753
113
210
754
105
428
174
217
381
174
186
691
218
690
108
198
727
73
884
257
210
567
133
153
799
81
734
118
199
680
184
444
174
203
675
109
212
769
92
665
178
205
1337
427
195
734
196
848
81
199
945
81
511
183
227
707
197
194
870
74
659
183
206
383
179
232
1207
222
696
103
214
762
95
370
175
208
1011
481
206
776
79
634
175
525
732
100
194
434
212
672
175
195
656
214
679
177
208
1062
119
224
672
209
491
178
213
923
85
184
690
210
713
120
198
770
296
768
194
207
905
104
196
810
81
682
188
191
761
90
368
180
206
988
227
145
767
108
732
104
197
1068
115
205
756
94
745
184
198
1078
100
664
178
375
303
725
84
752
132
419
175
194
746
92
217
453
213
698
159
204
655
204
658
178
190
736
96
202
517
208
740
184
212
449
185
200
592
217
661
165
209
768
92
881
70
208
501
183
197
699
103
478
181
209
747
238
730
105
201
572
184
203
779
86
696
165
192
774
113
234
663
225
735
117
201
742
270
717
181
218
395
189
201
737
183
943
82
226
722
220
360
327
146
763
96
149
398
298
693
186
181
903
78
196
956
82
644
184
200
576
195
197
1338
344
653
97
209
455
194
423
182
328
662
176
222
662
226
797
87
203
888
70
206
448
179
1164
181
211
643
88
683
107
192
973
105
220
654
203
768
100
211
674
349
1047
163
159
778
71
138
367
126
652
200
199
744
99
224
776
101
669
101
214
666
226
667
192
206
700
163
207
1537
557
891
105
150
793
72
203
726
201
936
85
195
767
89
453
140
155
672
210
193
747
202
742
116
179
751
128
197
429
208
823
116
207
1093
322
957
324
155
780
71
219
789
70
730
174
201
547
183
194
667
217
209
358
1012
460
70
134
407
305
501
75
279
660
169
186
186
269
704
178
702
101
205
911
80
229
732
138
801
78
216
683
189
200
654
191
729
101
175
1120
387
1640
904
73
732
100
274
878
81
753
142
209
483
174
204
459
231
697
174
237
981
77
659
179
201
617
175
247
765
92
466
175
213
768
105
181
493
304
694
184
226
926
92
677
180
212
817
84
216
724
135
665
187
213
678
116
210
751
118
495
175
208
710
216
879
142
206
668
173
233
708
109
901
82
187
719
208
740
163
198
754
89
202
738
232
731
203
204
537
176
228
734
123
746
88
203
791
74
648
162
210
766
114
205
720
131
519
181
200
742
185
205
441
189
685
174
203
711
222
820
165
212
726
176
211
755
90
386
174
177
551
136
144
813
69
869
71
197
684
229
650
179
211
746
122
198
778
78
690
137
237
500
186
214
591
191
416
188
189
785
69
504
152
222
440
173
207
731
90
708
109
213
541
191
1364
453
212
771
99
223
741
107
749
97
200
1194
212
230
669
243
871
72
375
746
102
694
156
210
962
85
226
658
151
762
109
225
681
196
199
677
118
653
195
210
423
226
401
190
200
901
79
196
678
349
956
353
208
413
174
211
1431
462
1872
283
328
632
99
447
144
143
462
130
130
693
103
717
98
219
728
109
674
181
209
672
186
198
1348
369
467
143
199
706
191
208
977
437
966
355
142
896
75
709
106
206
756
89
213
645
210
643
183
201
651
179
214
491
134
949
365
223
764
98
753
87
217
651
176
213
811
76
712
168
198
1675
673
101
438
211
901
84
216
736
113
671
186
197
315
182
193
915
94
905
78
229
1337
338
198
1133
402
766
96
146
385
146
505
139
145
660
136
144
741
99
757
91
149
534
148
537
145
146
466
190
193
660
202
424
196
186
676
186
212
433
193
991
454
204
726
101
432
178
207
444
182
195
969
81
774
75
300
677
184
195
754
103
679
188
213
738
112
741
103
222
749
107
233
890
81
811
77
196
736
101
197
402
190
780
259
200
774
429
791
73
152
737
121
200
442
212
759
94
226
668
180
199
856
313
755
105
210
681
221
375
180
192
724
189
245
663
191
763
182
192
733
134
1155
233
206
706
181
197
706
163
1341
365
187
781
73
141
707
73
686
138
152
1427
429
962
617
155
363
176
132
578
83
655
176
172
661
177
206
431
226
439
176
201
925
373
668
72
232
863
70
177
668
133
618
126
194
682
179
184
485
170
653
71
202
649
223
442
126
228
447
182
190
731
115
377
175
197
745
89
196
744
122
736
110
200
453
206
977
438
204
385
176
306
970
92
405
176
201
1438
465
979
381
148
708
139
171
720
91
700
176
185
1294
321
204
660
210
703
107
218
900
80
678
181
415
718
71
139
741
75
691
79
142
788
71
142
737
100
689
100
193
727
207
437
176
193
732
190
186
483
189
390
143
155
737
178
222
384
145
334
192
207
1134
154
682
193
203
1344
427
206
698
114
655
111
181
383
119
1009
478
244
1355
448
187
1041
125
750
98
180
1013
103
233
771
72
695
150
191
676
101
700
171
201
913
82
210
718
75
1044
128
137
431
113
114
982
513
670
83
137
887
92
641
177
227
1021
472
232
698
94
750
79
201
874
346
142
757
264
734
90
150
735
103
659
142
148
1106
120
143
790
71
503
141
192
1386
491
219
757
77
759
73
119
891
126
662
123
128
846
71
239
881
84
1345
372
240
781
73
677
157
201
1374
445
340
1323
348
445
119
120
1091
111
217
1423
456
1049
218
193
258
268
407
112
137
982
458
203
716
107
729
72
207
1351
451
135
431
283
973
396
209
689
141
801
73
211
405
128
135
1479
509
610
122
225
990
453
180
674
116
1001
463
234
712
134
832
98
214
686
94
185
984
484
701
139
148
820
106
221
661
236
977
404
212
693
88
683
134
209
1047
103
220
439
113
1373
395
196
670
124
693
176
203
666
111
253
1202
225
700
100
187
867
72
101
1323
343
1217
440
95
695
102
685
100
154
693
150
156
925
82
689
149
155
521
147
142
800
98
682
141
164
963
98
916
82
228
787
74
153
751
108
768
91
152
891
80
202
664
195
812
203
95
1217
237
860
99
99
889
82
194
1039
150
681
179
141
411
94
92
353
141
747
118
124
697
136
773
75
180
880
334
144
808
74
449
113
274
451
142
705
130
200
669
159
186
1051
149
542
95
96
786
75
128
740
96
697
100
138
787
77
768
71
153
710
174
231
783
331
651
141
197
909
84
245
1577
603
507
101
200
779
99
389
161
228
849
73
244
778
80
695
152
201
929
85
201
889
84
680
107
242
794
96
455
166
188
780
78
201
740
105
481
92
137
700
152
773
98
261
887
87
256
793
71
908
362
213
854
81
143
597
75
392
128
196
787
143
896
79
186
486
183
215
755
121
672
176
198
885
86
156
1011
122
1059
124
168
651
176
786
69
152
498
108
216
464
173
1355
423
175
977
89
158
657
165
1100
122
193
740
171
692
128
156
777
106
177
972
86
664
138
176
1324
406
482
896
83
984
80
227
900
92
786
122
216
1358
449
173
783
74
749
109
163
761
96
1321
318
172
467
177
209
752
130
460
182
409
1330
400
175
1043
148
997
109
161
744
110
783
75
158
738
142
168
784
71
819
69
178
488
176
166
1383
402
1067
114
176
1412
677
1144
160
149
1097
127
165
407
141
730
128
156
720
176
175
1431
452
1010
87
210
478
164
460
159
176
679
129
165
483
136
1114
73
163
1082
116
175
1019
92
733
180
162
1028
101
691
175
180
865
69
178
900
103
476
202
181
793
71
420
176
164
1186
201
208
482
103
395
188
213
1082
116
206
851
76
1271
285
142
458
96
700
101
104
463
134
158
1478
509
744
150
158
755
97
154
737
177
1067
343
176
779
101
734
180
167
964
94
171
757
126
716
203
187
1350
353
393
1047
579
959
99
217
410
151
370
136
204
782
69
328
1186
188
670
82
202
1059
170
428
177
173
713
126
208
449
219
983
404
198
783
73
206
660
221
712
110
205
472
182
679
190
362
1141
231
196
809
70
742
91
161
769
71
204
1392
416
883
136
96
1442
465
980
356
138
437
131
143
713
134
957
345
183
737
129
214
774
71
792
173
203
671
98
507
73
132
1194
215
231
774
74
987
1079
161
714
128
140
775
74
745
78
211
843
103
675
104
214
709
142
198
818
73
1137
171
156
969
86
789
72
197
905
82
223
913
73
808
71
197
1606
629
196
775
71
681
74
187
810
108
706
175
190
1321
339
216
451
213
1003
341
152
772
73
202
723
116
418
186
217
761
97
915
77
222
951
200
115
457
132
1226
437
209
687
197
189
489
187
790
74
201
966
464
967
83
206
1097
119
203
702
82
828
132
154
432
131
147
708
229
1300
304
225
1207
536
559
216
153
695
154
199
910
81
688
105
244
1119
139
897
82
132
682
158
208
462
166
883
122
200
847
73
190
1080
328
1318
341
195
907
95
633
193
219
898
96
195
996
531
1004
418
244
671
78
152
763
98
671
134
151
665
71
746
91
150
697
160
181
932
83
688
113
210
1362
379
225
738
80
817
85
205
897
101
1362
465
215
700
166
192
977
84
796
71
181
678
138
146
853
88
658
137
156
739
103
933
86
207
688
178
167
770
76
837
299
197
955
89
686
153
148
944
365
166
918
94
695
169
215
805
97
232
686
129
771
82
211
733
226
818
90
188
781
234
200
879
103
700
121
202
872
81
213
1363
388
1069
144
205
771
74
1099
332
192
450
142
144
780
72
760
113
242
863
75
158
774
101
717
122
162
876
82
924
120
208
1584
663
194
906
73
677
182
328
466
178
209
1043
139
707
81
204
716
74
659
88
217
850
119
181
777
96
511
101
240
1491
492
1038
122
152
766
98
146
450
299
438
135
151
788
67
195
698
217
762
89
193
1576
596
660
98
155
909
80
190
677
159
513
93
192
906
82
191
888
84
453
136
147
764
100
877
82
204
699
170
213
857
72
854
74
170
659
139
160
903
83
934
99
156
840
74
704
191
211
736
73
235
1396
626
777
74
144
845
71
208
947
83
868
71
218
455
124
710
77
218
704
161
202
1915
232
416
549
166
657
73
689
72
149
1199
477
83
718
86
692
82
150
804
71
226
900
82
697
76
171
679
145
651
137
181
798
76
222
745
93
452
159
186
990
374
468
909
92
902
71
209
659
86
767
131
202
902
84
177
734
74
748
90
185
906
81
200
766
73
849
134
192
402
148
736
124
488
1361
448
230
457
117
844
97
197
898
102
1355
462
183
958
421
179
1100
232
934
333
174
1481
498
129
376
118
681
111
191
356
338
404
111
110
428
119
183
745
95
329
90
90
381
146
159
441
149
1281
300
160
368
91
384
118
146
385
149
151
512
150
432
146
144
464
180
216
373
230
383
135
196
707
97
390
118
136
369
127
132
381
117
717
178
200
420
118
142
551
159
550
172
155
409
148
543
126
213
1521
519
148
546
145
427
127
162
462
179
584
175
169
615
174
160
645
152
637
174
160
791
67
154
741
171
484
129
145
685
134
591
200
191
673
150
184
424
154
720
97
212
454
178
157
464
99
410
151
164
665
225
597
156
292
394
150
375
620
162
499
149
222
671
190
241
523
207
392
152
162
694
190
972
83
186
654
151
172
426
204
421
139
198
407
149
161
418
287
449
127
172
677
151
745
103
124
317
112
157
506
143
673
172
168
777
72
448
126
191
649
128
159
391
150
1012
106
155
672
181
211
750
163
462
127
174
703
159
431
149
176
561
140
163
433
134
658
109
171
718
134
216
439
149
482
110
161
650
161
694
155
166
643
132
164
466
156
728
123
158
667
69
99
512
70
673
69
167
526
166
660
175
189
399
109
156
808
72
673
107
161
425
173
158
693
176
662
224
171
426
183
485
185
183
646
140
227
674
226
1081
141
232
611
309
752
140
217
387
181
229
434
204
1045
343
232
1289
307
213
993
81
413
143
155
559
132
429
111
149
533
157
183
1612
614
1855
885
84
413
127
150
617
166
417
133
302
453
157
676
175
190
671
110
175
645
194
707
127
172
664
172
155
783
71
429
86
95
734
126
422
72
74
493
178
164
440
418
474
134
191
446
153
393
161
215
667
186
192
438
228
382
147
188
415
146
161
516
171
435
133
217
830
88
451
153
207
738
189
206
428
202
483
133
238
436
142
221
639
185
722
181
183
425
217
472
171
216
436
151
206
1175
178
463
367
318
433
142
232
248
147
364
134
195
1235
261
636
177
215
394
131
131
634
146
342
130
138
532
109
222
437
143
523
162
206
648
141
436
135
157
277
135
152
421
176
676
187
199
397
159
815
77
209
996
150
151
564
146
430
147
197
397
133
218
406
146
819
75
222
674
147
263
149
219
375
147
192
437
172
390
112
202
376
129
166
370
167
761
77
242
387
179
1008
132
151
1024
77
159
1184
393
719
72
286
776
75
100
841
74
692
160
151
954
84
797
147
206
747
115
224
819
77
729
74
223
467
138
143
772
74
916
100
154
743
332
992
95
153
901
74
230
815
74
822
76
173
998
94
721
73
226
701
148
186
393
163
878
114
234
836
74
149
948
101
999
83
157
1620
645
1276
473
142
871
77
140
485
135
1218
238
240
692
85
208
715
122
736
97
227
1354
371
1471
1044
85
753
105
150
542
75
1088
113
221
1191
311
103
425
156
714
116
213
966
83
961
100
170
993
124
226
846
72
838
72
199
778
75
131
686
139
577
85
251
826
74
768
74
206
969
93
158
1686
1445
1657
657
79
844
73
730
91
157
678
101
148
709
142
719
137
136
1270
287
269
807
87
826
166
146
751
73
1206
231
89
789
76
143
789
81
684
134
153
845
74
218
1102
133
724
123
226
820
76
878
103
373
795
77
152
970
78
893
84
169
812
80
200
937
591
1281
628
141
733
79
797
75
142
776
140
147
720
109
794
72
120
708
279
492
129
133
863
154
180
709
82
742
73
219
1451
601
141
1326
349
841
117
210
743
103
1015
439
147
1032
533
142
808
90
924
87
133
471
129
214
1204
275
733
88
154
769
76
716
76
151
792
75
160
804
81
695
129
201
687
74
132
696
127
889
149
222
826
126
1280
299
185
1034
520
139
1018
116
718
77
217
943
86
156
849
74
1020
477
104
735
73
807
70
97
988
95
163
851
75
767
98
154
708
204
991
84
162
820
73
150
787
80
833
171
211
828
75
192
772
105
1017
114
193
808
72
474
132
143
1444
536
377
868
451
738
106
145
978
94
186
451
168
983
82
163
953
100
712
104
204
1080
219
149
970
99
1047
547
138
1043
547
236
490
280
523
112
191
455
96
472
136
130
817
158
151
471
141
1195
196
141
466
182
231
692
76
447
145
204
1480
512
2073
1073
661
109
175
313
932
113
1031
534
135
707
84
802
77
196
797
96
236
814
74
1046
558
144
503
137
151
940
83
959
98
151
1021
122
740
135
251
824
74
217
940
83
806
252
150
754
90
240
796
115
463
130
154
912
179
824
127
220
809
70
178
917
92
778
249
191
644
85
195
781
73
925
82
209
1000
79
1060
568
206
943
73
194
746
69
425
133
162
610
130
162
838
72
950
81
227
839
71
1260
469
158
435
195
180
419
191
397
183
210
669
203
915
95
202
438
174
196
397
201
999
94
209
750
176
199
406
191
401
190
416
708
124
366
189
200
451
181
228
385
181
938
81
240
360
192
161
448
209
570
211
179
393
195
394
181
204
439
189
221
536
426
500
191
203
586
195
214
381
186
364
182
204
378
228
701
109
243
383
176
248
692
214
385
172
208
599
175
381
174
195
690
174
194
428
197
389
140
186
681
181
202
425
199
407
184
203
912
103
401
194
216
376
145
152
372
155
445
151
205
386
149
207
254
144
451
149
219
385
149
677
161
205
534
147
191
648
205
421
149
148
602
146
199
368
201
625
162
214
617
145
472
138
217
234
147
160
497
149
385
148
162
391
149
211
401
156
389
203
205
389
149
481
139
236
405
147
220
365
155
743
100
198
703
153
583
185
221
444
149
164
455
148
884
90
197
450
169
226
693
170
397
93
94
372
166
379
137
222
385
163
237
371
162
738
74
368
381
147
163
532
154
393
152
217
402
150
401
147
215
672
182
185
370
157
371
189
195
432
131
153
379
153
427
138
195
365
409
382
139
152
794
72
187
1566
587
642
143
157
373
139
144
941
81
683
137
193
406
147
475
134
151
404
171
220
384
171
489
147
198
388
203
392
147
150
694
186
188
431
122
393
128
198
628
157
200
1443
479
987
104
193
553
146
693
95
151
497
93
100
243
152
497
142
154
389
194
196
687
194
765
104
198
428
212
401
183
223
421
175
203
358
210
990
420
230
986
413
157
380
144
141
127
142
395
147
359
141
152
419
190
204
804
81
380
158
193
390
175
219
382
203
378
196
202
423
241
478
187
197
366
188
361
471
203
371
182
226
509
202
433
174
198
410
190
201
377
213
393
191
213
366
182
216
390
215
935
99
217
399
191
348
191
695
910
78
354
329
417
1144
210
181
344
137
149
429
197
1151
187
233
404
241
461
192
221
403
181
187
426
186
1440
441
209
395
173
189
1206
225
850
81
220
489
155
1357
410
202
381
143
150
456
161
492
149
190
368
162
429
135
152
486
152
153
683
152
422
148
148
405
148
164
378
169
435
155
161
352
152
396
143
149
427
150
151
430
152
589
160
150
1023
428
145
678
140
438
133
198
265
113
409
137
141
457
115
188
963
247
479
175
239
1426
456
206
719
77
794
147
214
1547
582
692
91
203
769
96
209
817
81
666
78
191
854
72
199
1106
162
1407
435
225
713
190
445
176
208
979
83
248
836
74
860
169
200
758
77
719
104
152
727
186
403
778
105
1216
226
215
478
165
224
981
84
913
87
198
1060
647
1334
426
139
784
264
182
971
583
1239
384
223
818
76
200
470
272
950
91
216
1150
152
715
127
199
807
178
158
582
160
711
76
167
444
96
97
853
73
727
197
189
938
99
1014
407
199
946
86
191
725
74
751
109
143
459
135
191
864
101
681
71
213
953
89
1283
306
234
822
72
238
944
98
731
81
186
737
103
501
99
96
979
80
217
810
75
774
263
213
827
73
199
844
77
966
93
201
928
85
1056
555
212
733
74
206
704
125
488
110
125
1051
283
207
1455
457
1592
795
140
804
74
776
247
162
680
104
241
845
72
756
134
214
787
73
196
855
73
768
73
162
860
72
507
76
217
837
72
241
709
158
826
89
190
728
77
231
904
76
831
74
164
769
76
958
101
243
789
89
205
709
134
999
405
444
1195
332
949
95
260
980
90
201
868
278
782
74
232
822
73
194
965
88
503
176
198
753
73
1261
280
189
754
75
198
740
320
714
117
234
726
106
229
1472
464
1096
402
199
810
73
825
89
227
945
78
197
960
79
800
74
224
956
93
188
1349
371
1025
104
189
987
83
864
79
234
725
74
188
838
74
706
186
191
972
85
192
743
110
812
81
198
833
79
918
121
153
779
96
251
820
69
814
70
206
716
159
849
73
202
841
74
203
936
82
844
73
144
274
93
223
736
74
833
72
197
982
80
830
91
199
674
92
236
798
97
699
74
211
740
78
174
914
97
1458
561
228
935
115
816
72
178
701
82
172
718
74
480
119
144
1085
141
353
941
90
719
171
199
1954
329
865
579
253
1166
166
199
1502
542
2156
1279
279
1917
915
1855
1453
482
1668
965
92
665
74
704
77
418
771
77
222
699
144
1839
842
85
910
92
770
126
188
680
95
138
784
72
752
105
161
706
99
161
464
93
493
129
143
375
308
921
71
153
669
137
154
804
94
694
130
144
796
75
131
447
211
754
76
195
751
107
821
136
172
393
150
148
777
84
685
139
182
701
142
147
891
312
1060
131
226
344
166
378
142
161
358
155
157
396
146
480
148
153
358
151
439
157
183
688
185
202
540
194
451
129
186
468
178
205
349
115
662
85
138
357
141
389
134
189
355
146
174
374
177
353
141
172
398
132
205
449
147
274
139
201
366
237
358
189
233
418
151
198
393
200
442
150
175
377
179
187
400
198
738
148
221
400
206
430
118
224
382
172
259
398
218
441
135
220
406
163
220
416
164
380
161
220
762
97
365
147
209
430
148
232
397
184
411
156
203
409
207
1224
243
297
417
149
214
359
228
408
187
172
396
184
201
1241
241
416
147
198
405
198
527
148
218
897
70
212
417
207
1280
295
160
432
91
92
436
100
368
95
103
356
91
367
92
92
361
89
93
428
219
487
137
199
397
161
157
415
156
355
134
211
439
206
355
138
163
427
175
231
447
175
394
108
155
1094
125
157
410
171
386
107
142
428
132
404
109
210
343
108
175
374
147
454
154
150
279
207
368
157
214
456
147
156
376
137
453
135
210
354
139
189
388
190
378
147
159
373
178
359
136
168
387
156
147
372
145
206
148
200
366
185
201
449
240
379
191
194
346
157
527
165
204
330
159
245
403
163
410
137
154
402
95
144
325
94
371
96
315
358
144
332
151
157
389
149
160
468
150
378
155
147
361
141
374
151
140
375
156
214
363
204
406
152
159
448
151
200
972
448
928
330
167
357
133
352
108
155
1121
142
173
386
153
659
139
153
663
143
198
368
147
627
180
204
364
144
301
184
213
434
129
149
755
98
347
94
97
426
147
163
319
178
354
152
196
375
161
399
190
212
399
147
202
355
182
342
138
149
391
135
162
235
160
377
170
202
409
159
363
134
207
884
82
193
339
98
379
137
187
384
183
377
192
198
390
146
220
379
209
373
109
134
230
173
201
401
119
397
184
173
475
156
428
323
424
535
93
145
378
94
356
189
193
378
187
200
1520
548
996
127
153
335
93
216
99
96
383
97
163
346
90
336
92
89
376
155
210
407
155
374
154
145
419
196
401
151
152
342
178
197
379
216
399
164
315
366
151
156
445
155
680
99
201
388
200
368
188
210
428
172
175
568
177
365
179
181
499
198
1489
526
195
390
172
219
384
276
505
171
192
385
194
201
492
197
356
173
190
1118
320
1004
80
197
1276
297
202
1052
517
828
95
242
1020
96
193
825
80
1420
245
199
1408
439
1854
1449
444
1347
635
189
915
194
1284
304
206
1047
456
213
1045
652
1198
350
214
1589
625
1412
441
193
1041
538
226
1409
618
1127
165
204
1659
970
76
770
93
903
129
144
1039
78
1007
93
185
868
117
213
1029
112
1287
313
181
1005
661
1239
368
179
663
72
162
1151
177
1233
251
147
926
90
193
806
85
945
161
165
1031
394
1978
974
146
1185
588
178
1229
435
1265
671
150
1020
433
283
1030
609
1179
331
227
1614
608
1352
513
193
1115
166
199
1030
448
1882
1454
455
1928
957
82
831
82
787
99
190
715
187
930
140
370
1233
260
189
726
195
704
124
206
1061
222
1118
158
149
463
181
216
955
570
1177
303
187
1261
565
212
1608
649
1549
861
81
1040
311
1231
247
197
1468
486
173
1057
492
840
94
189
1075
396
206
1038
158
1425
466
184
492
177
851
71
245
1177
198
200
1418
444
887
87
143
1330
350
149
1542
543
1148
289
186
1200
225
1261
277
252
934
134
209
1053
617
1098
413
178
1004
138
226
972
131
1114
112
228
1213
447
1195
243
150
1290
313
145
1040
355
1801
1386
398
1441
980
1918
910
496
1396
531
148
1022
585
771
73
205
765
128
196
1488
504
1027
245
227
801
329
947
112
220
1228
259
197
779
84
1017
433
249
1020
431
240
1059
475
785
81
203
1522
546
1110
223
197
1290
288
442
1530
561
734
105
192
877
280
184
1018
462
2373
1376
689
882
506
1086
131
219
1018
283
143
993
91
1452
471
185
1072
112
223
1476
273
863
174
193
1463
489
969
201
200
1061
550
238
1097
135
1048
332
150
849
151
960
69
198
695
158
146
1279
303
880
123
240
1033
271
181
867
85
1267
294
187
1571
611
1225
693
224
1051
461
230
1359
388
892
157
233
744
109
145
1151
173
1029
533
190
686
109
655
176
214
1485
541
180
822
76
873
221
149
710
95
153
888
73
484
82
180
568
317
886
184
228
1088
391
231
1438
458
684
148
209
1097
320
176
1316
337
816
299
231
929
257
884
272
196
863
77
156
1121
156
890
150
182
1456
496
982
173
177
984
74
202
852
349
1749
963
90
1288
499
172
989
141
1418
452
187
852
362
1038
465
188
1057
550
244
1008
151
1357
387
186
1411
440
186
1336
358
1119
347
308
906
481
973
98
181
1235
260
178
1009
89
908
214
197
2243
1236
276
738
86
474
135
208
901
277
761
82
204
1036
82
203
1319
280
434
111
131
687
183
643
165
191
433
110
217
703
115
800
72
187
683
189
201
670
222
643
132
224
612
115
617
133
218
603
145
217
708
75
899
231
222
598
150
204
616
157
757
99
222
693
211
927
74
201
616
133
213
639
207
646
143
195
608
191
191
511
154
1217
241
196
718
136
929
84
226
672
172
180
623
139
679
170
205
648
144
204
667
160
787
204
197
842
93
658
183
201
544
180
192
626
162
1413
439
202
907
64
648
170
201
964
81
131
660
132
681
111
209
620
161
185
475
118
788
71
199
178
186
337
526
89
313
493
120
145
158
206
431
609
97
129
175
389
217
284
189
294
707
171
175
184
263
293
371
71
156
204
385
663
69
642
794
722
207
173
387
380
432
68
312
379
177
198
827
72
198
626
142
484
114
130
725
111
173
920
102
559
129
228
792
382
679
180
193
664
134
191
717
154
708
134
215
814
72
431
134
149
689
174
209
752
97
617
154
138
603
118
189
616
90
792
130
145
429
146
680
170
210
619
134
206
730
96
731
74
190
1291
342
147
493
94
391
89
94
602
145
709
180
219
810
74
190
527
154
648
144
184
695
165
190
663
204
456
131
148
730
74
601
170
195
663
170
191
734
124
694
149
203
625
166
199
440
144
815
84
194
678
143
430
147
185
721
88
180
817
81
631
145
255
609
194
669
158
191
454
145
149
699
191
719
94
209
609
128
346
1126
144
1028
77
137
648
74
581
157
204
600
159
202
640
116
477
133
203
713
111
206
651
115
711
157
212
457
120
903
66
295
1021
91
141
688
77
685
129
147
688
159
189
427
116
442
109
114
625
200
690
117
196
439
109
133
636
118
1178
203
215
457
101
134
641
219
704
114
184
425
169
823
73
181
725
184
203
1139
180
831
71
364
399
585
1085
388
146
387
87
133
646
135
516
136
163
447
88
92
611
209
679
133
215
624
201
666
180
201
685
135
206
1335
351
781
70
216
632
149
230
670
141
649
182
201
688
80
606
133
192
642
171
240
699
214
798
72
203
675
187
204
869
260
428
111
138
880
300
625
109
134
671
84
218
621
193
466
107
135
430
116
426
166
165
457
112
137
721
70
408
113
118
424
117
115
1268
334
1844
842
292
651
136
799
73
122
626
135
534
767
107
684
69
144
672
128
144
455
138
590
145
210
747
113
703
143
218
648
168
206
745
107
661
169
197
824
88
235
773
273
423
156
166
597
184
929
372
213
640
165
204
425
117
651
111
137
789
74
203
655
117
483
160
214
445
114
1114
133
214
620
162
207
1320
348
618
160
234
873
77
707
176
206
644
153
146
756
69
735
79
234
1516
612
192
668
253
683
134
199
793
214
614
144
190
666
184
192
844
232
755
87
213
717
96
209
658
204
643
143
148
958
361
777
71
210
809
76
226
653
90
725
100
146
559
171
200
897
294
724
78
145
664
137
437
110
115
811
77
144
450
92
804
72
204
662
153
205
709
227
812
70
207
1355
359
543
89
209
807
73
202
642
154
721
182
236
716
112
613
145
148
1096
183
90
720
110
710
90
115
656
148
227
851
81
636
149
261
795
85
899
90
230
801
73
247
437
113
876
86
195
627
111
193
647
200
439
110
143
718
173
615
167
189
744
182
191
625
357
920
301
198
687
158
208
667
221
882
76
188
972
82
723
72
171
736
71
200
404
121
458
110
199
431
131
138
527
202
917
77
168
706
71
767
92
193
801
70
200
655
141
652
132
215
731
196
765
73
194
486
149
150
716
195
582
185
210
688
184
192
561
88
648
169
205
684
120
719
91
201
889
87
213
367
146
785
97
95
675
177
202
886
95
768
99
193
763
74
718
176
201
721
75
202
877
201
684
133
231
676
179
194
673
193
894
116
198
680
144
759
105
146
659
144
196
735
112
648
190
220
875
87
489
150
174
838
85
202
469
139
713
160
200
755
75
135
614
161
850
92
218
641
232
409
148
151
763
76
224
1136
173
830
74
415
460
136
193
639
148
739
153
203
724
104
529
169
204
882
282
211
697
110
731
181
201
621
377
389
511
133
402
90
132
779
366
785
70
136
598
150
226
726
189
698
171
223
626
178
202
665
139
742
72
225
832
78
629
156
207
682
159
202
746
113
646
161
152
703
190
1494
520
185
689
90
202
647
114
641
113
136
439
167
186
436
115
647
111
188
660
85
640
157
175
444
113
214
345
124
441
111
208
629
112
190
708
77
609
158
173
710
191
658
113
240
467
130
138
808
71
1291
335
185
383
120
121
376
106
218
136
146
383
135
379
148
149
387
167
156
404
147
373
157
142
348
161
196
337
232
410
146
149
479
134
369
147
150
337
149
400
358
148
901
79
216
666
204
380
172
210
387
145
197
392
166
368
145
153
339
127
206
379
155
366
151
221
353
168
334
157
370
346
141
165
357
160
385
134
208
636
153
214
356
101
309
145
164
372
158
340
148
197
371
154
247
394
147
368
171
209
626
155
178
423
192
400
160
187
400
203
369
176
162
430
174
200
427
195
408
180
187
402
198
178
395
194
417
202
177
373
198
422
189
198
685
186
208
384
225
1108
129
221
365
196
374
189
202
341
181
200
349
203
437
196
207
478
191
203
417
210
466
171
209
264
202
354
159
184
352
157
212
351
178
364
172
215
385
172
188
453
205
387
192
211
347
245
375
130
229
446
175
216
353
191
277
180
206
353
184
214
434
222
381
175
200
622
236
344
189
212
445
191
206
362
193
983
79
213
353
242
369
187
204
326
194
325
449
230
333
186
207
911
69
209
372
193
498
199
220
332
203
377
183
227
635
188
210
344
183
378
190
206
935
74
185
369
329
352
193
283
958
88
369
185
191
664
158
201
413
181
386
156
200
481
177
205
401
203
344
159
197
380
195
352
174
203
323
174
205
467
143
394
118
158
452
129
132
400
149
310
131
141
356
147
334
134
224
366
176
200
336
203
428
177
192
378
189
384
180
189
1000
110
155
352
141
335
141
155
419
89
97
424
90
311
88
151
361
91
340
94
140
394
145
199
329
147
386
157
186
211
133
209
372
192
361
137
207
501
197
384
172
177
386
135
208
371
148
354
194
220
381
108
182
658
132
380
158
181
366
207
210
196
199
353
191
193
380
157
652
146
156
382
162
156
373
146
642
165
231
377
211
420
92
141
434
172
216
409
464
322
137
300
327
91
374
89
93
376
156
217
363
200
385
146
186
396
146
185
375
203
349
133
192
356
221
377
166
155
636
145
206
383
403
380
181
202
917
292
189
409
116
336
115
113
379
123
359
145
167
346
153
167
386
157
647
145
205
355
146
143
372
141
368
121
113
379
122
466
110
114
654
82
183
354
116
652
109
191
437
158
191
378
121
367
109
196
363
195
498
128
127
1007
200
174
1159
373
2502
1526
534
1167
257
1253
288
122
1164
170
228
1081
200
1075
494
192
859
267
239
1056
474
829
87
180
1038
629
1255
620
175
834
92
228
1058
651
1504
510
183
1401
412
186
986
91
1042
535
184
1039
87
843
306
231
1291
318
182
1603
648
1593
593
87
1221
242
299
1575
607
1164
348
230
759
123
1062
353
214
1025
451
150
485
136
929
76
196
999
108
827
250
243
1165
199
194
1043
668
1335
511
292
838
229
193
781
73
1455
547
213
811
367
907
335
147
761
73
146
1017
396
1089
229
241
1439
582
182
1121
225
1254
287
179
911
341
815
257
173
842
249
171
1332
356
1050
450
204
1059
163
139
816
337
895
182
223
1323
347
1008
229
79
1308
305
149
1037
640
760
171
193
1042
159
216
1109
181
811
277
197
824
85
1071
393
221
854
345
248
1013
678
1620
889
91
728
72
907
335
150
714
96
97
453
94
458
140
194
692
99
159
1089
724
822
595
121
1024
555
696
77
226
1107
255
146
1299
321
1886
1099
121
760
186
220
817
300
978
191
146
1018
451
892
200
152
1382
382
140
1032
345
2066
1310
330
1961
997
131
882
524
656
177
200
858
313
985
86
178
1235
252
309
872
432
618
83
150
729
76
191
971
82
1097
401
208
1046
467
920
135
192
728
78
214
1062
394
937
138
189
807
368
792
75
303
1305
307
182
1044
580
1145
292
184
1447
572
222
853
95
797
304
208
1049
333
1839
1435
454
827
79
155
984
105
1012
473
149
716
140
197
1435
460
834
114
235
940
527
658
115
186
721
161
180
1345
376
1028
243
123
1087
375
223
903
421
1020
439
248
992
147
1026
75
144
1073
373
194
933
187
1445
1003
79
1037
336
143
792
349
1082
376
185
1050
119
1029
327
149
1065
471
183
696
153
1610
609
181
1349
565
1212
361
176
1441
528
182
1342
373
820
297
228
1100
222
187
835
78
824
291
202
1468
955
1431
1112
279
877
545
135
1043
311
262
177
285
715
100
192
1030
422
904
102
86
1314
334
1462
490
133
1465
490
206
819
344
1050
374
246
1180
184
234
1429
455
893
112
337
946
83
1847
1006
72
737
102
152
854
111
935
171
149
1504
506
144
1334
358
855
96
119
1072
371
906
145
219
676
101
189
1462
547
1037
134
148
816
391
905
175
197
709
99
137
925
73
1048
574
186
733
71
145
705
96
748
74
157
761
80
1240
245
141
692
73
187
669
205
700
183
211
687
103
156
655
153
775
84
136
652
155
444
134
158
615
133
163
841
71
636
145
167
642
146
158
608
74
786
73
194
629
137
626
179
224
742
85
239
681
153
699
168
211
745
122
706
181
190
569
148
159
611
89
671
92
154
949
253
174
626
116
449
110
217
434
113
822
72
198
624
109
133
653
117
434
109
124
621
109
117
617
139
668
142
236
622
145
502
141
142
630
152
135
383
122
644
161
219
636
129
136
906
67
672
116
262
678
192
717
113
195
583
73
207
633
147
674
157
246
1288
308
159
823
113
714
95
201
781
127
798
88
193
661
176
168
846
87
627
209
211
612
185
683
156
197
732
117
210
382
312
639
146
160
660
149
207
627
161
681
169
195
682
191
702
99
191
648
133
160
723
197
753
111
158
654
134
207
629
192
671
198
229
538
139
669
146
239
609
149
194
835
71
621
179
213
622
159
176
634
165
839
111
196
613
122
624
176
213
446
113
113
1066
283
621
74
186
439
112
134
677
118
804
82
182
654
189
1082
125
183
619
177
181
825
84
617
168
185
644
191
834
88
194
544
145
196
903
87
626
168
207
675
192
164
476
125
919
73
157
650
193
983
78
183
629
160
180
634
249
476
118
151
712
149
285
910
73
635
182
171
642
170
642
143
153
953
76
159
950
92
674
108
154
664
181
151
697
157
479
158
146
723
164
769
73
288
596
130
134
711
237
870
80
176
826
70
183
447
122
853
78
137
725
190
368
108
115
813
71
144
296
121
443
112
212
436
274
639
183
186
648
111
122
610
137
939
72
174
612
167
199
682
71
367
159
161
603
223
442
110
117
636
75
216
607
116
1206
95
187
672
176
189
429
114
611
130
204
1211
211
626
164
161
678
102
203
660
145
679
176
206
654
134
197
1314
331
1384
383
174
773
97
606
134
373
483
586
146
637
198
635
165
205
670
235
675
188
203
647
170
202
886
76
642
141
151
685
177
262
638
144
439
141
196
668
188
680
170
191
785
73
205
938
95
618
135
156
945
72
199
461
136
372
180
195
635
194
827
71
192
689
94
364
382
147
674
72
220
401
130
242
683
153
633
146
196
723
90
618
144
205
733
107
190
588
212
722
130
194
676
132
205
671
345
1248
269
172
1287
397
1133
261
148
448
128
148
358
136
344
181
221
384
198
385
116
202
368
177
217
376
147
386
133
199
897
151
207
346
191
973
93
215
363
175
673
137
194
364
179
182
388
153
359
189
221
473
182
178
357
134
638
181
193
527
153
369
177
182
361
178
210
391
191
395
146
204
403
183
207
384
188
379
190
212
406
208
556
184
196
652
134
198
378
194
419
185
199
227
179
178
613
194
359
132
154
371
189
425
172
185
355
182
176
389
135
392
179
198
651
200
685
116
200
358
193
204
479
213
206
129
115
419
158
192
383
210
377
180
194
367
188
377
111
203
701
131
191
313
163
451
117
122
344
154
177
742
94
343
90
311
383
157
357
188
185
478
167
199
386
208
425
133
148
401
170
202
970
100
399
129
150
436
135
320
168
208
377
180
193
364
337
689
99
177
381
136
183
349
147
383
179
216
425
186
700
168
143
365
90
140
347
162
375
128
167
391
157
434
188
221
473
175
235
402
158
424
170
162
374
190
174
445
193
777
113
198
430
183
419
147
150
568
179
169
430
213
967
102
206
1346
346
220
400
209
771
91
212
432
293
422
171
170
369
181
168
452
206
420
194
235
375
180
183
363
158
408
170
223
399
146
419
117
177
132
169
160
434
155
375
118
132
380
152
362
117
186
474
170
171
393
199
418
207
201
373
147
188
396
203
1198
198
229
375
219
84
182
208
1166
190
214
406
237
646
147
294
408
181
200
739
167
439
175
227
970
114
633
162
154
653
110
127
433
151
623
158
626
874
88
130
451
122
689
109
210
727
80
643
150
154
462
109
145
522
116
453
108
128
645
148
157
374
117
716
114
151
931
300
663
158
188
637
126
158
543
230
772
79
157
750
177
424
159
159
743
130
154
629
187
406
112
155
650
157
159
664
198
654
124
157
660
180
667
137
158
372
303
682
727
77
376
70
123
385
74
136
400
116
584
107
195
587
212
516
139
199
403
171
209
259
121
579
109
208
360
160
219
379
167
529
160
185
643
202
666
161
189
595
167
190
370
116
541
176
200
681
109
195
382
120
368
109
188
703
100
643
179
209
388
136
155
622
230
387
149
194
386
233
513
147
200
650
183
205
716
138
389
148
161
433
137
345
502
252
352
151
161
512
241
361
128
193
818
72
210
718
110
929
108
194
761
74
195
1037
574
1094
183
154
718
114
833
71
337
919
92
204
950
84
779
132
209
840
169
213
842
72
928
90
235
984
90
480
109
173
703
117
226
1310
334
2253
1249
298
1146
601
867
289
205
1456
453
192
466
146
695
95
152
403
93
150
698
174
407
94
149
603
239
979
98
200
810
71
196
792
76
783
173
216
919
91
190
797
76
681
170
197
739
115
909
82
237
774
121
194
786
73
761
95
202
939
82
196
732
155
738
74
204
619
72
447
181
183
1421
442
151
780
77
456
158
180
839
155
191
734
72
417
174
252
799
72
452
164
186
1224
246
198
733
78
491
140
205
823
104
979
96
169
731
124
209
1048
119
1076
121
212
792
73
221
1077
123
948
75
193
1045
126
259
73
228
926
99
287
950
81
940
78
204
791
74
175
932
80
805
78
190
991
97
728
101
187
1186
202
203
423
191
691
142
196
799
81
192
825
390
389
142
201
428
232
729
123
199
795
73
195
781
75
1681
765
112
404
180
194
801
73
639
180
191
820
77
1053
348
144
697
169
209
792
72
999
85
197
710
75
710
140
201
912
89
213
831
76
711
97
199
708
142
200
999
81
949
439
193
717
204
753
185
200
1330
366
161
1495
537
1027
115
154
798
73
200
469
175
773
214
208
796
75
780
124
190
743
110
191
804
74
793
72
187
563
117
187
748
89
452
172
192
1618
645
1464
567
229
750
75
192
780
72
916
79
188
975
85
183
815
73
790
72
198
1034
577
508
158
192
829
101
142
723
74
778
96
217
725
89
434
112
209
741
125
204
676
197
910
78
209
687
186
211
801
89
510
138
557
1293
309
945
80
186
901
101
201
935
91
1042
573
210
812
74
181
813
73
760
74
203
754
247
931
82
197
1472
471
144
793
256
929
84
129
711
80
144
805
74
790
89
228
90
280
887
67
198
856
76
222
792
71
705
180
206
831
67
185
767
102
784
146
202
824
74
692
138
184
1083
121
195
697
143
690
151
197
689
96
848
71
146
925
81
224
973
459
701
69
158
778
74
144
317
70
730
72
217
426
215
721
89
200
713
90
205
910
91
764
104
216
772
247
182
462
201
813
90
180
818
275
922
97
187
527
137
184
481
210
742
122
202
864
79
196
806
70
983
216
152
384
143
360
139
154
365
138
152
388
181
329
137
151
408
208
232
180
175
386
184
202
486
186
372
189
198
384
157
189
375
189
411
175
180
413
198
372
176
176
378
174
192
385
229
374
177
315
684
127
174
413
162
372
139
145
391
182
542
175
186
457
157
201
388
222
613
178
196
695
155
200
359
189
707
102
203
351
334
395
189
210
359
189
189
356
189
394
199
221
358
188
218
393
200
376
182
190
699
116
352
134
134
324
189
192
952
548
1017
71
148
366
200
356
180
220
416
180
190
384
201
658
184
208
386
181
202
410
224
393
179
216
402
184
775
250
195
354
191
206
209
202
395
187
195
358
195
202
318
196
377
187
198
372
208
310
174
183
575
180
194
739
103
385
139
155
372
192
191
719
213
817
101
199
405
194
1042
135
152
334
137
150
381
211
351
187
186
413
179
217
367
195
444
191
177
405
212
385
223
193
385
195
413
1462
487
808
95
164
377
151
367
190
190
912
79
201
698
99
364
186
247
689
197
208
834
71
368
186
212
393
193
963
71
265
360
136
150
485
150
378
140
156
483
138
195
562
183
375
181
191
402
219
386
190
191
355
183
199
404
200
671
174
201
375
155
193
376
158
353
182
230
960
79
451
173
199
410
171
193
381
187
368
193
194
390
179
191
821
104
371
198
187
530
216
375
186
228
758
100
203
434
182
344
181
177
392
214
369
199
198
385
187
207
409
190
801
76
190
390
190
213
382
225
383
194
192
224
196
380
187
192
388
171
197
406
195
393
172
211
766
91
238
450
110
373
188
218
719
112
382
143
147
370
197
188
401
209
850
103
194
888
90
249
412
195
484
174
191
396
205
399
191
212
391
212
209
400
231
539
205
199
1048
83
404
408
219
756
102
339
691
200
796
70
182
377
190
226
641
226
396
179
198
1207
232
85
158
155
986
361
170
380
160
391
175
218
374
175
216
382
485
761
92
195
369
197
384
198
196
495
178
214
393
200
365
181
217
819
299
181
396
199
364
196
203
380
187
738
108
229
414
187
199
409
212
390
193
197
366
199
199
398
209
729
122
200
361
202
392
178
177
570
180
198
889
80
397
176
203
509
213
361
196
269
751
108
149
378
208
693
164
202
1047
116
154
375
161
364
177
250
712
216
830
70
219
733
102
208
836
70
957
94
188
1049
262
199
1012
94
994
114
149
854
72
725
99
152
842
70
149
711
219
385
179
199
705
168
206
1054
130
1429
450
185
786
91
304
178
182
747
100
178
663
201
421
170
184
965
219
200
759
71
946
84
213
820
72
768
121
199
758
260
205
990
636
1232
361
263
783
84
1267
289
224
1003
423
182
489
207
686
87
164
800
72
219
800
72
865
71
199
692
239
937
99
194
937
100
198
811
281
790
93
218
469
176
186
1252
269
557
90
152
1007
96
811
70
202
1210
235
232
814
71
823
73
200
682
162
201
678
72
811
105
219
703
194
855
72
190
888
98
240
937
82
1046
585
175
804
90
198
686
147
675
74
183
827
85
746
95
222
765
177
196
1113
350
856
149
206
758
89
474
177
201
488
181
231
780
71
721
109
203
940
93
203
1010
99
728
102
146
715
87
751
121
187
742
80
203
828
200
736
100
205
824
71
201
1406
438
1306
390
146
759
98
719
95
145
837
70
217
813
72
926
94
259
801
72
423
831
73
844
194
238
942
102
942
79
212
847
72
191
821
72
813
264
198
944
77
211
802
92
776
103
196
741
92
771
103
326
972
76
218
739
113
800
90
199
811
98
705
189
181
707
191
214
818
105
675
162
198
1034
446
237
749
86
785
74
201
670
306
978
90
215
714
112
147
754
86
1086
593
162
830
87
165
794
70
704
185
189
910
434
955
78
156
713
178
205
796
71
686
179
206
1015
88
204
734
217
701
151
155
931
81
752
87
200
701
165
220
936
77
1446
467
204
1274
291
468
190
197
817
72
206
744
91
871
166
195
787
303
242
720
171
867
69
211
1002
91
841
80
181
891
73
193
779
72
836
72
225
733
103
192
855
81
718
70
197
478
213
684
94
198
813
322
232
868
71
451
184
235
795
70
216
703
314
266
494
218
781
72
943
80
220
839
73
405
1035
441
1523
541
195
1460
997
93
739
88
469
140
232
994
81
972
90
206
1031
616
211
736
220
475
178
197
1553
584
712
99
311
847
181
213
467
194
1444
537
191
1150
175
155
444
150
474
139
150
789
73
990
89
208
743
89
211
810
75
1021
88
205
865
180
230
801
73
982
90
235
754
123
440
188
202
801
281
203
826
73
959
79
207
1587
590
212
757
89
367
193
201
785
72
627
188
202
1033
75
161
371
152
392
137
154
399
185
200
704
104
363
193
189
431
199
395
192
193
630
197
231
1039
271
376
204
181
237
231
921
86
220
685
179
205
370
196
397
181
200
364
187
188
824
83
427
190
198
377
203
379
182
197
366
193
235
484
193
253
181
185
648
192
201
1021
139
376
184
187
378
203
396
180
200
378
184
192
359
222
379
185
200
398
184
184
423
203
953
322
329
364
199
569
197
203
1117
148
219
497
204
375
187
346
360
142
147
361
203
935
103
259
493
155
408
136
211
1350
349
221
758
283
353
200
203
1568
567
1079
155
150
397
139
143
384
152
374
144
157
367
140
152
395
147
377
143
149
357
150
367
201
189
718
187
206
584
204
431
180
252
703
183
221
778
80
389
190
206
376
201
413
171
200
710
129
211
424
234
377
182
234
380
172
185
533
180
603
190
195
413
189
369
206
208
749
239
209
378
150
758
162
208
497
184
832
75
145
349
189
223
378
197
765
73
202
581
104
149
388
217
380
180
211
1524
557
1364
401
217
689
178
205
818
80
355
185
200
409
160
169
600
205
648
178
205
469
222
227
162
198
664
133
210
659
205
666
142
180
684
188
200
378
204
670
140
198
669
193
487
172
202
486
177
200
376
211
1087
199
377
399
129
157
671
98
356
142
201
410
200
409
180
214
881
81
203
386
219
366
179
216
797
103
799
85
199
673
187
207
582
432
621
179
227
383
195
190
381
197
382
184
205
399
155
372
137
150
383
173
202
391
187
351
178
228
1374
382
156
374
153
339
180
192
373
204
396
183
208
581
229
214
636
218
397
180
196
359
152
155
381
211
363
181
179
374
195
748
70
204
357
182
188
603
73
363
184
198
932
71
202
564
224
378
171
192
385
212
378
182
204
420
194
215
644
257
384
329
468
67
201
769
90
220
243
197
210
677
195
372
188
216
721
104
206
371
194
384
179
214
384
203
720
103
220
585
187
212
565
77
371
182
210
542
73
428
769
125
527
136
188
431
177
376
189
182
391
192
210
1512
515
1026
75
212
872
92
186
718
197
354
216
181
430
171
379
180
299
738
181
215
396
225
1082
104
230
471
175
171
433
172
375
191
225
665
203
399
192
225
866
76
235
1206
209
708
146
149
475
305
1029
123
174
757
111
167
1400
417
1309
331
182
712
176
177
788
129
457
202
206
831
72
824
70
179
1233
235
219
978
99
875
189
238
868
71
192
932
92
819
73
287
840
81
731
89
155
988
89
172
795
77
771
108
199
785
73
215
803
76
753
98
184
487
232
1448
527
181
466
177
246
728
205
762
88
142
719
173
169
840
70
1002
74
170
805
74
863
71
204
982
80
216
788
128
617
81
233
924
86
1061
81
181
720
181
179
749
232
723
151
166
754
176
172
819
74
735
178
177
700
216
474
175
172
1043
110
315
1131
149
715
179
219
1016
772
251
541
834
283
154
135
364
684
191
135
134
270
294
582
82
274
680
108
170
846
70
199
741
367
505
178
204
1393
417
1616
618
192
405
173
229
829
72
1095
341
231
820
93
818
72
232
1040
131
209
1503
528
1977
981
535
926
163
207
746
92
954
130
217
700
199
718
113
185
686
177
205
778
78
745
96
212
799
85
185
785
82
794
73
204
680
73
399
155
189
736
93
237
933
81
1044
595
187
1224
244
216
475
179
744
71
175
825
99
455
177
185
1420
440
214
774
90
897
113
185
816
121
197
983
86
998
101
201
439
191
911
74
204
756
74
193
525
204
1424
445
155
768
73
446
144
227
777
76
189
827
71
1031
252
205
420
210
208
833
71
405
182
214
990
577
1380
632
132
727
74
203
482
214
1665
1014
90
819
71
158
399
199
704
117
461
792
367
1523
525
204
864
71
206
814
72
932
81
210
871
72
204
713
202
830
73
211
845
74
850
80
208
741
102
209
897
268
758
83
245
955
86
190
946
86
971
95
219
992
79
1441
462
250
462
178
195
794
79
790
71
218
868
178
704
200
256
1067
242
152
489
153
853
74
176
730
131
149
457
150
687
178
215
995
79
730
89
219
816
72
186
1094
193
957
77
213
83
188
197
1280
574
1065
308
204
431
190
757
88
218
786
72
201
874
97
480
206
216
1231
259
206
903
79
505
176
220
935
90
745
104
201
1040
255
211
792
72
737
116
219
808
71
217
934
79
499
229
211
948
99
841
79
208
405
189
210
964
77
1462
573
221
719
182
1034
247
202
732
174
202
957
97
910
87
155
774
230
215
937
89
509
199
194
826
72
833
71
204
819
72
191
886
76
931
250
375
774
83
153
987
465
1188
206
198
666
194
669
175
193
813
343
150
685
159
689
153
199
810
72
192
886
96
700
176
214
693
289
651
165
202
1374
499
210
694
183
771
106
212
719
72
711
187
207
1387
498
204
449
198
828
100
143
782
70
213
830
342
687
185
196
1119
170
904
321
209
736
106
198
457
198
1008
88
146
401
129
145
789
72
778
87
161
1312
337
667
92
169
775
136
222
623
71
672
105
240
897
83
249
763
108
1100
127
192
671
223
758
106
227
698
197
200
671
127
688
214
212
789
84
205
780
72
847
114
198
799
88
426
193
212
785
72
202
818
88
678
176
203
813
71
474
118
146
790
71
179
734
190
780
75
215
1338
356
323
993
113
670
144
153
774
75
745
87
147
765
74
207
1007
488
368
102
150
653
179
194
1078
118
496
185
205
764
82
431
120
377
689
183
185
805
70
787
100
217
721
155
205
874
71
741
106
203
1509
550
673
103
189
895
70
236
877
81
718
147
202
694
181
227
729
182
606
195
215
724
123
694
188
199
787
279
220
820
71
742
69
180
908
80
677
111
247
1352
373
180
766
71
1353
174
193
465
157
201
970
445
1113
143
143
888
71
450
135
153
658
139
207
419
241
746
94
197
773
88
225
707
211
668
182
198
501
72
748
73
216
759
79
217
719
117
870
74
216
912
88
232
797
71
733
133
135
769
99
663
142
253
692
111
167
922
82
729
97
202
1353
373
221
678
213
706
74
210
698
205
749
101
206
466
179
208
1166
487
943
445
147
654
149
807
95
149
764
104
285
715
142
268
185
208
708
207
196
772
93
693
83
214
696
226
779
94
214
763
108
210
782
83
762
109
190
941
82
214
926
359
687
170
209
779
72
745
75
197
884
87
212
787
120
740
74
190
781
71
225
902
105
470
122
126
713
141
667
106
135
832
97
487
570
640
950
73
215
1040
229
808
101
202
882
73
198
1406
428
2075
1071
133
805
71
205
810
71
459
188
191
563
190
759
192
197
932
80
258
666
212
913
87
216
729
170
192
640
164
568
172
203
913
94
675
172
216
1318
396
156
456
209
682
159
144
437
159
153
674
150
743
164
200
1055
78
726
161
157
1292
311
147
757
86
693
164
150
949
92
142
707
159
465
121
148
478
129
447
160
155
749
134
152
1377
396
1558
559
150
1406
418
1150
163
128
654
118
137
676
171
731
87
154
597
167
207
623
156
927
72
318
1089
103
748
99
145
680
159
151
867
71
799
72
159
681
157
211
677
182
669
162
162
807
72
673
184
154
907
99
192
748
366
1326
413
167
749
150
159
746
163
730
157
171
1455
451
1072
92
326
749
148
178
675
214
769
103
216
406
179
222
895
79
763
176
196
1200
544
992
479
142
647
127
198
752
74
605
196
222
418
207
751
78
201
871
74
189
668
161
861
267
200
1168
179
197
229
193
677
70
219
967
487
725
75
190
628
175
194
1046
82
977
486
174
677
121
131
734
186
378
172
217
758
74
647
183
201
447
159
170
972
76
674
159
199
677
161
197
642
164
348
127
192
633
181
747
74
202
738
160
199
779
90
700
138
221
1149
173
435
975
563
667
142
134
594
181
725
115
230
1355
374
141
765
71
633
92
144
653
92
625
123
98
672
129
190
670
147
1303
319
425
484
130
138
596
149
677
188
240
649
196
725
180
174
674
201
184
437
99
790
73
148
846
75
143
472
134
536
146
195
719
364
1325
405
152
705
109
216
752
105
672
158
156
1352
437
159
728
124
494
109
155
866
86
450
158
147
648
110
121
745
196
980
129
158
664
157
455
118
160
677
169
216
687
188
568
160
226
1175
211
188
680
218
1364
412
169
749
95
671
95
139
500
131
171
413
92
549
92
92
712
95
139
397
187
660
131
155
702
92
750
92
146
422
133
150
426
93
587
133
143
662
96
157
695
126
148
93
153
417
94
653
97
238
695
176
179
722
115
1367
376
161
666
110
120
866
72
681
127
304
671
207
752
112
203
680
160
302
1417
455
1177
186
128
935
79
665
157
147
464
161
216
723
95
860
91
202
749
135
224
892
84
875
79
242
1032
140
686
197
292
917
83
191
690
355
748
710
74
678
93
145
467
147
661
93
136
435
183
396
172
243
681
136
194
719
152
385
189
184
935
179
191
722
124
771
93
188
731
96
427
181
190
1040
102
196
406
201
693
133
141
763
73
139
685
212
898
71
167
766
76
980
186
181
666
109
217
738
71
689
158
204
654
179
452
161
213
729
83
211
651
192
715
169
200
665
158
203
424
188
815
80
190
494
180
680
126
194
1354
375
209
1407
444
928
240
127
827
72
128
437
179
822
437
134
761
69
657
119
130
766
75
195
937
84
1054
446
176
665
160
179
686
196
659
160
174
1017
94
386
160
202
766
72
134
732
105
741
99
225
718
171
187
812
83
398
128
385
691
218
1092
109
180
692
127
210
824
70
635
170
225
649
167
662
162
186
450
157
217
734
71
429
162
189
727
159
174
455
294
668
159
180
854
77
690
160
198
665
158
203
657
205
456
158
220
675
157
217
704
71
727
72
123
647
134
691
140
151
536
130
195
776
77
678
171
192
844
251
188
719
244
931
93
199
940
76
636
179
187
1036
100
145
731
72
710
75
219
802
85
421
159
161
880
71
197
751
107
667
173
179
806
70
216
734
180
859
72
187
735
156
399
174
195
792
203
213
651
177
435
158
187
583
87
165
685
179
623
159
202
706
230
667
170
196
673
144
190
1099
344
1740
987
83
678
137
150
1058
154
739
95
191
760
106
602
70
229
680
179
206
675
216
689
175
204
751
112
194
873
87
1328
347
184
956
87
887
79
210
668
171
205
738
161
896
91
299
697
103
757
104
228
729
109
200
554
188
711
121
220
925
78
182
675
187
1018
146
142
734
96
466
128
142
759
78
128
349
260
725
72
198
888
77
176
670
198
729
87
194
466
206
665
160
215
1332
449
202
740
78
671
157
207
787
72
196
485
183
657
157
197
893
101
671
176
182
709
98
216
669
192
668
141
196
979
422
142
674
146
638
133
139
649
181
801
296
216
757
71
197
675
85
722
98
181
436
181
706
171
172
1210
227
195
948
441
893
71
177
485
158
198
764
272
455
158
182
1087
134
716
158
185
876
115
200
773
72
483
173
204
404
164
192
1338
362
1716
714
73
695
83
386
178
191
824
72
183
732
162
702
209
174
682
174
366
725
184
888
80
188
749
82
720
333
381
507
129
142
751
90
740
102
232
988
78
187
745
94
656
132
152
404
142
532
130
425
452
130
140
776
75
393
172
186
702
187
778
180
197
1039
88
135
946
94
660
130
138
774
71
140
603
137
768
73
143
657
316
649
134
202
877
79
195
954
82
873
82
183
723
72
182
679
186
1032
133
167
897
69
670
137
141
704
125
127
694
109
732
170
217
675
211
216
644
180
686
114
186
939
199
323
135
149
381
179
215
385
203
415
181
200
382
173
189
365
191
386
186
233
743
81
400
170
185
650
175
206
426
224
680
170
228
382
184
384
190
205
369
182
200
364
254
487
171
193
363
223
193
371
189
241
168
185
391
190
427
171
184
364
179
183
393
202
1182
209
137
328
130
139
969
84
379
170
204
673
153
377
181
224
390
171
417
752
85
387
129
139
403
120
132
359
193
728
212
140
340
190
390
188
206
416
180
235
402
189
375
173
189
376
194
380
179
523
681
170
230
391
185
915
78
192
380
179
256
515
218
376
180
208
570
191
818
101
187
417
181
201
376
213
363
169
224
402
172
199
686
186
373
182
187
374
188
396
179
175
362
188
192
379
196
758
71
208
286
173
220
371
196
388
195
189
377
192
655
180
182
348
171
200
383
180
410
181
196
378
169
210
369
191
392
189
183
348
168
345
157
205
349
178
132
404
137
340
182
182
243
224
381
174
189
397
176
207
392
180
368
178
188
501
173
188
346
187
543
177
201
341
184
655
169
188
383
171
200
387
179
241
177
186
588
168
200
369
184
404
180
200
391
180
374
180
185
381
178
201
444
213
347
170
211
411
175
187
358
200
347
188
310
361
185
1181
196
191
659
196
219
405
173
362
171
194
371
171
203
381
217
373
178
290
401
203
376
180
221
421
158
196
375
391
415
171
189
396
138
648
176
183
367
183
204
411
184
412
181
215
404
175
194
374
144
391
178
199
449
159
390
145
146
673
121
186
422
249
393
168
192
357
109
180
378
116
663
107
174
369
117
352
108
113
521
108
183
666
195
753
72
201
362
109
193
242
113
352
119
174
351
206
454
183
214
372
147
146
371
157
380
154
148
1014
154
194
373
193
751
100
191
327
201
437
173
224
262
136
205
863
80
637
178
188
370
120
344
156
202
89
108
166
614
140
361
93
138
386
145
184
385
148
888
104
193
330
196
204
135
211
359
145
146
541
184
355
146
193
389
183
189
373
146
469
178
207
363
135
398
144
159
372
180
187
421
183
378
168
416
939
82
191
359
195
714
103
204
738
134
531
191
203
687
195
198
367
246
395
180
205
353
240
526
172
214
383
168
199
404
393
343
168
186
379
180
206
345
193
721
116
194
316
191
1083
298
144
721
99
135
460
241
799
313
210
937
171
205
1078
352
1213
138
191
834
387
851
92
166
1364
386
190
470
178
948
114
214
1124
225
199
1347
373
972
101
125
1368
392
996
342
123
890
198
135
693
73
458
129
204
812
81
131
711
140
687
148
199
1410
413
849
112
124
807
308
205
1314
341
814
249
179
903
445
1627
723
131
1203
431
183
1198
197
957
171
206
988
151
180
1047
462
924
83
248
1469
505
864
168
173
851
123
200
1130
164
1086
594
124
814
249
286
865
193
945
100
165
977
108
1001
283
124
1009
445
133
872
75
927
74
216
1015
251
129
1046
350
730
267
224
964
571
1101
114
298
781
75
137
993
82
1457
482
188
1257
495
189
801
167
943
191
126
1037
456
871
135
137
869
332
139
936
195
1015
99
133
1026
407
861
208
209
1054
340
205
1061
510
870
105
176
1039
549
218
830
401
899
103
187
1463
505
2261
1512
524
1880
900
80
724
104
872
89
200
494
180
197
1102
131
1066
471
184
1048
474
1892
892
368
1458
1010
102
709
89
1239
253
210
822
286
209
1441
441
1034
163
240
890
123
1039
345
146
480
95
142
884
80
913
397
184
603
198
199
1303
325
899
315
190
1045
641
1288
636
182
1362
385
179
902
399
1151
367
225
1076
369
913
119
116
1093
216
98
790
85
871
196
182
1054
557
174
911
483
954
79
178
650
124
903
154
180
1015
456
305
806
379
817
85
227
1037
451
187
1015
335
1698
1031
77
523
77
1442
461
191
1428
527
175
1452
479
958
96
182
879
363
230
1050
872
1120
404
176
1041
85
1081
371
212
817
268
219
1086
201
812
299
129
871
129
1044
434
231
1221
247
197
1461
481
919
98
183
1066
217
229
1034
433
989
230
126
1051
330
1000
360
200
991
125
224
944
147
680
96
139
806
67
148
792
73
1092
397
186
795
74
1035
263
179
750
120
219
1036
446
879
455
128
838
315
175
1541
551
993
95
253
553
609
889
76
135
1336
362
147
826
170
806
301
195
1033
263
187
2133
1150
1461
1555
554
1446
983
1026
731
98
1089
509
174
819
369
735
96
182
1524
560
949
74
126
890
114
196
1046
500
881
127
173
786
87
138
704
154
902
70
149
1050
360
1918
1179
230
778
80
192
891
316
1049
490
220
1038
456
197
815
349
808
243
288
1034
425
1740
1183
197
869
189
195
1058
493
794
91
155
1203
221
155
2108
1126
2193
1532
530
1024
100
476
71
68
662
116
168
612
374
960
67
177
1169
228
152
449
191
657
110
150
662
158
688
113
125
706
108
191
702
149
633
158
167
1422
420
1360
364
168
668
119
167
849
75
420
108
156
636
112
155
710
158
663
123
153
654
191
1263
276
182
697
156
196
631
205
731
156
156
645
158
156
433
165
655
162
147
400
131
637
159
154
458
109
114
493
118
616
109
204
656
113
149
464
128
481
207
193
658
191
720
177
210
404
180
164
636
215
651
182
223
812
91
186
651
194
423
133
275
401
150
379
143
186
1227
252
161
427
135
603
110
155
454
116
280
160
166
642
178
185
377
189
720
94
192
637
167
210
679
192
637
213
212
624
145
685
93
212
641
175
199
368
152
720
79
249
1198
220
172
282
73
381
170
233
631
201
619
169
189
544
83
189
649
209
733
93
195
677
155
208
704
194
424
159
173
642
310
942
87
212
634
162
202
701
171
666
195
190
631
200
768
86
188
938
396
222
694
89
587
158
207
707
158
193
933
79
539
157
195
433
215
614
157
204
624
162
187
641
222
377
168
188
686
183
190
350
231
621
173
206
415
213
1163
166
160
383
181
163
431
163
633
207
218
824
79
221
647
200
1012
86
171
375
214
661
172
178
386
202
132
1296
308
480
119
150
809
68
165
828
80
519
68
150
697
181
660
182
161
446
156
190
695
155
642
165
161
707
291
1481
481
139
423
129
138
432
136
660
129
155
735
168
330
686
172
698
169
222
791
73
720
179
212
651
170
196
657
151
637
170
157
875
69
182
690
169
699
157
153
682
151
924
85
398
451
158
154
467
155
731
160
210
951
74
170
620
189
658
160
192
646
217
634
156
168
645
110
163
697
186
640
159
191
606
122
135
638
172
643
159
206
974
77
656
178
198
569
185
182
623
184
914
351
136
1723
262
263
364
154
688
167
183
445
224
578
184
193
365
216
224
417
196
657
183
187
900
335
768
257
181
707
160
168
658
210
842
73
196
698
156
178
621
174
703
159
198
686
73
626
193
187
935
70
136
507
132
625
128
134
384
129
149
598
137
461
178
203
642
221
689
175
178
1105
135
131
616
141
379
179
195
386
176
173
727
137
661
177
193
389
200
694
177
197
374
171
190
686
243
385
184
186
1061
119
676
171
186
713
177
285
791
72
431
179
205
754
75
239
638
209
388
172
146
383
193
699
182
211
367
187
181
577
244
621
173
231
870
70
197
384
281
635
192
218
447
195
648
156
177
1303
331
129
659
145
421
157
192
718
173
186
694
221
650
187
199
940
101
668
181
210
630
175
200
739
97
392
174
184
368
170
187
950
83
430
172
190
738
89
391
170
185
777
85
142
637
165
438
174
183
841
237
414
174
186
654
167
180
714
193
649
170
210
673
169
187
373
177
757
84
136
378
137
357
128
142
661
126
182
780
71
370
179
199
591
73
198
651
115
716
177
187
884
79
377
176
225
726
98
195
1487
503
955
94
182
791
304
204
406
214
663
158
207
730
115
232
172
225
369
176
214
1514
525
676
93
136
397
229
667
148
191
659
170
184
679
234
667
170
199
652
169
219
644
219
405
179
244
1592
588
1146
207
185
622
188
197
650
131
661
120
121
746
71
181
1575
594
697
143
135
419
195
654
179
209
374
170
212
376
340
761
70
205
888
97
193
399
205
996
477
174
752
71
447
157
230
662
158
199
658
189
465
157
196
649
88
209
772
84
425
159
214
1299
317
1383
403
204
818
72
195
421
224
672
158
176
644
173
697
106
228
682
157
219
696
188
582
177
195
377
169
174
585
104
687
171
179
725
111
659
172
210
701
179
231
634
228
809
71
224
621
180
201
751
85
443
129
139
667
102
370
133
218
548
195
217
825
82
1018
167
232
387
182
189
773
70
673
193
184
918
88
884
80
228
828
72
198
728
113
795
127
197
777
72
321
890
86
685
198
217
675
211
642
157
165
666
160
166
443
175
431
111
219
746
178
688
127
160
654
158
202
647
210
967
453
307
1033
69
129
701
202
437
159
183
786
195
666
182
192
467
177
206
779
71
975
451
194
765
71
206
324
283
595
160
171
782
277
754
68
140
664
195
187
720
215
717
129
181
763
186
205
1017
327
657
71
192
745
94
402
179
205
1048
308
139
650
166
617
178
255
676
176
186
807
74
707
109
194
745
71
749
84
190
944
91
192
448
181
644
159
186
828
69
673
158
216
716
100
190
713
92
744
95
220
763
70
188
1011
338
671
118
208
646
194
923
82
196
374
214
180
671
193
1005
103
176
962
218
165
1307
327
337
191
197
735
105
818
170
198
756
121
258
737
128
731
94
182
824
220
147
669
137
570
190
194
776
73
698
178
210
690
172
546
735
145
540
184
215
764
106
726
102
194
406
226
186
788
86
757
100
206
1350
472
209
774
74
582
160
169
1541
545
695
131
470
539
128
153
631
196
940
78
200
836
122
220
614
210
463
179
183
896
455
997
118
168
434
157
177
670
213
463
158
164
461
159
177
653
168
652
170
205
668
217
709
86
192
725
162
212
641
191
638
164
202
684
163
170
984
482
944
72
175
655
224
644
158
192
469
158
210
665
202
705
69
179
676
167
651
163
197
665
178
187
836
73
717
187
196
676
170
184
1105
266
980
448
216
497
163
450
157
204
1356
441
176
672
179
384
159
134
655
161
219
1428
453
679
131
121
698
79
671
183
190
758
93
197
729
205
542
207
212
866
80
248
610
183
734
132
207
736
107
731
95
224
664
168
247
668
208
702
155
250
751
72
201
765
107
803
108
385
735
169
662
178
196
381
175
215
757
152
365
119
129
444
145
579
158
176
712
81
199
822
74
467
167
165
477
182
184
1070
329
923
100
198
386
179
775
71
187
325
175
193
1188
206
657
168
228
758
93
176
941
525
1072
106
126
884
83
515
174
215
379
167
209
646
229
578
173
215
673
172
219
666
197
407
180
202
676
174
744
86
200
768
97
188
1038
135
863
73
195
675
179
223
650
82
651
177
237
906
90
872
100
238
662
180
195
398
165
716
119
199
373
193
727
71
137
686
105
205
1029
85
687
151
185
504
172
208
796
72
526
172
185
760
76
854
88
242
605
171
194
764
85
699
140
192
795
91
195
696
195
670
158
211
1413
448
818
77
135
775
69
197
775
87
911
91
188
772
109
258
380
199
787
84
200
559
202
607
178
187
989
377
190
652
208
87
157
627
818
82
634
119
178
857
258
141
616
143
638
138
139
554
130
139
733
100
894
80
185
790
84
391
145
194
731
96
190
693
343
1351
367
176
491
177
234
1224
584
1216
587
207
818
308
653
169
214
680
176
204
904
80
790
71
189
832
171
153
477
196
934
185
207
1208
536
1455
476
169
568
130
140
681
202
654
156
173
990
463
212
655
175
633
70
201
647
171
1349
364
173
733
71
205
402
193
654
161
207
877
411
1214
256
123
845
71
185
946
79
908
85
227
450
170
199
1008
348
964
352
160
680
78
679
84
203
589
99
199
663
193
1330
351
139
894
75
143
744
101
750
124
224
886
81
1333
424
211
746
71
177
774
74
655
157
187
961
364
299
453
124
715
85
123
669
225
744
80
187
978
361
212
663
174
715
122
209
646
160
203
716
174
667
156
179
452
208
702
70
326
1141
165
205
729
77
678
161
193
669
166
670
157
198
697
69
226
692
193
669
163
219
436
158
163
687
71
373
169
205
717
299
700
100
225
718
105
191
761
71
735
69
204
694
79
217
1442
476
966
91
182
438
169
706
72
206
955
287
214
637
199
635
158
178
710
133
197
652
197
469
201
141
727
83
694
107
191
829
344
227
781
72
595
183
206
763
73
204
712
120
739
90
187
557
123
438
158
168
673
158
174
1453
473
969
87
189
645
201
765
70
202
822
96
212
636
198
679
126
180
733
169
163
655
204
477
162
202
447
231
699
97
176
732
74
206
447
205
432
162
165
421
157
175
714
78
782
70
225
855
79
850
70
227
763
76
310
1005
368
1779
791
81
444
115
127
419
211
859
72
215
386
190
697
181
196
668
129
190
788
91
684
183
183
779
75
664
181
356
966
264
140
394
141
625
128
136
775
72
225
766
71
736
76
174
682
150
637
156
204
697
78
210
1508
545
843
271
141
658
128
233
731
100
659
175
193
668
232
667
179
192
754
101
210
731
221
671
172
200
380
210
227
784
84
670
168
203
985
73
660
168
224
922
97
188
999
488
903
76
130
679
121
129
541
136
313
120
238
374
216
392
180
209
720
107
211
385
186
392
181
212
420
128
648
120
140
666
177
188
776
76
912
106
203
675
87
239
951
89
677
169
194
785
84
417
160
187
731
186
177
778
78
855
116
311
281
397
199
408
199
787
80
186
668
210
498
173
165
744
78
182
646
190
973
430
203
647
156
170
915
81
872
81
394
882
80
783
152
217
355
178
255
767
102
777
73
195
979
430
200
640
215
679
159
182
684
103
999
102
179
678
170
184
422
288
905
91
191
509
193
635
173
215
793
70
140
673
144
602
129
147
407
180
192
752
103
388
182
203
753
103
741
71
125
648
128
153
1336
367
1692
948
71
681
125
130
696
77
383
161
225
655
190
908
82
226
755
91
214
405
269
673
167
229
392
180
216
564
107
747
97
190
863
72
660
173
223
690
103
213
762
71
699
181
183
382
168
188
705
79
668
180
255
683
186
756
127
173
533
171
186
991
377
1760
773
82
802
72
380
173
231
742
93
206
741
75
397
179
209
744
86
203
679
207
452
180
192
714
173
535
131
139
816
92
139
671
93
649
170
178
745
116
197
469
199
425
160
185
866
83
755
102
195
403
172
219
497
146
398
