76
98
97
97
95
228
58
55
96
95
95
96
96
96
95
260
59
54
98
96
94
101
100
103
100
102
250
58
52
97
94
96
94
94
100
100
242
61
97
94
95
96
94
94
93
99
98
249
57
53
96
93
93
100
108
102
99
770
380
53
53
109
108
107
112
107
106
104
231
55
53
108
106
107
110
100
94
93
230
58
108
110
109
93
107
106
105
103
98
246
57
68
95
94
94
94
93
93
93
248
56
54
109
109
110
107
107
105
108
98
257
59
54
99
102
103
94
93
94
112
233
59
53
106
92
110
109
109
110
109
94
239
58
54
106
105
108
110
109
110
106
241
56
53
107
108
103
107
93
113
110
103
237
57
54
104
93
102
101
107
92
95
238
56
53
106
105
101
99
104
99
99
104
263
56
55
106
109
112
109
94
93
106
237
56
52
94
110
94
106
108
103
101
104
232
56
54
107
108
107
95
111
93
105
243
54
52
93
95
106
108
105
93
108
106
232
56
53
110
111
92
109
107
95
99
254
58
53
94
107
107
104
93
109
104
107
231
57
54
109
109
94
108
109
110
109
235
57
54
95
107
105
93
108
95
101
99
243
56
54
93
94
93
104
94
93
106
234
58
53
93
107
94
92
110
110
114
232
56
51
95
94
109
93
92
93
108
108
226
56
93
94
92
108
108
110
93
113
237
58
51
95
94
106
92
96
94
114
99
251
55
54
94
94
93
92
97
108
109
233
55
52
103
104
95
92
93
107
98
102
257
55
52
95
110
94
94
93
93
109
245
56
51
93
93
95
94
97
93
112
107
241
56
54
94
94
94
95
94
113
107
228
56
53
93
92
91
109
93
93
112
114
223
57
54
94
94
94
96
98
92
106
230
55
50
93
94
93
94
92
109
107
99
257
54
107
92
93
110
108
92
92
114
245
54
55
92
106
95
97
92
107
109
111
245
56
52
92
94
93
91
94
93
100
233
54
51
93
93
92
93
93
92
99
99
234
55
51
94
93
94
93
92
91
99
234
54
58
94
97
93
108
93
109
111
108
226
56
52
110
95
93
109
107
93
112
235
57
53
116
110
95
109
97
104
107
99
239
55
53
93
92
93
92
92
94
92
238
55
53
110
110
92
106
107
92
115
99
241
54
53
109
95
104
102
109
107
110
232
55
51
94
107
111
93
94
95
93
114
236
56
86
114
97
96
95
96
93
111
223
57
53
94
97
104
110
94
142
112
112
234
56
53
109
94
94
93
110
93
114
243
55
54
140
93
93
92
498
108
108
98
229
57
57
96
105
109
93
94
139
109
243
58
54
111
109
93
110
107
93
111
115
236
57
112
141
93
93
93
106
108
109
221
58
98
95
97
93
94
93
95
150
109
235
55
54
93
107
108
92
92
93
94
235
56
52
94
118
92
93
95
94
111
113
225
56
54
101
93
111
92
91
93
99
229
55
51
93
95
97
93
94
92
114
227
58
51
110
93
93
94
94
93
115
112
237
55
52
106
106
93
108
109
91
105
231
54
53
95
91
93
92
93
112
112
111
213
56
50
94
92
94
92
102
93
91
222
55
52
93
104
93
94
92
93
112
112
247
56
52
94
93
107
105
92
91
111
248
57
94
93
92
93
94
110
94
100
110
243
58
51
105
109
113
108
112
108
105
229
58
53
93
95
93
92
106
92
98
111
233
59
51
108
109
94
94
94
93
115
229
59
50
93
94
93
109
96
92
110
105
235
57
51
93
95
110
92
94
94
98
249
59
54
93
93
92
94
95
108
107
114
230
57
52
95
93
106
107
93
109
110
250
56
52
92
93
93
94
94
93
100
98
242
57
95
95
94
93
94
95
95
99
223
62
57
94
94
93
94
92
92
98
98
231
61
54
94
93
94
94
91
92
99
243
56
51
93
105
108
108
92
110
109
98
230
57
94
94
94
93
92
108
93
115
233
56
95
110
95
93
93
94
93
115
112
221
57
52
94
109
92
92
93
94
102
253
58
53
94
109
95
94
108
98
98
107
235
57
54
95
93
111
108
98
106
102
241
58
111
110
93
94
93
94
91
102
108
235
58
95
107
99
103
106
110
109
110
260
57
94
92
97
92
92
93
105
113
112
221
58
51
109
93
96
93
93
93
100
243
58
109
107
107
111
111
96
92
168
227
54
50
94
93
94
93
93
96
100
98
244
58
94
94
95
95
93
95
93
100
100
219
57
92
93
93
93
95
95
93
100
226
57
53
96
94
105
101
100
97
101
99
237
57
51
92
93
91
92
93
94
97
233
59
96
92
93
92
92
99
97
100
223
57
95
92
94
92
94
92
93
91
97
231
56
93
93
94
101
97
98
99
99
239
59
96
95
92
94
94
95
92
92
92
237
57
52
94
93
93
94
92
94
98
235
56
94
93
542
93
95
94
94
93
99
261
58
50
94
93
94
93
94
94
99
247
63
93
92
93
92
92
93
93
101
99
233
56
50
93
94
92
93
94
92
98
246
55
53
92
93
92
93
92
93
98
98
229
59
53
92
93
94
93
93
93
98
263
56
96
92
95
93
94
92
93
98
98
239
56
54
92
94
94
93
92
92
100
227
56
53
94
93
92
93
95
93
97
97
222
55
51
94
93
93
90
97
93
98
245
57
52
94
93
91
91
92
92
99
97
222
57
51
95
92
94
92
91
94
96
237
57
94
93
92
94
92
91
92
92
97
229
54
50
93
92
92
92
99
97
95
240
52
52
92
93
92
91
92
91
97
96
242
55
50
92
93
91
93
91
92
98
232
52
53
92
93
90
93
93
91
96
97
235
55
94
92
91
91
92
92
91
97
225
55
51
93
97
91
92
91
92
97
97
236
57
51
91
92
94
91
92
92
97
231
56
51
92
92
90
93
94
90
96
98
223
55
52
94
93
92
93
92
94
96
234
56
51
92
93
93
93
91
92
96
99
233
54
50
93
95
94
93
92
91
97
221
54
49
94
94
92
92
93
92
97
96
220
54
51
93
92
93
92
92
96
99
245
55
53
92
91
91
92
92
92
96
96
238
56
53
92
92
91
92
90
91
97
243
57
51
93
92
95
93
91
90
97
96
224
56
52
90
91
93
92
91
91
97
239
55
50
93
93
91
94
92
91
96
221
54
51
49
93
92
91
94
91
96
97
247
55
50
93
93
93
94
93
93
91
228
57
93
92
91
92
92
92
92
98
99
215
55
49
92
93
92
93
93
91
97
230
54
49
91
92
91
93
93
92
97
97
243
55
52
93
93
92
93
91
93
96
243
54
50
94
92
92
69
95
92
96
98
234
54
51
91
92
92
93
91
92
96
233
56
50
92
96
91
93
93
92
92
99
220
55
52
93
93
94
92
92
92
97
243
52
91
93
91
91
91
93
91
95
99
225
52
93
94
91
92
91
93
91
97
224
51
93
92
92
91
93
92
91
101
95
243
51
93
93
92
91
91
92
91
103
234
51
94
91
93
92
92
93
91
97
97
237
50
91
91
92
93
93
93
93
92
222
52
51
93
92
93
93
91
92
96
97
760
434
92
94
92
91
92
91
91
97
226
55
53
93
92
91
92
93
92
96
98
229
53
51
91
91
91
91
91
89
91
230
56
52
95
93
92
92
92
91
95
97
237
60
92
93
92
91
91
92
92
97
240
54
52
92
94
90
92
94
92
97
96
237
55
50
92
94
92
92
92
91
98
228
55
51
93
92
92
92
91
91
98
100
233
54
51
92
93
95
91
92
92
98
219
54
53
94
93
91
94
93
90
92
98
243
55
52
94
92
91
91
92
93
98
241
55
52
91
90
93
93
93
94
97
98
239
56
93
91
91
94
93
92
92
92
236
53
50
92
92
93
92
92
91
91
97
235
55
50
93
92
90
90
93
93
97
224
55
52
91
92
91
92
92
91
96
97
243
58
94
91
91
91
91
93
91
96
225
58
52
93
93
94
91
91
92
96
97
226
55
93
92
92
94
93
93
90
96
242
54
49
96
93
93
92
93
92
91
220
54
94
93
92
93
94
94
92
99
96
235
54
92
93
91
93
93
95
92
97
234
52
93
92
93
93
92
91
93
98
98
227
53
94
93
93
92
92
91
95
96
237
59
93
93
93
91
92
91
94
98
97
228
57
51
92
92
92
94
91
93
98
239
55
51
92
92
92
92
91
99
97
97
266
53
96
91
91
92
91
92
91
91
269
56
93
91
94
91
93
92
91
99
103
241
54
50
92
95
95
93
93
91
96
230
55
92
96
92
92
93
93
92
98
97
221
54
51
93
93
93
92
94
92
91
228
54
93
93
91
92
91
91
91
100
97
248
55
55
91
91
92
92
91
92
98
229
53
93
94
91
92
92
92
91
97
98
237
53
93
95
90
95
92
91
95
91
241
53
92
92
93
90
92
92
94
97
97
227
54
55
93
91
91
92
92
92
93
233
55
93
91
91
92
92
91
90
96
97
243
53
95
91
93
93
91
92
92
91
242
55
95
96
99
93
98
94
90
97
96
224
54
51
94
92
93
94
93
91
96
235
54
93
93
95
94
92
95
91
90
91
244
54
92
94
92
92
92
93
93
97
228
53
92
93
93
93
93
93
94
91
98
236
54
92
93
92
91
91
92
93
99
228
53
52
91
91
92
93
91
91
90
97
234
53
53
91
92
92
92
543
91
91
230
55
93
93
93
90
91
91
93
96
98
225
55
92
92
95
93
93
92
91
91
224
54
50
93
93
93
95
91
92
91
97
250
53
93
92
92
91
94
93
93
97
214
53
93
94
92
93
93
92
93
96
97
223
55
51
93
93
92
92
93
93
91
224
53
93
95
92
92
93
93
92
95
258
55
52
93
92
93
92
93
92
98
99
234
54
92
93
91
92
92
91
92
93
223
55
93
92
93
92
91
91
91
91
90
229
54
94
94
94
94
94
90
92
95
227
92
93
92
91
92
91
92
91
97
99
228
51
94
91
94
92
91
90
91
93
232
51
95
92
94
92
93
93
91
93
97
246
50
94
93
94
95
92
90
91
97
215
54
50
94
92
93
95
91
92
97
97
233
54
49
93
92
94
94
92
91
92
223
53
50
93
93
92
92
94
93
93
97
213
53
50
92
94
92
92
93
93
91
231
53
51
93
92
91
92
90
92
98
104
212
57
92
91
92
92
90
92
90
96
235
54
50
92
91
90
92
90
90
92
97
211
53
51
93
93
92
92
91
92
96
230
55
51
92
91
91
92
91
91
97
96
237
54
51
92
92
93
92
91
92
96
217
55
92
93
94
93
92
93
91
91
97
230
54
50
94
94
93
92
90
94
97
221
55
49
92
93
92
93
93
91
97
96
253
55
91
93
91
92
92
92
90
96
255
57
51
92
92
93
92
92
92
101
97
215
54
51
91
92
92
92
92
90
97
237
53
49
93
93
91
91
91
93
97
97
212
54
50
91
92
93
91
91
90
97
230
53
50
92
93
92
92
94
93
96
96
250
57
52
92
91
92
92
92
93
91
223
54
49
95
91
91
92
92
90
97
97
205
54
50
95
94
92
92
91
91
141
206
54
50
92
94
93
91
94
90
98
97
213
54
50
94
93
94
91
92
91
97
238
55
50
91
92
91
91
95
91
93
97
230
55
52
92
91
93
94
93
91
92
224
54
93
93
95
92
91
91
91
99
209
55
94
93
93
93
94
94
91
91
101
223
55
49
93
92
93
92
91
91
97
243
53
52
93
93
93
93
93
93
90
97
210
54
51
92
91
93
93
92
95
91
224
54
50
93
92
92
92
92
91
90
97
223
54
49
90
538
90
93
91
91
92
237
54
93
91
91
91
95
91
91
106
98
232
55
49
94
93
93
95
91
92
99
217
55
51
92
92
91
91
91
94
97
99
231
53
92
91
92
91
91
92
92
100
257
55
94
93
51
92
91
91
92
97
98
221
57
93
92
92
92
92
91
92
97
215
56
93
91
93
93
92
92
92
91
97
227
53
51
91
93
92
91
93
92
91
217
54
52
93
92
91
97
97
97
100
97
230
54
51
92
94
92
92
92
91
91
223
55
50
91
94
95
90
91
93
97
97
212
58
51
93
92
93
94
90
92
92
232
54
51
92
91
91
91
92
94
98
97
209
54
50
95
91
90
92
91
92
99
228
55
52
94
92
93
91
91
91
98
98
244
54
49
94
94
93
94
92
92
93
214
55
49
92
91
92
93
91
92
91
98
238
57
92
94
92
92
92
91
91
93
224
54
51
92
92
90
91
91
91
93
98
213
59
51
91
90
92
93
93
91
98
227
57
92
91
93
92
93
91
90
97
98
221
55
50
92
94
94
90
92
91
91
216
55
52
91
93
91
91
95
91
96
98
233
53
50
94
92
91
91
92
91
91
216
55
51
94
93
92
92
93
91
97
100
218
56
50
91
94
94
92
93
94
91
93
91
93
91
93
94
92
97
91
91
97
223
54
51
94
94
95
92
95
93
99
234
54
51
94
91
91
91
90
92
91
222
52
50
94
93
92
92
93
98
98
97
231
55
50
93
92
93
92
91
91
97
221
94
93
91
92
92
92
93
91
91
97
250
52
92
93
93
91
94
92
93
99
231
51
92
93
94
93
94
93
93
98
100
232
52
92
93
95
93
92
93
92
99
216
50
93
93
94
94
93
93
92
100
98
237
51
93
92
94
93
71
96
93
93
228
50
95
92
92
93
92
91
91
97
98
219
52
94
92
90
93
92
92
92
93
218
50
94
97
98
92
94
98
90
98
98
222
50
93
92
92
92
92
92
91
98
234
51
93
91
93
93
94
94
91
98
96
224
50
94
93
92
93
94
91
91
100
219
49
94
94
93
92
91
93
91
91
97
215
50
92
95
92
93
92
90
94
98
219
51
92
91
91
93
94
93
92
92
94
239
52
92
94
92
92
92
92
94
99
222
549
93
94
93
93
92
94
92
92
93
223
50
94
91
93
93
92
92
91
98
221
50
95
95
93
92
92
91
92
91
98
212
50
94
93
92
91
92
91
92
98
217
50
95
94
92
91
94
91
92
95
97
219
50
92
92
93
92
92
94
92
91
222
52
93
92
92
99
98
99
98
100
97
221
49
95
92
92
92
92
93
92
91
213
52
93
93
94
93
91
93
92
97
101
245
51
94
94
93
92
93
93
92
92
212
50
92
92
91
92
92
95
91
99
98
207
49
95
91
91
92
92
91
92
92
225
51
94
92
95
92
91
93
91
98
99
214
51
92
93
92
93
92
91
91
99
224
51
92
92
91
93
94
91
92
98
97
229
51
93
92
91
90
91
93
92
92
213
52
92
93
92
91
92
92
92
92
238
50
93
94
94
93
93
92
92
97
97
228
67
92
92
93
93
92
92
90
92
236
52
51
92
92
91
93
92
92
101
97
226
54
52
92
95
92
91
93
92
98
215
55
50
93
93
91
93
90
91
97
97
237
56
52
92
93
95
90
91
92
97
240
54
50
92
91
92
93
93
91
98
98
231
54
52
91
92
93
92
92
100
98
247
53
51
93
93
91
92
92
92
97
98
220
57
51
92
93
93
91
94
91
97
229
54
52
92
92
93
92
91
96
99
96
236
56
52
93
92
91
93
92
92
96
223
52
49
92
93
92
93
92
92
100
97
226
52
49
93
93
95
92
94
107
98
237
54
52
94
94
91
92
92
91
98
97
220
55
51
94
94
94
93
93
94
98
239
53
51
93
91
93
94
94
92
99
100
243
53
50
94
93
92
92
92
93
98
519
52
50
90
91
50
92
93
93
99
98
648
51
52
93
91
89
90
90
93
91
640
104
91
94
92
68
90
91
91
90
98
224
53
48
91
94
90
91
93
91
96
560
53
49
92
92
92
94
91
90
96
98
689
51
50
92
92
93
92
92
92
90
485
54
50
93
92
93
93
93
90
91
96
668
51
48
90
91
92
93
92
99
92
795
51
50
93
94
92
94
92
94
101
99
613
51
48
91
91
93
91
91
92
97
870
52
50
91
93
50
92
92
93
97
98
870
53
48
92
91
90
93
92
91
91
356
51
50
91
90
90
92
91
543
91
92
639
51
50
90
91
91
93
91
90
98
792
54
50
92
93
90
90
92
92
108
97
807
51
49
91
93
94
91
91
91
91
725
52
51
91
107
94
93
91
91
91
438
53
48
90
91
90
91
94
91
97
96
825
52
49
91
93
92
92
93
91
92
786
51
52
91
91
92
92
91
91
99
96
519
53
49
92
92
91
92
91
91
91
812
58
49
93
92
91
93
92
92
98
98
682
50
92
93
93
92
91
92
98
98
644
48
94
91
93
90
90
90
91
92
97
923
48
96
90
92
92
92
91
90
91
785
55
91
92
94
92
91
92
91
97
98
747
49
93
93
92
96
91
90
90
97
818
49
92
91
90
92
93
90
90
90
96
850
49
91
92
93
92
91
93
90
97
772
48
92
92
92
92
93
92
92
98
98
652
48
92
92
92
91
91
91
93
93
769
50
93
92
91
93
93
92
91
93
98
712
106
91
93
91
90
91
92
91
97
341
51
48
91
92
93
92
93
92
93
91
814
51
52
91
92
91
91
91
91
96
822
54
92
91
93
90
92
91
90
96
97
760
63
92
91
91
94
90
92
90
91
578
51
92
91
91
92
94
90
90
97
97
603
53
92
93
91
93
92
92
91
97
768
52
92
94
93
91
91
91
92
97
96
784
54
91
90
90
92
93
90
92
97
760
60
91
92
91
91
91
91
93
97
97
761
55
92
91
91
91
90
90
92
97
735
56
95
92
91
91
91
92
91
97
93
791
68
92
92
91
90
94
93
90
92
412
50
50
50
92
91
90
91
91
90
97
791
48
92
91
90
92
92
92
91
95
798
59
48
68
91
90
93
90
90
97
97
656
54
91
92
92
90
90
93
93
90
839
63
92
91
97
92
92
91
91
98
1100
146
91
92
92
92
94
92
90
91
98
450
92
95
93
93
93
93
92
91
96
802
53
92
91
91
91
92
92
91
92
97
548
55
94
92
93
94
95
92
92
97
849
50
96
91
92
92
93
92
90
98
99
806
62
93
91
91
91
91
91
102
96
670
60
65
58
61
60
59
58
59
50
97
874
51
52
91
94
90
91
92
92
97
857
51
92
90
92
90
93
92
91
96
96
795
52
50
92
92
93
94
90
91
96
820
53
92
94
91
514
91
90
92
96
96
596
52
92
91
92
90
93
90
92
93
635
53
92
95
91
92
91
92
92
90
89
648
52
91
90
93
93
92
91
91
91
706
53
91
92
91
91
91
91
93
91
97
767
52
93
90
92
91
93
92
91
97
616
52
94
91
91
92
91
91
90
97
97
789
52
93
92
91
92
91
91
90
90
720
54
92
92
93
91
91
91
92
96
96
648
53
92
91
92
93
92
90
92
98
772
51
49
92
91
91
93
92
92
92
96
444
91
92
91
91
94
94
91
90
97
505
120
93
94
90
93
91
93
92
91
96
826
55
92
92
91
93
93
92
91
93
702
54
92
92
92
92
92
92
91
92
99
841
51
90
90
91
90
92
92
91
96
223
53
48
91
92
91
91
91
92
97
97
707
52
92
91
91
91
92
92
93
96
795
65
93
91
90
90
91
90
90
97
98
758
96
92
93
93
90
91
91
90
96
810
52
91
91
92
94
90
90
91
96
96
440
99
91
92
91
92
91
91
92
92
619
94
90
94
91
90
94
91
93
92
90
747
53
93
93
91
93
91
92
90
91
820
66
91
91
90
91
92
93
90
98
97
207
93
91
93
92
91
92
90
92
97
401
52
92
92
92
92
91
91
97
98
808
59
94
91
91
91
91
93
90
96
97
173
56
90
91
90
91
90
90
91
97
599
52
91
90
93
92
91
91
92
96
97
477
96
90
92
91
92
90
92
91
97
57
49
47
92
92
91
90
93
91
97
96
230
91
90
92
91
92
90
95
90
97
713
52
93
91
92
93
92
92
91
98
96
789
54
91
92
92
93
93
92
93
96
596
51
49
93
92
92
92
91
92
98
98
664
52
91
91
92
92
93
92
91
98
348
65
48
92
91
91
92
70
93
97
97
648
53
93
91
91
92
94
91
91
97
573
53
91
94
91
90
92
91
90
97
97
503
94
91
93
92
91
90
91
91
92
57
51
51
91
91
93
91
91
91
89
97
346
107
90
91
91
94
92
91
93
97
533
91
91
91
93
92
91
90
91
91
96
554
53
90
91
91
91
94
91
92
97
596
96
93
90
90
91
92
93
92
92
98
166
92
91
92
92
92
91
91
94
91
434
93
90
92
92
92
92
93
92
92
99
525
236
90
90
92
94
91
91
91
96
543
110
92
92
91
91
91
90
91
98
98
609
94
91
92
91
92
93
91
91
96
597
96
93
90
90
90
92
91
90
97
96
510
103
92
92
91
92
90
90
91
96
573
53
93
90
92
91
92
92
91
97
97
667
51
95
92
93
92
91
91
90
97
741
54
92
91
92
92
93
93
90
97
97
718
54
91
92
92
91
92
91
96
98
660
55
90
91
90
91
91
92
91
95
95
712
52
94
91
92
91
90
90
93
96
704
51
48
90
92
91
92
91
92
97
98
716
52
91
93
92
92
91
91
92
97
799
70
50
92
91
91
92
92
92
97
642
103
93
91
90
91
91
91
91
91
92
715
53
91
95
90
91
91
90
92
90
598
52
92
90
91
93
93
92
91
89
97
655
98
92
91
92
93
90
91
91
96
293
93
90
91
94
91
92
92
91
97
96
619
58
92
93
92
93
93
92
90
95
631
53
91
91
93
91
90
90
89
97
97
594
92
91
95
90
90
90
91
91
97
585
92
90
93
91
93
91
91
89
98
98
552
97
92
92
90
91
92
93
90
95
234
54
50
92
92
90
92
92
93
96
97
591
53
92
92
93
94
91
92
91
92
761
53
93
92
89
90
92
91
90
97
97
528
93
91
91
92
92
90
91
91
97
174
92
91
109
92
92
92
92
91
97
90
361
99
90
92
91
91
92
90
90
96
520
92
93
94
90
91
94
91
91
97
97
627
52
91
90
91
90
94
90
91
96
611
60
49
93
91
90
91
92
94
97
96
60
50
53
91
91
91
91
92
91
98
62
50
92
92
92
92
91
90
86
64
59
185
62
56
60
60
58
92
90
92
98
204
59
48
91
93
91
92
90
92
98
97
704
61
92
68
92
91
94
90
92
98
705
54
92
96
91
90
96
90
91
96
96
527
55
97
92
92
91
90
91
91
99
798
52
91
91
93
91
96
95
99
95
96
817
55
92
92
91
93
91
91
90
96
819
97
91
91
92
91
90
93
90
91
95
842
54
91
94
90
91
91
90
92
96
769
51
91
92
92
92
92
90
90
96
98
597
53
91
92
92
93
91
90
93
95
827
51
91
92
92
92
91
90
91
90
90
785
51
92
91
92
91
91
90
546
97
481
57
93
91
91
92
91
93
91
95
719
69
91
91
92
90
91
90
91
97
95
773
52
91
92
91
92
91
91
90
96
656
52
92
90
91
91
92
91
92
91
96
811
53
91
91
91
92
92
94
90
91
800
52
92
90
92
90
93
90
91
97
95
802
53
49
90
91
92
91
91
90
95
791
53
92
91
91
91
91
90
91
95
96
876
51
92
91
92
92
91
92
90
90
863
52
92
93
91
92
91
92
91
91
96
829
50
91
91
92
92
98
98
97
97
612
53
94
93
90
91
91
91
91
91
89
826
53
51
92
91
90
90
91
90
96
773
53
95
90
92
92
91
90
90
96
96
814
53
93
92
90
92
90
90
90
96
786
53
92
90
90
91
91
93
91
91
95
818
58
91
90
91
91
90
90
92
95
712
66
93
92
91
89
90
90
96
95
97
547
57
49
93
93
90
91
91
92
97
650
52
48
92
91
89
91
92
92
91
95
322
57
47
48
91
91
91
91
90
91
499
54
91
93
91
90
92
91
90
95
96
425
53
48
91
91
91
91
92
91
106
526
93
92
92
92
93
93
90
90
96
97
467
55
91
92
91
91
91
95
91
96
748
52
91
90
91
92
91
91
90
93
93
803
54
91
93
92
92
91
92
92
97
885
53
91
92
93
92
90
92
93
96
91
836
54
90
92
91
92
92
90
92
92
799
55
93
92
90
90
92
90
90
96
96
761
51
51
92
90
90
91
91
92
95
861
51
53
91
90
89
90
90
89
91
95
826
53
49
93
91
90
91
92
90
95
761
61
48
91
91
93
91
92
91
95
95
643
52
93
91
90
93
91
92
91
96
834
53
92
94
91
93
93
94
91
97
747
52
93
92
91
92
92
96
98
98
96
79
96
92
91
91
92
93
92
91
97
840
52
92
93
91
90
95
91
91
97
96
830
51
49
91
92
91
91
90
91
95
769
51
49
92
91
90
91
92
89
97
96
778
52
55
91
92
90
91
96
97
95
823
53
93
91
91
91
92
91
96
97
95
799
53
51
90
91
91
93
92
97
95
839
54
51
91
93
92
91
90
90
96
97
524
51
48
92
91
94
90
90
90
97
778
51
51
93
92
91
90
93
90
96
97
778
52
91
92
97
557
95
97
98
96
803
52
49
91
91
91
91
91
91
97
99
752
53
48
91
91
91
92
91
91
96
832
51
91
91
91
91
91
91
92
95
96
741
49
92
90
92
91
91
92
90
96
800
51
49
92
90
91
90
91
90
95
94
732
55
92
90
91
91
91
93
90
91
544
52
53
90
90
90
92
91
90
96
97
624
50
51
90
93
91
91
92
91
95
843
53
51
92
94
91
91
91
92
96
96
776
50
52
93
91
93
92
90
90
90
763
51
51
90
90
94
92
92
91
95
96
875
52
50
93
91
91
91
92
93
96
858
52
49
91
91
91
91
92
92
98
101
636
52
48
92
91
92
95
91
90
96
802
55
50
92
90
91
90
90
90
96
96
732
55
50
91
91
92
91
91
91
96
538
52
52
91
92
90
91
92
90
96
95
593
50
92
92
92
93
93
90
90
96
859
50
52
90
91
90
90
93
90
95
96
856
53
93
90
89
91
90
91
90
99
57
50
92
92
90
92
91
92
90
97
96
227
64
48
92
95
90
92
91
92
95
348
61
49
90
93
93
90
90
96
96
96
786
51
51
91
92
92
91
91
91
95
693
51
47
93
94
92
94
92
97
96
303
55
48
90
91
91
85
64
58
59
61
355
64
61
60
52
93
93
93
91
96
652
50
92
92
94
91
92
91
90
94
96
333
94
93
93
90
92
91
90
92
93
580
52
49
91
92
92
91
91
90
97
96
384
54
47
49
49
91
91
90
90
95
717
51
51
93
93
91
94
90
92
95
99
886
52
91
91
91
92
92
98
95
95
61
52
48
91
91
92
91
91
90
96
96
408
96
92
90
90
91
91
91
91
96
684
49
91
90
91
89
92
90
91
97
96
812
52
49
91
92
93
91
69
91
97
785
51
49
91
91
97
98
96
97
96
97
640
50
49
91
91
93
92
90
91
99
334
52
90
92
92
91
91
92
90
97
98
232
55
46
93
92
91
92
92
90
89
421
93
93
92
94
90
90
93
90
98
90
230
53
47
91
91
92
93
92
90
99
674
52
49
92
91
92
93
92
91
96
96
494
52
51
92
93
92
92
92
92
97
639
53
49
93
92
92
93
93
92
91
97
568
60
92
92
91
91
94
92
93
98
536
50
509
92
92
50
93
91
92
97
97
786
55
51
92
93
91
92
94
92
98
787
50
50
93
101
97
97
97
98
97
98
796
53
50
92
92
94
92
92
91
91
838
49
51
93
92
93
93
94
95
98
97
864
52
51
93
91
92
92
95
91
97
814
59
94
95
94
93
91
93
92
95
99
783
54
93
95
94
91
92
93
94
97
775
52
94
93
93
93
92
93
92
90
98
795
51
50
94
93
92
91
94
94
97
771
63
50
92
94
92
92
92
93
99
761
67
50
92
92
93
92
92
92
97
99
789
51
52
92
93
91
50
92
93
98
809
50
50
93
100
99
91
99
98
98
99
795
53
49
92
93
93
92
91
93
100
821
50
51
92
91
91
91
94
92
97
98
774
52
50
94
94
92
92
94
93
97
821
53
92
93
93
94
92
92
91
99
96
753
52
92
92
93
93
93
92
91
97
688
53
95
93
93
93
93
93
92
99
99
754
53
50
93
92
92
91
93
92
98
803
49
50
94
93
92
93
93
93
100
99
860
52
93
93
93
95
93
92
93
98
844
55
50
94
93
91
92
92
91
98
97
858
52
52
93
94
93
92
92
92
99
760
53
50
94
95
93
94
92
91
97
97
687
54
52
95
93
93
92
93
91
97
841
51
51
92
93
92
52
93
91
100
98
841
53
52
92
92
91
92
92
92
97
876
52
96
91
92
92
91
91
91
97
91
787
53
94
92
93
94
94
92
93
97
771
53
92
92
93
93
94
92
91
98
98
510
57
52
93
94
93
93
93
92
97
656
57
93
92
91
91
93
91
93
97
98
537
90
92
93
97
90
97
97
97
98
386
53
48
97
68
69
48
92
91
96
98
855
51
50
92
91
92
50
92
91
96
641
54
92
92
71
92
92
91
92
97
98
342
69
92
97
93
92
92
92
91
98
487
54
50
94
94
95
94
92
92
98
97
614
54
51
94
93
94
95
92
91
97
61
52
49
91
93
92
91
94
90
97
97
299
57
49
51
91
92
92
94
96
97
567
54
51
50
92
92
50
91
94
96
98
685
55
62
93
93
92
93
91
94
97
798
54
52
93
94
93
52
92
92
98
98
663
53
50
92
95
93
93
92
93
99
235
103
93
93
92
96
90
92
92
548
775
52
94
94
93
92
94
92
92
97
96
846
55
94
93
91
92
92
91
92
97
807
54
93
92
92
91
93
94
91
97
96
672
54
95
94
92
90
92
91
94
96
861
64
94
94
92
92
92
91
92
97
97
760
54
94
94
92
90
94
93
92
97
890
53
51
92
94
91
92
92
92
97
97
877
53
51
92
94
91
92
95
91
96
829
52
93
92
93
94
93
93
92
97
97
606
53
92
92
94
94
93
93
92
96
647
56
96
92
93
92
94
92
92
98
97
555
96
93
92
91
92
93
93
91
97
679
54
93
94
94
91
92
96
92
97
98
773
55
95
92
94
93
91
94
92
97
674
52
92
92
94
93
92
92
96
96
97
826
53
94
94
94
93
93
92
98
97
565
53
93
94
91
92
92
93
91
100
99
410
60
92
88
65
61
61
59
64
60
531
65
95
93
92
93
94
94
91
98
99
857
55
93
94
93
91
93
92
94
92
847
65
93
92
93
92
92
92
95
98
98
499
94
92
92
92
91
93
94
94
91
506
93
92
92
95
92
92
92
93
115
97
881
67
93
93
93
93
93
92
92
99
826
54
95
92
92
92
92
93
92
97
98
716
53
95
94
94
94
91
92
93
97
831
53
93
95
93
92
91
93
91
96
98
519
55
93
95
92
93
92
91
93
97
764
53
93
93
94
93
92
92
91
92
97
800
54
95
93
93
92
91
93
93
97
661
53
95
93
92
94
93
94
91
98
96
804
52
93
92
92
95
92
93
93
98
900
53
94
93
92
92
94
95
94
99
891
56
95
93
96
94
92
94
92
96
98
788
52
50
93
94
93
94
93
92
98
800
54
93
91
92
93
93
94
95
97
97
866
55
93
92
94
92
93
92
93
97
1789
93
91
91
93
91
92
92
92
94
97
244
106
92
94
91
91
94
92
92
99
830
53
93
92
92
91
92
92
91
94
97
682
56
93
93
93
94
93
91
94
96
875
55
92
92
92
93
93
93
93
93
94
418
57
94
96
92
92
93
92
94
96
926
52
50
92
96
92
95
92
92
98
99
939
54
92
94
92
93
93
92
99
102
760
53
95
94
91
90
91
92
92
100
97
875
54
52
91
92
92
92
92
92
92
823
51
50
95
90
92
554
92
92
97
97
826
51
91
93
92
96
92
91
91
96
771
53
92
94
94
91
91
92
92
97
98
569
59
94
91
94
91
90
92
92
92
854
52
92
94
92
95
92
99
92
97
96
535
93
95
94
93
93
92
91
92
98
662
53
91
93
93
92
95
91
92
92
97
646
70
93
91
94
91
92
93
92
98
762
54
93
91
92
93
94
94
92
96
98
773
53
92
92
92
91
92
93
92
98
834
53
94
92
91
94
91
92
93
96
98
103
55
106
93
91
91
94
91
94
91
448
100
92
92
93
94
92
92
92
93
99
524
56
93
93
92
94
93
93
92
99
428
91
94
92
92
93
92
91
95
92
94
822
53
93
93
93
92
93
92
95
98
589
95
92
93
93
102
94
94
92
98
98
703
54
92
92
92
92
92
93
92
96
814
59
93
93
92
92
93
93
92
92
99
473
49
96
92
92
91
93
91
92
98
826
50
94
95
91
91
91
97
98
97
844
52
93
93
94
90
91
92
94
99
96
1048
58
50
93
94
93
93
93
91
98
874
50
92
93
92
95
91
91
92
98
97
478
91
92
94
92
93
91
92
92
99
600
49
92
93
92
93
94
92
92
97
98
772
50
92
93
92
93
93
91
92
98
681
51
93
95
94
92
91
93
91
96
96
861
63
94
91
91
92
92
94
93
91
556
93
93
93
93
92
92
91
93
98
97
748
53
93
93
91
92
91
91
93
98
635
51
93
93
92
93
92
92
92
102
97
815
49
94
93
93
93
93
91
92
99
849
51
94
93
94
93
92
91
92
98
98
611
50
91
93
94
92
92
91
91
98
807
51
95
95
93
93
93
93
93
92
114
606
52
93
93
96
92
94
93
92
94
606
50
94
92
93
91
92
93
70
92
99
857
51
94
92
92
91
92
93
91
98
920
52
93
94
93
93
93
92
92
97
96
781
52
56
51
94
92
92
91
92
97
697
50
92
93
93
94
90
91
91
97
96
735
51
94
92
91
94
92
91
91
97
706
49
92
93
91
91
94
91
93
93
97
886
51
92
92
93
93
93
95
92
92
887
51
93
91
92
92
93
93
91
93
97
892
50
91
92
69
93
92
98
96
97
773
52
91
94
91
92
92
94
93
97
97
838
49
566
92
93
93
94
100
98
97
818
51
93
91
91
91
91
91
91
98
97
692
51
94
91
91
91
92
91
92
98
863
50
92
92
91
91
97
97
98
97
96
867
51
95
92
94
92
91
92
92
98
910
51
94
92
95
91
93
92
99
98
98
721
51
95
93
93
92
91
91
91
95
850
50
93
92
93
94
93
91
93
97
856
50
92
94
93
93
93
93
95
91
99
869
58
64
62
60
61
60
58
60
53
653
50
93
93
95
93
92
94
92
93
98
686
51
93
94
93
93
93
94
92
99
928
50
94
91
91
92
91
92
92
94
101
851
51
92
95
92
90
93
92
92
98
704
60
92
93
93
92
94
91
91
97
97
527
53
50
92
91
93
92
91
92
100
838
53
50
94
92
92
50
91
92
96
97
749
52
49
93
92
92
92
92
97
97
833
69
93
92
92
91
92
91
91
98
98
134
55
48
91
92
92
92
91
92
91
518
52
92
95
92
93
92
91
91
96
97
659
53
49
95
91
92
92
90
91
98
838
68
53
92
93
91
92
92
92
98
98
737
52
51
91
92
93
92
92
91
92
843
51
91
93
93
93
91
94
97
97
98
536
53
48
93
91
96
92
93
93
92
645
53
50
91
93
64
52
91
93
91
92
91
91
93
592
52
52
101
92
52
92
51
71
93
50
91
92
91
91
98
91
92
615
52
50
93
100
99
98
100
97
97
650
59
51
94
92
94
93
92
92
98
97
381
56
49
50
91
92
92
92
92
97
863
51
49
95
91
91
91
94
51
92
97
381
53
50
94
94
92
92
92
91
98
583
54
94
94
93
92
95
91
70
91
97
328
53
49
92
94
93
92
93
92
99
768
53
50
93
93
93
91
91
94
97
99
345
53
51
92
80
98
92
92
98
100
711
62
50
93
94
93
92
92
92
97
98
715
53
50
92
92
92
94
94
92
96
748
52
51
93
92
93
91
94
93
96
96
744
67
51
92
92
93
50
94
94
97
473
53
92
92
92
91
92
94
100
96
772
52
48
91
95
93
51
92
94
99
99
602
52
50
94
104
102
102
98
96
104
858
52
51
92
91
92
91
91
91
93
92
641
63
47
49
49
90
92
90
96
98
541
51
91
92
91
92
90
90
93
91
551
441
53
49
93
95
94
92
91
92
99
678
52
92
92
92
93
91
92
94
96
92
855
50
52
92
94
91
91
93
98
92
530
93
93
92
92
92
91
91
92
98
96
798
50
94
94
93
92
93
92
92
92
697
53
52
93
96
91
93
91
92
95
96
894
67
50
92
92
92
92
92
92
97
679
52
51
91
92
94
92
91
92
99
98
633
53
51
92
91
93
91
92
92
96
787
54
51
94
92
91
94
91
92
97
97
766
53
51
94
92
93
94
91
92
98
801
54
50
93
93
94
91
93
91
97
98
796
53
93
92
91
93
99
100
97
97
885
55
93
93
92
93
91
92
93
97
97
367
54
48
92
94
91
91
93
93
98
184
65
50
93
95
93
95
91
93
100
97
579
52
50
94
91
91
92
94
92
100
809
52
91
93
92
93
91
93
97
97
100
213
95
92
94
94
100
93
97
97
92
691
48
91
91
91
90
91
96
97
97
95
623
48
91
90
91
93
90
91
90
96
806
49
91
94
91
68
91
90
91
96
96
856
50
92
92
93
92
91
92
93
95
813
50
93
90
91
90
91
91
91
95
97
788
49
93
91
91
91
91
91
90
93
868
49
91
94
90
92
92
93
90
97
97
836
54
51
93
90
90
90
90
90
96
849
50
49
91
93
91
91
91
91
97
97
347
52
48
92
94
91
90
91
91
96
822
50
48
93
97
92
96
96
96
96
97
738
59
92
93
93
93
94
91
90
95
825
67
50
91
91
91
51
91
91
96
733
52
49
91
92
92
92
93
90
98
96
472
58
50
92
92
91
91
92
91
95
595
52
48
92
92
92
91
91
93
96
96
534
52
49
93
92
94
91
92
93
111
65
51
48
91
92
92
92
92
91
92
96
1608
92
92
93
91
90
91
91
91
94
497
95
91
93
94
94
92
92
91
93
98
223
93
91
90
91
91
90
90
90
96
633
104
91
92
93
92
92
93
92
97
97
645
52
92
91
92
92
92
91
93
96
148
92
97
90
92
90
91
92
93
91
91
565
91
91
91
92
92
91
94
91
95
603
53
50
92
91
91
91
91
91
95
96
204
53
50
92
90
91
90
91
90
98
539
58
49
92
91
91
93
95
98
94
96
224
58
49
93
91
50
564
92
96
90
538
68
59
62
60
59
62
60
94
111
96
302
53
48
49
93
90
92
91
95
96
406
54
48
93
91
93
91
90
92
96
96
64
52
94
93
91
91
90
91
91
96
523
52
50
92
92
93
92
92
91
98
95
498
53
48
91
91
90
95
92
91
95
61
53
94
93
95
91
91
94
91
95
96
499
54
49
92
92
93
93
94
90
99
127
55
47
91
92
89
91
90
94
95
96
111
54
48
90
94
92
90
90
93
91
518
52
48
92
91
90
90
92
91
97
99
593
52
49
91
90
91
90
91
92
97
503
54
49
91
93
93
90
91
91
95
97
276
56
49
92
92
91
92
92
93
96
432
54
49
93
91
92
92
92
92
96
96
262
55
49
94
92
94
92
94
91
96
617
53
49
93
92
94
92
95
93
98
96
596
52
50
94
94
94
93
93
92
96
128
55
48
92
93
91
95
91
92
97
505
55
48
93
91
91
91
92
92
96
98
195
56
49
93
92
91
92
93
93
97
402
54
48
93
93
94
90
94
93
97
91
192
56
48
91
94
91
91
92
91
97
524
53
52
94
96
94
92
93
93
96
97
245
64
49
93
93
96
91
95
92
97
374
53
50
93
93
93
94
92
92
94
97
351
56
52
93
93
92
94
92
91
96
595
54
48
91
92
91
53
94
93
99
92
378
53
50
92
94
92
93
93
91
98
539
56
51
96
92
93
91
94
95
91
97
236
55
48
92
93
91
93
91
97
95
379
51
49
94
93
93
94
93
97
99
96
614
54
48
93
91
93
50
91
93
92
372
53
49
93
91
93
91
92
92
99
98
243
54
49
93
93
92
91
92
91
97
546
53
52
92
98
96
97
97
98
98
99
354
56
48
92
92
91
91
93
73
95
61
51
50
92
93
51
50
92
93
97
96
133
54
50
92
95
96
93
92
92
98
439
59
47
91
91
92
94
93
93
92
98
303
57
49
93
98
92
92
94
95
96
501
53
51
101
92
91
91
91
94
91
97
68
52
49
94
92
92
50
92
93
93
506
54
49
95
94
94
92
93
93
97
96
433
59
49
52
93
92
93
92
93
96
151
53
47
92
91
93
50
92
92
93
97
373
55
48
94
92
94
50
91
92
96
354
60
50
567
95
93
94
92
92
98
97
445
63
48
93
92
93
93
91
94
92
312
53
49
48
50
92
92
93
91
97
96
429
54
49
93
94
92
51
96
92
99
333
57
48
92
94
91
92
91
93
96
97
521
56
49
92
95
91
93
91
93
97
259
55
50
95
92
93
93
93
92
101
503
53
52
94
93
92
92
92
92
91
100
317
55
50
94
93
94
92
93
92
96
459
53
51
94
92
96
93
90
92
97
97
529
56
51
92
93
92
91
93
91
97
212
55
49
91
92
91
94
91
93
97
97
406
56
48
93
92
92
92
91
91
97
375
62
49
53
92
91
91
92
91
96
97
657
55
50
94
92
93
91
92
93
97
524
54
48
94
96
92
92
93
92
92
97
410
61
49
50
95
90
50
92
91
99
516
55
51
93
92
95
92
94
98
97
98
400
54
50
93
96
94
92
91
92
98
302
55
52
94
94
94
96
94
92
97
97
495
54
50
94
93
91
98
99
97
99
326
57
48
92
92
94
92
92
92
97
98
495
53
53
92
93
92
93
94
92
98
138
55
49
94
92
91
97
97
100
97
98
61
51
92
92
92
94
94
92
95
97
412
54
50
96
93
92
92
91
92
100
97
536
54
49
93
93
92
92
92
92
99
62
55
71
93
93
93
92
92
91
96
99
464
53
54
93
94
95
94
93
92
96
495
54
48
92
93
92
93
94
94
98
98
339
57
49
92
92
93
94
93
93
98
593
65
51
92
93
92
95
93
92
91
91
62
54
92
92
92
92
92
93
92
99
397
57
50
92
91
90
93
92
92
97
97
524
55
48
91
93
92
93
93
93
98
412
102
93
93
94
94
93
92
91
97
97
61
53
93
93
93
94
92
92
92
97
269
56
48
94
93
71
92
93
94
96
98
556
52
50
92
93
93
94
93
91
97
609
61
52
50
92
92
93
88
65
64
59
66
62
58
60
58
53
91
95
92
97
483
53
50
49
94
94
92
92
91
94
538
54
51
92
93
94
93
93
91
97
97
244
53
51
93
91
93
92
93
94
97
176
55
47
92
93
91
92
91
92
108
99
555
65
48
93
91
91
92
91
91
97
135
55
47
92
93
90
90
92
91
98
97
84
54
48
93
93
97
92
91
93
96
1201
137
52
50
92
93
95
92
92
91
97
546
55
49
93
94
93
95
91
92
97
441
54
51
92
91
94
92
95
93
96
96
491
58
48
91
92
92
93
92
91
98
252
53
49
93
92
92
91
93
92
96
97
617
55
93
91
92
92
93
93
98
97
59
51
92
92
92
92
93
93
94
97
96
238
56
50
93
93
93
92
92
92
98
129
63
48
92
93
92
92
91
91
99
96
501
52
49
92
90
93
91
92
92
98
58
51
56
91
94
93
91
92
92
98
96
333
53
48
93
91
94
91
91
94
99
569
65
49
51
48
93
94
92
92
97
97
58
71
90
92
92
91
94
92
92
92
65
52
48
93
93
93
91
92
94
99
96
606
61
49
52
48
93
93
92
91
98
227
53
47
91
91
93
92
92
96
99
97
602
55
93
92
95
92
93
91
91
97
57
53
92
92
92
92
93
92
94
97
96
439
53
51
92
93
93
94
94
93
99
472
55
49
91
91
92
92
91
93
97
97
341
53
50
50
92
91
92
93
92
96
160
55
51
92
93
96
91
93
91
97
97
562
53
50
49
49
92
93
93
91
97
307
54
47
93
93
93
91
91
93
96
99
465
67
49
92
92
93
50
91
92
92
58
51
54
93
94
93
93
91
91
96
96
335
64
49
93
92
95
94
91
94
98
368
53
49
93
91
94
92
92
92
97
430
55
52
92
92
92
91
91
91
97
96
494
71
90
92
90
91
92
92
91
98
76
54
50
92
96
94
94
92
92
91
96
157
55
91
92
93
94
93
91
92
91
445
50
49
92
91
92
92
95
92
91
98
59
92
92
96
93
91
92
91
93
97
61
53
50
94
92
94
94
92
93
98
100
419
53
50
93
93
91
94
92
92
91
124
53
53
96
92
92
92
93
94
99
97
59
94
102
92
92
94
93
92
93
99
60
52
54
91
92
92
92
92
93
93
98
248
72
51
93
93
90
92
92
92
97
395
54
49
99
96
93
94
96
93
98
98
378
57
92
93
92
94
92
92
92
101
182
57
48
92
92
91
91
94
92
100
97
157
54
49
92
90
92
91
91
94
97
510
54
49
95
91
95
92
92
93
99
98
354
54
48
92
93
92
52
92
94
97
59
92
92
93
94
92
91
565
92
99
98
65
53
59
92
93
93
51
95
93
99
580
53
52
93
93
92
91
92
91
97
100
466
53
51
93
94
93
52
93
94
92
93
54
49
93
91
90
92
94
91
97
99
67
53
50
91
92
91
91
92
93
94
61
50
51
93
94
92
92
91
92
92
100
396
56
49
49
51
91
50
94
91
100
622
67
50
94
92
95
92
92
92
98
97
612
55
47
91
92
91
50
93
93
99
328
54
47
93
94
93
91
93
92
98
99
62
51
91
93
92
94
50
91
98
99
410
54
49
92
92
93
93
93
91
100
98
445
51
48
93
91
94
92
93
92
91
450
95
91
91
93
92
92
93
95
92
99
386
94
93
92
93
92
93
92
91
100
452
52
49
93
91
92
50
92
92
97
428
54
49
92
91
101
99
98
97
97
96
494
54
50
93
92
92
94
91
92
98
306
52
49
95
92
92
92
91
92
97
98
60
54
93
94
94
92
93
92
91
98
182
56
49
92
92
93
94
91
93
97
98
165
58
54
92
93
92
93
92
92
98
62
50
92
92
93
91
94
95
91
98
97
153
53
49
93
91
92
94
93
93
91
568
54
49
91
93
92
92
92
93
93
99
641
54
51
93
92
92
53
92
92
98
68
56
50
92
92
94
91
93
92
97
98
214
55
49
91
92
92
91
93
92
91
268
60
48
92
92
92
92
94
92
95
98
629
82
92
95
92
93
92
92
93
98
61
54
95
95
94
87
67
61
58
59
58
247
62
61
93
93
95
95
93
93
92
611
53
49
92
91
92
91
93
94
99
97
82
53
49
91
91
92
91
92
90
97
457
54
48
91
92
92
93
92
92
100
95
258
54
49
94
92
91
51
91
92
97
129
53
49
92
93
93
92
93
93
954
52
48
69
91
91
100
48
91
92
99
97
222
55
48
92
93
92
91
93
92
98
97
576
58
93
93
92
92
92
93
92
97
286
53
49
93
92
91
93
93
92
98
98
556
54
49
93
93
91
93
93
92
97
568
53
50
92
92
94
91
93
92
97
97
230
93
91
94
92
92
91
91
92
99
458
115
91
91
92
94
92
92
90
97
97
58
50
50
92
93
93
94
92
91
97
467
57
48
93
93
92
92
93
93
100
97
518
58
50
523
93
94
92
92
92
99
60
52
92
94
93
93
91
92
93
98
97
579
52
50
92
92
91
91
93
94
100
241
58
49
92
92
91
92
92
93
98
539
65
49
94
92
93
93
93
92
99
98
383
66
51
95
94
94
91
92
91
98
221
54
48
92
94
93
93
91
91
97
97
643
106
92
93
91
93
95
92
92
97
149
53
50
92
93
92
93
94
91
92
98
328
54
48
93
92
92
93
94
91
97
336
54
49
94
92
92
93
93
94
98
98
399
55
48
92
95
92
92
93
93
99
538
54
51
93
92
92
94
93
92
97
98
61
49
62
93
92
93
91
95
93
100
503
54
48
92
91
92
91
92
92
98
98
602
55
49
92
91
91
92
93
91
99
442
53
92
93
95
95
92
91
94
99
97
58
51
92
95
92
93
92
92
92
97
220
53
48
94
94
91
94
92
92
100
99
399
54
49
93
92
92
93
93
92
94
63
52
49
92
92
92
93
92
93
100
98
544
68
91
93
93
93
94
92
92
98
64
52
48
93
93
93
94
92
93
94
99
537
55
50
50
92
93
91
92
92
92
61
52
62
91
93
92
92
93
91
97
98
327
56
47
92
91
92
50
92
94
98
206
64
49
95
93
92
93
92
92
97
99
498
54
50
94
92
92
91
92
97
98
59
52
48
92
94
92
91
93
93
99
98
543
54
49
92
94
91
93
91
92
99
181
52
49
93
93
94
52
95
92
98
97
612
54
48
94
92
92
95
96
92
97
61
52
92
93
93
93
93
93
93
93
99
631
53
49
93
99
100
99
96
101
98
160
56
50
93
93
92
92
93
93
98
97
524
53
50
95
93
92
92
93
92
99
128
55
48
91
91
95
51
95
94
97
98
305
55
47
91
92
69
92
92
91
97
708
57
49
51
92
91
92
94
94
97
62
51
49
94
94
92
93
93
92
101
98
273
55
94
94
93
92
91
93
91
97
61
52
92
93
94
93
92
92
93
99
98
61
52
94
99
97
96
93
95
95
98
482
59
50
50
95
93
93
93
103
102
103
149
54
49
92
93
93
52
95
92
99
62
52
92
92
93
92
95
92
92
99
97
283
54
49
92
92
92
92
93
94
93
489
59
49
94
92
92
92
92
92
93
98
1222
56
52
91
93
93
92
91
93
91
60
54
51
93
93
90
53
92
91
97
96
458
63
52
92
92
94
91
92
92
91
62
52
51
94
91
91
91
92
97
99
99
84
57
49
96
92
91
53
91
90
90
625
52
49
91
93
93
48
92
91
98
97
552
55
50
92
90
52
92
97
97
98
443
92
91
91
91
91
93
91
93
97
97
375
59
91
92
92
91
91
93
92
97
104
53
48
92
91
92
91
91
93
96
97
491
55
49
91
91
92
91
92
92
98
243
54
49
92
92
93
93
93
90
92
98
486
53
48
91
90
91
90
93
90
96
735
56
47
48
97
91
90
92
93
98
97
362
69
92
93
95
91
90
91
92
91
621
64
91
92
91
91
91
92
92
98
96
516
57
47
92
92
91
92
90
93
96
59
48
92
93
90
48
93
90
92
98
97
580
54
49
95
91
91
90
92
92
90
444
53
47
92
95
91
92
92
92
99
97
248
55
48
91
91
92
91
91
91
98
209
52
48
92
92
91
91
93
92
99
96
458
53
56
62
62
59
59
60
57
58
240
52
47
92
91
91
92
93
92
96
100
576
58
48
48
92
92
92
92
92
100
59
53
51
90
92
90
91
91
90
98
404
57
48
92
91
92
92
91
91
96
99
107
52
46
91
90
92
92
91
90
96
510
52
93
95
91
91
89
91
90
96
96
61
50
90
91
91
94
91
91
95
97
558
52
47
94
91
91
91
91
90
96
96
565
69
92
91
90
90
90
90
91
97
59
92
90
92
93
92
91
91
90
97
96
491
54
48
93
91
92
91
91
91
97
605
53
47
92
92
91
92
91
90
97
97
525
56
49
91
91
91
91
92
91
96
130
70
48
91
90
91
91
91
94
90
91
62
1085
95
92
92
91
92
91
94
91
447
62
48
91
91
91
92
96
99
99
99
580
51
47
91
92
91
93
93
91
90
60
49
49
93
91
91
91
90
92
97
98
375
56
48
92
92
91
91
92
91
96
399
54
46
50
91
90
91
91
90
92
91
227
56
89
90
92
92
90
91
91
89
59
50
49
91
90
91
91
91
93
95
96
513
54
49
92
93
92
90
93
91
90
560
93
93
91
90
93
91
91
90
91
94
59
52
59
92
90
91
92
579
91
98
262
53
48
91
90
91
49
92
91
97
90
509
92
89
93
91
90
92
89
93
90
305
93
91
92
91
92
92
90
92
95
96
321
96
91
91
91
91
91
90
90
96
67
92
91
91
91
92
94
92
91
91
89
541
98
93
91
91
92
91
91
92
95
200
92
91
94
92
91
91
92
91
96
96
522
93
91
92
91
90
91
92
91
96
166
93
91
92
92
94
92
91
90
97
96
276
94
93
92
93
94
92
91
90
95
247
95
92
93
92
92
92
94
94
96
96
620
93
92
92
91
92
93
93
93
97
358
95
90
92
93
91
91
91
91
98
248
94
92
92
93
90
91
90
91
96
96
331
92
92
92
90
91
91
93
91
91
639
94
91
94
91
90
92
91
91
97
96
616
92
91
93
91
92
90
91
93
92
530
97
90
94
93
90
90
92
90
98
96
495
91
91
93
94
91
91
90
91
96
490
91
91
91
92
91
92
91
93
91
99
56
92
91
93
92
93
93
93
92
90
219
93
91
92
92
94
91
90
91
94
96
638
95
91
92
91
91
93
98
96
97
501
90
91
93
90
92
92
91
92
97
98
569
93
92
92
92
92
92
92
92
95
471
92
93
92
91
92
93
91
91
92
96
409
94
91
90
91
90
91
93
93
95
636
91
93
92
93
91
93
91
91
96
96
119
93
96
90
93
92
94
92
91
97
211
69
91
90
91
90
93
91
91
100
96
311
92
91
92
92
91
93
92
92
97
479
93
93
92
93
92
90
91
92
91
90
504
91
68
92
94
94
91
91
92
98
350
92
92
92
91
91
93
92
91
92
91
235
97
69
94
92
93
92
91
91
100
388
96
94
92
92
93
91
92
91
97
96
58
94
92
90
90
91
91
93
91
428
92
91
91
92
94
95
90
93
91
97
96
641
101
93
91
96
91
90
92
94
95
481
94
90
92
92
92
94
91
91
95
96
366
96
91
92
90
91
91
94
91
97
611
52
93
94
93
91
97
90
92
98
96
78
92
91
91
90
91
90
93
91
95
402
93
91
92
95
92
90
90
91
95
95
364
96
90
91
90
91
92
90
90
95
662
49
92
92
92
93
91
91
91
97
95
364
91
89
91
92
90
91
90
92
96
496
57
92
94
566
91
91
91
91
91
168
91
91
92
91
92
90
92
92
96
97
616
94
90
90
90
91
93
91
93
90
445
90
91
92
92
93
91
92
93
96
97
382
93
92
91
91
93
91
91
90
99
481
92
91
91
92
92
93
92
91
95
97
669
99
91
93
91
92
93
91
90
97
636
92
90
90
92
91
93
90
92
97
97
59
91
92
90
91
93
90
91
92
92
381
93
90
90
91
92
91
90
91
96
96
60
93
92
92
91
90
90
92
90
95
438
94
91
90
93
91
91
91
90
95
98
507
52
50
90
90
94
92
92
90
96
58
50
48
91
92
91
92
93
98
97
95
248
65
47
91
91
91
91
92
91
96
141
54
106
91
92
91
91
91
90
97
101
292
94
91
92
92
93
91
90
91
96
500
91
91
91
91
91
93
93
91
97
95
92
92
106
92
92
94
92
94
93
98
518
95
91
92
90
90
90
90
91
96
95
152
93
91
92
90
92
89
91
90
96
548
91
93
90
93
91
92
90
90
95
56
597
104
92
90
92
92
91
92
92
95
180
92
92
92
91
91
93
91
90
96
96
604
49
91
91
92
91
93
91
92
95
214
92
89
93
91
90
91
91
93
96
97
66
92
91
96
93
93
92
92
91
98
501
53
49
91
93
92
92
94
92
97
95
540
54
49
92
93
92
91
92
94
92
139
53
47
90
92
90
50
91
90
95
95
391
55
47
93
90
89
90
90
91
99
367
52
48
91
92
93
50
90
90
90
96
491
54
47
91
92
92
91
91
91
95
60
50
47
94
92
91
92
90
91
98
96
635
51
48
90
90
90
91
93
97
96
272
54
48
91
92
93
91
91
90
99
607
51
49
91
93
96
92
93
91
96
95
592
51
49
92
92
93
71
92
90
97
440
74
91
92
92
93
93
93
91
98
97
86
54
47
91
91
94
92
92
91
97
164
53
46
91
90
90
49
92
90
96
98
410
56
48
47
92
92
92
91
91
96
242
52
49
92
92
50
90
92
97
97
97
607
54
51
93
92
92
91
91
91
97
285
55
47
47
92
92
92
95
92
91
96
647
52
48
91
90
91
91
98
98
99
61
49
48
92
91
91
92
94
92
96
98
460
53
49
92
95
92
50
91
93
98
509
149
47
91
91
92
91
91
90
91
100
336
56
48
90
91
91
91
92
97
96
318
52
49
48
93
91
89
91
91
97
96
629
51
48
93
92
92
91
93
92
97
219
54
47
91
97
97
96
98
97
96
98
603
93
92
90
92
91
91
94
95
97
93
63
47
95
90
91
90
90
90
99
98
642
51
52
93
91
91
90
90
91
96
545
55
48
91
92
91
92
91
92
97
97
355
53
48
91
91
91
90
92
92
97
381
58
49
91
91
92
93
91
91
98
95
548
51
49
93
90
90
91
90
90
97
281
53
47
107
91
90
92
91
91
98
96
118
58
50
91
92
95
91
90
92
100
105
52
46
92
92
92
91
93
92
96
97
404
52
48
90
92
90
92
93
93
96
339
61
49
93
92
94
92
90
92
99
99
682
59
48
48
47
89
90
91
92
96
459
95
91
91
91
91
90
91
91
98
100
279
54
48
91
91
92
89
90
91
99
480
53
50
90
92
91
92
90
92
91
97
609
55
50
90
92
92
90
91
90
97
65
52
50
91
92
90
92
90
90
96
381
52
50
92
93
91
93
92
92
97
97
279
53
49
92
91
91
92
102
97
97
577
53
47
91
92
91
91
92
91
99
98
369
53
49
92
60
51
53
92
92
90
91
93
92
90
90
92
90
91
96
90
94
578
53
47
92
90
92
91
91
91
97
225
62
48
94
91
92
90
94
92
91
97
69
94
91
91
90
92
90
96
99
97
607
100
91
99
99
99
97
96
97
97
96
677
56
93
93
92
92
91
91
91
97
232
94
91
93
91
92
95
91
90
98
96
261
96
90
92
92
95
95
94
90
98
515
54
49
91
91
93
92
91
92
97
97
660
51
48
94
91
95
94
92
92
98
653
53
49
71
92
91
92
91
92
101
97
252
92
90
90
91
90
91
90
91
97
543
99
94
91
95
96
99
92
91
99
98
672
92
94
91
92
91
97
99
97
98
140
92
91
94
92
91
92
91
98
97
99
690
50
93
91
93
93
90
91
93
98
710
58
93
92
92
92
93
91
93
96
97
623
94
93
92
90
91
91
94
91
91
96
95
91
92
90
94
92
93
91
92
97
688
49
91
91
91
91
91
90
92
98
686
49
92
92
93
93
92
92
249
91
99
661
91
92
92
91
91
91
90
91
98
456
92
91
94
93
91
90
91
92
97
96
601
58
91
91
92
91
91
92
93
99
594
92
92
91
90
90
92
91
91
97
97
477
92
91
92
91
91
93
90
93
91
422
93
90
92
91
93
93
91
92
98
96
689
53
91
93
91
92
94
93
91
98
624
52
94
94
91
91
91
95
90
96
97
509
98
92
94
93
91
93
93
98
97
662
95
93
94
93
92
93
94
92
99
629
51
91
90
91
91
98
96
97
96
97
502
91
91
93
92
91
92
90
90
97
370
93
91
93
92
90
94
99
97
96
98
583
93
93
92
91
94
90
91
91
98
553
93
94
92
90
94
92
92
92
97
97
149
96
91
92
98
97
91
98
100
97
657
50
92
93
97
97
97
89
90
92
91
574
60
93
94
92
90
91
91
91
98
696
94
92
93
92
93
91
91
90
97
97
266
95
90
91
91
92
91
92
99
97
631
109
90
91
92
90
93
91
92
98
96
517
97
91
91
90
91
91
95
92
97
193
95
91
92
93
93
91
90
91
99
97
692
57
92
92
92
93
90
93
90
96
634
51
91
93
91
90
91
90
91
97
97
628
50
92
92
93
96
92
91
91
97
496
92
92
92
92
92
97
98
97
95
97
656
59
93
92
92
92
92
94
91
91
544
95
92
91
91
90
90
92
91
94
108
317
92
90
91
91
92
91
90
91
99
642
93
91
93
93
91
90
90
91
97
97
649
52
92
91
93
91
91
90
92
97
705
93
91
92
91
95
92
90
91
97
96
172
91
91
93
92
95
90
93
97
97
627
97
92
92
92
90
91
93
97
97
98
532
52
50
92
92
92
90
93
90
98
809
52
92
92
92
92
92
91
91
99
802
55
50
64
47
92
91
92
92
91
96
700
51
50
90
92
91
91
91
90
97
98
642
50
50
92
90
91
90
89
91
97
860
53
95
92
91
90
90
92
90
96
96
548
54
48
91
94
91
93
91
91
98
653
51
50
91
91
91
92
95
91
96
99
831
51
52
92
91
91
92
90
91
97
888
52
50
91
92
92
91
91
92
96
784
51
49
92
91
90
94
91
91
92
95
740
52
52
91
92
92
92
93
98
97
663
59
47
92
91
542
90
94
94
101
96
816
63
48
92
90
90
91
92
92
97
661
52
50
91
92
91
91
92
92
96
96
483
61
50
91
94
93
92
90
90
97
692
56
92
91
91
91
90
91
90
96
96
345
65
46
91
92
90
91
90
93
100
62
51
49
93
91
91
91
90
96
97
98
354
56
49
95
94
91
90
90
92
90
578
107
91
92
93
94
92
90
91
96
99
60
50
92
91
90
92
92
90
92
90
64
51
47
92
92
91
92
92
91
96
99
328
50
49
94
92
92
91
92
92
96
520
56
48
91
91
91
92
91
93
96
100
309
55
49
91
92
95
92
93
92
98
347
56
48
93
92
92
92
91
92
98
98
572
56
49
47
47
92
91
92
94
97
406
53
49
91
91
92
90
90
93
96
97
616
54
51
92
92
90
90
91
92
97
60
49
47
93
91
91
93
91
91
99
96
625
52
48
93
90
91
92
91
91
96
546
58
47
47
50
92
93
92
90
97
98
634
52
48
92
93
92
94
92
90
98
598
54
48
48
92
90
92
91
94
97
97
182
51
47
91
91
92
93
100
90
99
61
50
91
90
92
91
92
92
92
98
100
410
59
50
48
91
92
91
91
99
98
510
54
50
93
91
90
90
92
92
96
96
525
55
47
47
91
91
90
90
91
97
276
53
46
94
95
91
91
92
91
96
95
517
56
90
92
94
92
91
92
92
98
198
52
47
92
91
93
90
91
91
98
97
366
57
48
93
95
99
91
92
91
97
444
67
47
48
91
90
92
93
90
97
229
66
48
91
92
91
91
92
92
101
96
150
53
49
92
93
95
91
91
91
99
479
52
47
49
48
92
91
91
90
96
91
260
53
47
93
93
94
92
91
93
97
597
59
49
91
91
93
91
68
93
97
98
60
51
93
90
92
91
91
92
97
99
350
53
49
93
92
94
92
94
94
97
98
605
51
48
98
95
91
48
91
91
97
520
53
48
92
93
91
96
91
92
97
97
380
52
48
90
92
92
55
91
92
97
591
54
48
91
91
91
92
91
92
96
97
260
56
49
92
92
92
54
92
92
92
608
53
49
92
90
90
91
91
91
91
110
556
92
90
91
91
93
93
91
91
98
66
50
59
91
92
92
53
92
91
96
98
219
133
47
92
91
92
91
91
92
97
501
57
47
49
47
92
92
93
90
90
90
312
52
48
91
92
90
91
90
91
96
478
53
49
94
92
90
90
93
92
95
96
263
52
50
92
91
92
50
92
92
97
438
57
48
91
91
92
50
93
91
98
97
528
67
48
92
91
92
90
93
90
96
62
92
93
91
92
91
91
92
92
99
96
413
54
48
90
91
92
91
93
91
100
216
52
48
93
90
92
93
92
92
91
97
681
53
48
48
91
91
99
98
97
97
63
51
53
91
89
90
49
92
90
96
95
632
56
49
90
92
91
90
91
91
97
519
57
49
93
94
92
91
94
92
97
96
227
92
93
92
91
94
91
91
90
97
63
92
91
92
94
94
94
90
91
98
96
575
99
92
94
91
92
93
92
91
100
629
93
91
92
92
92
92
92
92
99
96
482
92
90
90
93
93
92
90
92
96
213
91
99
92
91
92
92
92
92
96
170
94
90
91
90
92
91
90
91
91
91
524
92
91
94
91
91
90
68
91
95
550
94
92
93
92
93
91
91
91
96
96
72
91
90
91
92
93
91
91
91
100
117
92
91
91
91
94
94
91
91
99
96
335
92
91
94
92
91
93
93
91
96
121
95
91
92
91
94
92
91
91
94
96
587
93
91
92
93
93
94
92
92
98
472
93
90
92
91
91
91
90
90
91
98
304
95
92
90
91
92
90
91
89
96
543
99
93
90
91
91
91
91
91
97
96
544
91
90
93
90
93
90
90
91
97
66
92
92
92
93
91
92
92
91
96
96
560
52
50
92
91
92
91
91
92
96
151
92
91
91
91
92
93
93
91
100
96
474
98
92
92
92
93
94
91
92
96
509
101
91
92
93
92
92
93
94
97
96
57
92
93
68
92
93
93
92
93
99
310
92
90
93
93
93
91
91
92
92
100
535
91
94
90
93
91
91
90
92
97
450
93
91
90
94
91
90
92
93
96
98
202
92
92
93
91
90
90
95
90
97
523
94
91
92
91
91
91
92
90
97
98
546
94
94
92
93
92
91
91
90
90
56
91
91
93
92
93
90
91
92
97
98
57
92
92
92
92
94
90
93
90
97
481
95
92
92
92
92
92
93
91
98
96
488
92
92
93
93
92
91
92
571
98
289
91
91
91
91
91
91
92
92
98
98
65
91
94
90
91
92
91
91
92
98
559
94
90
92
90
93
91
92
92
98
98
461
92
91
91
92
91
93
91
91
96
283
94
91
92
91
90
91
90
91
97
96
422
93
92
94
91
92
92
91
91
92
55
92
93
90
92
93
92
91
91
91
97
61
92
91
91
90
91
93
90
90
91
358
93
92
92
92
92
92
93
90
96
544
95
91
92
94
92
91
101
92
99
96
291
93
93
91
92
93
92
90
92
97
464
92
92
93
93
92
92
94
92
98
97
139
92
92
91
92
92
93
93
91
92
557
95
91
91
92
92
91
92
92
91
98
215
54
91
91
91
90
91
92
91
97
424
62
48
90
92
91
90
91
91
96
96
254
53
48
92
90
95
90
92
91
97
604
91
91
92
91
91
91
93
91
96
96
449
102
91
91
91
92
91
93
90
96
58
91
91
95
93
91
90
90
92
99
96
201
93
90
92
92
94
92
91
91
96
555
92
94
92
92
92
90
94
91
97
96
492
93
92
93
92
91
92
91
94
99
77
70
91
91
91
91
92
91
92
97
97
517
92
91
94
92
91
91
90
90
97
629
52
47
91
91
93
94
90
90
97
98
653
51
48
92
91
93
94
92
92
98
248
51
48
90
91
91
91
93
91
96
96
60
54
60
90
91
90
90
90
92
99
632
50
49
92
93
91
93
93
91
96
99
78
49
91
90
93
90
90
91
90
91
59
50
49
92
93
93
90
91
92
98
97
308
53
48
93
97
91
50
91
89
90
163
51
47
94
90
91
90
89
92
96
98
353
52
57
92
96
92
91
91
91
98
302
52
47
92
98
93
93
91
91
91
92
59
93
91
93
92
92
92
95
92
99
61
93
90
90
96
96
93
98
97
98
96
370
51
46
93
91
90
92
94
92
109
70
53
50
90
92
93
91
91
90
93
97
61
50
48
91
92
91
91
93
91
97
435
54
47
91
92
91
49
92
90
96
321
50
50
94
94
90
91
90
91
92
98
60
49
49
92
92
93
48
91
92
96
348
51
48
90
92
90
95
90
92
96
97
473
50
48
91
91
92
90
97
91
90
66
50
46
92
92
90
92
91
92
98
97
484
53
47
50
90
583
90
91
91
98
90
50
46
92
91
91
90
91
90
97
97
522
51
49
92
92
91
50
92
91
98
69
53
47
92
92
91
91
93
91
96
96
576
56
92
92
90
91
90
90
93
91
59
48
91
94
93
91
91
90
92
94
97
518
53
50
92
91
94
91
91
91
97
477
53
48
91
93
92
92
92
94
97
97
566
52
92
90
90
91
92
92
91
97
82
52
47
93
91
90
90
91
91
99
97
465
57
49
94
94
93
92
90
91
96
627
49
90
91
91
92
92
91
90
97
101
56
49
47
91
91
91
92
92
94
97
393
52
47
90
91
92
89
92
93
112
98
477
59
47
50
90
92
90
90
91
98
60
50
47
90
94
91
90
90
90
97
101
478
60
48
92
94
92
91
91
93
97
326
54
47
91
90
94
91
91
90
98
96
193
55
47
92
91
92
93
90
92
98
514
51
48
91
91
90
91
92
90
98
96
668
58
92
93
93
94
92
91
92
98
555
51
48
92
93
90
91
91
92
99
93
429
54
49
93
92
93
93
91
93
91
63
50
47
94
97
98
100
99
97
97
98
334
53
49
91
91
92
92
92
91
97
584
51
47
90
91
89
92
90
92
98
97
65
52
48
92
91
91
92
92
90
90
483
51
50
90
93
91
90
90
92
95
97
474
52
47
91
90
91
92
91
92
111
617
53
49
92
92
91
91
91
91
96
96
506
70
51
92
93
90
93
91
92
97
116
51
48
92
90
94
90
91
91
97
204
53
48
91
92
91
92
94
98
98
97
425
60
47
93
92
91
93
92
91
97
60
52
48
90
93
97
97
97
97
98
96
221
52
47
94
92
91
91
92
92
96
549
57
49
92
91
90
90
90
91
98
96
589
57
50
91
91
91
91
69
90
97
272
50
47
92
94
91
90
90
93
90
96
440
50
47
91
92
90
92
90
90
97
229
54
47
93
91
91
91
90
91
91
96
418
55
48
91
93
91
91
89
94
96
292
52
48
94
91
91
91
91
92
96
96
521
52
49
93
94
91
49
92
92
96
289
54
50
92
92
94
91
92
90
93
89
337
52
50
49
91
54
49
50
48
50
64
51
48
49
54
90
53
89
91
90
96
174
54
48
51
90
51
51
48
48
51
504
52
533
92
54
50
52
49
51
48
48
442
59
49
49
92
91
91
91
94
96
65
54
51
50
50
50
49
54
50
50
48
424
52
90
92
93
91
91
93
89
90
55
50
51
92
90
50
92
93
91
93
97
341
95
91
92
92
92
92
91
90
92
60
51
91
93
91
93
92
92
92
97
91
438
53
91
90
92
49
91
92
90
97
390
64
49
90
91
91
91
92
90
92
96
430
59
49
92
90
91
90
90
91
95
580
52
91
90
93
90
92
91
91
96
95
348
70
51
90
94
91
91
91
91
97
548
51
91
92
93
94
91
91
92
92
95
62
51
61
91
91
93
94
91
92
97
126
54
48
91
92
91
50
93
91
91
95
492
49
47
91
91
91
93
95
91
96
60
50
92
92
91
93
91
91
90
98
97
253
62
49
91
91
91
91
90
91
92
509
52
49
93
92
93
92
92
94
92
58
50
48
91
94
93
51
91
91
91
97
270
50
47
93
93
92
92
94
92
97
523
54
51
91
90
91
90
91
92
97
97
192
55
49
90
90
89
49
90
97
96
378
63
47
50
92
93
91
90
94
96
96
262
53
47
92
93
92
90
91
91
98
59
51
48
93
91
92
91
92
98
90
91
298
51
47
90
93
92
92
91
92
96
369
51
50
91
91
91
94
93
91
91
91
485
53
51
94
92
92
91
94
96
96
143
52
47
92
91
92
91
92
92
96
95
221
51
49
93
90
91
91
92
93
99
152
52
48
93
91
92
91
91
90
97
98
326
54
48
91
92
90
92
49
91
91
301
51
48
90
92
92
92
91
90
97
95
438
52
47
92
93
96
94
68
94
94
60
50
49
91
91
91
91
92
91
103
97
387
54
48
92
91
90
91
90
91
95
146
54
51
94
68
90
91
92
92
93
96
435
53
48
93
93
91
92
92
90
96
247
51
48
91
92
90
93
91
89
98
96
459
51
48
92
91
91
92
92
90
96
446
57
47
90
93
90
91
93
91
96
95
184
51
49
92
90
91
93
90
92
93
465
52
48
92
91
91
93
91
92
95
97
68
52
48
92
91
91
50
91
92
90
434
55
49
92
92
91
106
91
91
95
95
57
56
90
91
90
91
90
90
91
90
63
93
91
93
90
91
91
91
95
574
95
436
97
91
92
90
93
91
91
92
96
509
51
47
90
91
94
90
91
91
89
96
58
49
92
91
92
91
94
91
90
97
220
54
47
89
91
90
49
93
91
95
94
167
51
47
90
96
96
51
98
90
97
73
59
55
92
91
91
91
91
91
99
58
49
93
92
93
92
91
91
91
96
95
143
52
47
91
91
93
92
90
90
96
468
92
90
91
91
93
92
92
91
90
91
64
51
48
90
92
92
92
91
91
95
59
50
47
93
91
90
93
90
90
91
100
424
66
50
92
89
90
90
90
90
97
195
52
48
92
91
93
90
90
93
90
96
460
50
48
93
92
94
93
91
89
95
61
50
99
90
90
90
93
93
90
91
94
285
51
47
92
91
90
91
94
91
95
61
50
90
92
92
91
91
91
91
99
97
59
50
47
92
92
92
91
93
92
91
310
50
48
92
91
93
93
93
91
91
96
238
51
47
92
93
91
91
91
92
96
157
49
47
91
90
91
91
92
91
96
96
476
57
49
48
55
93
91
90
91
97
494
53
52
91
91
90
91
90
91
97
95
61
52
47
91
92
91
93
92
89
96
422
50
47
92
92
90
49
91
90
96
96
164
52
50
92
91
95
91
91
92
96
484
53
49
91
91
91
93
91
97
95
95
313
51
46
91
91
95
97
97
96
95
115
51
48
92
91
91
94
91
92
98
95
405
51
48
92
92
92
92
91
91
96
198
54
48
91
92
91
91
91
91
97
97
382
53
47
92
91
91
93
91
92
92
237
55
47
91
90
91
91
89
91
91
110
62
53
57
89
90
91
91
91
91
95
286
52
46
91
91
91
91
92
91
96
96
461
58
47
90
91
90
91
90
91
96
68
53
50
92
93
92
90
91
90
95
95
65
91
97
97
98
50
97
98
97
96
858
52
91
93
92
92
92
93
92
98
99
822
51
95
91
92
92
91
92
92
96
775
55
50
92
91
92
93
91
93
97
785
50
91
92
93
92
93
92
92
90
97
643
49
91
94
91
91
92
91
93
96
498
56
47
90
90
90
93
91
97
100
96
103
56
47
92
90
90
90
92
92
98
247
53
47
90
93
91
90
91
90
96
96
497
50
49
91
92
93
92
92
91
99
414
53
48
91
93
91
589
91
90
97
96
62
51
48
91
95
92
90
92
90
96
64
52
47
91
91
91
93
92
91
96
99
500
65
48
93
91
90
93
90
91
98
279
66
48
91
91
93
92
91
93
96
96
431
52
47
92
91
92
91
92
92
99
163
52
48
92
92
91
91
90
91
97
97
368
65
91
90
90
92
90
92
92
96
202
51
47
93
92
91
91
90
92
91
95
431
55
48
49
92
90
91
91
90
92
224
53
47
92
91
91
91
93
90
97
95
255
53
46
90
90
91
90
92
92
96
204
53
50
92
94
92
90
91
92
97
97
488
50
49
92
92
93
90
90
91
93
500
52
49
93
92
91
93
92
90
97
98
184
51
104
92
92
92
92
92
92
99
58
51
90
91
91
92
91
93
91
98
97
354
56
47
46
47
90
92
91
90
96
539
50
48
91
90
92
91
90
90
97
105
414
55
48
90
91
93
91
93
91
97
477
52
91
92
91
92
90
90
92
100
96
467
58
47
92
91
99
89
93
90
96
333
54
46
89
91
90
51
92
91
96
96
229
50
47
92
91
91
91
92
90
97
440
53
92
91
91
92
90
90
91
98
97
64
90
90
91
93
92
92
94
90
96
359
94
92
91
91
91
92
92
90
91
97
574
92
92
93
92
91
93
92
90
96
400
51
48
96
92
91
90
92
92
94
175
54
48
94
91
90
90
91
89
97
99
259
54
47
91
90
91
93
92
92
98
360
53
49
92
90
93
91
92
91
90
98
535
52
50
93
91
91
92
90
91
95
192
54
47
91
93
91
90
91
91
91
97
548
51
51
92
91
93
91
91
93
90
486
54
48
93
93
91
93
93
91
97
97
60
50
92
93
96
92
95
92
90
98
406
55
48
92
92
94
95
90
70
93
97
437
52
48
92
91
91
92
92
92
96
522
61
49
93
91
91
91
90
92
97
95
483
56
48
93
91
93
92
51
91
98
538
52
49
90
92
90
91
90
92
96
97
88
52
47
91
91
90
90
93
90
98
310
51
47
91
91
90
93
92
90
97
96
158
53
49
92
92
91
91
91
91
97
423
57
48
93
90
91
90
50
90
98
98
72
51
92
92
90
92
91
92
92
96
361
67
49
93
91
92
90
90
94
97
96
248
55
287
48
91
91
89
93
91
97
516
51
49
91
92
92
90
90
90
97
98
430
53
48
93
92
91
49
90
89
97
551
52
50
93
92
93
91
91
91
98
96
66
52
91
90
91
92
49
91
93
91
250
67
47
93
92
90
92
104
91
91
90
60
51
99
92
93
91
92
93
93
92
528
50
50
92
94
90
91
91
91
93
91
61
53
89
90
90
92
91
90
90
89
60
50
91
93
91
91
90
90
92
93
90
143
54
49
92
91
91
90
91
90
90
412
54
50
89
91
90
90
90
91
90
91
88
52
47
94
91
92
91
90
91
90
469
95
92
91
93
92
91
91
91
92
91
56
92
90
92
93
92
93
92
94
92
216
93
54
90
91
93
92
93
91
90
511
52
48
92
93
92
90
92
92
91
90
268
54
48
91
92
93
92
92
93
91
777
52
52
90
90
91
90
92
91
91
91
862
52
50
90
91
90
49
91
91
91
775
51
91
91
91
90
91
92
90
92
91
775
54
92
92
93
90
91
91
90
90
754
51
49
91
93
92
94
92
92
91
90
713
52
49
93
90
91
91
90
90
91
750
50
49
93
92
94
91
90
91
91
90
758
58
48
91
91
92
91
91
91
91
728
53
48
92
91
90
91
92
92
90
91
747
50
48
91
93
91
93
91
96
91
756
50
49
91
92
92
92
91
92
92
93
678
49
93
91
92
92
91
91
92
93
732
49
52
93
91
91
91
90
91
91
90
749
50
51
92
90
92
91
91
91
91
770
52
50
90
91
92
90
93
91
92
91
867
52
50
93
91
91
91
91
93
93
748
53
50
92
91
93
92
92
91
90
91
808
51
50
92
91
93
93
90
91
91
801
51
90
92
90
92
92
93
93
90
94
864
52
50
91
69
92
110
91
93
93
732
54
50
92
92
108
99
92
107
92
91
706
66
51
92
90
92
92
92
91
90
798
54
49
95
92
92
91
91
91
90
95
818
54
49
92
90
91
92
92
90
90
736
66
52
108
92
91
92
91
92
94
92
743
49
94
91
91
92
93
91
90
90
689
62
49
92
93
92
91
92
91
91
90
788
52
49
93
92
94
93
94
93
92
762
51
50
93
91
91
110
92
90
93
91
766
55
49
92
98
110
93
91
91
520
732
51
49
95
95
91
93
95
91
92
93
451
59
49
91
92
109
91
94
92
91
740
62
54
91
91
91
91
91
91
92
805
52
49
92
92
91
93
90
92
91
91
720
52
48
94
93
94
95
94
93
94
699
53
49
93
103
50
93
93
95
92
89
618
64
48
93
93
91
92
91
92
93
405
56
49
94
91
91
91
92
90
90
92
813
52
51
93
106
90
91
90
103
91
804
54
52
92
93
93
91
91
99
92
91
818
54
49
95
93
91
106
91
93
93
406
60
48
47
91
95
93
90
92
92
91
706
53
51
94
90
94
91
93
96
106
830
59
49
91
94
109
91
90
91
91
91
799
54
55
91
91
108
92
92
91
90
502
52
49
95
95
91
93
89
97
92
93
760
52
48
94
94
92
92
91
96
91
796
54
51
92
92
95
94
94
93
92
94
815
54
51
93
94
91
92
92
92
92
815
53
49
94
91
93
91
108
92
91
92
334
100
94
92
92
92
93
92
94
96
742
64
91
92
93
92
91
93
93
91
95
757
57
52
92
90
91
91
90
93
106
672
56
49
90
91
94
91
92
92
91
90
752
53
53
91
92
92
91
94
93
91
491
53
49
94
111
91
93
92
94
91
93
344
59
63
92
94
92
92
93
92
93
92
92
91
91
1043
128
54
48
93
91
92
92
92
91
92
90
90
91
91
92
91
195
54
48
92
95
91
93
103
90
90
91
91
92
91
1049
86
54
48
93
92
90
91
92
90
91
104
92
89
91
90
91
57
108
93
91
93
91
91
95
95
90
91
694
51
49
92
94
90
93
92
91
91
95
743
59
49
92
92
109
94
93
92
92
807
50
50
94
93
91
93
93
96
92
90
681
51
49
91
93
120
95
94
94
97
1766
57
92
95
92
93
98
97
111
93
670
53
49
96
94
94
91
93
96
95
94
780
53
50
50
96
94
93
93
91
92
802
66
51
93
92
92
92
91
94
91
91
620
96
94
92
103
92
108
92
92
95
228
54
49
93
96
93
94
91
95
91
90
85
53
49
93
95
94
93
94
92
108
463
54
94
92
92
92
94
94
94
90
92
760
62
51
92
93
94
96
97
93
94
732
53
48
94
92
93
94
93
94
92
92
650
54
49
97
93
93
558
93
96
94
727
65
92
92
94
96
95
91
93
94
94
815
57
50
93
92
93
54
93
92
92
745
60
93
92
92
104
93
96
94
92
94
713
58
94
93
93
92
94
92
92
92
496
56
50
109
94
93
92
91
92
91
91
727
53
49
95
96
94
94
94
92
92
625
55
50
94
95
95
94
92
93
92
92
690
53
53
49
94
53
94
91
106
92
764
53
49
93
94
93
95
95
93
96
92
486
53
51
93
93
92
96
92
92
95
756
67
50
95
91
94
92
93
92
94
93
725
54
51
95
93
92
92
92
98
93
752
54
51
95
94
96
92
91
91
94
92
475
55
53
93
92
113
93
93
93
92
744
55
94
94
95
92
68
94
92
93
92
726
55
93
95
91
92
94
95
96
92
718
50
51
92
93
95
90
93
94
93
91
707
55
52
92
93
94
94
95
91
97
424
52
49
94
95
93
92
93
102
91
93
760
54
50
93
94
92
93
92
92
91
726
58
51
95
95
93
93
94
92
94
93
936
56
92
93
95
93
92
93
92
94
713
53
95
95
101
92
93
92
93
92
90
527
54
51
95
92
93
94
94
93
92
709
53
51
92
92
94
94
95
96
92
756
52
51
90
94
91
93
91
90
92
92
803
62
52
97
95
92
90
93
91
93
712
55
50
94
91
96
92
95
95
91
109
429
55
53
95
90
94
93
94
92
93
751
52
49
93
92
110
92
93
92
94
92
734
56
52
95
94
92
93
92
91
95
681
53
49
94
93
108
109
94
111
91
92
602
53
52
92
96
92
94
93
96
94
711
56
97
108
93
94
94
94
91
95
92
684
54
53
93
92
93
93
92
93
92
464
96
94
95
93
91
93
92
92
94
93
662
54
51
93
93
95
94
93
72
93
536
51
52
93
91
92
92
93
94
92
94
796
51
55
91
92
91
91
91
91
91
793
53
52
96
94
92
92
91
92
91
91
572
67
48
92
93
93
92
92
92
92
824
53
51
93
93
93
91
93
93
92
92
875
53
51
93
91
92
92
94
91
91
814
53
52
94
92
93
92
91
91
95
92
794
61
92
93
91
93
93
92
92
91
818
52
94
92
94
94
92
94
93
92
92
483
52
53
93
92
92
92
94
95
92
783
53
51
591
92
91
92
92
93
92
91
866
56
94
94
95
95
91
91
90
93
122
58
94
93
93
95
91
92
92
91
94
816
53
93
93
92
93
94
94
91
91
860
53
50
92
91
94
91
93
92
91
94
878
52
53
91
92
92
92
91
94
93
884
53
49
91
92
90
92
90
91
91
92
883
51
48
92
93
94
93
91
92
92
766
54
91
93
92
92
91
90
90
91
91
843
67
48
92
92
91
93
90
91
92
831
51
51
90
91
90
92
91
92
92
91
846
52
49
94
91
93
90
91
91
92
846
53
51
90
92
94
92
92
90
91
824
50
91
92
92
90
91
93
91
91
90
764
48
49
92
91
91
92
93
91
91
878
52
52
91
91
91
91
91
92
91
90
890
52
50
91
91
90
90
94
91
92
843
54
50
92
93
91
90
94
90
90
90
701
51
50
92
92
93
50
90
91
91
779
51
48
90
91
91
91
91
93
91
91
883
50
51
92
90
92
92
90
92
90
818
55
95
91
90
93
92
93
91
90
91
843
50
51
90
89
91
91
93
90
89
885
52
49
93
93
90
91
90
91
89
89
883
50
50
93
91
90
90
91
91
91
825
54
50
93
92
90
48
92
91
91
90
855
52
50
95
93
90
92
91
90
93
812
51
93
91
92
93
90
92
91
91
92
870
52
49
91
91
92
92
92
91
91
670
51
48
91
91
91
91
94
90
90
90
875
51
53
93
92
91
92
93
90
90
851
50
53
91
92
91
90
91
95
91
92
810
54
50
90
90
90
90
93
95
92
792
50
49
94
90
90
49
96
97
93
97
805
52
51
95
91
92
91
91
93
91
888
51
49
91
92
91
91
91
91
90
91
794
53
48
92
91
90
91
91
92
91
851
51
52
91
90
67
92
94
91
93
92
653
53
50
90
91
90
91
90
92
91
790
52
50
92
93
91
51
93
90
91
90
820
52
49
95
91
91
92
91
91
93
791
52
52
91
93
91
91
90
92
92
91
763
53
50
90
95
90
50
91
91
90
573
53
50
91
102
91
90
91
91
91
92
884
55
49
92
92
95
90
90
90
90
918
51
51
91
92
92
57
94
91
90
91
790
53
50
92
92
91
49
93
92
90
624
56
50
92
90
92
91
91
92
91
1319
399
51
51
93
91
92
92
50
93
90
877
50
92
95
92
93
92
91
94
92
763
51
51
92
93
101
50
91
93
93
91
925
52
48
91
92
91
91
92
92
90
849
53
49
91
92
91
50
91
90
91
90
866
52
48
93
93
93
91
93
91
91
864
52
52
91
90
91
89
90
91
92
90
891
52
92
91
91
90
91
91
91
91
832
48
93
93
93
92
93
90
92
90
91
819
49
92
93
92
90
91
90
91
93
811
49
92
94
93
92
91
90
92
90
90
888
51
92
91
95
92
92
91
90
91
773
49
91
92
91
93
92
92
92
90
92
817
92
92
91
92
93
90
92
90
91
788
50
91
91
91
92
93
93
91
91
67
806
50
93
92
91
93
92
94
92
89
834
94
91
93
92
92
92
93
92
93
92
624
51
93
92
92
92
91
91
92
93
761
49
92
91
93
92
93
92
92
93
94
628
50
94
92
93
92
91
93
91
91
851
50
49
92
93
91
96
92
91
92
92
879
48
91
92
92
92
92
92
92
92
342
95
93
91
91
91
91
90
92
89
90
772
48
93
90
92
91
92
89
92
91
893
48
91
93
92
90
91
91
92
92
90
857
50
93
92
93
91
91
91
92
91
817
49
92
93
91
94
91
92
91
91
92
564
49
92
92
91
90
93
92
91
92
876
50
95
94
91
91
90
91
93
90
90
853
50
92
92
91
93
92
92
91
92
895
52
91
92
92
92
91
92
90
91
91
848
63
94
91
92
91
92
91
91
92
628
54
92
92
93
92
92
91
92
93
90
850
53
91
93
92
92
91
91
91
92
867
53
93
92
91
90
91
91
91
90
885
56
92
90
94
90
90
91
90
92
91
631
51
91
92
93
91
91
93
91
90
762
49
70
90
91
92
91
89
89
90
92
891
49
92
91
91
92
92
90
89
93
802
51
48
91
92
90
90
91
92
90
91
551
91
92
94
92
91
91
92
91
93
621
50
91
92
93
93
93
90
92
91
92
886
50
91
91
91
92
91
91
91
91
631
50
92
93
93
91
91
93
92
90
90
890
49
92
92
94
93
91
92
92
92
841
48
92
91
91
90
92
92
91
93
90
889
50
95
91
92
93
91
91
91
89
848
50
94
92
93
90
90
609
89
91
90
536
50
92
92
93
91
91
91
93
90
800
49
91
91
92
93
92
92
91
91
91
789
50
91
91
92
94
90
90
90
91
772
51
93
92
97
92
92
91
91
91
92
708
48
92
92
92
91
95
91
91
91
594
48
93
92
90
92
91
92
93
91
91
893
48
93
90
91
93
92
90
91
92
846
48
91
91
91
91
91
93
91
90
92
797
52
91
90
93
91
90
91
90
90
616
92
92
92
91
91
91
91
89
90
91
830
50
49
91
92
91
92
92
91
91
849
51
93
90
90
92
92
90
90
91
92
853
53
94
93
92
91
92
91
92
91
858
52
93
92
95
92
90
91
91
91
91
637
53
92
93
92
95
92
90
92
91
739
51
93
94
92
92
92
92
91
93
92
790
59
92
93
90
92
92
91
91
91
668
50
93
92
91
91
90
90
93
93
91
719
50
91
93
91
91
94
91
91
93
541
51
91
91
91
91
90
91
91
92
93
739
52
92
93
91
91
94
91
90
92
662
54
93
91
92
89
91
91
93
91
863
51
50
92
90
91
90
94
92
91
91
864
52
92
93
91
90
90
92
91
90
769
52
50
92
92
95
90
90
91
94
91
850
53
49
91
93
91
93
91
91
90
795
54
91
93
91
91
92
91
91
90
90
848
51
51
90
91
92
90
90
90
93
682
57
91
90
92
90
91
91
92
91
92
900
52
94
91
89
91
91
91
91
94
848
52
93
91
91
92
92
92
90
91
91
807
54
94
93
92
94
91
94
92
92
850
56
51
92
93
91
89
91
92
92
93
751
93
91
93
91
92
93
92
92
91
780
53
70
92
92
93
93
91
91
90
92
831
53
92
92
91
92
93
91
92
91
838
91
92
92
95
91
91
94
93
69
91
578
52
93
93
92
91
94
92
93
90
782
53
94
90
90
91
91
91
92
92
94
201
54
47
48
92
91
91
91
90
90
783
50
93
92
93
91
91
90
90
90
90
838
48
94
92
93
91
91
92
90
