694
619
736
665
754
679
664
762
715
560
648
765
735
713
696
681
713
748
773
665
694
738
779
680
716
738
778
669
707
565
679
688
740
782
688
731
759
575
698
702
599
778
686
766
677
697
744
661
694
841
760
660
696
586
754
777
681
712
749
657
820
723
715
655
689
724
870
807
706
727
866
785
806
725
868
782
680
845
744
772
808
725
756
778
683
723
749
901
690
583
759
658
698
713
751
654
689
837
863
666
690
829
619
543
691
590
744
802
694
747
804
795
684
711
736
793
707
743
909
804
684
730
874
778
806
588
746
774
682
717
775
772
685
708
752
776
690
715
747
783
687
710
748
911
682
1302
687
695
686
684
696
690
681
675
650
606
641
664
695
606
643
588
693
686
686
672
575
603
631
667
690
599
637
672
694
609
651
673
703
608
638
676
575
615
636
672
709
606
640
661
706
594
668
635
618
606
598
662
702
596
636
668
573
600
636
671
574
603
637
659
698
596
636
663
698
601
633
684
697
604
635
668
695
645
611
597
639
697
622
684
698
606
635
560
1062
785
751
785
946
843
865
897
798
709
876
903
928
953
869
907
927
834
871
890
850
951
929
919
930
837
875
904
807
948
877
885
923
838
865
908
802
834
878
787
798
851
878
904
936
839
876
773
802
849
729
948
791
760
768
763
812
843
741
773
790
706
732
908
796
711
866
893
793
711
745
906
947
831
854
899
923
822
857
763
794
835
909
870
857
852
855
885
776
810
722
766
930
831
724
772
807
718
751
757
795
690
744
754
928
691
789
755
813
841
742
778
816
889
737
727
843
832
867
764
799
823
734
759
918
701
722
885
794
820
855
759
794
699
719
889
916
827
734
888
913
823
856
890
698
796
904
759
616
812
851
885
914
817
851
873
915
945
847
882
796
813
728
758
912
813
731
885
926
698
727
765
793
690
728
946
933
905
907
907
910
697
885
724
900
945
715
746
914
687
846
624
773
699
710
877
911
818
848
885
910
821
707
878
908
824
897
860
724
849
727
746
786
682
846
751
779
816
846
758
788
806
710
884
913
949
857
888
914
812
850
756
788
817
849
873
915
931
927
1027
990
969
898
806
837
998
903
942
977
1010
779
887
912
946
842
905
860
889
788
816
983
1018
925
952
989
1018
933
871
828
901
894
746
744
845
730
844
1011
912
941
879
921
937
934
958
920
948
846
919
792
856
722
879
795
823
727
884
910
933
714
800
919
883
923
897
912
949
848
889
946
946
854
883
950
810
852
882
901
956
844
878
946
846
870
892
913
958
842
876
910
941
899
889
849
880
839
902
911
974
850
880
908
948
874
906
899
939
842
893
938
948
841
892
909
951
957
856
904
942
843
877
914
855
829
951
813
936
840
872
908
934
837
874
911
948
838
878
904
953
843
873
908
950
834
870
917
940
842
894
900
937
844
875
820
910
887
883
898
930
832
881
902
952
840
878
904
940
849
871
906
947
846
607
901
864
898
916
761
852
899
936
839
863
898
932
813
847
885
923
843
718
900
912
813
859
915
930
691
858
881
918
822
852
890
913
826
853
883
918
836
861
670
788
820
978
902
904
942
855
756
917
946
852
889
915
953
859
882
908
937
841
880
917
818
847
881
916
954
847
898
935
956
845
886
920
947
863
875
917
945
853
880
912
949
767
888
911
947
852
882
917
1079
1134
1049
957
873
756
785
812
871
780
813
847
907
798
668
693
737
756
789
819
886
776
799
834
888
760
783
691
722
630
785
849
879
750
785
689
857
780
787
820
853
757
795
822
844
751
815
742
722
747
788
819
845
774
786
855
845
763
800
843
871
777
698
850
876
792
817
840
882
780
803
863
875
776
855
830
949
806
846
843
798
852
904
760
942
845
873
942
913
754
788
820
857
755
791
817
867
775
886
866
907
820
864
815
741
757
784
827
725
763
666
823
883
773
805
847
879
786
814
841
866
785
807
867
899
792
831
741
904
681
838
868
908
796
833
736
904
798
839
863
907
665
835
865
904
799
832
867
890
799
831
861
913
802
838
856
898
803
829
854
893
798
825
866
900
803
834
832
865
897
808
903
821
898
812
834
865
759
792
704
867
899
808
829
936
802
835
770
693
933
871
895
902
836
846
874
815
933
853
893
832
931
878
835
694
931
842
867
783
810
709
871
907
933
848
865
899
927
839
869
903
826
871
901
934
841
889
904
829
831
808
688
934
854
883
894
943
840
872
774
938
842
763
903
802
750
869
900
928
965
870
901
838
956
868
783
940
964
868
895
801
967
868
903
939
954
867
791
933
964
813
896
922
954
859
770
926
834
867
796
927
966
867
896
825
965
864
900
929
860
866
789
925
960
868
824
831
955
859
893
797
960
737
894
719
955
863
890
829
969
734
902
932
960
732
899
797
833
737
892
924
855
855
896
926
831
766
884
918
851
979
799
922
934
861
891
935
963
777
767
928
954
862
895
924
956
860
897
917
953
771
794
921
824
860
880
921
964
743
798
791
955
862
892
922
957
866
887
915
947
857
893
915
953
856
889
925
954
779
890
796
959
646
900
683
954
980
883
928
946
982
888
921
948
623
889
924
862
851
897
918
847
855
893
795
947
853
891
924
954
862
1301
677
670
721
681
802
670
865
691
792
792
836
739
634
821
859
896
761
829
834
896
763
700
833
767
767
704
830
763
764
701
830
728
853
703
924
826
848
795
865
856
770
803
833
850
760
798
831
861
763
801
696
856
763
799
829
863
636
797
829
863
631
792
822
860
637
791
826
867
766
802
818
856
756
662
824
727
765
791
698
861
639
795
697
856
634
794
695
863
1061
735
754
652
799
711
858
773
810
711
744
759
690
695
735
757
806
700
610
881
801
826
744
882
676
704
738
885
676
825
744
767
922
579
737
783
690
719
728
776
915
709
733
795
788
707
694
749
765
816
698
746
781
803
816
754
798
709
873
775
807
714
735
766
924
717
731
780
916
715
743
777
795
705
752
771
652
709
727
766
809
706
731
778
805
710
732
776
809
712
742
666
802
707
737
779
747
706
622
754
809
695
734
772
806
718
736
771
818
712
720
772
692
708
718
771
915
718
748
756
781
711
855
774
910
702
850
766
806
711
850
770
798
705
844
767
800
691
721
753
801
688
725
880
795
693
730
883
801
690
740
880
784
815
729
864
792
815
734
882
788
813
740
629
785
693
842
782
905
693
715
755
912
690
849
756
918
694
861
756
800
692
859
761
655
714
723
757
802
710
726
740
805
707
727
874
793
692
729
869
777
688
730
746
789
682
719
748
802
820
708
750
798
690
724
755
781
691
724
761
911
690
711
756
902
702
712
746
644
670
678
725
759
666
725
728
756
904
682
723
759
661
695
721
760
663
696
594
757
661
691
713
755
782
695
708
764
787
689
722
698
743
690
715
757
664
689
716
746
792
690
591
652
657
565
721
869
784
676
728
752
778
690
715
753
787
810
725
756
773
685
684
724
774
685
834
757
772
685
837
758
782
696
844
746
776
685
708
751
789
688
716
748
791
685
714
753
827
684
720
869
784
756
786
862
782
675
717
863
778
809
746
746
779
675
716
756
788
705
718
751
720
748
783
682
733
750
911
700
717
753
919
685
768
755
924
689
719
744
764
696
700
748
778
684
715
752
784
690
717
747
655
690
717
745
791
692
716
745
778
562
727
764
783
729
712
741
779
679
711
739
777
685
718
744
783
681
714
747
772
561
710
749
896
678
708
755
770
687
732
869
1351
785
725
936
756
740
774
692
850
617
781
670
833
736
770
799
835
740
776
803
836
738
769
802
836
607
769
798
837
735
768
672
707
736
635
842
823
730
770
805
832
732
768
807
691
729
763
803
834
734
775
669
834
737
637
799
832
603
899
799
699
715
766
668
954
728
809
792
831
736
654
812
831
735
764
796
814
737
611
789
843
729
628
788
694
598
764
664
819
1105
739
647
722
605
895
801
834
784
758
799
831
608
762
668
830
606
765
799
833
736
791
676
711
738
774
806
705
742
769
792
831
761
784
822
835
738
792
835
759
729
769
797
836
730
762
800
831
736
769
932
700
738
772
796
824
749
780
716
849
604
773
801
857
736
792
814
832
767
775
716
850
739
631
794
864
732
770
790
836
731
765
799
832
739
767
804
833
775
753
789
826
625
771
794
827
737
774
802
830
727
807
788
828
725
763
796
829
726
764
788
824
730
771
787
823
729
758
923
831
726
759
790
822
730
766
797
825
726
763
795
823
774
755
793
820
730
756
788
821
756
776
812
827
749
783
785
832
740
775
791
834
759
759
790
814
727
753
785
817
733
757
808
800
725
766
801
817
729
773
790
856
739
765
788
832
729
887
787
957
722
756
788
818
719
750
788
819
598
755
698
808
859
760
836
820
738
759
798
823
746
765
787
808
723
773
794
839
743
634
794
817
741
761
786
721
745
636
795
823
859
766
774
808
719
661
783
809
738
749
778
812
719
750
781
820
720
749
653
835
731
744
776
817
723
748
781
817
716
750
783
815
720
751
792
809
761
746
774
812
838
744
654
837
764
766
783
677
839
744
782
814
716
753
783
815
717
751
785
677
837
779
771
810
741
770
795
729
710
615
644
809
716
613
775
813
710
807
757
804
837
742
771
811
714
745
780
812
713
748
776
690
745
767
789
824
857
779
850
834
848
782
802
850
867
786
692
821
737
759
785
848
842
741
775
806
837
742
771
804
711
764
776
826
617
746
817
805
839
788
896
675
833
613
765
788
962
753
790
805
840
741
799
809
710
742
775
699
763
738
646
843
843
745
795
676
586
743
653
682
750
745
767
802
835
766
773
808
966
748
790
826
844
740
631
840
838
739
769
800
840
744
798
805
729
740
775
803
740
766
770
685
732
681
768
674
707
737
639
663
702
608
765
670
704
743
511
674
576
740
511
667
701
739
644
673
703
734
637
675
575
733
686
667
697
734
765
672
698
734
757
661
696
600
635
532
568
603
509
546
572
605
635
540
570
603
505
541
572
728
764
537
702
649
757
659
698
728
763
667
720
747
777
554
723
762
761
676
702
762
770
667
697
729
636
535
567
602
769
541
1041
779
512
622
747
732
510
537
702
736
513
676
709
743
647
676
713
616
648
675
706
610
718
672
706
614
511
670
729
610
655
672
708
742
646
517
704
734
641
679
708
613
642
670
703
605
636
552
704
724
647
672
708
606
645
671
705
626
514
544
577
478
507
671
567
601
687
536
576
611
500
541
578
608
514
541
574
738
510
539
575
736
509
668
707
736
639
673
704
610
641
539
699
744
638
676
702
656
745
657
702
750
632
657
708
734
633
676
705
732
639
671
566
610
639
666
707
731
636
673
701
717
631
667
704
732
638
668
622
721
633
663
695
727
636
656
707
592
634
538
567
602
641
671
568
728
505
539
569
601
508
536
697
602
507
664
571
727
507
710
560
723
504
671
697
731
653
691
699
733
639
672
703
729
630
666
701
587
629
661
740
734
633
693
730
770
634
672
714
766
564
676
714
742
636
673
693
590
629
662
567
730
633
794
703
726
634
664
696
601
501
661
567
592
503
531
688
593
516
533
569
512
486
526
557
598
498
531
562
594
496
531
562
725
523
690
690
730
628
662
697
722
495
520
688
722
623
661
696
722
618
659
734
720
620
645
693
720
622
658
690
719
628
660
563
723
628
660
691
728
624
654
686
716
619
655
688
597
625
529
561
592
498
575
552
713
608
654
556
592
496
528
548
590
493
653
559
594
493
530
683
594
493
523
667
717
497
530
557
594
624
524
552
590
655
513
681
711
625
646
680
714
623
654
684
715
611
656
554
713
618
649
671
717
631
677
723
761
625
677
561
598
503
522
683
628
780
648
693
710
484
513
552
715
492
509
680
712
616
654
679
711
621
661
672
715
606
653
682
713
614
506
670
723
612
688
718
706
613
649
681
714
620
648
674
710
618
646
663
707
614
520
565
705
615
648
712
738
615
649
551
707
614
516
681
707
607
611
677
705
615
1280
629
721
629
762
698
730
632
680
548
709
615
648
675
712
742
648
669
708
742
644
678
710
615
645
557
703
655
638
674
704
486
641
670
711
605
647
675
709
739
644
684
704
740
635
673
706
612
643
675
703
606
640
676
701
611
515
716
624
735
637
672
700
611
636
685
715
626
638
694
727
629
668
670
704
732
644
676
713
611
652
675
580
608
646
660
703
604
644
900
916
768
666
680
710
616
650
695
839
868
782
810
844
743
780
814
842
882
779
804
844
879
641
810
847
767
778
810
850
746
828
806
838
742
781
806
838
870
767
803
837
750
783
809
840
744
778
810
836
877
777
809
839
870
766
811
844
867
771
807
840
793
765
806
834
735
763
800
834
869
770
811
839
871
772
808
839
865
776
804
835
879
786
806
834
866
771
805
837
739
778
804
754
861
770
797
979
860
780
804
836
878
774
808
838
871
773
804
701
866
773
805
834
877
766
800
834
744
770
809
830
872
775
853
825
858
764
928
834
738
770
797
835
861
769
794
832
866
771
802
834
862
770
799
835
865
772
800
828
862
767
800
822
857
801
787
828
863
774
793
830
866
762
809
829
861
769
798
833
863
768
795
825
732
758
795
828
858
764
794
829
867
763
798
829
780
759
793
822
861
759
791
822
855
761
666
725
862
772
793
831
871
781
807
828
856
762
792
825
853
759
790
828
861
760
792
617
854
781
792
822
804
770
791
824
857
765
796
823
855
758
789
828
850
757
790
824
730
758
796
824
855
760
794
824
857
763
834
811
869
756
793
820
858
749
791
816
858
754
789
819
853
761
791
826
855
752
784
824
855
756
787
822
853
750
799
822
854
853
785
816
725
755
783
824
850
749
786
818
849
755
789
816
873
757
788
812
806
742
785
818
850
755
783
834
850
754
788
815
770
751
779
822
865
762
787
819
845
755
786
817
849
755
782
812
848
756
788
820
875
782
782
815
847
879
784
817
848
755
780
864
843
871
775
813
840
743
808
814
850
754
786
814
851
742
781
943
852
750
781
814
844
751
779
814
847
754
655
813
845
752
830
810
840
750
784
808
845
751
783
805
844
756
789
811
846
753
779
813
715
746
778
821
847
751
779
812
843
748
773
801
839
791
642
804
847
748
778
810
846
1321
656
604
527
425
452
619
650
550
578
616
653
556
587
624
656
558
603
626
654
559
585
613
577
544
582
620
645
556
589
619
657
559
588
616
655
554
589
625
650
554
586
617
655
544
589
614
646
552
587
621
654
559
582
638
643
548
590
618
653
571
582
619
672
552
700
612
648
555
587
616
650
549
583
620
652
548
554
590
623
654
568
586
619
647
667
598
620
658
1083
973
945
873
899
804
834
870
899
807
833
868
901
808
832
861
897
798
836
740
896
802
834
865
907
826
858
802
788
819
853
887
922
822
855
893
921
830
860
891
819
782
857
888
909
825
861
891
804
835
863
889
794
825
859
882
920
820
898
886
921
822
727
885
922
842
863
888
923
854
877
886
932
868
870
898
804
842
879
904
810
847
908
907
792
826
853
886
794
872
838
883
916
824
854
890
799
867
853
888
916
826
855
888
793
825
856
887
920
819
858
901
919
844
870
907
919
856
860
924
835
824
855
881
920
818
847
882
913
811
854
912
918
826
855
889
791
846
855
885
947
817
860
894
919
819
852
879
917
690
856
855
910
836
847
895
894
818
854
889
903
833
852
892
915
823
852
889
940
814
848
887
915
817
847
882
921
818
851
872
915
815
893
873
913
810
843
878
911
814
847
881
785
812
852
882
907
815
845
877
915
813
846
883
907
813
846
879
912
815
845
877
910
729
835
872
900
816
842
875
909
807
840
875
906
812
816
850
881
916
821
850
880
910
816
847
881
909
812
849
876
914
811
847
856
912
815
853
888
914
816
847
882
911
818
837
878
911
817
851
883
910
819
849
881
912
816
845
881
912
815
847
881
911
815
827
877
912
810
843
872
905
810
842
870
910
813
851
881
908
816
851
882
912
812
847
879
912
826
841
747
922
813
847
889
925
804
860
888
908
831
852
887
902
860
863
883
907
809
838
876
779
808
839
875
911
803
849
845
908
810
844
872
907
809
851
884
879
805
840
878
904
818
842
870
910
812
851
873
921
806
858
909
805
836
854
894
800
836
867
900
802
834
868
894
799
834
869
811
797
849
867
895
802
846
861
891
798
831
867
898
800
871
894
914
804
832
875
903
797
835
871
895
798
828
865
894
807
828
921
891
801
833
866
886
922
853
862
891
798
842
1248
899
851
822
865
896
802
844
867
895
924
844
864
894
793
830
867
893
798
877
858
883
940
827
855
891
799
829
870
892
797
828
859
894
800
831
864
895
795
828
855
892
924
832
861
889
796
832
858
903
835
852
852
890
839
843
865
884
807
854
868
891
793
833
867
893
924
838
861
898
815
849
873
901
804
855
887
903
926
849
875
802
927
688
853
890
796
829
855
1117
1008
940
849
844
748
785
684
716
748
769
684
715
744
636
548
689
737
625
660
696
740
628
633
691
726
759
654
691
722
757
654
693
596
759
656
563
724
752
658
691
592
756
661
564
726
749
656
687
721
752
662
688
724
672
641
688
722
630
658
713
747
775
673
558
747
770
534
562
746
630
529
705
592
624
656
701
596
763
659
562
724
628
658
704
646
764
667
723
714
755
526
686
589
744
653
560
722
749
650
570
722
749
520
681
583
749
523
700
719
804
658
685
718
625
528
734
711
744
660
684
587
745
649
723
772
626
711
748
777
622
685
567
752
799
559
713
752
774
696
591
746
780
556
705
712
779
725
558
770
791
542
706
767
781
664
724
754
745
653
548
711
619
649
705
606
752
655
578
763
751
674
680
727
749
646
683
714
694
641
671
710
744
649
677
715
609
643
678
708
745
519
685
717
749
652
552
722
752
644
677
714
616
652
677
583
622
649
678
627
735
641
702
711
610
643
676
704
606
717
718
662
751
581
679
647
743
575
659
754
586
686
652
745
705
548
623
703
668
755
642
715
534
756
589
682
642
738
570
667
651
729
565
710
607
758
710
740
615
646
713
755
770
672
701
730
758
643
543
708
737
684
666
574
601
632
677
726
736
641
671
707
739
640
679
703
736
639
708
722
738
642
674
696
727
636
668
727
756
767
687
729
656
635
671
707
762
638
669
707
689
758
666
710
733
636
677
701
735
638
671
703
733
639
670
702
732
637
667
699
734
630
666
695
719
630
668
701
730
630
661
698
730
635
667
697
733
636
669
692
725
756
668
698
725
748
664
691
728
635
666
695
730
634
708
691
729
759
662
689
717
635
665
697
729
634
671
696
731
633
669
699
601
632
667
704
732
638
661
698
729
640
666
706
731
727
664
690
730
763
664
694
731
770
664
698
733
752
659
642
731
1177
713
678
722
633
688
731
735
759
662
690
730
769
654
698
633
743
658
689
726
758
659
694
727
752
668
694
753
755
660
689
727
627
664
692
723
624
655
569
726
756
662
690
727
746
657
737
713
633
660
697
723
785
652
687
710
752
660
556
720
628
655
691
724
629
658
692
726
759
656
683
717
738
648
687
718
627
569
686
716
751
655
701
721
753
668
722
725
756
1152
956
923
961
975
779
782
806
764
738
811
835
708
772
772
805
720
752
800
730
866
750
794
824
722
755
769
821
755
756
801
842
730
742
771
943
739
730
806
804
766
758
773
807
707
789
795
845
721
763
830
793
841
741
796
792
859
760
771
814
795
719
610
649
831
713
784
772
680
722
739
676
679
708
618
645
835
707
735
632
681
815
752
782
841
752
782
813
845
745
756
786
852
732
619
703
828
731
734
768
829
744
610
774
822
737
605
789
822
734
764
808
702
736
608
771
797
829
736
772
801
727
731
785
800
705
745
768
803
711
739
765
802
727
746
774
800
723
747
655
803
703
735
758
666
702
737
772
799
828
733
763
803
708
734
760
807
714
740
769
797
698
730
765
798
852
754
773
813
728
745
793
797
709
706
771
812
849
741
766
826
726
755
782
808
719
778
798
837
738
776
793
829
762
764
795
827
747
778
810
859
766
759
790
834
780
753
809
835
729
758
798
832
738
785
809
847
746
764
804
846
758
762
811
836
759
778
787
815
728
761
801
831
726
754
777
752
735
773
780
823
757
778
805
814
736
775
790
826
711
763
798
816
728
756
797
815
724
754
792
817
762
780
783
830
751
764
760
841
748
751
782
831
749
769
792
723
745
630
786
844
611
771
807
828
763
766
663
721
752
630
813
834
717
754
780
815
749
663
644
868
589
631
695
814
722
772
809
819
746
637
787
825
736
878
791
824
743
635
822
826
735
750
795
839
749
779
787
721
770
614
793
832
748
627
776
938
710
631
690
829
718
777
790
819
747
773
665
813
759
624
842
790
725
771
763
815
710
737
772
722
703
740
768
805
714
752
643
688
719
742
785
806
723
611
644
817
720
615
773
804
711
733
764
681
719
614
770
804
714
745
815
803
705
735
781
806
713
742
644
807
693
737
790
808
721
747
788
804
708
611
1423
859
828
743
772
799
710
747
780
806
716
787
781
803
725
755
780
811
707
749
842
818
713
738
777
806
725
738
760
800
735
755
780
805
701
739
780
807
711
740
771
801
746
747
769
799
829
731
766
795
708
736
770
801
710
739
774
811
704
732
766
800
836
736
768
816
704
736
780
808
702
740
763
713
825
740
759
797
839
737
762
803
700
733
771
793
705
740
763
1103
866
723
815
839
740
769
803
706
746
774
805
706
733
768
712
824
732
769
804
833
737
762
797
831
733
774
797
703
734
771
805
704
737
763
808
831
731
774
802
707
733
763
797
828
730
816
791
698
734
757
800
828
727
763
784
697
735
764
795
699
732
776
799
703
738
768
801
831
722
739
813
712
734
777
806
726
775
750
796
816
747
751
793
719
754
788
794
830
734
774
807
726
763
803
817
720
757
792
830
730
716
736
784
728
768
789
833
824
749
785
819
727
753
780
813
725
761
793
829
716
755
799
826
725
755
783
801
727
750
784
799
822
758
790
820
838
831
786
823
719
739
753
819
723
743
796
822
829
749
785
798
806
736
786
808
815
756
779
801
720
749
787
820
818
746
783
812
721
759
809
820
717
728
760
798
727
757
785
784
718
750
762
794
700
732
726
804
701
722
788
802
720
822
759
786
824
724
783
796
719
832
817
813
718
743
777
820
827
748
781
802
718
718
769
816
718
750
779
811
718
748
757
780
801
726
780
803
715
729
779
811
756
744
754
762
712
742
776
805
778
746
780
784
711
745
778
811
713
745
780
765
712
745
773
801
821
723
778
813
714
753
769
724
705
709
777
809
711
754
746
807
815
807
783
738
712
748
721
792
710
724
773
810
826
724
779
813
714
724
780
807
806
741
711
801
709
743
776
817
794
739
774
807
710
743
748
807
825
722
774
798
713
820
773
817
797
741
723
803
709
742
723
774
790
801
767
769
785
716
771
798
796
807
790
773
798
736
708
801
714
715
754
776
809
746
748
751
821
834
822
767
811
733
757
794
791
782
766
794
755
714
765
767
809
728
767
774
813
716
734
751
822
718
717
811
805
814
747
780
793
708
749
784
812
717
744
712
816
737
745
768
800
712
770
763
698
732
713
804
801
732
769
799
816
815
741
777
788
829
757
1269
806
806
708
774
798
710
771
781
757
697
755
801
809
707
733
772
793
712
719
766
811
816
725
761
797
714
728
775
796
716
712
788
826
725
754
752
792
720
754
785
772
717
739
752
818
721
740
761
792
823
753
767
761
717
733
768
824
816
826
753
704
701
719
752
796
824
747
749
808
817
822
782
790
702
707
784
812
823
702
765
789
715
752
782
800
705
723
766
1151
987
818
625
884
853
832
851
831
915
817
963
917
901
948
851
905
914
904
944
877
886
822
837
832
880
958
834
863
903
873
853
952
898
819
825
882
910
827
852
846
904
880
842
869
914
920
815
885
899
924
829
869
919
908
828
952
890
823
826
883
900
889
823
842
912
924
846
920
891
922
847
862
899
923
815
878
909
930
947
912
897
824
935
858
908
841
848
841
902
932
848
858
885
926
831
881
891
917
860
864
873
813
928
924
884
904
884
936
867
943
935
860
850
860
844
876
869
872
848
877
909
923
926
882
901
949
828
858
893
818
809
822
892
926
930
878
866
951
831
860
912
919
844
824
859
933
835
906
885
925
850
851
887
928
846
956
911
930
844
868
905
935
938
849
912
847
934
844
888
937
821
858
905
949
958
861
883
924
827
854
874
924
840
877
905
923
845
841
870
950
865
898
896
909
935
848
857
911
930
967
899
943
948
862
856
945
817
861
874
909
810
872
859
936
827
848
882
921
909
871
884
918
850
845
910
900
938
820
880
945
843
924
928
950
864
864
859
909
931
870
857
806
945
868
888
886
864
845
893
910
836
859
905
923
952
871
902
900
864
831
922
916
818
859
874
942
937
866
883
917
944
845
958
918
838
846
859
918
962
857
867
923
835
862
893
958
922
838
872
886
837
946
858
938
928
868
843
893
840
868
920
893
926
882
899
934
932
833
904
953
981
943
895
907
849
846
866
902
837
860
846
960
834
835
871
930
856
872
866
856
939
861
890
911
951
965
902
897
831
887
889
886
833
859
864
909
964
832
895
929
817
881
860
906
926
839
876
898
882
825
859
912
945
944
897
901
915
841
849
900
922
866
862
842
910
938
874
930
891
910
869
909
899
915
852
872
905
829
861
945
907
837
844
874
937
847
855
876
877
950
861
873
904
830
867
872
930
890
900
895
1310
840
894
822
935
825
878
872
891
935
873
900
892
931
850
893
896
824
870
849
935
900
870
896
898
823
836
885
925
938
823
843
930
911
928
864
885
827
865
870
902
929
867
889
922
944
830
910
937
826
822
861
902
839
860
867
899
826
839
899
915
934
847
891
908
839
862
863
897
938
832
940
923
926
943
833
918
936
821
868
883
921
832
868
880
937
828
888
918
1099
980
897
725
592
765
760
798
731
795
677
696
766
771
795
693
761
813
703
697
764
796
789
731
747
730
701
730
767
735
799
729
734
737
674
728
750
796
724
714
761
773
696
707
683
795
699
732
761
730
793
729
749
797
780
704
763
741
694
698
744
795
698
680
737
795
697
706
738
670
672
691
764
795
757
707
760
798
788
708
757
795
794
702
702
762
696
703
702
778
678
712
741
726
761
710
737
776
748
710
772
753
678
681
741
769
804
783
732
767
810
723
722
750
797
580
761
794
783
698
612
757
803
698
730
741
691
568
711
758
693
783
717
787
694
567
745
767
806
723
742
787
774
722
606
660
692
799
754
769
795
724
724
788
694
709
692
769
804
724
751
790
739
779
733
783
800
826
737
736
789
692
734
659
769
693
710
635
687
693
730
737
780
720
749
748
783
720
673
719
685
652
748
731
790
560
691
765
692
683
711
749
684
718
751
764
780
673
752
785
676
703
690
755
685
686
720
750
778
702
702
761
688
795
789
745
681
703
747
731
683
700
746
784
779
697
752
780
766
701
708
767
689
717
707
757
683
711
724
769
778
699
746
777
795
780
691
773
752
714
695
757
761
804
749
751
684
667
731
749
811
711
728
741
682
682
721
778
774
683
747
756
679
784
721
777
765
690
716
725
679
714
703
753
781
711
747
777
685
802
719
781
679
711
723
709
793
695
741
728
773
696
693
772
784
717
699
687
807
798
750
732
786
710
714
735
768
813
723
757
774
799
726
749
809
711
727
778
786
718
717
764
678
684
728
770
785
695
755
757
710
747
738
750
741
700
700
774
783
683
714
755
803
707
738
737
802
703
718
756
785
794
721
768
807
771
739
733
806
762
695
745
755
700
732
750
799
689
737
768
789
693
713
758
788
803
737
753
801
704
701
767
760
682
693
767
782
702
733
728
727
1182
743
688
725
783
690
740
751
771
685
708
760
678
698
708
749
802
710
705
773
794
798
617
764
680
686
742
774
646
702
740
770
777
710
738
744
785
675
743
762
799
687
701
760
779
695
740
725
799
786
760
772
787
727
733
776
804
709
764
776
799
686
729
765
800
729
764
790
675
716
742
748
682
730
729
793
797
715
761
748
696
716
763
760
695
695
741
786
803
1137
927
913
703
698
807
808
751
798
817
816
767
747
768
785
719
780
799
718
712
801
807
707
743
740
781
743
868
769
809
710
813
769
824
755
817
752
782
796
739
750
804
705
715
751
780
830
722
750
764
710
736
754
798
813
704
731
798
840
721
741
778
795
729
788
820
789
724
737
796
708
705
765
766
815
750
793
772
794
740
725
772
812
717
716
757
804
816
744
771
797
729
745
713
786
702
792
772
832
725
726
809
815
716
774
770
790
831
772
783
809
811
704
796
851
728
707
799
803
809
743
753
769
816
729
788
835
783
749
760
776
802
814
761
785
724
731
743
811
850
735
773
807
793
728
779
797
814
739
727
792
834
735
748
797
796
740
786
791
807
740
727
773
832
731
724
788
700
816
786
791
813
697
740
782
734
712
747
792
798
741
737
817
829
747
763
755
813
821
727
792
816
728
732
772
824
729
741
798
805
866
760
770
831
712
729
819
815
730
736
764
718
726
757
799
758
727
750
795
860
802
730
779
706
717
714
755
803
727
718
785
826
804
762
791
803
816
729
791
809
729
742
792
800
700
755
767
823
737
728
774
751
726
746
754
828
731
756
806
791
844
771
826
831
834
770
775
840
716
762
748
792
707
773
784
821
828
769
796
769
730
743
832
789
721
763
784
834
874
773
776
834
747
816
851
825
757
777
810
841
734
760
797
712
760
787
829
716
731
789
809
827
763
792
805
810
783
811
781
832
737
748
820
810
866
775
813
722
716
801
815
730
706
784
805
816
830
759
810
816
738
784
774
812
830
788
781
815
771
710
820
823
730
791
832
831
758
763
802
822
780
783
759
729
704
762
812
813
726
771
820
823
748
793
790
834
745
752
775
719
710
784
807
806
735
790
802
828
730
797
815
832
717
730
819
834
737
800
778
838
753
755
821
813
836
794
815
726
736
781
831
1202
764
808
810
820
839
754
789
721
842
744
808
862
714
793
825
801
770
769
805
714
722
786
776
845
733
841
808
723
836
811
820
822
723
769
819
702
857
787
803
823
746
794
748
827
836
786
818
846
834
754
791
827
737
770
819
833
848
776
798
797
777
725
815
840
720
754
836
822
732
769
821
824
847
740
819
848
757
747
824
849
730
791
767
830
778
797
752
786
1096
812
826
618
856
853
861
864
897
914
922
925
854
915
845
839
888
915
843
840
864
928
911
824
891
901
931
847
882
930
883
845
876
898
907
854
862
914
931
818
881
910
816
803
843
907
874
880
830
875
906
846
881
928
907
935
879
884
920
879
826
859
919
810
876
899
930
933
855
892
811
859
848
909
811
847
867
877
875
850
854
923
804
830
889
943
814
795
868
918
937
839
823
879
813
910
912
877
916
852
863
927
963
863
840
896
818
813
858
885
805
799
844
903
844
819
844
890
901
847
867
865
916
816
841
885
908
826
814
904
911
844
852
893
923
839
837
885
807
824
855
866
807
837
864
876
892
801
839
887
919
814
862
924
833
788
835
889
811
918
843
839
917
834
905
877
943
837
857
907
916
846
848
929
832
801
867
928
931
836
846
861
916
850
834
819
906
828
865
904
897
834
845
898
913
824
830
873
795
814
812
910
811
806
853
925
815
864
876
849
922
821
873
907
915
824
943
906
808
924
898
901
925
841
819
871
826
943
877
886
896
827
896
909
914
816
878
912
811
936
870
855
802
817
882
907
953
914
849
905
939
845
850
844
810
816
876
931
906
838
845
887
913
925
855
916
907
824
843
914
931
848
840
872
909
869
857
885
885
940
840
905
942
922
870
882
823
844
873
859
909
837
849
907
916
810
821
890
926
841
892
892
894
830
866
881
819
921
841
877
916
824
852
849
935
851
862
847
816
856
860
903
859
803
828
910
935
910
925
857
877
835
844
865
869
798
809
890
918
905
894
852
907
880
899
817
913
860
807
896
929
864
915
879
884
840
910
894
900
806
828
869
919
819
824
865
899
791
858
897
900
817
823
863
898
805
824
881
864
833
814
854
787
915
796
854
918
860
834
829
873
827
846
897
947
859
849
886
797
863
823
837
847
828
846
853
916
819
846
838
901
1185
899
844
877
913
816
854
914
796
819
880
910
799
818
835
781
806
797
876
846
811
847
839
904
901
829
889
878
869
846
876
911
800
904
839
898
810
809
860
891
915
818
839
875
904
801
869
880
900
845
858
905
816
841
849
885
890
825
863
890
812
801
886
895
814
824
843
885
844
821
862
863
797
847
875
903
909
821
836
904
923
840
849
842
877
808
834
874
934
1124
889
809
722
777
675
687
711
725
685
692
714
636
645
710
706
639
657
639
740
628
635
682
735
638
657
639
724
613
632
670
615
735
652
823
724
637
637
694
727
688
678
673
695
637
620
684
729
736
673
637
732
618
649
671
710
630
705
698
689
622
643
667
739
715
633
703
707
637
646
665
720
616
674
687
711
639
670
669
698
618
628
706
738
732
660
657
739
716
725
697
697
616
663
662
839
623
653
671
729
732
648
699
705
636
669
664
697
726
652
671
710
632
617
671
730
687
662
627
661
609
641
677
690
632
647
699
715
714
622
643
724
734
645
698
653
619
647
664
726
717
620
652
726
629
645
683
657
628
627
608
688
678
517
691
694
599
728
674
692
730
642
654
689
632
662
663
841
614
655
673
677
729
643
656
720
708
660
548
525
742
631
700
721
719
609
669
721
626
644
655
667
710
660
673
704
693
627
693
681
728
640
661
693
730
641
644
708
727
722
674
694
626
633
679
705
727
659
666
720
731
655
659
688
629
736
693
705
571
614
634
718
716
621
736
833
626
660
674
717
671
627
663
678
714
651
632
719
706
713
666
682
733
736
650
711
714
636
669
691
624
650
663
706
685
652
689
693
735
728
664
693
726
729
730
586
620
608
654
703
610
651
674
657
668
635
552
703
716
639
645
701
734
605
657
691
688
626
624
711
621
626
652
709
623
703
680
667
705
646
679
718
704
721
670
715
733
626
654
708
723
624
650
665
728
616
664
680
717
644
659
701
710
628
641
693
655
741
680
668
613
717
755
712
617
718
652
670
710
649
662
686
731
634
682
673
728
627
679
682
722
635
649
685
718
622
631
666
744
627
606
690
731
652
683
698
696
635
681
698
722
626
638
670
739
624
623
684
715
653
650
674
621
638
790
691
617
627
634
689
715
649
682
708
714
709
653
684
616
653
642
1085
638
628
644
686
724
630
679
681
731
707
660
704
723
622
665
651
728
646
646
705
712
733
627
676
739
628
650
668
697
639
673
712
696
635
681
698
690
741
677
687
745
737
664
670
711
627
629
681
646
626
670
660
722
646
658
699
693
616
676
706
701
623
666
691
725
718
660
667
719
643
629
628
708
639
669
689
640
719
668
658
696
621
731
693
721
698
616
669
1120
968
821
704
743
770
805
788
711
744
770
812
709
748
804
706
721
724
799
705
719
730
788
829
735
749
722
801
737
770
787
796
776
755
802
708
820
748
752
777
703
739
785
825
711
720
748
702
736
765
722
792
703
813
775
791
703
740
799
700
823
755
795
812
733
731
774
814
732
740
769
808
736
765
758
770
811
710
799
816
705
816
765
829
781
745
786
802
767
760
770
813
732
808
794
786
728
781
788
785
818
771
795
810
809
742
757
807
737
736
777
708
820
758
773
733
801
763
761
697
710
741
777
695
822
736
746
698
713
771
757
778
816
733
792
795
700
711
759
701
723
770
773
749
824
741
750
823
856
822
784
818
710
749
774
799
728
759
763
775
728
763
755
780
792
710
760
777
808
717
742
794
699
712
705
797
804
752
747
749
757
805
732
804
698
715
742
740
791
728
763
792
794
799
759
785
711
708
724
746
822
729
724
776
781
824
762
766
836
699
718
770
694
719
741
783
813
727
718
804
825
823
762
736
781
733
714
775
788
718
723
733
800
733
757
792
768
815
747
719
819
711
819
742
805
702
740
737
801
794
738
773
804
706
736
748
824
725
758
789
792
704
729
782
804
801
734
770
798
722
795
769
794
702
731
770
818
710
739
750
743
722
754
789
806
714
705
761
809
717
757
742
818
808
723
785
780
828
734
734
814
726
733
779
804
811
695
796
778
714
760
732
814
705
740
774
737
831
747
761
817
714
716
783
780
731
755
782
789
805
706
779
751
816
756
739
798
815
728
772
776
715
753
764
804
819
705
770
814
711
739
769
795
719
723
722
812
810
759
776
779
799
713
715
808
835
736
729
811
719
728
782
719
763
746
779
821
701
811
732
787
722
737
778
761
808
754
763
796
787
742
766
784
712
744
774
807
711
713
761
801
804
745
779
774
835
742
797
830
808
724
1293
808
759
768
757
804
704
767
718
846
732
750
784
784
750
784
794
818
813
834
803
852
862
763
848
806
754
757
813
832
813
737
773
825
730
730
786
808
717
775
800
796
705
737
767
737
847
713
759
797
845
762
773
835
839
755
787
798
756
755
812
805
726
747
833
838
736
778
739
810
722
759
785
772
841
748
731
841
717
852
794
813
804
780
778
791
838
732
764
1142
1034
922
841
857
902
887
797
838
895
789
804
822
872
786
815
853
882
903
826
864
855
899
801
867
861
890
820
813
876
786
897
855
884
897
810
823
884
809
833
852
892
889
810
880
911
891
819
874
856
884
802
808
906
810
834
836
867
811
852
874
785
904
847
882
886
815
816
843
906
788
821
829
897
787
820
847
910
790
816
842
872
810
836
854
854
898
800
880
914
864
815
883
851
809
904
832
899
807
843
805
882
785
834
890
876
897
814
878
905
891
911
861
904
880
829
869
881
898
812
861
881
810
825
826
887
805
837
838
897
887
839
871
878
872
784
854
902
790
783
845
896
861
796
817
874
777
838
860
848
907
828
847
901
891
794
850
854
807
815
871
873
803
790
828
899
784
833
818
893
803
796
848
906
782
795
864
877
880
818
862
878
804
796
834
858
807
819
823
877
805
837
853
852
901
824
832
870
797
810
865
864
896
827
812
894
897
908
835
863
782
835
785
845
806
800
858
878
905
826
831
883
876
826
845
894
901
882
871
877
886
810
791
897
796
919
827
821
894
806
842
854
890
810
843
856
906
816
817
858
774
794
860
890
777
804
860
850
792
822
841
879
885
810
857
851
817
807
832
893
861
810
859
894
888
818
821
836
788
809
853
855
796
827
826
892
777
788
829
853
790
804
835
871
891
819
849
836
896
802
855
889
793
791
858
867
894
825
914
884
889
825
839
845
900
805
853
886
871
782
809
885
793
811
851
831
791
804
865
861
791
814
851
856
893
796
825
882
896
818
855
862
905
806
855
882
787
809
815
833
784
816
848
876
895
906
848
857
901
860
848
880
862
800
833
883
783
802
850
796
879
821
806
878
865
786
899
878
781
799
817
841
785
798
841
870
902
788
849
879
837
913
826
874
893
820
825
895
869
819
823
853
792
779
849
854
858
848
829
860
905
1330
846
896
782
816
852
882
878
804
823
832
908
795
822
840
784
801
816
871
859
898
828
859
905
782
829
878
895
795
845
839
780
813
807
876
906
889
890
839
781
792
868
858
891
909
837
829
783
904
819
885
875
791
820
876
779
792
820
799
779
811
809
877
873
783
843
849
778
807
805
842
871
856
829
841
855
804
824
877
911
887
795
844
890
809
905
859
876
809
1205
859
900
846
760
755
801
728
723
794
697
697
733
743
732
728
728
789
678
700
758
772
682
713
754
763
806
709
759
790
759
724
729
763
687
709
704
763
693
724
703
753
692
706
749
706
685
782
755
787
813
705
757
742
785
824
737
793
794
704
730
749
684
594
691
763
803
723
627
790
807
705
750
784
661
705
794
784
690
580
741
762
811
696
590
786
790
718
753
763
665
719
751
762
803
706
753
735
675
699
716
780
687
799
723
731
687
765
725
743
692
689
746
785
780
702
750
777
784
679
726
783
686
723
721
751
689
718
751
763
814
686
737
752
799
719
734
766
704
806
747
781
796
817
731
773
764
716
713
777
791
721
758
717
688
708
707
779
783
792
727
780
819
692
694
779
798
713
714
729
757
708
742
751
811
690
706
752
812
714
729
750
767
717
743
778
681
754
747
746
812
709
688
761
806
703
722
744
790
806
697
771
767
777
718
777
791
785
741
722
792
715
707
774
752
708
744
760
793
709
753
653
813
749
804
727
789
725
669
728
723
748
705
731
691
737
764
707
770
798
792
705
813
692
739
744
772
707
718
749
807
683
711
749
801
805
710
770
805
793
710
770
733
701
694
755
801
705
705
747
742
702
606
769
769
800
706
768
803
794
802
732
754
703
718
750
801
798
711
742
779
693
723
691
779
780
735
766
782
791
729
764
767
689
699
739
802
704
737
719
767
687
734
639
765
702
719
612
801
801
806
769
798
797
735
726
798
684
703
746
739
800
806
750
780
701
713
733
759
787
712
763
798
776
816
764
794
795
713
699
800
812
714
771
791
771
702
690
754
694
717
735
758
813
734
748
790
790
688
766
780
805
703
750
798
801
711
612
779
698
729
734
749
792
728
758
707
746
805
761
795
806
727
687
759
694
785
761
778
668
694
734
761
566
723
734
765
810
711
744
758
1204
770
747
805
787
748
758
763
816
807
757
817
696
727
750
767
810
740
753
774
801
706
741
789
848
715
712
780
807
735
805
760
772
732
700
790
808
769
762
740
698
717
785
794
683
706
706
789
806
727
754
741
792
799
799
805
809
698
723
771
700
731
742
771
802
705
752
802
712
709
701
782
707
798
751
756
796
706
729
833
823
708
734
769
690
717
794
770
792
1149
1007
858
632
875
805
815
841
842
911
916
851
901
871
809
855
876
805
818
843
899
920
707
864
889
914
837
867
886
802
922
870
845
802
836
829
894
875
810
863
872
886
793
834
898
891
835
846
727
893
932
838
864
897
913
821
843
876
808
828
850
890
803
809
856
878
918
841
876
891
912
825
929
901
937
822
817
900
804
810
713
866
805
837
846
903
910
911
872
892
804
852
845
885
912
816
874
903
941
816
857
926
825
863
835
889
913
858
894
977
927
861
897
906
824
817
889
888
821
840
832
795
828
862
891
762
810
831
742
908
902
819
871
892
832
850
886
871
809
845
889
903
825
905
889
921
825
861
804
866
813
851
840
879
802
806
871
921
915
835
850
917
925
811
885
839
803
831
871
895
819
849
839
915
817
831
874
881
804
856
887
875
798
838
868
916
823
914
869
897
817
845
835
920
822
841
839
881
900
823
845
922
921
852
858
756
917
834
883
884
820
826
858
918
822
852
849
913
918
815
868
885
821
826
868
911
892
797
883
885
799
804
874
896
814
827
854
900
816
832
829
882
924
830
882
898
915
829
863
898
795
817
882
913
898
804
753
896
893
822
831
768
811
833
880
891
814
847
690
907
907
848
876
907
900
831
751
916
690
823
831
889
814
844
838
886
906
696
828
827
868
912
832
862
893
921
854
837
880
680
829
860
918
906
803
870
914
820
838
842
915
809
832
873
901
908
851
883
855
796
817
877
887
917
811
869
895
823
817
871
885
791
836
881
887
815
849
853
916
914
848
877
838
809
908
877
897
811
822
835
913
835
865
834
898
793
835
894
889
930
805
839
785
926
849
822
850
805
823
877
899
908
847
833
892
814
854
868
899
809
800
861
827
918
841
855
885
811
822
855
887
810
832
838
898
801
816
873
848
807
834
869
761
898
846
838
909
926
848
821
881
1170
861
886
868
916
864
825
900
801
841
849
917
912
844
904
916
812
843
808
894
906
816
888
880
906
844
874
917
911
837
852
915
821
828
879
798
902
867
883
800
831
805
881
897
920
863
866
884
804
820
900
930
816
835
887
873
835
855
895
902
831
920
879
901
919
824
866
896
800
825
848
794
905
872
859
913
832
846
887
799
926
881
892
922
807
821
843
906
825
1144
916
966
711
833
899
775
781
841
817
784
790
811
870
776
773
804
861
781
812
843
847
762
802
849
858
778
770
826
858
759
776
824
875
868
807
822
839
857
807
794
853
796
793
841
817
766
790
858
887
759
762
810
855
804
898
826
838
776
787
818
866
777
811
843
842
885
816
876
846
773
759
835
861
891
809
822
869
875
793
823
848
779
770
809
857
774
791
819
836
873
801
858
876
885
768
837
845
903
845
785
834
769
884
834
888
869
805
790
850
788
802
822
875
861
774
854
882
879
783
809
857
785
766
795
871
858
811
789
846
797
878
837
852
858
824
832
830
886
769
780
886
886
778
794
841
775
789
800
833
764
884
832
827
769
789
803
864
852
789
838
819
877
778
822
841
866
797
789
864
868
814
757
844
871
798
827
833
848
889
791
811
852
765
815
850
878
785
809
859
757
766
831
821
762
756
814
848
767
798
791
831
874
772
825
861
850
881
810
863
875
766
780
859
871
778
780
840
866
764
821
809
842
880
804
831
874
782
866
769
856
851
793
856
848
775
793
823
760
801
845
810
869
762
800
860
850
760
808
853
867
771
812
838
800
781
793
840
769
756
819
836
869
792
790
784
874
792
821
856
874
764
800
858
757
757
786
816
869
826
798
777
852
797
796
795
841
762
801
851
846
760
849
818
855
798
792
849
867
785
755
852
872
772
794
801
758
779
832
812
870
884
820
827
846
880
779
829
752
769
810
821
755
788
785
839
758
886
808
818
861
771
817
808
855
780
792
848
760
880
798
847
880
887
752
800
884
804
811
816
855
792
798
833
835
857
867
815
842
878
814
851
844
874
770
848
752
786
775
834
869
767
816
830
803
779
787
831
774
760
767
827
760
866
783
794
834
782
792
822
850
887
762
826
880
876
814
816
850
754
810
847
827
872
809
843
878
886
872
808
873
1159
790
776
853
782
809
842
861
777
776
841
878
769
809
826
829
766
779
844
877
855
786
806
897
859
879
779
874
761
762
836
787
758
807
819
859
880
866
809
872
779
859
839
838
767
795
807
858
776
849
841
840
761
789
810
856
863
802
839
820
772
778
834
875
770
885
812
878
780
789
802
860
761
792
838
845
869
798
825
874
858
808
839
861
775
786
839
852
889
1159
980
881
646
745
784
848
741
724
807
853
870
887
811
695
686
904
802
947
718
858
777
836
738
783
883
700
685
874
777
822
881
685
721
938
723
776
819
796
704
753
771
709
736
728
723
704
699
752
768
806
739
735
799
703
839
763
796
777
856
768
920
834
732
773
793
702
754
769
725
829
737
766
771
818
888
751
767
926
736
855
784
695
689
745
799
701
730
722
719
765
734
780
778
776
788
738
923
801
703
743
787
786
808
888
800
699
780
691
732
796
855
759
770
796
697
761
874
805
711
709
775
704
713
758
796
904
724
743
815
830
839
873
763
696
748
761
922
807
727
718
741
707
813
761
801
712
717
780
771
697
713
768
785
790
700
728
812
685
707
710
777
791
858
770
735
719
851
901
766
818
675
758
794
696
694
848
880
806
747
745
772
739
834
868
756
687
838
678
740
796
736
733
787
794
706
757
784
689
705
694
785
932
735
863
774
947
723
752
751
688
689
723
782
794
718
741
766
798
762
753
898
803
801
751
893
802
702
723
772
690
680
739
698
818
698
860
781
799
695
726
737
794
703
880
879
908
723
722
917
743
826
850
863
908
674
856
883
783
716
711
911
787
718
713
747
681
807
859
911
917
829
872
902
912
772
836
858
682
839
696
783
781
696
749
871
683
700
697
892
683
712
727
720
750
695
860
745
809
801
746
763
763
709
792
753
783
682
748
760
933
858
682
863
921
689
878
757
810
805
742
870
680
710
821
854
777
696
744
744
805
807
728
906
821
710
742
754
775
722
755
777
781
754
835
740
797
710
702
747
782
822
746
765
805
797
727
757
924
685
849
872
807
696
713
760
909
848
686
758
793
694
907
736
727
704
745
769
788
677
708
768
810
701
717
729
803
689
747
756
820
941
701
910
769
721
746
730
802
708
727
772
797
688
725
719
898
813
813
757
800
1197
778
735
812
710
724
693
782
729
733
797
795
782
734
770
786
689
725
744
777
817
733
726
804
802
689
950
779
817
746
769
755
797
722
800
797
687
699
797
806
724
701
767
797
720
717
725
800
702
706
783
792
729
786
773
765
746
755
642
776
834
829
762
799
704
740
750
778
760
702
853
881
699
724
772
758
688
745
761
783
805
701
770
772
703
691
736
926
832
1177
935
812
765
645
788
778
710
725
778
799
726
710
760
810
820
749
756
763
773
790
774
775
687
734
737
810
718
743
698
724
799
755
740
807
685
692
762
822
689
706
745
678
802
758
753
808
694
718
775
756
699
742
758
757
779
754
782
770
791
763
716
775
824
685
730
807
705
741
762
788
682
721
769
767
722
826
762
800
787
738
758
790
703
699
765
776
709
718
717
800
690
729
729
791
685
734
769
799
783
739
769
784
807
719
760
843
823
731
778
793
712
757
739
789
711
706
756
765
693
745
779
791
802
765
803
778
711
682
771
810
711
738
734
756
824
767
801
795
708
734
776
797
805
715
770
776
680
690
757
767
676
708
828
792
716
700
709
796
698
736
762
804
819
737
765
795
786
756
736
773
784
779
724
792
786
702
703
729
800
727
728
705
797
712
705
764
775
689
711
753
691
792
777
746
800
730
749
778
683
714
712
792
698
694
778
775
801
734
755
773
791
728
708
776
703
788
768
805
804
689
722
766
714
748
760
734
697
787
695
750
781
707
731
766
781
729
758
766
791
792
704
796
687
719
805
720
778
593
761
761
786
726
740
788
797
703
731
786
802
708
781
792
676
724
699
784
692
713
755
736
792
695
739
801
783
779
679
781
702
681
684
740
796
798
715
793
802
721
754
741
781
739
739
772
801
692
739
795
786
716
750
786
786
711
817
743
684
736
688
800
692
720
752
729
785
703
749
788
759
797
747
650
681
686
723
705
753
689
725
758
768
788
702
685
803
688
703
714
818
686
716
788
769
711
712
785
706
691
746
782
775
681
712
768
803
688
720
721
705
715
752
743
788
697
746
788
814
783
727
723
788
721
689
776
685
684
726
732
681
712
743
776
737
696
748
776
811
712
712
756
681
680
743
771
734
726
726
778
804
681
683
715
777
711
738
777
719
711
729
786
1193
780
690
760
805
687
719
746
754
800
746
774
786
677
740
770
755
708
740
716
789
722
717
762
677
679
687
767
765
712
724
712
805
769
705
754
756
686
711
745
675
681
739
756
777
702
696
751
802
682
739
714
689
687
734
765
768
705
718
726
789
680
734
771
799
783
702
769
805
704
674
768
731
705
736
753
770
682
723
767
745
782
735
798
776
783
734
748
674
1143
790
751
706
849
886
875
818
856
886
809
794
804
876
885
842
852
778
787
825
872
862
805
840
852
772
888
792
848
886
874
791
843
867
811
811
857
890
812
825
836
774
794
820
878
842
808
815
881
890
880
808
803
865
877
885
783
873
870
798
824
845
778
811
790
861
772
816
825
860
872
813
825
855
871
792
832
856
888
774
845
863
885
779
808
876
779
863
829
830
869
807
840
848
851
790
843
854
778
782
823
867
885
816
789
856
889
810
813
839
777
766
834
878
847
811
842
849
860
809
818
871
772
906
792
863
779
785
805
831
779
780
796
813
896
894
839
877
872
777
831
847
776
776
838
848
891
809
823
813
797
803
846
858
799
818
866
869
772
832
839
769
780
794
845
858
796
781
864
880
774
832
831
766
786
798
842
856
796
829
820
836
882
832
798
788
800
782
840
906
793
830
824
862
772
827
846
846
889
835
808
765
772
803
808
889
852
805
858
876
858
807
834
896
794
803
807
857
793
793
861
817
791
822
843
861
885
805
837
871
775
873
859
856
790
698
824
891
892
794
860
838
871
819
821
862
893
799
855
892
885
795
843
891
792
801
833
865
793
798
825
885
788
788
854
855
771
788
850
854
878
823
856
897
785
888
854
886
773
817
812
835
791
823
833
860
793
788
829
895
863
821
855
870
892
780
825
881
771
784
801
884
868
819
876
852
885
819
805
820
774
824
827
877
873
826
801
878
785
890
853
886
887
805
823
869
790
819
803
830
894
778
853
880
849
836
825
841
784
781
823
884
788
798
800
881
890
813
830
833
877
782
821
819
784
804
825
882
810
798
846
879
892
776
799
831
862
814
818
838
878
889
830
836
773
785
802
858
879
816
833
826
885
799
833
878
885
878
787
875
882
789
807
820
768
812
843
878
776
774
843
852
886
812
827
828
782
778
780
879
889
1308
880
815
776
790
791
857
762
795
844
825
893
785
823
876
777
895
829
848
887
787
800
850
774
784
819
815
889
807
853
856
874
778
803
854
890
771
842
872
864
782
792
863
778
803
805
820
851
760
808
878
843
888
841
856
903
792
840
822
883
807
786
871
771
792
800
849
778
774
838
806
856
808
839
858
865
783
835
850
853
789
840
880
775
773
802
856
883
806
1137
981
929
849
742
791
786
817
735
773
811
825
756
764
798
727
713
787
819
721
725
782
800
830
753
783
761
819
756
769
800
832
825
767
793
785
734
787
749
724
745
795
806
824
835
744
819
741
729
789
749
831
710
808
828
816
839
749
823
750
751
768
803
701
716
770
852
710
729
772
792
739
779
788
764
827
735
761
813
833
739
775
776
797
737
770
800
720
739
754
806
721
730
791
765
712
764
808
820
786
750
780
796
722
851
757
792
832
734
773
805
716
748
748
735
749
728
782
820
787
741
812
828
881
747
769
775
843
788
791
815
791
717
754
828
853
733
759
770
740
736
775
782
820
731
754
794
719
834
748
816
723
768
763
797
707
731
756
785
835
727
778
811
798
724
778
777
822
724
764
764
830
824
774
810
820
760
721
805
806
718
737
726
822
723
746
809
794
821
772
811
786
812
777
747
709
742
722
768
812
827
752
767
710
742
704
785
782
740
772
803
811
782
755
812
711
723
739
769
786
750
750
807
809
713
746
746
823
727
723
752
754
741
773
788
819
802
769
819
704
720
827
801
707
823
769
762
818
708
769
802
781
736
757
798
808
705
734
803
805
741
745
788
764
709
707
753
831
713
745
775
830
735
741
750
754
827
735
800
816
816
770
810
822
744
720
799
724
735
767
738
710
736
770
791
810
862
731
802
835
720
761
798
792
818
746
730
776
737
697
782
807
832
718
736
805
717
741
800
778
835
767
797
828
780
728
799
833
732
723
792
825
801
740
765
825
740
735
793
833
799
735
780
784
831
738
795
802
705
722
790
823
730
715
783
764
811
773
758
828
729
816
769
787
732
763
769
756
807
780
794
811
739
840
813
810
748
780
797
784
747
770
805
805
732
739
796
786
875
757
791
785
831
804
809
860
839
833
798
835
844
759
738
789
732
763
766
809
738
747
807
1208
817
832
775
786
742
787
756
836
880
753
812
807
769
756
808
814
751
779
785
859
838
842
808
835
818
768
827
812
844
741
775
807
742
766
755
770
740
770
825
819
854
830
786
747
736
729
798
782
815
856
788
840
851
749
783
805
857
785
800
804
835
751
783
854
735
728
804
807
760
750
772
833
844
770
764
855
848
761
800
797
833
796
788
807
830
774
744
837
1114
929
905
650
825
869
900
825
860
868
850
817
886
918
798
806
899
817
789
830
857
886
911
782
881
857
792
828
808
865
898
807
808
872
869
908
867
875
873
819
888
865
812
829
839
840
877
829
789
887
915
805
792
890
904
830
857
884
881
801
819
903
789
813
812
873
905
835
876
893
864
825
814
888
899
819
833
860
793
866
858
897
898
800
822
855
761
826
829
869
894
805
869
906
899
796
837
856
787
909
863
867
884
811
832
912
786
809
853
801
838
848
859
884
860
801
791
875
923
825
857
855
874
904
885
876
891
911
901
856
904
823
824
834
908
843
881
888
869
801
827
804
899
783
807
892
895
801
854
881
900
809
833
801
822
795
721
891
852
904
862
916
901
820
851
837
819
809
839
894
792
771
837
876
910
908
829
812
811
811
867
856
854
791
801
885
783
777
827
845
862
836
812
879
866
805
806
855
790
783
861
818
877
903
861
898
910
897
808
858
908
791
846
828
885
795
846
909
889
789
818
866
914
788
814
840
869
774
837
863
869
861
807
826
858
807
788
857
775
792
813
840
897
776
837
859
870
807
833
852
859
890
834
850
766
890
825
828
770
803
811
850
900
659
833
870
880
771
801
831
810
882
679
865
770
765
785
862
884
784
797
850
840
801
833
831
858
796
790
868
739
785
810
849
869
883
871
732
768
897
889
863
879
799
810
816
867
877
807
830
895
797
771
832
850
805
830
868
849
882
781
845
879
784
783
841
857
872
811
813
763
876
777
858
867
772
703
863
828
891
831
860
877
794
789
835
875
800
815
816
868
892
808
812
889
787
789
834
875
793
824
861
863
847
808
858
891
789
779
823
846
796
827
798
876
768
802
717
862
796
806
820
838
764
824
835
875
764
810
773
873
785
772
827
873
793
833
822
891
878
820
855
852
776
800
858
873
880
829
727
856
1191
862
815
857
779
891
784
861
888
810
789
827
766
798
702
875
851
801
808
893
900
759
799
834
894
807
796
861
853
790
816
845
892
649
780
850
856
894
836
839
804
868
827
874
852
890
801
843
894
795
812
832
872
652
813
827
893
775
788
870
853
795
700
841
882
885
656
864
865
774
896
887
877
781
803
811
891
803
830
888
874
816
821
885
893
782
851
856
889
1190
1001
834
641
773
743
803
740
839
802
811
860
782
755
769
845
775
776
838
739
890
753
807
742
770
771
854
801
747
804
803
850
758
769
761
857
768
772
850
842
732
793
813
753
810
745
806
818
860
779
853
855
753
784
806
845
780
783
809
846
753
802
837
733
866
791
821
749
761
766
802
840
765
786
788
814
848
784
816
809
783
790
769
836
733
802
820
741
847
767
804
731
765
800
806
838
765
773
815
836
750
767
839
837
754
806
722
833
758
774
828
846
747
743
835
734
766
769
773
825
740
799
829
812
747
765
791
731
830
758
789
724
812
737
803
724
742
849
765
821
836
791
790
826
759
738
809
816
743
787
806
820
738
795
786
851
731
739
810
731
735
776
786
825
738
792
786
829
810
771
766
837
839
792
824
831
728
741
792
726
743
775
838
726
852
782
802
828
862
738
853
802
823
783
770
852
815
767
785
799
853
749
793
808
753
784
768
850
728
760
801
792
756
756
797
820
843
774
818
834
864
845
818
830
752
740
785
819
752
790
840
778
869
744
786
805
851
787
752
805
727
754
786
828
723
734
799
849
757
758
765
849
737
765
814
799
808
780
812
845
824
819
745
847
748
747
817
839
753
746
783
850
751
766
798
788
749
758
815
816
848
744
788
800
820
733
811
800
831
761
791
845
830
740
795
814
852
786
816
784
744
760
779
806
840
759
815
846
802
810
812
847
847
779
760
825
744
777
772
817
749
845
811
810
790
760
758
817
830
756
776
794
836
758
779
851
722
777
739
836
745
780
775
824
825
761
808
832
833
746
788
846
732
747
840
810
849
770
768
822
884
752
794
807
833
752
807
797
846
773
805
815
739
847
758
796
849
762
788
838
817
774
754
819
744
793
746
783
740
743
817
841
810
759
780
812
764
734
775
810
840
773
768
858
864
775
767
808
762
800
776
1230
784
832
827
845
755
769
836
832
761
770
785
849
754
795
761
819
864
795
804
775
838
761
837
806
862
756
801
823
770
746
790
851
858
747
795
865
744
788
831
765
859
867
789
815
865
856
786
855
843
859
794
795
856
761
888
816
846
747
763
816
822
759
796
756
858
775
811
807
844
877
785
826
888
891
768
829
758
808
800
814
836
755
838
821
859
769
783
811
1115
937
842
740
631
795
773
828
763
782
802
703
766
755
823
856
773
776
820
717
754
776
802
724
716
778
807
731
747
773
797
733
762
826
802
824
627
766
786
826
798
760
701
814
749
818
843
820
767
742
785
744
763
756
788
724
727
785
704
768
764
800
806
822
755
739
824
728
736
759
842
724
734
794
812
740
748
736
817
827
720
793
817
819
735
779
805
831
789
758
665
735
841
791
825
831
749
793
825
713
744
625
837
831
755
789
798
829
713
771
822
827
770
768
845
818
745
791
809
719
761
737
794
819
758
805
806
813
717
791
823
831
735
816
792
828
731
788
820
727
745
745
796
836
787
776
809
709
728
745
802
840
714
794
669
819
739
778
797
728
750
747
790
822
785
783
692
821
761
745
812
825
847
786
767
830
758
746
823
815
734
766
780
827
715
793
717
802
624
756
814
832
750
766
830
731
815
790
805
806
748
754
800
817
753
732
823
716
842
767
825
823
730
737
787
726
735
759
797
718
846
760
827
791
773
805
768
704
596
768
815
717
851
760
798
829
773
634
799
805
762
757
816
732
723
738
793
814
734
794
775
833
839
775
783
794
723
780
807
674
731
801
767
710
717
725
810
812
730
779
764
834
702
780
776
834
718
761
793
732
711
779
781
831
726
761
788
710
826
721
811
772
743
766
780
796
718
776
765
848
747
732
813
716
725
751
793
808
748
762
793
804
835
758
773
819
835
794
817
825
716
771
790
719
728
760
789
708
728
782
816
821
725
773
774
797
827
752
774
813
832
737
789
792
726
739
775
825
823
743
819
800
715
742
789
783
718
775
785
709
841
747
794
807
711
744
807
837
723
759
749
707
746
753
807
704
801
748
804
809
736
720
729
818
716
741
803
792
708
735
770
811
720
767
747
833
738
822
802
819
708
770
790
811
821
768
784
795
735
737
796
1201
769
778
755
785
839
739
748
809
811
737
771
809
710
743
759
782
792
738
770
802
777
714
782
806
710
715
736
807
838
716
730
707
829
719
769
790
791
742
780
797
830
726
755
795
816
727
749
806
812
854
754
777
706
740
751
777
802
712
752
806
813
739
788
807
824
731
752
803
822
725
733
800
785
779
727
796
835
714
753
773
808
746
776
795
796
729
747
799
1155
963
812
729
866
834
885
805
843
799
895
819
845
873
778
833
842
775
805
866
843
796
817
882
762
803
894
853
866
796
796
842
846
793
819
856
803
790
808
873
867
770
825
855
861
777
773
876
890
805
789
815
875
819
828
796
880
771
800
874
894
774
793
839
875
813
847
872
873
884
784
834
905
786
781
824
858
807
835
820
863
789
788
852
871
774
809
856
854
777
830
865
857
794
799
800
888
782
851
819
841
787
816
872
882
877
808
832
890
799
804
861
826
774
799
846
876
768
779
778
875
774
796
820
859
786
787
866
868
820
798
849
846
878
789
819
841
891
771
805
857
908
776
786
815
762
791
820
806
871
793
798
835
871
886
806
851
886
791
828
874
876
787
776
824
897
766
809
801
874
776
842
826
875
765
789
826
878
902
818
852
891
843
815
815
885
790
811
805
883
761
873
819
883
857
818
785
867
788
820
817
885
865
820
852
875
756
794
841
896
784
772
787
880
778
832
824
871
870
798
831
890
847
805
829
803
792
868
779
825
785
836
814
850
830
767
875
857
899
837
875
856
874
807
839
877
914
820
828
896
886
848
876
894
891
804
790
888
781
814
910
885
771
815
877
897
889
794
814
880
783
809
854
880
767
792
854
917
795
821
854
825
904
834
839
891
780
824
877
774
776
835
898
884
830
839
853
771
803
837
847
781
802
816
876
876
790
801
883
799
838
841
853
786
782
857
864
879
771
840
849
881
801
835
801
839
826
819
870
889
776
803
893
887
770
821
864
856
808
788
868
771
804
790
886
881
879
828
845
832
840
830
831
766
785
795
867
889
766
811
859
846
820
795
818
763
772
811
813
858
794
830
862
839
880
787
850
809
893
883
824
853
910
786
839
849
873
796
846
841
773
786
832
819
784
806
859
859
776
774
857
762
875
790
833
831
785
777
802
827
791
1317
850
843
805
813
847
891
881
872
841
886
802
770
870
772
804
823
867
882
799
831
862
872
796
892
905
847
813
799
849
883
876
865
882
871
798
775
844
780
770
814
791
881
891
839
888
863
790
786
858
869
893
813
865
875
785
890
854
898
893
808
831
847
818
794
848
856
790
808
841
847
774
808
856
874
803
818
835
873
787
777
839
891
770
805
808
881
786
819
1188
978
857
754
867
788
782
862
878
799
833
799
878
801
831
833
871
889
831
858
894
797
781
826
875
905
832
865
896
884
875
863
802
791
825
803
830
795
806
861
848
891
897
859
881
897
826
843
848
796
793
842
895
891
799
798
894
794
810
831
841
891
830
881
891
859
907
829
891
797
810
838
808
884
802
865
891
903
815
833
865
799
786
826
832
798
795
862
889
880
815
856
871
889
790
852
858
795
805
823
879
901
806
856
794
792
826
844
874
909
794
857
862
787
907
857
859
789
801
849
868
897
822
804
860
870
805
849
852
878
813
826
871
878
819
821
887
790
787
853
885
895
799
812
867
894
820
855
828
907
788
856
883
772
794
830
880
885
807
849
831
785
790
851
870
895
777
817
867
784
817
815
831
884
800
823
858
885
782
830
842
908
791
850
860
876
775
852
848
882
895
793
809
786
791
825
847
847
802
833
879
783
897
847
826
778
873
824
859
897
890
826
879
781
770
845
892
779
892
817
847
873
898
845
874
781
886
847
840
875
811
822
838
909
789
825
841
877
781
858
853
864
795
836
824
778
777
811
880
813
794
811
871
786
908
825
853
868
781
844
839
780
791
816
847
874
792
843
858
777
840
839
808
867
788
807
848
901
778
807
807
893
903
797
866
866
791
840
857
906
905
843
814
903
787
796
883
893
891
818
843
898
806
839
817
902
889
840
868
874
788
818
868
885
902
839
854
890
807
783
833
901
791
825
848
902
802
821
854
842
808
839
852
903
883
839
850
901
801
806
857
882
836
833
833
897
787
832
844
900
804
836
867
883
808
780
868
895
877
839
839
900
914
796
850
875
801
834
826
878
892
833
870
899
795
836
826
861
884
812
815
877
888
773
826
875
907
818
809
864
775
800
849
849
893
792
856
916
889
813
844
855
912
833
812
859
902
889
864
900
800
1200
825
875
816
837
841
879
924
822
888
897
907
827
846
886
811
809
867
885
787
822
841
906
932
881
836
850
824
848
866
852
889
819
868
918
802
822
831
884
838
861
835
883
816
904
851
869
817
836
882
875
903
872
838
870
825
806
870
910
814
804
860
899
906
849
837
906
822
833
841
860
832
834
850
898
892
846
886
895
802
916
851
873
835
819
809
832
895
805
1175
958
988
840
772
747
577
585
768
774
694
743
779
768
704
696
768
666
716
706
732
656
700
730
769
735
693
718
661
666
684
703
765
757
671
717
751
779
712
717
743
671
707
735
728
765
702
717
746
764
677
713
758
662
770
717
761
782
701
764
764
757
701
714
742
666
690
725
749
734
709
730
761
764
786
665
768
667
696
711
781
782
685
709
743
772
676
692
769
758
753
724
593
765
674
707
756
765
683
693
757
661
693
708
719
758
703
730
741
660
693
670
774
753
690
727
732
791
784
728
758
740
712
685
779
773
657
726
742
755
696
727
711
759
690
710
748
791
785
712
761
758
675
696
758
661
678
690
744
660
674
719
741
744
682
717
737
738
693
702
740
656
747
722
752
663
691
656
726
657
692
722
711
670
655
718
747
743
699
729
733
764
661
710
754
785
791
687
756
767
697
696
718
783
690
728
716
788
791
719
748
770
695
699
716
658
656
720
626
785
775
808
745
650
763
725
693
778
754
708
748
758
764
718
733
648
666
729
734
776
760
680
747
748
726
753
695
773
659
717
707
749
670
713
750
779
660
693
722
746
649
710
734
753
658
669
741
773
666
690
784
649
685
715
727
743
773
700
747
741
655
692
691
761
767
678
754
760
763
656
709
748
666
686
695
714
668
670
684
755
758
695
746
773
789
710
685
754
681
680
718
778
665
689
676
788
662
659
710
745
755
708
726
768
777
717
720
757
771
694
714
784
663
714
695
748
769
685
691
696
743
650
688
692
782
658
706
747
653
696
702
715
757
679
723
756
674
683
684
779
660
683
723
737
737
701
704
772
770
686
705
770
787
690
750
779
764
685
677
724
671
723
653
733
770
702
736
761
721
707
723
741
673
686
705
751
665
689
708
774
775
679
688
777
681
668
721
693
668
701
686
766
717
678
723
742
674
692
718
752
768
1153
740
713
686
701
677
775
655
712
710
794
778
796
733
778
786
672
682
759
662
727
714
764
798
676
718
735
694
719
698
726
664
684
676
763
737
649
731
777
684
687
715
758
752
710
738
757
793
703
715
779
705
723
728
772
783
792
730
777
745
697
726
712
766
678
738
795
688
680
723
759
798
694
706
718
679
667
745
760
816
678
745
716
768
694
723
754
776
694
1156
1017
877
861
904
895
921
857
876
929
812
843
873
918
845
843
880
923
797
830
892
892
803
833
903
902
804
867
924
878
795
814
897
868
804
824
820
916
818
837
862
902
905
834
846
876
805
848
844
896
925
831
904
924
788
822
867
887
818
845
832
883
809
819
901
881
797
836
859
890
806
852
855
877
811
834
874
918
799
822
851
887
818
817
858
909
833
810
858
879
810
840
851
839
795
829
883
896
914
812
861
907
811
841
851
896
836
907
834
880
919
818
856
906
909
859
878
867
799
823
888
900
796
828
868
886
810
829
824
874
810
823
872
872
811
794
864
850
897
850
873
883
891
809
839
912
808
808
867
828
808
873
864
865
804
804
839
902
922
825
855
862
804
831
886
885
789
807
868
876
807
795
846
880
794
847
877
883
902
835
865
885
907
819
872
888
798
844
899
878
814
811
871
917
837
842
873
900
825
846
908
922
812
836
894
907
830
848
877
901
856
857
885
889
808
825
893
790
842
846
836
883
826
852
890
879
786
835
896
794
921
816
905
864
790
827
867
881
821
825
849
925
819
827
900
913
805
853
884
880
826
813
887
915
792
801
878
912
822
835
898
872
834
839
865
789
821
827
896
912
900
833
835
870
809
828
879
886
803
808
836
902
813
828
840
874
812
836
887
887
800
918
877
894
805
807
800
901
908
845
865
905
910
843
874
879
798
830
827
897
816
844
870
912
911
835
867
890
810
808
853
895
918
819
867
936
797
849
852
893
836
857
881
851
845
828
880
780
815
823
859
885
901
846
831
892
814
907
874
897
818
846
841
872
688
842
878
893
790
810
833
909
936
821
853
821
810
838
853
890
800
823
853
898
799
855
851
860
803
871
880
933
802
902
848
912
815
846
869
873
810
852
872
890
796
812
930
899
891
844
877
860
806
826
821
928
796
850
858
912
921
1206
870
856
918
852
829
913
910
815
872
873
907
836
848
873
911
851
843
904
912
843
847
882
912
813
886
889
812
796
825
902
915
846
873
843
904
833
876
902
788
822
848
905
789
815
872
869
824
834
847
876
899
837
827
878
899
822
826
903
908
837
854
901
810
804
803
896
909
811
869
883
907
795
850
907
891
834
834
872
910
810
866
900
906
818
820
893
797
817
1176
996
833
745
888
804
788
848
874
785
828
855
889
804
790
875
868
866
816
870
898
799
836
865
876
804
810
852
877
801
797
843
846
890
837
840
882
786
790
849
871
803
825
855
871
854
833
873
867
803
812
904
894
904
820
807
880
900
792
864
864
802
823
869
882
911
797
828
874
798
906
864
884
797
924
860
899
842
798
845
882
900
873
825
859
803
816
860
865
885
805
866
867
900
814
836
864
767
813
828
893
898
897
864
836
796
826
844
835
888
795
852
889
874
898
823
846
791
827
839
843
767
817
819
894
797
887
857
838
797
805
835
839
880
814
861
877
899
902
844
842
909
799
842
907
891
793
858
876
796
809
810
872
872
826
855
867
894
779
860
867
797
808
831
855
885
798
841
878
904
873
841
861
884
786
876
829
897
817
855
809
902
893
840
887
846
887
825
845
791
902
819
858
794
787
806
866
892
821
859
851
852
905
856
867
794
895
807
872
794
821
854
865
864
905
840
888
793
808
820
887
901
787
851
849
911
892
851
883
856
902
832
788
863
803
898
829
866
789
823
844
895
816
832
798
914
787
853
887
789
824
789
883
791
818
840
882
883
780
848
883
916
814
802
876
868
814
846
795
911
908
849
857
876
820
815
843
786
909
817
864
880
786
789
879
893
862
826
858
845
781
849
877
873
815
922
885
790
813
916
850
862
811
847
872
884
815
905
851
910
813
813
846
883
855
846
858
885
817
801
858
907
903
814
847
887
791
794
855
838
852
815
826
890
909
803
860
861
911
806
870
890
809
805
853
891
814
805
878
868
797
811
872
895
783
798
855
779
887
831
880
806
893
907
853
840
789
812
852
901
809
799
820
873
802
817
823
874
788
814
872
880
805
784
873
883
795
815
845
883
806
822
820
867
802
823
843
882
809
838
838
888
807
824
872
876
795
910
871
887
791
1225
796
854
905
788
846
913
908
825
854
863
806
785
867
805
806
825
827
900
801
805
852
878
797
833
865
807
803
819
866
903
903
790
845
885
809
812
865
848
787
821
829
902
838
798
853
855
807
820
884
878
890
799
830
899
807
809
867
870
803
818
861
878
909
806
869
900
882
810
862
853
799
817
840
790
768
797
846
899
795
802
842
820
798
836
845
875
877
906
1212
1016
866
751
914
894
824
854
896
919
842
825
915
921
844
831
862
890
810
881
881
917
845
828
884
921
849
833
893
888
822
878
914
908
829
843
886
921
849
847
896
917
799
876
878
875
853
889
862
889
816
852
876
911
844
855
882
927
851
864
907
913
798
858
914
914
843
840
893
923
919
859
891
925
804
876
904
902
918
832
881
809
844
838
879
914
803
873
906
902
839
840
885
809
915
854
889
906
802
854
907
918
840
874
883
869
819
867
901
886
821
825
890
895
695
858
834
898
927
831
883
907
814
829
895
803
811
874
879
807
938
855
895
888
818
848
882
800
819
867
900
797
815
834
899
912
816
864
865
803
820
868
850
801
835
817
899
805
808
872
874
916
912
866
862
907
815
823
899
903
808
867
837
798
829
859
845
912
814
736
888
794
900
843
854
798
818
835
875
894
798
862
843
907
800
861
874
785
797
847
871
796
865
844
856
796
816
862
874
878
812
826
873
913
803
865
863
799
801
857
876
909
831
829
875
904
922
859
871
912
827
841
876
801
807
843
861
798
920
840
893
877
828
842
865
919
828
845
879
796
812
858
889
876
911
819
876
792
798
841
866
897
812
834
816
869
822
857
854
790
812
807
849
896
919
911
869
830
798
833
833
898
877
901
871
855
914
816
870
840
800
833
841
894
795
805
816
846
913
813
865
875
881
816
828
878
799
918
835
865
906
824
861
874
887
825
849
880
799
802
853
851
916
828
811
870
923
806
853
868
796
903
860
852
888
830
835
869
906
802
852
879
920
800
863
846
869
828
845
877
793
909
838
854
917
788
851
896
895
819
834
878
793
817
826
888
796
893
850
893
852
814
867
855
894
802
916
878
898
810
840
877
873
804
865
867
918
812
854
858
890
807
855
888
923
919
863
868
796
831
807
875
894
825
864
899
906
802
847
861
796
1215
917
882
895
821
856
889
900
735
839
887
911
803
832
896
918
798
838
885
883
830
794
872
915
802
859
882
807
820
875
912
905
855
891
874
818
816
850
888
889
811
859
888
928
710
873
872
791
809
860
908
811
908
851
906
887
843
863
860
795
822
839
743
813
812
844
912
910
840
854
807
919
802
859
901
940
809
851
905
905
820
882
886
795
828
835
912
812
823
1162
971
877
782
805
711
736
734
785
717
831
750
708
808
717
718
810
802
747
746
775
708
725
691
793
794
721
734
803
703
717
772
747
818
736
739
802
817
698
764
765
801
729
648
745
806
734
770
798
697
812
720
799
703
734
758
729
706
720
768
794
793
700
762
755
811
718
762
766
783
730
749
770
703
741
732
748
700
728
729
755
782
703
751
768
696
707
754
794
807
729
764
758
798
820
732
794
696
713
698
740
697
716
765
765
743
687
763
724
698
692
760
745
796
728
730
775
706
797
752
756
695
801
715
743
799
730
748
716
814
822
762
793
788
714
760
816
801
697
756
773
697
700
712
773
692
721
761
768
778
710
754
768
821
815
752
773
785
728
746
767
695
810
760
730
821
697
787
762
785
724
727
758
695
804
724
768
781
788
756
787
807
813
735
760
818
717
714
766
691
707
760
784
644
720
753
767
814
732
754
735
803
710
740
785
802
798
750
761
693
721
740
756
779
687
732
771
817
704
747
768
782
724
749
776
766
809
747
776
727
717
707
769
812
714
716
792
772
700
755
789
798
812
757
765
819
711
729
782
801
801
746
767
792
722
728
742
786
715
729
709
814
796
734
762
770
818
735
775
688
808
726
788
823
707
721
774
770
721
753
750
798
721
719
631
811
795
697
761
790
707
759
759
809
808
723
769
801
816
701
767
780
715
748
746
810
789
726
777
795
810
721
775
771
700
740
716
796
813
696
740
790
754
614
734
786
715
804
742
782
807
743
811
790
809
720
779
811
813
749
738
794
716
706
774
791
805
767
726
620
809
747
747
712
693
685
774
809
793
733
742
788
694
803
741
806
700
724
747
757
818
749
764
761
792
739
732
806
692
803
774
806
711
725
796
799
804
742
752
779
695
742
734
782
696
739
740
645
807
799
764
797
787
730
701
772
705
718
738
777
690
1125
724
780
808
749
741
777
785
741
591
803
786
704
758
801
817
720
738
770
689
742
734
753
815
725
761
767
810
737
754
762
796
810
747
803
780
706
712
669
816
607
641
626
799
703
601
801
702
738
587
747
769
734
770
785
771
691
641
803
578
585
819
803
705
733
748
696
778
603
761
744
808
739
719
791
796
675
616
782
777
790
690
794
704
732
704
769
652
729
1162
958
727
864
813
801
850
775
798
813
836
740
765
844
842
724
795
798
809
792
774
815
818
768
776
807
802
750
800
835
814
755
784
796
847
739
739
825
833
792
752
791
731
744
780
826
816
740
804
827
845
742
784
798
830
751
755
821
732
738
795
799
845
852
778
816
840
763
746
811
770
744
804
831
811
859
798
830
734
844
762
828
880
743
766
778
828
753
788
831
790
765
779
795
844
742
774
811
839
743
777
858
727
732
744
797
838
761
778
824
821
737
763
824
839
855
760
785
834
763
790
811
842
828
827
820
873
757
731
804
835
747
818
800
801
851
791
844
873
835
752
805
854
777
772
796
772
841
792
806
863
757
752
777
844
812
806
784
838
840
748
802
857
834
745
801
830
757
790
813
836
756
738
821
838
760
756
813
831
741
833
853
821
829
755
817
841
776
854
790
858
844
820
806
754
735
850
810
847
868
741
809
855
854
853
852
848
764
765
794
789
762
743
814
852
736
753
766
823
759
784
774
831
858
755
795
813
860
765
790
862
740
749
779
840
781
851
784
810
755
764
787
773
731
804
787
852
854
864
849
820
747
736
757
804
879
861
788
838
844
851
841
879
862
754
784
816
876
771
826
826
738
736
810
883
738
757
809
802
852
792
776
827
749
862
794
815
826
743
794
846
820
787
812
812
840
759
735
870
891
786
786
776
768
761
838
826
737
744
768
816
749
789
785
808
826
823
810
765
816
740
758
792
857
730
739
800
846
854
765
792
838
750
781
790
840
736
746
792
835
848
861
811
777
802
755
806
830
734
758
763
812
743
764
780
826
864
757
768
843
846
745
800
828
727
775
801
781
740
757
796
830
748
829
786
841
863
776
803
788
740
756
789
840
731
849
797
798
746
768
809
797
861
772
766
848
851
851
782
816
732
854
795
808
729
772
780
813
850
730
770
770
749
728
810
773
847
758
795
838
739
736
793
815
743
755
789
777
732
742
807
838
830
752
784
813
858
749
763
804
855
773
779
795
740
746
804
838
852
781
783
813
852
782
801
812
851
734
805
844
751
738
783
814
847
763
792
803
855
752
781
834
874
806
787
810
843
765
808
817
852
857
762
828
860
774
749
808
739
784
798
868
730
744
801
833
738
766
813
814
969
977
835
762
706
760
807
730
769
698
697
803
775
808
826
722
763
792
705
733
754
802
707
708
759
759
695
739
769
769
791
713
764
780
695
791
743
699
732
771
762
775
714
739
800
809
731
699
797
696
808
760
797
795
732
730
782
693
717
824
765
702
713
747
749
745
810
758
775
763
717
720
793
699
798
742
791
776
717
733
751
697
731
701
752
778
736
764
790
778
722
759
774
692
814
717
774
780
700
690
765
775
726
735
760
693
802
718
775
788
726
743
789
738
709
755
773
803
793
715
660
691
725
691
772
772
705
747
792
773
722
737
661
788
807
740
764
796
694
759
788
693
700
729
786
800
724
709
732
758
723
753
761
794
719
710
760
795
695
763
778
771
704
705
783
691
723
812
724
685
705
751
744
769
710
752
784
802
804
755
771
690
695
721
719
687
717
735
733
688
743
721
748
771
699
755
731
788
795
816
741
783
799
749
782
758
702
739
723
817
690
734
728
790
695
749
749
760
695
749
759
690
805
747
753
816
801
716
751
797
722
700
731
812
805
749
785
771
813
725
742
785
801
787
739
775
695
736
732
774
810
747
700
821
815
705
718
791
712
714
745
757
795
751
780
773
689
731
728
808
798
731
745
787
807
716
758
791
706
723
753
771
699
752
725
761
694
688
754
784
791
741
767
785
810
726
768
733
563
706
737
805
710
723
731
793
810
742
763
777
813
722
745
809
760
703
730
804
808
707
750
772
694
740
617
804
690
740
740
803
810
714
757
748
775
719
721
808
798
721
730
744
707
577
746
753
784
703
753
764
818
737
739
652
788
813
720
787
798
709
748
766
783
668
720
771
704
742
713
801
810
735
747
797
777
707
812
800
689
701
729
801
777
709
719
775
801
712
713
785
792
734
811
786
817
706
735
654
787
714
749
780
688
813
694
796
793
778
727
766
805
1217
772
688
815
709
743
765
704
702
769
745
705
692
752
768
814
699
732
740
698
696
714
746
777
730
738
760
772
804
762
776
800
809
732
779
771
719
744
772
700
708
729
769
790
810
767
743
806
862
733
744
797
840
741
795
807
779
758
843
828
824
762
853
799
843
736
764
801
806
762
766
810
858
854
748
810
841
869
758
827
806
765
761
806
832
853
792
769
839
1018
859
905
768
638
780
823
630
767
762
830
725
793
826
831
747
794
645
845
737
771
800
728
798
782
795
812
743
752
764
819
826
767
633
824
807
747
793
779
758
774
809
819
723
762
777
833
727
732
823
820
757
752
775
827
718
790
820
817
717
766
819
767
854
731
789
836
720
746
797
724
733
789
782
817
721
785
752
835
834
597
816
822
728
761
794
808
835
767
783
722
718
747
769
808
748
779
798
800
846
763
783
823
751
835
818
831
721
764
779
805
756
769
795
819
754
745
813
801
747
781
820
823
834
836
810
718
751
840
786
843
726
780
780
798
810
751
793
809
721
745
781
845
850
736
815
823
727
727
798
814
830
758
774
819
813
727
804
812
819
761
787
810
748
745
776
843
826
781
771
810
718
741
776
832
726
756
772
827
820
749
809
822
721
752
778
762
724
758
731
825
742
744
777
787
722
771
782
823
726
805
782
822
743
734
761
822
826
773
790
802
823
756
782
802
734
836
756
820
716
726
804
792
741
743
775
840
727
773
765
823
729
772
799
808
725
758
782
820
729
743
776
815
827
740
771
830
817
787
744
787
726
742
802
766
840
770
779
837
738
716
770
837
736
752
778
813
723
753
678
800
828
810
771
830
840
753
783
768
684
746
799
810
716
724
648
835
841
749
798
785
827
828
783
834
722
735
787
788
835
751
801
744
816
769
768
793
827
843
749
736
729
739
782
764
735
755
780
831
845
829
773
806
735
761
771
771
722
754
807
827
836
732
779
805
839
748
789
799
846
762
846
751
715
830
767
812
823
760
759
805
843
767
782
807
722
725
774
806
727
756
760
800
856
769
795
772
726
748
780
809
822
835
768
775
712
727
776
827
843
836
768
825
729
739
755
769
726
758
788
827
755
740
795
808
727
815
776
782
726
758
752
808
768
738
760
784
839
756
774
820
1206
744
851
822
774
850
668
830
724
607
735
802
723
741
771
798
812
728
772
684
815
763
732
810
662
729
793
821
724
844
833
813
722
758
766
764
838
737
650
691
776
613
771
700
715
729
749
820
798
722
835
810
827
720
806
771
847
749
748
802
830
753
767
805
816
729
765
786
821
843
736
820
724
810
768
806
821
755
750
791
797
756
750
819
829
761
828
784
834
1206
1010
945
835
771
711
687
697
722
779
782
684
734
744
686
681
715
688
666
717
698
780
765
670
749
767
681
712
722
715
684
713
748
732
759
677
749
759
766
694
742
714
665
697
728
776
680
660
708
739
680
716
730
725
782
688
740
770
687
665
730
775
666
712
583
719
667
698
744
740
681
654
687
776
660
704
685
712
662
709
614
774
771
660
723
772
676
675
698
744
772
674
725
736
660
783
720
711
761
683
728
747
757
558
741
775
686
676
728
761
784
715
719
732
776
714
728
783
781
669
666
767
757
704
739
732
778
662
723
778
776
668
690
739
764
703
722
723
669
700
701
774
764
684
609
772
671
762
609
614
783
781
676
732
655
671
738
728
757
689
736
734
763
663
739
770
653
780
711
751
669
677
686
744
783
677
738
730
792
666
718
750
745
702
690
724
783
689
691
739
670
766
691
765
666
698
678
687
669
707
677
733
757
658
737
765
768
782
696
717
666
676
666
689
665
662
735
748
751
696
733
723
731
681
717
726
748
668
730
774
732
711
756
662
749
630
654
657
764
656
777
784
683
765
605
714
717
551
725
762
753
658
712
729
669
657
579
747
774
675
696
744
746
660
698
717
659
668
727
694
664
674
699
729
616
540
722
591
659
656
723
710
764
668
689
759
660
663
743
717
772
693
701
723
708
674
573
743
666
749
724
760
741
688
794
732
732
663
726
724
746
690
705
757
747
675
726
718
670
673
723
723
755
676
686
730
790
663
703
705
664
677
675
697
755
690
723
642
764
671
675
752
657
658
699
721
741
675
669
756
767
696
673
732
785
657
722
723
716
665
716
750
752
687
792
653
782
758
751
706
706
775
679
730
726
779
687
689
764
682
697
712
726
789
701
752
734
652
685
718
779
684
783
750
732
685
787
701
777
759
662
730
731
686
696
725
726
683
688
750
779
1185
696
687
736
683
688
741
738
761
681
710
655
668
700
691
764
769
720
740
703
765
700
725
747
687
697
700
775
662
685
720
752
660
695
746
745
776
715
695
755
680
679
731
779
720
706
720
750
690
781
659
725
674
664
718
775
768
665
749
741
780
694
696
749
776
710
713
762
767
678
745
771
659
668
668
759
682
569
721
738
661
788
609
772
792
658
720
771
552
1185
868
825
671
677
723
706
658
628
697
729
727
701
717
700
652
663
642
621
626
737
670
727
729
637
673
687
650
662
670
722
621
749
702
725
636
666
746
691
640
671
698
635
654
624
678
616
655
681
729
676
621
672
690
695
699
637
699
728
633
742
706
709
622
655
698
696
677
658
720
684
634
682
678
700
635
655
691
726
647
716
712
722
741
664
719
705
646
641
709
617
654
667
697
724
650
685
716
688
651
650
682
728
626
722
731
738
633
678
646
735
769
689
682
739
741
672
739
617
743
669
691
708
624
665
693
740
742
661
702
745
624
655
703
723
675
631
705
699
625
664
684
738
652
643
681
717
712
678
711
696
750
645
665
759
654
642
700
661
676
681
699
712
637
649
708
710
642
667
666
733
645
678
710
744
711
665
692
673
640
640
672
719
742
656
693
762
722
666
711
728
652
667
660
727
632
653
690
736
654
626
689
666
746
672
679
694
720
658
628
712
641
745
667
742
717
651
692
690
644
672
707
723
647
742
703
722
630
671
666
692
736
674
705
690
746
738
705
733
640
662
675
684
635
648
702
705
655
640
671
752
705
657
714
697
727
633
700
695
637
626
666
705
638
653
747
691
624
639
698
692
669
636
699
709
727
648
702
723
739
630
698
727
646
728
676
696
635
664
668
679
637
638
685
706
696
654
702
725
617
719
693
659
627
664
638
715
727
675
696
687
708
638
693
690
722
633
669
729
737
610
683
739
608
633
675
709
738
625
657
691
630
639
640
704
729
631
690
694
705
641
671
707
733
624
660
742
750
664
624
695
638
666
667
684
706
659
642
719
750
654
675
720
625
668
632
719
720
643
645
676
729
663
665
675
684
724
660
708
739
643
667
724
724
663
653
705
726
739
683
725
721
714
645
718
656
622
661
675
730
661
664
725
692
660
661
693
739
738
663
720
1107
673
635
726
729
660
665
689
730
640
668
731
724
657
667
635
717
655
700
695
741
677
683
696
646
756
649
712
739
661
681
680
755
694
728
728
755
659
627
722
659
760
681
728
726
724
681
727
707
669
693
670
703
652
692
736
721
746
698
701
639
636
670
675
736
755
673
721
731
652
648
723
618
638
628
673
701
702
700
693
697
631
650
708
767
632
648
722
708
1153
858
779
639
811
711
789
769
774
686
743
741
768
759
744
759
784
807
706
756
747
814
739
735
790
706
738
738
786
712
716
740
805
835
701
700
804
802
742
743
767
791
711
772
769
797
714
740
787
702
725
725
784
679
745
703
788
798
739
747
780
685
790
738
800
787
707
738
778
787
739
743
766
690
738
733
796
805
719
753
795
712
697
735
761
704
709
762
780
772
723
739
779
682
706
714
799
703
702
750
770
679
734
764
741
806
740
756
805
684
702
734
719
821
737
750
792
702
737
730
795
682
735
742
853
815
701
781
764
704
749
726
825
804
720
768
778
843
826
765
780
836
726
774
802
704
724
745
755
797
750
771
785
783
814
723
784
696
673
752
758
792
741
773
755
689
734
750
751
699
716
749
802
800
751
726
805
697
717
760
756
709
775
729
778
783
705
727
757
802
698
738
775
779
688
727
770
755
701
733
727
815
785
741
731
792
729
731
769
771
712
698
756
766
681
720
775
785
695
733
768
696
700
739
755
797
726
727
766
792
719
739
774
694
695
725
765
687
772
714
766
804
730
742
792
792
780
732
785
803
723
694
786
782
719
733
753
793
696
735
752
800
693
702
786
797
