127
298
126
78
80
78
406
124
82
79
81
193
125
81
77
126
390
123
81
78
78
378
124
80
81
128
417
127
82
130
144
132
358
124
82
78
78
136
78
77
130
399
99
77
77
76
129
389
227
105
76
76
76
127
397
105
82
78
80
79
365
123
77
78
77
366
124
80
81
128
377
166
79
75
75
417
101
79
78
77
403
104
78
124
129
99
382
123
79
77
76
424
134
78
78
77
488
193
78
78
77
77
392
123
81
77
76
436
80
77
78
76
427
113
79
77
128
431
197
77
128
127
129
449
123
80
79
80
461
175
80
82
129
414
193
79
81
126
477
81
76
127
128
77
347
97
77
76
78
429
215
78
79
76
329
122
125
127
125
306
177
79
78
75
76
419
232
77
78
77
426
123
79
79
76
443
98
77
77
581
372
119
79
76
79
76
486
130
128
127
127
485
152
127
126
129
356
115
128
128
129
400
128
129
126
130
128
356
81
128
127
128
411
130
129
126
127
478
123
128
126
129
450
181
128
129
128
127
437
184
126
126
126
470
283
129
127
128
480
168
129
126
128
370
127
129
126
128
393
283
128
126
127
130
209
133
125
129
127
432
197
128
126
127
376
233
130
126
130
208
123
125
129
128
126
358
200
128
130
129
367
128
125
128
125
282
161
126
126
128
430
184
129
126
129
126
401
189
126
129
125
480
200
127
130
126
409
122
127
127
126
461
80
127
129
126
129
231
132
127
129
127
463
117
126
126
126
335
126
128
126
126
358
115
127
127
127
129
410
201
126
128
128
386
125
128
126
127
366
123
127
128
126
340
124
126
126
129
127
253
136
126
128
127
389
235
128
127
128
303
121
126
127
128
473
196
127
127
125
126
489
197
128
127
128
450
122
128
131
125
368
125
127
125
128
428
198
127
131
131
126
428
121
78
78
79
410
123
78
78
77
490
81
79
76
76
338
82
79
77
127
411
225
78
76
77
78
430
120
82
76
77
395
114
77
77
77
456
123
78
79
75
484
169
79
80
129
128
437
124
79
76
127
359
98
76
77
127
400
150
78
79
75
402
125
78
77
126
126
351
123
76
81
78
314
98
77
80
80
439
101
83
79
127
417
123
78
79
78
77
414
123
77
77
80
329
123
76
78
76
456
108
76
77
77
389
126
76
77
76
77
419
125
78
75
126
416
106
79
78
110
440
161
79
79
127
148
101
127
130
131
126
405
124
81
78
121
486
118
78
81
76
437
125
80
80
133
266
122
77
84
129
172
411
115
78
81
130
339
99
79
79
78
399
120
78
79
78
539
181
82
77
128
127
1067
126
80
77
126
321
123
79
78
127
473
115
81
78
127
405
181
78
126
127
128
300
124
78
77
127
469
170
80
76
77
494
124
79
79
77
366
88
82
77
79
447
161
78
83
80
77
413
123
78
78
82
342
95
77
80
83
421
82
79
78
77
389
93
79
76
79
78
365
108
130
127
127
313
182
128
128
130
341
136
129
125
127
314
79
77
129
126
130
312
103
127
125
127
406
194
125
125
126
415
196
126
131
127
256
346
129
128
125
125
377
127
126
125
126
474
92
124
128
124
381
144
127
125
124
345
123
127
126
127
129
413
158
129
127
127
538
310
127
128
128
337
122
126
127
126
330
91
127
127
126
129
367
126
127
128
127
369
86
127
124
126
447
106
128
128
128
262
129
127
130
128
124
356
111
129
128
125
336
121
126
125
132
469
124
129
127
125
445
294
126
130
127
125
367
122
126
125
126
324
124
126
129
128
351
229
130
126
127
483
126
127
125
129
376
116
127
126
128
126
406
116
127
127
126
369
116
127
127
126
484
103
129
130
129
417
123
128
126
125
125
415
137
127
128
128
405
112
129
126
127
424
114
127
127
130
438
239
127
126
132
128
330
118
127
128
130
413
192
126
126
126
399
119
128
127
126
435
121
129
126
125
128
291
90
128
129
127
372
101
126
124
124
399
136
126
126
127
449
109
127
127
127
128
399
82
124
128
128
360
135
126
129
126
398
99
129
126
127
339
124
125
126
127
124
333
101
127
128
129
373
188
126
126
126
401
114
127
129
127
382
124
126
126
124
126
342
113
126
126
126
383
123
126
125
128
524
192
126
128
126
392
149
126
130
127
128
328
124
128
130
130
434
200
127
128
129
363
214
127
127
127
397
181
126
126
129
126
404
102
129
127
127
261
189
126
127
126
356
261
125
127
127
421
92
126
126
125
436
102
126
125
123
125
385
138
129
127
128
390
88
127
126
130
383
211
127
128
125
396
117
126
125
127
127
427
151
127
125
126
377
110
129
129
128
391
260
129
129
126
333
122
127
127
124
127
365
96
79
75
76
420
123
79
76
76
350
101
80
77
76
448
104
78
79
75
77
343
107
79
77
76
347
123
76
76
80
340
123
79
79
76
378
138
84
78
126
124
376
159
76
133
126
378
87
79
127
130
415
135
77
75
79
411
174
76
78
130
129
343
125
79
79
79
340
123
79
77
127
422
81
78
76
126
434
130
80
74
79
123
433
107
77
76
127
360
94
79
77
125
359
121
76
77
125
381
119
79
77
127
125
363
115
77
76
124
378
217
79
78
133
430
119
74
75
75
322
123
77
79
125
373
200
77
125
125
125
411
124
77
77
78
348
125
80
78
78
451
174
80
80
75
403
98
78
532
76
77
337
123
78
76
129
312
81
79
77
127
315
227
79
78
79
339
125
76
77
74
124
321
83
80
79
78
522
123
79
75
77
364
203
80
78
125
385
95
77
79
77
77
439
117
76
78
78
421
119
75
80
126
400
99
77
78
76
452
117
80
75
77
76
392
104
80
78
127
358
100
79
79
129
424
125
78
78
126
425
115
79
80
127
130
471
97
76
74
78
327
100
77
77
129
346
123
77
76
128
378
118
77
76
128
128
325
114
76
74
75
424
123
78
76
131
321
124
78
78
124
357
108
78
76
127
77
369
123
76
127
128
439
83
77
77
125
385
96
78
79
77
336
123
77
80
75
76
386
211
79
77
76
321
123
78
79
128
502
81
79
127
126
414
124
80
81
80
332
123
78
128
128
129
391
113
79
83
124
382
203
81
78
125
328
122
79
78
76
415
142
75
76
126
129
405
127
79
128
126
421
102
80
76
128
381
113
81
77
126
424
94
126
127
127
127
299
117
128
127
126
325
79
127
127
126
454
174
126
129
129
336
116
128
129
128
128
383
145
126
128
126
347
121
127
128
129
362
83
129
127
132
331
181
125
125
125
125
282
124
128
126
131
312
96
127
127
129
359
174
126
126
127
316
82
128
126
128
128
274
79
129
125
126
446
122
128
126
128
392
245
129
130
126
413
123
128
124
126
128
348
124
126
128
128
293
258
127
125
135
341
79
128
128
129
338
226
128
128
127
125
334
97
129
127
129
386
276
129
130
128
322
128
130
129
127
372
259
131
127
130
315
123
127
127
126
127
353
206
129
126
130
368
80
128
127
129
353
200
129
127
126
391
122
126
127
125
127
403
94
126
128
128
373
118
126
126
129
347
124
131
126
125
442
115
129
128
127
125
383
82
126
126
126
326
207
129
129
128
398
122
128
127
129
392
263
130
126
80
126
400
110
128
126
129
391
111
128
130
127
234
201
126
128
129
337
95
130
127
131
126
373
127
127
126
128
389
127
128
126
127
386
94
127
128
128
415
114
130
125
128
127
374
148
129
128
124
361
124
126
125
128
445
273
126
125
127
430
122
126
126
125
129
431
122
128
126
129
414
105
127
128
130
388
129
128
127
124
388
94
125
127
128
128
387
147
129
128
605
377
187
128
129
127
395
154
128
130
125
305
209
129
126
129
127
398
135
127
124
126
434
124
127
127
131
423
126
126
127
127
476
188
130
129
127
263
159
128
129
127
128
442
169
129
125
127
306
122
127
126
127
365
90
126
126
126
369
96
128
129
127
127
377
124
127
126
126
451
122
127
129
129
376
100
128
124
127
405
153
128
129
125
128
385
114
132
125
128
325
204
129
127
128
313
275
129
129
126
406
164
129
125
126
129
402
132
128
129
126
353
122
128
125
125
405
242
128
129
128
335
122
126
128
126
125
382
82
128
125
129
400
200
126
126
128
452
184
128
129
130
328
206
126
125
128
126
380
82
127
129
129
359
122
127
127
128
416
138
130
127
129
367
95
130
129
126
126
347
123
127
126
130
357
75
130
129
126
340
121
134
125
125
373
99
125
127
123
127
443
135
127
127
126
409
110
129
129
127
469
147
127
128
128
419
101
128
125
127
126
391
80
127
129
126
400
117
79
125
124
385
126
126
126
126
424
123
77
126
128
422
81
77
126
127
80
376
123
78
78
80
340
122
78
77
131
358
81
129
126
125
404
151
128
125
126
126
393
159
126
126
129
389
85
128
125
131
372
93
128
125
128
369
139
127
127
124
127
313
124
128
127
126
356
199
127
128
126
358
175
126
127
128
445
124
128
125
126
129
373
130
78
77
75
398
138
78
77
75
392
101
76
77
129
400
97
76
77
130
77
413
145
77
77
80
368
127
78
79
126
337
92
82
77
128
445
121
76
76
78
83
184
78
76
80
77
384
123
77
78
77
445
83
77
78
126
370
110
76
76
128
126
222
78
76
79
74
407
122
78
79
75
191
76
76
77
127
451
113
76
81
76
77
388
120
77
75
80
391
88
78
79
125
431
94
84
80
128
327
78
77
79
77
266
78
75
76
77
77
451
77
77
79
134
312
77
77
76
126
321
121
75
79
76
394
121
79
77
126
128
433
113
79
77
128
477
115
77
126
127
223
123
75
75
75
400
209
75
127
126
126
395
126
77
75
75
471
120
78
77
127
372
103
77
77
77
250
80
77
75
76
76
343
122
79
128
128
335
124
78
76
76
305
123
75
77
78
341
103
81
80
76
75
384
122
78
98
126
337
386
78
77
126
357
81
76
76
75
413
80
78
77
77
76
379
123
76
77
129
203
80
78
77
77
297
104
79
128
127
419
90
79
75
125
125
383
119
79
76
79
481
118
77
76
129
402
80
78
78
128
395
122
79
77
76
76
427
81
77
78
79
196
79
76
79
76
341
80
80
76
128
438
104
77
77
78
78
388
81
77
75
127
409
122
78
75
76
311
106
78
75
74
396
97
77
77
77
463
125
127
130
127
128
435
133
79
77
78
344
122
78
78
77
383
112
76
127
127
447
120
76
75
78
75
350
122
77
76
80
280
124
76
77
75
398
122
77
76
76
338
124
76
131
127
127
300
123
77
78
76
480
118
76
78
128
525
116
77
78
77
387
89
76
129
128
125
317
123
76
77
81
581
78
77
77
78
334
119
77
77
79
366
101
78
77
78
78
397
110
78
76
77
354
108
76
77
126
271
123
76
76
78
413
82
78
76
77
78
292
77
78
76
77
120
78
77
75
124
416
103
77
126
131
433
140
79
76
77
76
386
117
76
81
126
267
80
76
78
76
316
118
80
79
75
235
78
78
78
129
127
391
123
76
80
76
303
124
77
80
77
327
78
77
77
128
385
113
77
79
77
483
80
83
77
126
128
434
176
78
78
128
250
115
77
82
77
316
105
80
75
78
330
124
77
76
128
127
428
104
78
75
78
433
87
76
77
77
486
147
77
80
78
340
85
78
76
125
126
303
122
80
77
125
409
87
78
127
126
417
102
79
76
128
361
98
76
77
76
75
438
118
79
78
126
401
122
78
75
125
408
112
80
79
77
356
123
80
78
76
82
410
125
79
78
75
416
186
77
78
77
416
107
80
77
77
355
97
78
77
78
77
390
130
77
78
126
383
121
80
77
76
340
123
78
76
350
173
79
75
75
75
125
403
98
77
77
78
450
122
78
75
78
448
104
80
76
127
412
122
80
79
76
76
398
137
77
78
77
361
115
80
76
78
405
214
80
77
77
342
123
81
78
76
77
416
137
78
75
127
507
126
84
77
76
433
99
79
77
77
363
118
77
75
78
371
100
78
76
128
126
373
96
77
76
79
305
118
77
76
125
353
122
79
75
128
363
110
79
78
126
129
364
124
78
76
75
392
227
77
587
127
399
125
81
77
79
432
80
79
77
77
81
451
75
80
77
129
353
122
77
78
77
403
112
80
75
77
396
95
81
77
125
127
330
102
79
78
78
345
118
76
77
78
436
114
78
77
126
352
112
78
80
77
77
284
113
80
75
74
364
122
75
78
76
449
116
76
77
127
413
119
79
77
126
127
425
120
76
77
77
484
86
79
77
128
341
76
78
76
77
330
120
77
77
79
77
316
103
79
79
127
409
103
78
78
78
364
104
79
75
76
307
125
77
78
76
77
396
142
81
130
125
501
204
78
77
127
427
81
77
76
79
345
123
79
75
75
402
123
78
77
127
126
239
126
76
79
78
367
123
78
78
78
291
122
77
76
77
324
120
78
76
76
75
421
116
79
76
127
308
131
78
78
128
341
124
79
79
76
488
123
78
77
135
125
269
123
77
78
75
296
122
79
77
75
412
191
76
77
76
383
87
78
129
128
125
370
115
82
127
129
438
80
78
79
75
338
123
77
76
75
427
97
78
81
128
125
393
117
76
80
77
424
198
79
77
127
515
127
77
77
76
358
114
76
78
76
78
331
124
81
77
77
410
189
80
78
77
359
123
76
75
78
345
123
78
79
75
76
337
82
79
76
79
423
117
79
79
76
430
123
78
76
77
289
124
76
75
81
80
392
123
79
80
78
405
89
79
76
77
325
123
79
76
77
363
82
80
126
126
128
365
111
77
78
76
328
121
77
78
79
407
191
80
77
77
319
117
79
77
77
414
104
80
74
129
126
359
110
79
77
76
354
124
76
77
75
350
123
78
77
77
458
198
81
75
77
77
381
120
78
78
128
518
119
76
78
81
401
122
79
75
75
257
124
79
77
80
80
347
87
78
80
77
414
110
77
78
77
516
116
76
76
74
303
125
78
76
76
76
328
123
77
76
77
528
117
77
130
126
437
133
78
77
77
386
122
77
77
126
126
393
115
79
78
78
307
80
77
76
77
415
130
78
126
127
359
123
78
77
129
129
520
124
80
77
80
435
131
78
77
126
362
122
79
80
82
379
159
79
78
76
75
366
111
78
78
128
142
82
77
76
77
321
122
77
76
78
452
203
79
78
128
125
354
123
78
78
78
487
113
80
78
77
161
122
78
76
77
730
199
77
77
77
394
121
76
75
79
75
280
92
79
78
77
398
189
81
78
77
367
122
78
126
128
367
122
77
78
77
77
446
95
77
79
77
385
106
80
77
76
322
117
77
79
79
340
106
79
76
77
75
395
156
76
79
127
444
122
79
80
79
357
118
77
76
76
319
123
77
76
127
125
366
140
79
81
79
459
128
77
78
77
365
114
76
78
76
286
125
80
79
129
129
420
147
78
79
126
363
132
78
78
127
405
124
78
79
77
384
115
76
78
125
127
268
156
78
78
126
430
123
127
128
131
414
195
80
128
127
525
159
126
126
127
124
348
81
85
129
125
441
80
77
75
76
377
95
77
78
77
515
130
77
77
126
128
325
123
77
78
77
442
211
79
76
77
339
107
80
75
81
415
122
77
78
76
75
338
105
76
77
129
510
128
79
79
77
335
124
80
77
76
334
112
79
76
77
415
95
78
78
127
126
469
102
75
77
77
379
117
82
77
76
430
229
81
76
76
268
81
78
76
77
77
372
93
80
78
129
367
123
75
77
77
481
97
368
164
78
76
75
76
77
76
360
164
76
80
76
79
76
79
450
246
81
76
75
78
74
75
76
78
376
122
78
76
76
81
76
352
382
178
76
81
75
123
401
110
76
77
76
438
108
78
80
127
126
481
142
77
78
78
300
92
76
128
128
471
119
76
79
127
384
122
77
127
128
129
469
121
78
76
76
387
113
77
77
79
330
124
78
130
127
355
113
75
82
76
80
447
117
78
77
78
468
146
78
79
78
471
117
76
76
78
477
230
78
78
78
78
381
95
81
127
124
373
108
77
76
126
501
233
81
77
78
304
123
78
127
128
424
82
78
77
78
77
379
80
75
78
75
306
122
77
76
76
374
124
76
76
79
433
240
79
130
130
129
412
101
77
77
76
389
104
78
76
75
375
116
78
76
76
443
226
78
78
79
77
318
117
79
78
75
309
104
76
77
77
393
111
77
79
76
406
118
75
76
126
126
389
212
78
77
78
333
112
77
131
127
338
113
78
77
74
465
107
78
76
127
127
414
121
77
80
79
427
90
78
75
75
400
92
76
80
75
258
83
79
81
77
77
412
149
80
77
127
308
122
76
75
79
440
80
81
77
77
468
109
546
77
76
76
399
102
78
79
127
477
116
80
79
76
355
80
77
76
76
367
230
78
76
77
76
335
123
79
76
78
329
123
76
77
76
394
87
78
76
79
346
199
81
79
78
79
328
124
76
76
76
353
122
79
78
125
447
181
79
78
77
371
123
77
128
127
332
112
77
77
79
76
342
122
77
77
75
309
104
79
77
79
299
78
77
78
77
370
120
78
78
128
127
366
122
77
127
128
360
137
80
77
77
392
120
81
77
126
411
93
76
78
76
78
491
79
77
75
76
367
102
78
79
126
397
84
81
76
76
371
118
78
79
77
77
315
89
80
75
76
212
81
77
127
125
407
123
77
79
75
402
124
76
79
76
78
318
124
78
129
125
407
109
79
76
78
365
121
78
77
127
396
117
77
76
76
76
436
80
79
79
128
430
82
79
76
79
398
107
79
78
77
400
122
78
125
125
124
350
110
81
78
75
490
113
78
79
129
447
183
84
77
96
347
119
77
76
77
76
372
141
79
80
76
366
122
75
78
124
301
105
79
77
81
381
127
77
75
77
257
122
76
76
78
76
337
125
77
129
127
393
209
78
77
128
343
98
76
78
78
402
99
77
77
126
126
354
123
76
79
125
435
170
80
78
77
447
116
77
77
126
407
122
78
76
76
76
440
99
77
76
128
387
121
77
78
74
392
80
79
78
75
454
118
77
78
76
79
402
150
79
81
76
403
79
78
77
76
296
221
82
128
130
405
83
78
130
125
128
320
82
76
76
79
339
116
77
80
80
446
178
79
126
127
412
118
78
77
76
76
399
123
76
76
78
392
202
78
75
77
382
99
80
78
76
389
89
79
78
79
77
346
123
78
78
76
316
124
76
78
75
329
79
77
76
77
179
96
78
76
77
77
332
101
78
77
318
203
115
76
77
76
310
101
80
76
127
465
98
79
79
76
76
381
109
82
78
77
493
77
79
79
76
388
94
79
76
76
401
123
78
75
77
361
98
76
76
77
126
433
189
82
78
80
331
123
77
128
127
443
105
76
77
74
334
121
78
77
77
77
465
80
79
80
128
443
102
85
78
77
332
84
81
78
127
436
98
80
77
75
77
377
184
77
76
77
275
123
78
76
77
412
79
81
77
78
374
85
77
128
593
128
431
114
81
77
126
487
111
76
78
76
370
186
80
76
128
389
75
80
126
128
124
337
123
78
131
129
358
126
79
77
77
336
125
77
76
78
367
109
78
77
80
80
427
110
180
127
129
403
106
78
80
81
405
93
79
77
126
455
110
79
76
126
126
361
133
78
78
80
330
82
77
77
77
321
110
76
75
125
428
123
80
78
134
128
382
151
79
75
75
299
107
78
77
78
464
97
80
76
78
331
172
79
77
77
78
412
124
77
78
76
303
114
80
76
76
375
110
79
78
77
459
186
78
76
78
366
123
78
79
77
75
413
123
126
128
127
382
98
77
78
77
372
80
80
78
79
329
125
78
77
127
127
424
169
78
80
79
397
123
77
78
126
398
90
78
77
75
361
96
77
78
78
76
395
101
81
76
77
337
124
77
76
126
331
127
78
79
77
406
116
78
75
77
78
383
116
82
77
125
409
106
78
76
77
321
124
77
77
77
447
123
78
77
126
126
372
131
78
77
127
352
123
76
79
126
374
116
77
76
127
455
123
78
75
126
128
393
103
79
75
76
403
107
78
77
77
334
123
78
80
128
267
126
77
76
75
77
384
121
78
77
76
407
134
81
82
75
402
124
78
77
75
328
113
80
84
76
75
318
112
76
77
79
314
123
77
80
77
382
125
77
78
77
361
122
81
76
78
302
210
77
78
127
128
266
117
77
78
81
336
123
76
78
76
388
123
78
76
75
321
123
80
76
126
128
419
98
78
76
77
317
102
80
77
77
322
161
78
78
78
383
123
79
77
76
75
411
118
79
77
76
201
88
79
79
77
253
116
77
128
127
406
124
77
77
77
75
371
134
78
127
128
324
123
76
76
76
358
123
82
77
127
324
124
80
77
78
76
367
202
77
125
126
1282
124
76
78
78
308
104
78
76
77
357
123
78
76
76
77
355
123
77
76
76
475
121
77
76
75
405
142
78
75
74
390
122
77
76
76
78
403
121
80
76
76
382
204
77
78
80
379
122
79
76
80
351
127
78
78
79
77
410
122
79
76
77
391
124
128
127
127
404
120
131
128
128
376
101
129
127
131
466
279
125
127
126
125
440
99
127
127
127
322
124
127
128
127
430
98
127
125
125
355
116
127
128
129
128
933
242
126
128
126
419
102
128
127
126
432
95
129
125
128
453
120
129
126
126
126
393
125
127
127
127
461
111
126
129
125
344
124
128
131
128
374
125
128
127
127
127
361
123
128
128
127
456
82
128
127
127
466
103
129
129
127
379
172
128
125
126
126
364
122
127
129
128
398
164
128
129
126
394
94
127
128
127
376
122
127
127
125
125
390
224
128
127
126
374
123
127
126
128
367
106
127
127
127
440
288
127
127
126
127
377
122
127
127
127
298
118
126
130
127
373
122
128
126
123
378
124
129
124
127
125
441
140
128
127
127
531
188
130
126
125
391
126
127
128
129
387
118
128
128
131
125
471
113
127
127
127
272
100
126
129
126
389
96
126
129
127
367
123
126
128
129
389
123
134
127
126
128
306
117
128
126
128
370
167
127
126
127
319
201
128
127
127
453
91
130
128
126
129
314
124
127
128
127
277
122
126
127
126
450
90
125
130
127
520
131
126
128
125
127
387
120
130
130
129
474
138
127
131
129
339
101
129
127
128
449
89
125
125
124
125
352
123
126
126
127
408
230
130
126
128
504
128
127
126
127
550
116
127
125
126
127
285
162
126
127
127
360
196
127
127
125
380
120
129
129
127
303
80
128
128
129
125
441
151
128
128
127
417
203
130
129
131
366
161
132
128
130
478
127
132
127
127
127
324
157
128
128
126
437
123
126
127
133
387
79
128
124
125
374
84
127
127
129
129
407
82
127
126
125
397
120
127
126
126
359
122
128
126
125
449
123
127
126
127
435
205
130
126
125
129
239
124
129
126
126
457
157
127
128
123
434
118
126
127
127
433
109
127
127
128
126
381
144
126
128
130
499
117
129
128
126
494
151
130
126
126
345
156
126
128
127
127
365
114
126
123
123
436
204
77
127
134
442
125
126
127
127
402
83
77
129
124
129
314
86
128
124
125
459
70
125
129
125
378
123
125
124
127
401
84
126
128
127
126
367
89
128
126
129
451
252
127
130
127
405
208
127
128
125
376
119
125
125
129
125
412
81
128
127
126
384
227
127
126
126
271
186
78
126
129
410
109
77
125
127
124
384
195
125
127
125
357
99
130
126
125
408
289
126
127
127
314
116
125
128
126
128
406
121
125
126
127
412
200
607
127
123
386
122
124
126
126
389
122
128
129
124
127
400
121
125
127
125
393
99
126
128
129
415
119
127
129
128
473
87
128
128
125
412
124
125
126
124
125
472
129
127
127
127
495
139
127
125
124
395
121
128
129
127
402
195
125
126
128
126
404
187
126
126
128
289
80
75
75
77
394
153
76
78
76
402
105
76
76
77
77
245
122
75
75
125
496
209
77
77
127
245
122
77
74
125
290
119
77
77
75
78
366
115
79
74
128
421
131
76
76
80
480
121
78
75
127
368
163
77
75
126
127
378
109
77
130
127
368
140
78
75
77
338
114
78
77
126
391
121
82
78
76
74
388
121
77
76
74
358
122
75
76
75
314
119
79
76
126
368
116
77
75
76
75
530
107
75
74
126
294
123
76
76
77
385
104
79
75
76
407
91
80
76
125
129
449
104
78
77
127
403
113
76
76
128
377
121
76
76
79
414
207
77
76
125
125
469
112
76
75
78
383
122
75
74
127
399
177
81
76
75
474
121
75
126
133
489
135
77
76
133
128
486
123
77
80
76
385
121
78
74
76
392
112
81
77
79
486
94
77
75
76
75
499
229
78
78
127
490
98
78
75
77
373
102
77
75
78
397
119
76
77
78
77
454
122
77
76
126
329
121
76
75
81
420
118
76
74
125
475
116
76
75
77
75
418
152
80
76
75
394
102
77
75
77
430
136
75
76
127
367
116
77
76
128
80
502
87
79
75
77
430
124
76
80
77
459
151
76
78
124
326
121
77
75
81
77
390
121
76
75
80
388
81
75
125
125
488
115
77
75
75
372
149
79
78
75
75
404
122
75
77
75
393
97
79
76
129
469
120
76
75
75
388
122
73
76
127
127
406
159
76
75
128
375
97
79
126
126
476
128
75
75
126
353
199
112
77
124
407
115
75
75
125
123
383
123
76
76
124
383
125
77
82
75
505
110
76
76
80
393
121
74
127
125
126
488
143
77
76
78
498
127
77
128
126
180
85
76
78
125
441
114
77
77
125
127
329
121
76
76
76
419
191
77
77
126
376
125
77
76
77
438
92
76
79
74
73
522
140
78
77
80
435
122
78
75
127
433
115
76
75
123
358
105
77
79
77
75
344
122
78
126
124
292
121
77
76
387
428
160
77
75
127
357
122
77
79
75
75
381
106
77
77
78
369
95
77
74
73
353
113
79
77
75
355
88
75
75
77
75
433
121
77
76
74
519
141
79
76
75
354
120
78
77
125
344
110
78
76
127
124
396
127
80
78
77
383
112
77
79
125
421
81
77
76
75
375
131
77
76
126
125
357
100
77
78
79
359
92
78
75
78
442
168
79
75
125
447
84
76
76
75
282
122
78
77
128
125
320
122
77
77
76
287
114
79
75
76
357
122
77
74
76
352
163
76
75
77
77
428
118
75
74
131
433
98
77
75
78
517
91
78
76
75
357
122
77
77
75
75
444
79
79
78
77
327
122
76
77
76
328
123
78
74
75
269
80
76
76
127
123
442
117
79
77
76
347
123
78
76
131
430
82
77
125
124
360
114
77
75
75
75
358
120
74
76
76
355
100
77
75
125
355
122
76
76
78
419
85
75
74
127
126
444
118
76
74
124
351
114
77
77
132
354
122
76
76
126
346
80
76
75
129
125
360
123
77
76
125
437
103
77
74
75
437
109
76
76
125
443
165
77
77
77
81
425
121
75
78
76
363
111
76
74
76
364
218
81
75
125
380
117
80
76
126
360
89
77
75
130
125
347
119
76
78
125
365
122
76
75
129
465
197
78
77
125
401
122
77
75
75
78
410
114
76
76
76
353
121
77
76
76
346
115
79
73
76
378
107
77
77
124
124
520
129
78
74
73
379
118
78
77
130
530
117
78
80
125
360
92
77
75
125
127
531
118
74
78
127
310
115
77
80
125
383
121
76
78
128
438
113
77
77
78
75
375
151
76
75
75
525
124
75
78
76
359
111
75
75
128
415
122
77
75
76
76
365
141
78
124
124
354
121
126
126
127
362
91
127
126
126
490
111
127
126
126
125
337
115
130
125
125
354
122
128
126
131
483
119
124
129
126
411
100
126
125
125
125
350
112
77
74
125
368
121
78
127
127
363
121
81
76
124
381
202
77
76
76
78
433
126
81
75
125
437
117
78
77
81
458
210
75
77
125
348
115
82
75
128
424
81
76
77
75
76
443
105
77
75
77
387
115
78
77
77
516
87
75
77
76
447
86
127
127
123
127
381
91
77
76
126
361
116
77
75
125
446
580
76
123
124
427
81
77
75
77
78
371
123
77
76
126
440
120
78
76
75
519
95
78
77
75
425
123
77
76
126
125
359
121
77
80
79
511
207
76
76
76
418
117
78
79
126
373
121
80
76
76
77
346
83
78
75
78
328
122
76
76
77
440
104
77
75
125
529
116
77
74
127
125
351
122
77
74
75
373
122
76
79
77
454
116
78
74
77
266
123
75
80
124
124
387
122
76
76
76
381
180
75
78
124
405
115
76
75
125
333
95
79
75
79
77
486
134
77
78
75
386
138
77
74
75
449
114
78
74
77
419
208
76
77
126
352
125
76
76
128
125
346
123
77
78
127
447
80
76
77
74
393
124
76
75
76
368
102
75
79
78
77
354
122
77
78
77
433
166
77
77
127
518
98
78
77
125
426
122
77
75
77
80
352
112
78
76
75
376
122
77
78
122
343
122
77
76
77
351
80
79
78
74
75
367
93
78
77
126
446
131
77
77
126
434
157
77
127
124
420
102
79
76
128
77
464
122
76
76
79
414
93
74
75
77
358
120
76
78
124
368
110
76
78
78
76
376
122
77
75
75
503
94
77
75
75
340
107
75
77
79
362
107
75
76
75
76
353
103
79
75
77
350
207
82
77
124
374
90
77
77
77
433
86
77
76
126
124
376
134
80
78
126
362
121
80
76
76
377
117
79
76
77
361
107
77
76
76
75
392
119
77
75
128
375
121
77
77
77
465
193
78
79
125
406
108
76
75
75
305
97
75
75
74
75
321
121
77
75
81
427
188
78
79
126
318
122
78
76
127
394
88
76
78
125
126
422
114
76
76
124
363
122
79
76
126
350
123
79
76
125
430
84
80
73
74
75
362
115
77
78
74
423
115
78
76
76
538
202
78
75
127
363
97
76
77
128
129
473
116
75
76
126
483
111
77
77
75
496
115
79
76
75
431
108
76
125
130
134
437
95
79
75
77
326
122
75
80
78
501
120
78
76
75
382
117
79
77
77
76
380
205
74
78
126
389
82
79
74
77
364
123
78
125
129
422
206
78
78
125
125
377
128
77
76
75
346
121
76
76
76
363
121
78
78
126
302
86
78
75
77
124
350
122
78
80
126
357
112
76
78
77
361
107
78
75
126
346
123
77
610
127
341
120
78
75
77
76
429
138
80
75
76
363
94
78
77
127
423
115
77
74
125
390
119
76
75
125
123
353
81
78
76
127
453
156
75
76
124
379
122
77
76
74
512
97
78
77
125
126
442
128
78
77
126
385
122
76
77
75
340
172
78
77
128
344
107
75
76
74
75
498
122
75
74
125
356
115
77
131
125
356
89
77
124
124
395
185
77
75
126
124
581
134
76
75
126
353
115
76
77
76
335
82
79
77
125
422
99
77
78
75
75
449
124
76
81
75
445
97
76
76
127
432
99
77
75
125
367
133
79
78
126
124
341
109
76
75
125
451
116
75
76
127
444
190
77
76
127
441
115
76
75
75
76
445
110
79
76
127
427
115
76
77
126
354
112
77
79
124
363
122
76
78
76
77
431
125
78
73
124
422
105
79
127
129
425
176
79
74
123
354
122
79
75
77
354
89
76
77
76
74
348
122
77
76
123
259
120
79
75
126
338
105
79
76
127
420
100
77
126
126
126
273
121
76
75
125
426
119
75
75
125
369
90
78
77
74
335
119
77
77
77
77
345
96
78
78
78
351
122
75
77
74
336
86
75
76
79
357
95
78
77
78
75
396
129
78
77
126
421
116
75
76
126
362
93
79
77
127
513
137
75
77
76
77
382
119
78
77
129
351
121
77
75
125
470
205
75
77
79
352
121
76
76
125
130
371
107
77
75
128
344
122
80
74
79
368
85
76
75
129
451
117
76
75
128
127
357
128
77
76
75
397
121
76
77
127
371
111
79
76
76
442
93
77
75
127
126
355
98
74
126
128
444
110
76
76
127
355
123
77
78
77
475
114
78
75
75
359
118
78
75
77
75
345
122
75
75
125
397
196
77
73
123
370
116
76
76
129
361
120
77
76
77
79
348
224
82
76
76
347
100
76
79
128
436
208
78
79
77
497
119
78
75
127
125
362
98
75
127
126
448
125
77
77
77
349
112
76
76
126
514
118
76
76
126
124
340
121
77
79
128
397
120
75
76
75
511
89
77
77
127
357
137
76
76
124
125
350
127
76
75
126
433
81
77
77
77
389
198
79
76
79
292
124
76
74
124
126
389
117
77
76
76
306
97
79
74
79
396
122
78
79
76
477
116
78
77
128
626
404
100
75
73
125
366
101
127
127
127
470
99
78
75
126
320
121
78
77
123
125
380
84
77
76
76
398
83
77
74
128
491
114
76
74
127
498
135
76
75
124
124
388
115
79
76
75
398
122
79
78
124
414
87
78
75
76
355
95
78
76
125
390
121
76
75
78
74
367
122
81
77
74
291
96
75
75
77
424
119
77
76
127
351
121
79
75
76
74
378
211
75
76
126
362
122
78
75
75
502
203
78
127
126
355
99
76
77
125
131
398
83
74
77
77
385
190
78
127
126
386
121
78
77
75
399
118
76
75
79
77
390
117
80
77
79
448
88
74
78
127
478
121
75
77
75
378
122
77
75
77
75
400
117
75
78
125
395
115
79
74
75
408
114
75
77
125
397
88
80
76
127
128
305
113
77
125
127
485
108
77
128
124
407
93
82
74
124
401
87
77
77
127
123
501
146
78
77
80
353
215
78
76
126
274
114
76
76
126
417
75
77
77
78
79
334
113
76
79
74
421
87
77
74
78
318
123
76
77
81
420
121
76
75
126
316
118
76
74
126
78
394
111
75
75
123
471
121
76
76
80
310
121
76
77
124
372
187
82
78
75
127
453
235
78
75
127
424
126
78
75
77
376
123
81
126
131
319
124
75
75
75
75
392
118
78
75
124
496
115
76
75
124
474
113
77
76
81
355
121
80
76
77
76
401
191
74
76
124
369
116
76
80
127
390
125
83
76
79
399
122
76
75
75
77
380
79
77
80
126
394
98
77
78
124
396
121
76
77
75
410
86
78
75
76
77
405
122
80
78
77
414
99
78
77
130
447
126
78
79
125
322
121
80
76
75
123
372
119
76
76
125
390
89
77
75
123
447
202
80
77
125
423
121
78
76
74
77
373
149
75
75
76
413
123
86
77
126
401
125
76
75
124
379
81
78
77
127
128
396
114
80
79
126
388
120
76
79
126
471
119
78
77
78
389
113
78
76
79
385
97
77
126
123
124
395
122
78
78
126
392
121
82
76
125
450
192
75
75
75
383
120
78
75
77
75
386
121
78
74
80
400
81
75
74
73
430
110
80
77
125
318
118
77
76
127
126
398
137
77
76
75
468
76
77
77
76
394
81
77
75
127
402
202
77
76
125
126
379
574
73
74
79
399
118
77
81
77
362
211
78
77
129
399
122
74
75
125
129
389
89
81
74
74
422
108
75
74
125
475
106
78
77
123
471
122
76
76
124
124
403
213
77
76
74
351
117
75
75
76
386
80
76
76
77
404
237
81
75
126
126
401
123
78
128
127
401
164
76
75
76
353
93
77
78
126
385
117
77
78
125
76
320
122
77
76
128
397
82
76
78
128
389
98
75
75
75
417
102
76
74
125
368
120
128
125
126
126
390
206
78
75
78
410
107
74
75
74
406
115
77
77
74
394
120
76
76
75
76
315
81
75
76
75
463
121
77
79
78
447
126
77
75
77
484
121
78
75
126
126
395
114
78
77
127
390
121
76
131
131
409
81
77
77
128
399
123
75
75
129
123
482
80
130
129
126
463
80
78
76
75
486
125
75
76
125
389
82
76
76
77
74
395
114
77
75
124
386
120
75
77
78
430
122
77
76
127
427
171
77
79
75
77
358
103
80
79
75
429
80
77
77
126
413
122
75
76
76
358
121
78
77
127
123
516
83
75
76
75
453
128
76
77
78
391
97
76
74
127
483
130
78
123
126
125
390
122
75
75
77
324
112
77
75
75
392
179
75
79
75
394
117
77
77
77
78
372
122
75
74
127
352
123
80
78
75
367
115
79
76
124
391
118
75
77
77
399
234
77
77
77
75
420
122
76
76
75
421
106
78
79
126
356
129
77
76
127
385
103
77
79
79
76
387
114
76
80
128
404
90
78
77
127
429
79
78
76
126
480
106
76
75
78
76
383
123
77
74
125
384
122
77
76
124
373
111
77
81
74
388
95
77
74
128
128
393
123
77
77
78
398
201
78
76
76
465
124
77
75
76
430
115
76
76
128
125
283
105
74
75
124
437
122
80
77
351
172
77
76
77
77
412
125
76
76
123
127
408
122
76
76
125
382
79
74
77
74
301
75
78
76
76
404
133
80
128
129
129
416
116
75
76
75
490
104
76
78
75
370
121
75
77
126
449
187
77
126
128
127
320
208
77
76
129
479
121
82
75
125
406
120
78
77
77
396
123
79
77
128
124
383
183
78
77
129
375
124
77
76
128
499
202
76
78
77
403
111
75
77
75
315
97
75
76
77
75
392
90
78
553
75
378
123
77
75
126
386
111
78
76
124
500
237
78
79
127
124
408
105
77
75
74
401
87
76
75
125
373
123
76
75
76
288
121
76
76
128
128
372
74
76
76
77
397
123
79
130
126
388
119
77
77
129
408
117
75
76
125
126
326
100
77
77
79
411
81
77
74
75
462
122
76
78
75
505
145
80
76
77
75
435
118
76
75
79
404
129
80
74
125
489
137
79
75
126
386
108
78
77
127
128
400
114
81
78
127
389
91
79
77
74
386
206
75
79
77
312
80
76
77
78
76
398
119
77
77
126
413
146
77
78
77
492
130
128
126
126
389
115
76
76
124
76
494
186
77
75
79
377
111
77
74
125
467
115
78
77
75
322
108
76
76
129
393
104
78
74
76
80
322
124
76
74
78
390
118
75
78
76
486
87
76
77
127
396
123
76
76
125
125
401
132
78
77
76
392
78
76
77
124
409
96
78
76
126
397
129
78
78
74
75
324
114
77
79
126
483
81
77
81
73
486
128
77
76
78
374
105
76
78
125
124
486
94
78
76
126
419
280
79
76
75
75
77
77
76
75
344
270
115
75
75
77
77
75
266
400
110
78
77
76
124
126
412
129
78
76
124
373
116
77
75
126
126
390
148
80
76
125
477
111
76
78
126
395
127
80
76
127
277
114
76
76
77
76
364
122
77
80
74
373
122
78
77
75
402
183
76
78
77
382
125
76
79
77
75
318
86
76
76
76
432
131
78
126
124
399
121
75
76
126
368
121
76
78
77
75
399
123
76
76
128
372
104
77
74
75
485
103
75
78
76
456
118
77
75
125
501
135
75
75
81
78
431
99
78
76
76
414
93
77
74
76
400
94
76
77
125
396
113
79
79
80
76
307
122
76
76
78
320
123
78
129
126
1471
142
78
76
77
334
122
79
78
126
127
477
123
76
126
78
394
83
77
77
126
489
106
78
75
125
404
102
77
76
126
123
408
123
80
77
125
366
121
79
76
124
455
126
79
77
127
321
121
78
77
76
79
386
145
76
124
126
411
93
79
77
75
402
103
78
78
80
439
94
79
78
81
75
504
121
77
80
78
383
120
77
79
130
410
80
79
77
75
459
80
77
75
125
79
250
121
78
76
76
393
122
76
126
125
749
204
75
78
74
290
140
77
78
76
75
410
139
79
75
125
500
101
77
74
77
513
125
77
77
126
503
122
75
75
125
333
86
75
76
76
77
330
90
76
77
128
392
105
79
76
127
402
125
77
75
74
310
121
75
76
75
127
381
81
79
75
74
416
107
77
75
75
321
116
78
77
128
411
122
76
127
127
126
314
154
77
75
74
466
131
76
77
124
382
121
80
75
125
387
114
77
76
128
131
352
122
75
74
76
266
123
79
75
75
334
121
78
77
127
339
122
77
75
76
76
293
121
75
76
77
378
224
80
76
126
348
208
77
78
128
339
122
77
76
129
125
316
188
77
77
128
340
123
76
77
76
324
122
75
76
127
418
115
78
75
76
74
424
113
76
76
128
478
195
77
78
126
327
123
78
76
79
325
99
75
77
125
127
380
107
78
77
128
353
100
123
124
126
416
121
75
75
129
404
212
76
76
127
126
349
121
76
76
77
294
194
77
79
126
332
101
78
79
77
439
116
77
75
78
397
192
77
76
125
127
362
85
76
77
126
397
121
81
77
127
320
80
76
77
76
378
79
76
74
79
76
396
114
75
78
127
410
115
76
75
124
333
122
78
75
125
383
81
76
76
127
124
479
81
78
78
78
388
89
76
75
127
492
136
77
76
76
407
107
80
77
74
124
435
120
76
76
127
336
124
78
81
125
333
122
79
75
78
392
121
76
75
126
129
407
105
76
75
125
459
121
75
77
75
401
122
76
76
124
475
122
78
75
126
125
418
148
76
77
76
501
125
76
76
76
484
129
78
75
127
377
111
77
79
75
77
323
122
75
75
125
331
119
76
78
125
429
84
78
75
124
473
115
76
75
76
74
504
107
79
74
75
396
121
76
75
76
395
120
76
75
78
405
192
77
80
75
461
122
77
129
124
126
427
82
78
75
127
504
121
76
76
125
386
118
79
78
126
389
121
75
78
75
125
478
79
76
77
78
438
101
78
76
128
427
96
78
75
127
320
124
76
75
76
75
409
121
77
128
127
323
122
77
75
75
376
105
78
79
79
336
96
77
75
129
132
500
152
77
75
125
299
114
74
77
126
396
122
78
75
126
393
122
79
77
124
126
479
121
75
77
125
387
123
78
80
125
392
101
608
127
125
406
118
76
76
127
128
482
107
76
80
126
415
121
77
76
75
310
122
75
75
124
392
177
76
75
76
75
323
114
75
76
78
484
203
79
74
124
350
94
75
74
125
393
184
78
77
127
78
338
230
77
80
127
423
120
79
77
81
376
198
79
75
124
378
109
75
76
125
125
378
110
82
76
124
344
108
81
79
125
388
94
76
77
77
380
113
75
76
125
478
115
77
74
75
73
496
98
78
76
127
320
116
76
79
76
387
92
79
75
77
445
85
76
75
76
75
495
130
77
74
127
379
96
76
76
75
491
135
76
75
125
396
119
77
75
77
123
397
116
76
77
129
396
198
78
78
128
391
105
76
80
75
316
116
77
78
76
75
324
116
75
78
127
402
165
77
76
75
406
111
80
76
74
338
75
78
74
125
123
336
118
77
74
125
450
120
79
78
76
297
205
77
75
76
387
103
80
75
74
81
327
126
76
78
77
359
119
76
77
127
318
113
75
78
76
388
80
77
74
75
74
471
117
77
74
127
478
157
75
75
127
334
122
78
76
127
328
172
76
80
125
125
386
115
76
124
126
332
121
76
76
129
353
121
77
75
78
254
80
77
78
125
385
113
77
77
76
75
302
96
75
75
126
409
118
77
75
124
374
111
76
77
76
393
105
77
80
124
124
481
157
79
76
126
470
105
76
77
79
377
123
78
75
77
318
101
75
75
126
126
325
98
75
75
76
413
123
77
77
77
347
109
79
76
122
379
124
76
76
74
76
369
121
75
75
76
397
80
75
75
125
452
118
78
78
131
484
122
81
78
78
76
482
145
75
76
74
490
118
75
74
74
383
122
76
76
77
304
123
79
75
74
74
503
125
79
77
76
409
99
79
75
124
316
121
77
76
127
410
115
76
75
125
341
165
79
76
125
127
353
123
76
76
128
396
113
76
76
129
413
123
76
74
78
73
403
83
77
75
78
360
123
76
76
124
408
119
78
75
76
483
112
75
74
75
73
415
126
78
77
76
384
123
77
77
80
385
104
76
126
124
378
118
77
127
127
373
114
78
76
125
127
386
148
125
126
128
428
110
127
127
128
478
111
126
125
126
549
140
125
124
123
123
250
121
124
125
123
400
103
125
126
126
411
107
125
129
616
419
128
131
125
127
126
479
128
128
125
125
380
121
127
127
125
406
79
125
126
125
400
97
125
127
129
126
415
78
80
124
125
399
106
129
125
125
401
92
133
126
124
426
227
127
125
125
127
397
121
76
128
125
400
157
126
124
123
389
112
80
125
125
390
200
77
127
125
79
387
118
76
125
125
475
121
76
127
126
369
84
75
126
127
425
112
77
125
126
126
323
122
125
125
127
367
122
127
125
124
453
120
126
128
127
342
178
126
128
124
125
323
107
125
125
125
428
78
125
125
128
448
129
124
125
125
342
115
126
126
127
473
117
127
127
122
126
450
199
124
126
129
424
245
125
126
125
333
121
127
126
126
405
188
124
126
125
124
343
111
124
125
124
412
90
127
128
125
344
100
126
123
128
505
95
126
126
127
123
348
114
126
125
124
153
127
125
126
128
394
122
127
125
124
340
122
128
128
127
125
435
151
125
124
123
387
272
128
129
129
410
104
127
130
126
368
175
126
128
126
125
512
164
128
123
124
350
135
126
128
127
430
123
132
127
125
419
119
128
126
125
125
516
93
125
127
123
548
77
128
126
125
381
107
127
124
125
413
76
81
78
75
76
309
113
77
78
126
346
121
77
76
124
439
80
76
77
78
374
123
76
75
126
127
417
149
77
75
126
463
186
78
75
126
432
115
77
75
127
447
210
78
76
75
75
371
125
75
77
130
365
89
75
76
126
539
120
77
75
125
444
108
76
126
133
369
122
79
77
79
75
305
190
78
75
78
403
123
79
76
73
318
123
77
78
127
325
122
76
77
77
76
365
97
77
75
75
472
117
77
78
78
403
122
76
74
125
434
115
78
76
124
127
346
94
76
77
125
395
124
77
74
74
420
122
77
76
78
505
115
77
81
77
76
1238
96
76
74
75
393
111
76
76
125
429
80
77
76
129
435
150
79
76
77
78
398
160
76
74
125
440
113
76
75
124
372
92
75
76
75
425
81
76
76
126
127
403
120
78
76
123
474
120
78
78
127
427
124
78
74
77
406
112
78
77
128
123
428
124
77
75
126
399
103
74
77
124
396
121
76
128
126
418
79
75
77
73
75
401
109
76
76
128
402
123
76
75
79
502
150
77
77
74
431
123
75
75
127
311
491
76
75
76
75
444
122
76
127
123
449
122
78
75
127
414
113
76
77
77
351
122
75
76
123
123
254
81
77
76
125
334
122
75
75
74
369
122
77
75
123
353
90
77
79
127
128
332
121
77
76
126
313
114
75
125
127
155
79
76
76
77
505
174
75
75
75
76
399
121
81
75
125
415
127
78
76
74
521
125
77
76
75
404
127
76
76
75
75
454
122
76
73
75
359
115
77
77
125
445
150
79
127
129
415
159
78
76
75
77
421
122
74
74
79
359
110
76
77
76
491
172
77
74
73
351
121
77
75
76
75
326
81
79
77
74
434
110
76
75
77
385
97
78
76
76
416
75
77
74
122
126
438
93
75
132
133
442
79
77
74
73
460
115
79
77
78
435
87
76
75
128
125
506
150
77
76
77
477
121
76
77
125
500
119
77
76
126
441
80
174
74
73
366
83
77
75
125
128
449
95
77
77
77
419
94
78
76
76
312
107
76
77
124
418
75
76
74
124
123
464
150
78
75
128
419
138
78
75
125
399
121
78
75
126
473
80
77
74
75
75
476
81
76
75
127
355
81
76
76
128
417
124
76
75
76
396
115
77
77
123
125
401
115
75
79
125
416
89
76
78
124
390
104
79
76
78
451
207
76
75
75
76
458
75
78
76
80
393
122
75
75
75
516
122
77
74
124
412
122
75
75
128
124
444
123
75
74
78
336
116
79
77
75
427
121
77
77
75
347
177
79
76
126
128
432
113
76
126
135
510
80
75
76
122
430
80
76
75
125
418
86
77
76
77
76
408
146
75
76
124
462
128
74
79
125
351
80
75
73
73
449
159
78
75
124
554
122
75
75
75
76
333
105
79
74
126
389
131
78
77
76
412
109
77
77
126
426
123
77
76
76
77
429
112
75
135
127
164
77
78
77
126
363
83
79
80
126
445
107
77
76
75
76
451
192
75
75
125
408
121
77
75
76
405
108
75
76
126
191
77
76
78
124
125
454
161
81
76
76
385
116
76
80
127
422
80
77
75
125
446
180
76
77
77
74
422
122
79
74
75
350
122
76
75
79
378
113
79
76
125
499
173
76
128
125
78
390
126
79
74
125
483
79
78
126
125
365
103
80
76
74
326
132
76
77
124
77
327
121
566
75
125
333
156
77
77
125
342
119
79
125
125
345
116
76
78
76
76
555
215
74
75
73
390
111
78
79
129
353
118
76
76
76
426
164
79
75
124
127
371
101
78
77
77
432
122
78
76
124
385
119
77
75
72
437
121
76
78
127
360
88
79
75
76
76
525
185
75
76
126
409
122
81
76
124
431
122
77
75
130
428
81
76
78
75
78
400
117
78
77
75
455
122
75
74
125
468
123
78
75
127
387
92
77
77
76
80
466
132
79
74
77
413
123
78
75
126
418
118
78
79
126
430
92
77
78
75
74
482
78
76
77
125
403
97
77
75
128
504
112
81
75
125
416
123
77
75
75
74
435
143
77
78
124
442
117
77
80
76
398
181
79
76
126
408
123
76
74
122
123
339
122
76
80
124
415
122
77
126
131
426
104
76
75
127
455
122
75
74
127
125
366
114
76
78
75
436
124
78
76
127
365
95
77
75
125
502
117
75
133
127
126
350
122
76
78
77
327
121
76
77
126
449
121
77
75
75
401
122
77
74
73
73
330
115
75
76
75
301
80
75
77
74
548
167
76
75
125
435
121
77
75
75
519
146
77
76
125
126
363
81
78
77
77
353
123
76
78
79
191
78
76
77
76
383
131
78
76
131
126
433
125
75
75
125
364
102
76
125
126
383
123
78
79
125
499
81
79
81
124
125
442
102
75
76
125
366
121
76
76
130
422
80
77
77
75
452
120
77
77
130
76
441
126
77
77
75
398
120
79
75
126
523
142
77
75
128
357
122
77
75
75
76
428
109
79
77
76
500
133
79
76
127
383
121
76
76
127
466
118
78
75
78
75
421
79
76
127
125
510
171
79
76
126
447
122
78
74
74
483
137
77
76
128
125
454
129
79
76
77
412
161
76
77
126
334
138
81
77
75
355
114
78
77
126
128
450
120
74
77
126
371
101
76
76
74
318
122
77
78
125
540
121
78
75
125
415
122
79
127
124
124
374
129
77
77
125
417
102
76
74
74
328
96
76
75
124
418
125
79
79
125
125
460
112
75
76
77
448
208
77
80
78
434
122
76
75
75
424
121
76
76
123
126
329
123
76
86
88
345
179
79
126
128
385
121
77
76
75
449
150
79
76
75
75
428
115
76
76
619
460
127
78
75
128
457
113
79
75
78
418
104
81
77
78
73
449
122
76
76
77
333
80
77
77
77
352
116
77
78
128
329
98
77
74
76
78
315
92
76
76
127
411
109
78
76
126
470
84
79
75
126
367
122
76
78
76
76
434
80
77
76
75
389
80
75
81
75
423
86
77
77
126
422
139
77
76
78
75
251
74
75
76
77
551
118
75
77
132
532
190
77
76
127
393
121
76
75
125
126
353
136
79
77
76
310
107
77
76
125
186
77
75
79
126
432
113
78
74
126
404
107
77
74
128
126
514
163
78
77
78
385
81
75
79
123
439
138
75
77
125
216
78
76
74
126
125
443
121
77
76
75
399
103
77
81
129
403
77
76
76
75
387
80
76
77
126
76
460
116
75
79
126
381
112
76
126
127
450
123
78
78
75
391
80
77
75
123
123
455
183
76
74
124
434
103
78
77
75
421
119
78
77
78
325
117
78
78
129
126
455
114
82
127
123
362
84
75
76
126
445
140
79
75
76
399
122
75
78
76
76
349
105
76
76
127
426
174
76
75
124
358
107
79
76
125
408
89
77
76
128
126
414
123
76
79
76
525
107
79
76
76
440
158
77
77
124
412
123
77
123
124
125
465
123
77
78
76
346
132
77
81
76
447
122
78
79
75
432
102
75
77
76
452
124
77
76
74
79
331
126
76
77
78
409
122
78
76
125
497
79
79
77
125
428
125
78
77
127
124
438
89
77
128
125
534
197
77
77
76
452
122
78
78
124
537
121
78
75
122
124
355
114
79
77
125
462
161
77
75
75
352
103
76
77
77
430
117
77
73
75
76
439
123
77
76
75
473
136
76
125
131
442
122
80
75
127
594
129
77
74
124
125
513
110
76
77
78
525
105
76
77
123
334
123
82
76
126
333
122
77
72
73
76
413
190
75
76
76
390
82
76
77
77
334
124
77
75
124
438
110
77
76
78
78
411
134
77
75
75
525
151
76
77
77
437
121
77
75
79
444
136
76
75
124
124
422
114
80
77
128
159
76
76
75
75
459
168
77
76
77
396
107
78
79
126
126
425
122
80
75
125
434
97
76
75
128
444
79
79
76
123
273
78
74
75
126
425
123
75
124
125
125
480
99
75
75
126
511
488
76
75
127
532
172
78
76
126
423
123
76
75
78
78
430
127
77
77
124
371
122
77
74
127
386
133
77
75
74
377
118
76
79
123
124
447
118
77
75
123
520
142
76
77
74
374
79
75
124
126
507
195
77
126
126
123
412
122
75
75
78
423
105
75
74
77
342
127
76
76
124
447
122
76
75
125
123
435
119
77
76
75
412
122
77
74
75
355
137
78
75
76
405
123
78
78
128
126
456
102
75
129
126
524
177
76
125
127
437
119
76
75
127
419
113
78
75
77
75
359
146
77
75
76
285
81
76
76
127
425
122
81
76
77
453
120
77
76
125
126
436
118
77
75
124
436
121
77
78
75
484
110
77
77
127
398
116
77
75
75
347
113
78
77
75
75
334
96
76
74
127
546
177
79
77
76
401
122
77
77
76
424
122
77
76
125
125
367
152
77
75
125
405
122
78
76
75
410
144
77
74
124
439
110
76
75
126
127
425
119
77
128
129
435
102
77
77
75
444
110
77
75
78
410
118
77
75
75
74
365
101
76
76
126
502
180
76
78
125
399
89
77
75
127
522
148
78
77
76
77
440
122
77
74
130
347
143
76
74
74
445
119
76
74
126
351
82
80
79
126
123
535
161
75
73
126
412
122
76
76
130
381
121
76
76
127
436
81
76
79
126
126
171
76
76
75
77
428
96
77
77
128
397
158
76
77
125
311
123
79
75
126
126
373
122
78
75
75
429
115
76
126
126
146
78
75
77
128
355
125
76
75
125
126
434
122
79
77
77
406
88
77
76
125
362
126
78
126
126
430
121
75
76
127
159
81
76
75
127
128
338
82
77
73
75
382
121
75
79
77
349
78
76
77
125
340
125
76
76
78
126
531
145
77
74
77
479
129
78
75
124
411
125
77
75
345
142
78
74
74
75
74
352
105
75
79
75
459
79
77
73
75
339
195
76
77
124
379
112
76
76
126
126
438
125
77
75
78
405
127
75
76
75
413
119
76
76
75
452
107
79
76
77
75
363
125
77
77
128
391
151
78
76
76
430
115
78
78
124
394
95
78
75
126
125
388
121
76
125
127
546
123
78
76
127
348
122
77
75
75
540
122
75
77
74
76
361
122
76
123
123
427
119
76
75
124
396
122
78
566
75
422
121
77
75
124
126
427
106
82
73
126
452
188
75
74
75
408
120
75
80
124
352
151
75
76
127
126
390
117
77
76
77
429
79
77
78
80
440
104
76
75
74
444
103
78
75
124
417
157
76
76
127
123
406
121
76
77
75
437
117
77
127
128
409
115
79
126
128
450
123
76
124
124
126
433
79
77
77
126
544
185
78
74
125
422
122
78
75
74
312
158
75
73
125
128
451
76
74
75
77
448
82
74
74
124
509
144
77
75
76
386
111
78
76
75
77
425
126
76
77
76
339
82
79
76
76
355
107
76
77
76
350
80
79
75
75
78
446
185
76
125
124
393
115
76
76
126
317
89
76
78
125
411
79
77
76
124
128
426
75
77
73
127
228
82
75
123
125
450
128
78
76
76
350
81
75
75
124
125
342
112
75
77
128
445
122
77
77
80
421
123
77
132
130
205
80
75
74
124
125
442
136
78
75
76
367
98
75
78
125
430
81
75
125
126
425
99
77
78
75
349
115
76
76
125
126
405
99
76
75
127
348
121
76
75
126
434
105
76
74
134
411
125
77
74
125
124
427
111
74
76
124
426
138
77
75
124
563
111
77
74
77
334
128
78
83
128
123
338
124
77
127
124
397
97
77
130
128
357
105
79
126
127
342
127
77
76
127
124
342
92
78
81
124
568
81
78
76
77
392
122
75
75
126
431
114
77
76
78
77
487
81
75
75
125
490
114
75
79
124
431
171
78
76
75
337
88
74
76
125
126
470
119
80
73
125
428
91
76
78
124
434
150
124
129
126
353
123
75
77
125
126
361
111
76
76
77
516
109
75
75
125
431
164
77
75
78
377
121
76
79
127
124
425
119
76
77
75
451
156
77
76
78
414
121
75
76
74
349
145
75
77
76
1197
120
77
78
76
75
295
118
77
80
126
344
123
74
75
127
413
116
75
77
76
428
112
76
75
124
125
413
122
79
76
126
391
123
77
79
124
510
134
81
77
76
393
150
76
76
74
74
410
103
77
76
128
423
97
81
76
76
408
95
75
74
77
415
156
126
128
128
126
450
295
124
124
125
428
211
128
125
125
394
128
127
126
126
331
200
125
126
126
126
442
191
125
126
126
431
131
125
127
127
460
239
125
127
123
810
165
128
124
123
125
155
126
124
127
125
444
146
125
126
126
429
166
124
127
125
330
127
124
130
125
129
405
131
127
127
127
480
117
125
126
127
154
129
125
127
126
386
175
126
126
126
127
439
200
125
126
127
498
202
127
125
125
448
111
127
127
125
396
121
128
129
124
125
368
125
126
126
127
353
168
126
125
128
441
179
125
124
127
330
123
125
125
127
395
200
126
127
125
125
478
184
125
125
129
413
284
126
128
129
396
198
127
130
130
414
114
126
129
126
124
444
134
126
126
125
433
135
128
125
126
448
217
125
126
127
515
123
128
124
126
124
332
121
128
126
126
401
168
126
127
128
507
183
125
125
125
430
179
129
125
129
123
440
187
126
127
125
477
122
125
125
125
404
200
125
125
125
430
146
127
125
125
125
458
127
127
129
126
510
132
124
127
124
458
194
123
123
125
430
184
125
125
125
124
310
122
129
124
127
355
188
124
126
124
418
207
125
128
127
441
162
125
125
127
126
432
121
126
123
125
315
142
125
132
126
437
121
125
127
127
432
121
125
127
126
126
336
129
127
126
128
461
209
125
124
125
446
196
126
126
126
334
201
127
129
126
343
189
127
126
129
124
360
121
128
126
125
349
97
125
127
129
344
97
126
126
125
409
196
127
130
129
127
422
187
126
126
133
438
188
126
131
126
406
136
125
126
126
313
123
130
125
125
124
425
192
127
126
125
535
167
124
125
129
407
188
127
127
127
389
198
129
125
127
125
406
203
125
127
127
440
204
129
125
127
438
122
129
125
128
592
128
130
131
125
127
498
219
127
128
129
355
124
130
130
126
342
116
128
129
125
415
244
127
128
127
126
355
134
126
126
125
186
126
126
125
126
337
123
128
130
127
442
201
129
127
125
126
365
201
132
131
129
465
115
129
129
128
415
195
127
126
125
206
128
125
125
125
125
425
124
126
126
126
332
175
126
126
128
469
129
127
125
127
366
172
128
129
126
125
362
90
128
130
128
439
288
128
130
127
452
184
128
130
126
426
192
126
126
129
352
184
126
129
129
124
416
129
128
129
129
432
208
125
129
128
372
122
126
125
127
403
122
127
129
128
128
420
101
128
126
125
342
200
125
127
129
373
124
129
126
127
385
176
622
126
129
130
388
123
129
130
127
484
248
129
128
129
414
126
126
128
131
455
125
128
130
127
127
458
114
126
128
128
433
138
126
128
126
396
212
125
127
133
445
200
126
127
127
127
433
118
125
124
126
474
228
127
127
127
410
241
126
127
129
306
93
130
127
125
125
371
200
128
130
124
357
127
125
130
126
396
202
127
130
127
404
131
127
125
128
126
480
129
129
128
131
446
180
127
128
125
434
123
129
127
128
359
159
128
127
128
127
442
264
129
127
128
282
90
134
127
132
405
122
127
134
128
410
201
126
125
127
127
404
160
126
126
128
426
203
130
127
125
408
123
128
126
127
417
200
128
127
126
354
140
129
127
129
126
442
127
124
126
128
419
204
125
129
125
325
192
129
127
126
357
80
129
129
127
127
423
220
126
127
127
421
156
127
127
127
347
129
126
128
125
391
201
127
129
127
127
437
114
127
127
128
350
109
125
126
126
379
123
126
126
126
434
113
75
129
124
127
183
133
127
125
126
434
170
128
127
126
351
188
125
130
125
432
127
127
127
125
125
435
132
128
344
123
126
126
126
125
128
127
134
345
258
125
124
128
128
128
138
318
103
128
126
126
128
127
126
341
123
125
126
125
125
126
129
402
197
128
128
127
125
355
125
126
128
125
417
176
125
130
126
508
236
129
127
129
454
136
127
127
129
129
351
124
125
128
127
489
168
124
128
127
433
123
128
125
127
362
164
129
129
128
410
191
127
127
125
129
392
202
126
127
128
434
122
126
127
125
361
188
124
127
127
494
143
125
126
127
127
439
124
128
127
128
400
173
124
125
128
422
121
128
127
124
437
215
126
126
126
127
367
200
126
128
127
412
192
126
128
127
333
188
127
127
126
413
199
125
128
127
125
428
202
128
128
398
151
125
125
126
126
368
110
127
129
127
305
194
131
128
126
129
450
184
125
124
126
344
194
132
126
127
426
117
78
127
128
381
197
125
126
128
128
358
199
128
127
127
452
85
127
126
126
406
189
126
126
129
461
122
127
128
129
125
430
123
126
129
125
380
245
126
126
128
413
160
128
128
126
381
104
129
125
125
125
364
124
126
127
127
481
242
128
127
128
310
90
127
127
128
380
106
130
127
132
373
109
132
125
619
128
299
125
128
129
127
373
84
126
127
126
372
109
127
127
127
365
95
125
125
124
125
454
264
129
127
128
375
159
127
128
125
354
181
129
128
126
354
114
126
126
123
124
376
81
125
125
125
364
121
126
128
128
372
130
126
129
124
441
123
126
128
126
126
288
122
127
127
124
448
123
127
127
124
444
79
130
128
127
366
107
128
127
127
125
373
116
128
129
127
396
160
126
126
127
342
180
126
127
126
364
122
125
126
126
126
314
79
127
125
132
288
122
129
126
126
375
123
127
126
126
397
157
128
127
125
126
361
204
128
129
127
493
207
128
127
128
383
125
129
125
128
375
122
127
130
126
127
297
99
131
124
127
323
98
127
128
125
465
123
127
126
124
280
121
129
126
127
127
455
82
126
128
126
369
122
78
78
77
455
204
126
126
131
435
130
126
128
126
378
120
129
126
126
127
366
117
125
129
128
452
243
126
126
126
368
80
128
127
127
356
124
127
130
125
127
374
123
127
129
125
371
116
129
129
124
457
80
131
127
126
453
87
131
127
128
128
377
104
128
127
126
296
102
126
126
124
352
104
129
129
129
363
117
127
126
133
132
372
122
125
126
126
351
123
127
126
129
448
80
127
127
127
431
255
125
127
123
123
441
197
128
127
126
387
199
128
125
124
414
137
125
125
127
411
128
125
128
124
125
424
158
127
134
132
402
122
129
125
128
516
197
129
128
127
452
147
129
125
128
127
453
134
128
127
124
425
181
127
129
127
434
200
127
127
128
354
127
127
127
125
126
434
110
78
129
125
417
151
127
127
126
480
232
128
130
127
458
123
131
129
127
413
184
127
126
127
126
416
202
127
128
125
389
122
125
126
124
439
193
127
128
126
437
123
126
128
128
126
368
123
127
128
127
1235
125
127
127
125
471
122
124
126
126
331
189
126
130
129
125
435
164
127
127
127
429
125
126
126
125
348
151
128
132
135
362
254
125
130
131
127
249
127
126
126
128
351
133
127
127
129
424
123
125
127
127
404
129
127
129
124
125
188
129
124
124
128
440
190
127
124
125
170
127
127
129
125
427
198
128
130
124
127
474
196
128
129
127
390
122
126
128
124
347
96
128
126
129
386
179
125
127
126
125
423
215
130
127
125
702
147
129
126
128
394
144
127
129
126
426
201
129
128
126
128
435
136
128
126
130
446
189
127
129
128
539
184
130
127
126
504
205
127
126
127
127
319
181
126
128
131
439
123
130
128
125
514
184
124
125
128
429
202
132
126
126
387
122
127
127
124
125
435
181
129
126
126
303
177
125
127
126
421
127
126
127
126
462
238
128
126
132
133
357
200
127
129
126
517
201
126
129
127
490
124
127
126
132
356
180
126
130
126
131
389
188
126
129
125
449
193
129
132
126
441
121
127
129
126
529
185
126
127
125
127
429
198
129
126
130
508
226
128
127
125
381
122
127
127
127
453
124
126
127
127
126
432
260
128
127
126
416
200
125
128
128
357
127
127
126
125
525
253
127
125
127
127
434
127
126
126
126
445
241
124
125
125
438
123
125
131
129
341
147
125
126
126
123
440
180
123
125
126
408
128
127
129
126
438
217
129
126
124
437
199
128
125
129
126
395
201
124
127
95
333
122
123
129
125
434
176
125
128
126
458
196
128
125
127
451
208
126
127
129
130
347
129
127
127
128
427
122
128
128
130
360
201
127
127
128
441
101
130
126
126
126
401
200
126
128
127
311
129
127
126
125
417
200
125
128
125
491
188
126
129
126
127
435
141
127
126
128
516
138
126
228
125
452
102
126
128
129
440
183
125
126
126
128
437
188
126
127
129
314
129
123
124
125
290
124
128
134
131
410
122
76
129
127
126
358
123
130
127
127
433
130
128
128
127
409
176
127
125
128
209
128
125
126
126
125
433
127
125
127
126
470
127
128
126
126
422
176
127
127
126
340
180
127
127
126
126
353
81
130
126
126
370
280
124
128
129
450
129
130
127
126
406
112
129
127
129
127
404
138
126
127
126
514
160
126
124
125
527
127
126
129
205
363
185
127
129
125
128
322
127
125
127
126
440
142
126
129
128
429
122
128
125
125
427
123
129
125
128
336
137
125
125
126
128
394
122
127
125
126
123
200
126
127
127
438
121
81
128
126
431
181
129
132
126
126
478
121
126
130
128
381
236
125
128
126
488
188
128
127
125
371
183
129
128
127
128
446
113
127
126
131
537
140
127
126
126
420
148
128
126
130
429
175
126
127
125
128
375
99
129
127
128
506
110
616
130
128
230
201
125
124
126
404
123
125
124
127
127
506
128
125
128
127
538
269
128
128
129
416
201
128
127
125
430
200
126
129
135
126
468
197
126
127
130
378
127
126
126
129
539
213
128
126
130
358
193
126
126
131
126
416
128
126
127
126
361
201
127
127
127
449
222
125
127
129
322
201
125
127
125
125
356
143
127
126
127
444
185
125
127
128
430
137
127
128
126
425
184
125
127
129
401
230
127
125
126
127
295
125
128
130
132
489
122
126
128
126
503
128
127
126
127
440
193
128
127
129
129
427
191
128
125
128
518
197
127
125
126
454
116
126
126
127
357
181
127
125
129
126
293
128
125
127
128
531
191
126
125
125
422
197
125
126
125
431
211
128
127
127
126
394
122
125
125
127
436
180
129
131
124
232
127
124
126
127
362
125
129
127
130
128
328
126
125
127
125
552
121
126
126
125
535
192
127
128
125
433
124
127
127
125
128
472
96
125
126
125
398
122
127
127
125
403
123
127
128
126
449
120
132
129
129
127
403
202
127
128
126
328
142
127
127
127
553
175
127
126
128
413
152
127
125
130
126
347
141
128
127
129
503
175
129
133
127
415
200
125
126
128
444
134
126
126
128
126
331
125
127
128
128
463
253
127
126
126
364
200
124
127
125
345
140
126
126
126
447
209
128
127
126
127
418
122
127
129
127
438
188
129
128
128
326
191
127
122
125
417
122
77
128
127
126
467
118
128
126
128
461
200
128
127
128
352
168
128
127
124
426
128
125
128
127
129
437
129
128
125
128
482
180
127
125
127
476
250
127
128
129
401
160
127
126
126
125
336
168
126
125
124
345
132
127
126
124
425
126
126
128
125
421
218
127
127
126
129
336
202
131
126
128
359
90
127
127
124
338
144
127
125
125
496
170
125
123
129
129
431
200
128
126
129
413
124
124
127
126
434
201
128
125
127
429
200
128
127
127
127
338
123
125
124
123
346
175
130
126
128
264
128
126
127
129
435
122
128
126
128
127
344
145
129
125
128
527
249
129
126
126
454
180
124
127
127
428
120
127
126
126
126
430
181
128
126
125
414
190
126
125
128
339
161
126
127
127
501
163
127
124
127
480
143
126
127
125
128
428
233
126
125
124
283
132
130
125
616
292
155
128
127
126
429
123
127
131
131
128
439
164
125
125
126
196
127
125
125
127
246
127
123
125
127
388
127
131
127
127
127
464
127
130
127
126
366
201
128
126
128
418
150
128
128
126
228
127
125
125
123
123
427
129
125
127
126
328
91
131
129
124
457
197
126
126
128
360
191
128
129
125
128
437
137
126
125
128
497
197
128
128
131
440
143
126
131
129
427
180
127
127
136
135
412
152
128
128
129
476
117
128
127
127
434
129
126
127
128
405
143
128
132
125
126
350
180
126
128
128
424
211
130
133
131
426
125
125
127
127
426
152
124
126
127
126
444
197
129
127
127
443
193
127
127
129
518
185
125
124
128
451
165
125
128
127
426
185
128
129
127
127
402
192
130
130
127
447
195
126
126
128
405
123
126
125
126
373
188
128
125
125
125
443
86
126
125
127
434
201
130
123
125
352
130
130
124
127
343
281
126
128
125
126
454
139
125
123
125
415
163
127
127
126
426
189
127
130
126
505
197
126
126
127
129
410
189
128
128
126
431
201
127
125
124
365
122
127
125
126
357
135
128
126
128
125
427
200
127
125
126
433
119
127
127
126
430
195
127
129
125
317
126
130
125
125
127
447
190
125
127
126
509
196
126
131
129
145
128
126
127
128
519
169
125
127
124
124
407
126
126
129
128
442
192
123
127
125
422
124
129
126
126
497
131
126
127
126
127
439
189
127
127
125
351
144
128
128
128
425
221
128
127
129
406
122
125
125
125
126
348
171
128
126
128
394
177
126
126
125
126
127
125
127
126
408
174
127
126
126
324
135
125
125
124
127
135
129
123
126
125
318
123
126
127
126
348
162
127
127
127
433
127
129
128
125
124
461
175
128
128
125
450
201
128
128
126
318
125
125
124
127
419
200
126
131
130
127
306
181
127
126
128
418
181
127
127
126
402
201
126
130
128
327
159
126
128
126
125
382
116
125
130
128
458
192
125
126
130
399
124
125
125
128
443
223
127
128
124
127
378
122
129
128
124
445
123
130
129
127
358
202
128
129
128
443
184
126
124
128
125
397
192
126
127
125
424
248
127
125
132
400
179
125
129
127
349
179
125
125
128
125
435
245
127
127
128
387
190
126
128
128
456
178
127
126
126
351
589
125
130
124
127
480
260
127
125
125
391
123
127
125
125
409
196
125
125
126
447
113
128
127
125
452
165
126
128
124
124
543
184
127
125
127
416
125
125
127
124
193
201
127
126
127
394
197
128
127
127
125
401
124
128
129
126
511
201
127
126
128
344
201
127
127
129
246
188
129
127
125
129
361
200
127
127
132
486
168
128
127
125
295
123
127
128
127
355
189
127
127
130
128
378
130
127
129
125
376
176
127
126
126
257
125
132
125
126
471
123
127
125
128
127
483
192
130
127
127
488
129
125
125
124
243
144
128
128
123
426
128
128
126
127
125
381
132
131
127
128
392
189
128
128
126
438
193
126
127
126
422
180
126
125
124
127
312
203
126
127
125
485
184
126
126
126
455
180
130
130
126
450
185
126
128
125
125
325
122
129
125
127
480
126
127
127
128
484
136
126
128
126
480
222
130
128
126
126
234
129
125
126
125
419
140
127
129
129
383
168
127
127
126
456
122
77
126
126
414
191
125
127
127
126
357
177
126
127
124
130
129
125
126
128
336
126
127
125
131
374
123
127
125
128
127
399
212
126
128
128
448
123
127
127
127
247
127
127
127
128
190
127
127
126
126
125
563
129
127
130
124
394
217
128
129
127
360
123
129
129
128
404
128
127
127
128
127
410
133
126
126
128
411
141
126
125
125
435
197
125
124
124
470
131
125
129
126
125
379
154
127
126
126
347
173
125
128
129
425
135
126
129
126
315
124
127
126
128
128
430
196
128
127
127
470
184
131
130
126
341
177
126
128
127
437
134
125
126
126
127
371
131
128
127
125
436
175
128
127
127
436
190
126
126
126
352
130
125
127
128
126
379
128
128
128
127
392
130
126
127
129
389
188
126
129
128
479
187
126
130
125
356
124
129
129
130
125
562
126
127
127
125
371
124
126
129
130
458
184
126
125
126
376
129
128
128
129
128
366
185
129
128
128
476
127
125
127
125
270
123
127
127
127
282
139
126
129
125
127
383
123
128
126
126
438
180
127
128
127
424
123
125
124
128
572
138
130
126
125
130
387
123
126
126
127
376
196
127
126
126
364
123
127
129
128
459
176
127
125
127
125
353
167
125
129
126
366
180
128
127
127
216
123
128
127
130
391
172
125
548
131
126
288
123
129
129
128
424
127
125
125
126
417
172
125
129
127
476
179
127
128
125
126
481
135
126
126
125
346
200
126
129
128
465
126
127
131
129
435
157
124
126
125
129
434
190
128
127
128
415
126
125
125
126
296
128
127
125
126
472
193
129
127
126
125
391
136
128
127
127
138
128
126
126
128
375
134
125
125
127
475
126
125
125
129
192
151
125
125
126
126
406
197
128
126
128
527
188
126
127
126
212
128
125
128
126
217
128
125
125
125
125
272
202
128
126
127
494
166
126
128
128
466
185
127
127
128
447
153
127
127
130
127
496
225
128
126
126
430
201
129
126
126
464
169
127
128
126
342
125
125
124
124
127
432
201
125
128
125
451
198
124
125
126
316
140
126
126
129
402
133
126
128
130
126
279
112
77
77
77
419
123
76
78
76
534
77
75
76
76
368
117
80
80
81
76
412
108
78
128
126
484
102
78
77
78
274
116
77
76
76
353
124
80
125
126
128
359
122
78
76
76
420
104
80
76
74
416
83
77
73
75
237
119
75
80
127
123
406
108
75
76
75
374
137
75
75
76
354
122
77
77
76
364
105
76
76
76
381
78
76
76
126
125
191
122
73
77
75
450
122
77
77
78
425
78
78
77
77
399
103
75
122
125
125
405
118
76
78
76
387
114
80
77
74
410
83
78
80
77
338
123
77
78
126
127
473
84
77
79
76
465
100
75
77
76
373
80
77
75
124
376
113
77
76
77
126
439
93
77
74
77
427
118
126
126
125
354
126
79
78
75
330
122
75
78
124
126
410
77
76
77
75
397
98
79
80
78
401
97
77
78
77
440
104
79
80
78
76
421
84
79
80
79
519
173
77
77
124
441
124
80
76
78
502
119
76
77
126
126
318
113
77
76
125
396
115
77
76
76
386
142
78
80
77
428
123
79
76
77
79
218
77
76
76
77
347
99
77
76
81
440
106
77
125
129
487
80
79
128
127
127
364
126
76
77
79
321
123
76
77
126
238
77
77
80
83
527
126
80
79
79
394
79
78
80
77
78
342
123
77
77
77
364
123
77
76
77
400
122
78
75
76
152
80
79
78
78
126
426
90
76
76
79
387
99
76
78
76
459
141
78
77
76
443
146
79
76
79
624
316
123
78
76
78
440
90
78
77
131
449
117
76
77
76
356
124
77
128
125
125
391
110
78
128
131
373
85
77
77
76
429
87
77
76
80
458
104
79
78
78
80
410
118
77
78
126
368
127
78
79
127
286
116
76
78
78
286
81
77
76
79
77
452
125
80
76
76
358
123
76
78
76
351
122
77
128
129
308
124
77
79
77
77
386
92
77
78
127
372
107
77
76
78
419
124
81
79
130
475
80
78
76
126
125
390
101
77
128
130
467
118
81
77
77
450
102
79
76
78
393
113
77
77
76
412
144
81
80
126
76
214
123
77
76
124
359
104
78
78
126
524
85
78
78
127
491
122
78
75
78
79
427
123
77
79
125
481
122
79
127
127
322
124
81
79
75
498
128
79
77
128
127
413
123
77
78
77
430
135
77
78
78
446
91
81
78
126
517
89
78
76
77
74
432
180
78
77
125
420
81
78
79
77
362
81
79
80
125
430
91
79
77
79
79
486
148
79
80
79
330
119
76
77
127
459
99
78
77
76
401
125
78
80
77
80
421
123
78
129
129
381
124
79
80
78
349
102
76
78
126
386
124
81
77
126
128
333
115
77
78
79
505
114
76
78
77
515
90
80
76
76
400
105
74
76
75
75
403
122
77
127
127
181
81
75
77
125
407
122
79
76
126
428
123
83
77
77
76
383
119
77
81
129
406
119
79
78
78
495
117
77
128
127
150
78
77
77
75
407
116
80
78
78
82
382
124
77
78
76
390
116
77
77
125
394
117
79
80
77
367
124
78
75
76
79
532
123
78
78
77
420
154
77
76
78
540
125
77
77
126
409
115
78
76
78
76
377
115
77
76
78
420
80
77
130
98
441
90
77
125
78
386
102
77
76
75
75
379
124
78
80
128
418
122
81
78
77
470
101
80
128
125
396
116
78
76
123
127
523
122
76
76
74
463
81
77
78
75
467
123
78
77
78
396
88
76
75
79
78
412
121
78
80
76
339
124
76
77
75
455
81
78
77
127
343
122
80
77
78
78
348
81
76
76
126
425
123
75
81
126
492
80
77
78
76
338
123
78
77
124
125
392
81
76
129
127
379
107
77
78
77
477
125
80
77
76
357
125
76
77
77
452
115
78
81
77
77
369
463
78
78
126
358
116
75
127
131
402
139
126
127
125
368
138
77
77
128
129
339
123
77
76
79
453
89
75
78
79
333
122
76
76
78
431
121
76
77
75
78
417
99
78
77
78
337
76
76
76
76
366
114
78
79
127
416
84
75
76
77
78
465
124
78
123
124
317
83
76
79
77
416
82
77
75
75
417
102
77
80
78
79
351
79
81
77
75
462
123
77
76
77
309
119
75
74
77
233
87
78
76
80
76
360
101
79
78
78
372
118
79
78
77
445
121
77
76
76
373
196
82
77
128
127
378
125
77
77
78
358
122
82
79
75
444
210
78
77
78
346
125
78
75
76
79
438
102
76
76
125
341
131
80
75
77
165
78
77
77
74
482
123
77
77
125
125
446
124
77
79
78
426
124
76
79
76
359
82
78
78
75
464
94
77
76
77
312
77
77
75
76
77
414
116
77
127
128
498
123
79
75
78
325
79
79
79
125
444
79
78
77
77
76
428
101
77
75
80
476
116
77
76
77
428
136
78
81
78
413
79
78
74
75
77
322
123
77
79
126
440
127
78
124
80
493
132
127
128
127
412
162
77
78
129
124
445
124
84
80
80
362
131
76
75
76
430
83
77
80
127
432
102
77
77
126
125
365
87
76
82
77
404
106
77
78
77
397
78
79
78
76
427
173
80
75
126
125
378
122
77
77
74
488
118
76
78
127
382
122
78
80
79
349
86
77
77
76
76
398
82
80
77
78
423
87
76
125
124
430
184
78
76
77
327
123
77
76
81
75
373
118
78
75
76
374
102
79
76
77
432
90
77
78
78
528
117
76
78
76
387
162
77
76
77
78
375
122
76
79
78
448
119
78
127
125
339
108
81
77
78
425
122
83
76
76
76
425
118
75
79
126
450
146
79
78
330
124
77
76
77
126
504
81
78
126
126
126
477
119
79
76
126
433
122
80
79
126
442
123
77
76
76
505
123
79
75
126
127
449
123
77
78
127
326
121
76
76
76
352
124
79
78
76
388
116
78
78
77
77
432
210
78
77
78
443
121
77
77
77
439
199
77
129
127
362
123
77
77
77
77
371
143
76
78
126
355
123
76
76
76
449
120
82
77
75
373
93
79
78
79
77
363
119
79
76
77
328
116
78
549
79
445
123
81
77
78
362
123
79
76
76
75
375
95
79
127
133
359
119
78
77
125
445
119
80
79
75
400
124
78
78
77
79
541
79
76
77
76
396
86
77
78
79
448
196
79
77
127
451
85
77
76
74
382
87
76
80
76
78
415
95
75
78
126
480
166
78
127
125
421
122
79
78
77
434
120
77
76
75
76
477
82
77
76
126
419
83
78
78
128
444
106
79
75
80
451
118
80
76
77
76
421
122
77
76
75
455
123
80
76
126
432
80
77
76
124
391
122
77
79
76
128
383
122
75
78
77
425
118
79
78
79
449
154
78
77
78
376
121
78
76
77
76
430
123
76
77
80
408
124
76
76
78
495
119
78
78
77
432
123
78
79
76
80
325
99
76
77
77
431
118
76
80
78
431
130
77
79
77
401
156
79
77
76
79
424
124
76
75
126
476
104
78
75
76
429
134
78
77
79
423
124
76
79
75
76
309
97
76
79
128
404
90
81
79
78
227
77
76
77
76
403
165
75
76
80
417
127
77
76
126
128
454
120
77
77
76
391
105
77
77
80
425
105
77
77
128
433
183
78
78
77
75
441
122
78
78
78
432
80
76
75
76
240
81
76
74
75
370
102
76
77
74
76
530
117
76
77
127
392
119
76
126
125
428
136
78
80
127
447
122
76
78
78
78
448
119
76
76
75
445
119
77
77
128
442
116
76
76
126
448
168
79
77
76
76
431
122
76
76
77
356
126
75
78
125
427
122
78
79
74
415
117
77
126
130
127
152
77
75
78
76
334
122
81
80
75
432
108
82
75
77
407
118
78
78
76
77
414
89
78
76
76
278
98
76
77
127
247
78
77
78
76
422
124
77
76
127
126
359
120
78
79
128
342
130
77
76
80
388
115
78
76
79
1198
125
128
125
127
126
317
115
77
77
129
370
112
79
77
78
410
122
76
79
77
167
79
77
77
76
436
108
76
78
78
79
424
80
78
77
77
496
190
79
76
76
405
122
78
128
127
317
123
78
79
75
78
390
124
78
78
78
390
123
79
81
76
363
115
80
76
76
483
203
77
77
76
76
352
123
80
76
127
389
119
76
77
76
233
105
77
76
127
446
122
80
75
76
77
501
140
78
77
73
334
118
78
77
76
632
106
127
127
125
410
123
76
75
75
80
423
110
78
77
79
375
124
78
126
127
423
123
78
77
76
168
80
76
78
74
76
428
79
76
76
78
458
126
77
76
76
319
97
76
83
76
528
116
79
78
126
127
352
124
77
75
76
471
112
76
79
77
497
143
78
77
75
440
124
77
76
127
127
210
80
76
126
130
490
126
77
77
126
453
123
80
76
77
442
125
77
76
76
75
436
120
76
77
78
334
124
76
77
126
435
80
80
127
126
419
79
76
76
78
480
175
80
77
128
131
349
81
76
76
77
437
121
76
79
126
326
90
80
77
76
422
100
77
77
130
127
421
138
79
76
75
474
124
78
77
77
404
111
77
77
81
421
120
80
77
124
128
331
87
76
80
124
437
149
81
77
128
360
104
78
125
127
433
104
76
77
79
76
525
107
76
74
75
427
87
78
79
77
341
81
76
78
78
440
178
77
76
75
76
413
116
77
76
75
182
78
74
77
75
453
173
79
130
129
449
102
76
76
78
76
366
89
80
79
78
423
123
77
76
76
438
125
78
76
77
189
78
120
77
81
77
79
483
159
78
78
77
77
127
126
125
331
313
79
75
80
75
78
75
133
219
79
78
75
74
75
77
392
82
77
75
79
77
78
78
381
121
76
77
74
81
125
446
85
77
78
76
128
417
123
79
81
76
472
123
77
76
126
410
139
81
76
76
433
124
76
77
75
76
394
80
77
78
75
441
151
79
78
127
500
104
81
76
77
444
174
79
77
125
128
427
122
77
77
126
410
82
78
75
77
443
124
78
75
126
342
106
78
77
77
125
371
122
76
76
77
348
123
126
129
124
328
85
78
76
76
410
124
80
78
76
127
500
92
76
76
114
379
123
78
80
76
256
123
76
76
75
356
98
77
127
126
127
429
91
77
76
77
463
119
78
127
125
478
81
78
79
77
381
108
81
77
77
77
437
87
76
76
78
371
124
76
78
77
451
118
76
78
77
374
104
78
77
76
127
463
122
77
78
76
139
122
75
76
82
390
79
78
79
76
383
123
79
126
126
128
337
87
77
77
79
389
103
77
75
75
350
97
75
76
78
346
124
78
77
80
478
79
78
78
76
77
366
124
77
77
126
396
89
77
76
126
352
122
551
78
79
490
83
76
125
127
126
520
120
80
78
77
400
122
77
79
79
352
122
76
75
127
454
80
78
77
78
76
443
76
78
75
76
487
116
75
77
76
376
109
76
77
126
429
122
77
75
125
127
234
78
76
79
81
331
123
78
77
125
467
122
78
127
130
393
94
76
80
78
79
402
94
76
77
127
372
83
79
80
128
227
80
77
76
76
396
101
77
78
78
78
470
102
77
76
78
243
92
76
75
76
187
79
77
78
77
290
123
76
77
129
128
196
124
79
80
127
276
123
75
82
76
201
80
77
78
125
381
110
76
85
125
125
330
119
80
77
79
346
90
78
78
78
242
86
77
128
127
283
116
75
75
77
234
106
77
78
77
77
283
114
77
76
130
256
92
76
75
76
182
124
76
75
79
429
89
77
126
127
127
237
98
77
78
126
313
125
76
75
74
191
123
76
75
128
316
119
76
77
79
75
258
123
77
77
76
281
123
78
77
130
289
117
82
127
126
233
122
77
83
80
79
279
124
77
76
75
260
119
73
76
127
158
124
77
75
74
232
77
77
75
73
74
240
101
76
77
76
174
122
74
77
75
168
123
75
76
77
206
104
77
76
76
76
214
114
75
73
75
240
113
77
76
128
276
121
74
75
77
219
119
74
74
75
76
256
124
74
73
75
261
115
74
74
76
221
119
76
74
75
293
118
78
77
77
76
251
78
75
79
79
169
123
76
76
80
219
123
75
75
77
254
111
78
125
125
123
235
121
77
78
77
185
110
74
74
76
368
115
76
80
75
270
110
75
74
123
306
97
75
75
77
77
223
89
75
77
76
226
121
75
75
77
313
101
76
75
126
144
77
76
74
126
126
258
86
77
76
75
248
117
74
77
76
248
108
76
124
128
270
114
77
75
76
446
91
75
76
76
77
230
91
76
74
75
259
121
76
77
77
272
82
76
78
77
76
206
76
75
77
75
186
76
74
77
75
279
106
76
78
79
254
106
75
77
127
124
269
80
76
78
77
174
76
77
79
76
237
120
78
80
78
232
78
79
76
76
78
353
122
75
74
126
183
79
78
78
77
249
122
74
76
126
363
117
75
78
75
127
330
106
75
75
75
441
117
75
78
78
210
79
75
77
74
215
81
76
76
550
126
212
76
76
77
124
224
89
124
128
124
252
79
76
76
74
332
122
75
78
76
232
79
76
78
79
74
172
79
75
75
78
204
79
76
77
76
278
117
77
75
128
248
116
78
78
99
128
166
79
78
75
75
242
124
75
74
75
381
112
77
76
126
231
104
77
76
76
76
175
80
76
75
125
241
92
77
79
126
252
86
77
77
76
243
79
75
75
128
126
250
81
76
77
76
245
116
79
77
76
358
123
75
77
126
230
87
76
76
76
77
283
97
74
77
128
159
84
77
76
76
445
120
77
77
128
279
97
75
76
126
126
337
118
76
77
76
209
78
78
77
76
189
112
127
129
127
279
107
77
77
75
74
270
75
75
80
83
380
108
76
77
125
240
115
74
76
75
349
122
76
76
127
129
236
123
76
76
75
366
116
77
75
76
277
123
76
76
77
329
121
78
79
75
75
250
121
76
76
130
227
82
80
75
75
246
123
77
125
127
336
120
76
78
80
186
84
75
75
124
124
198
123
75
75
76
242
125
75
79
125
335
115
77
75
77
235
110
75
78
76
75
228
78
75
76
77
200
81
77
79
129
234
124
75
77
77
345
113
76
77
128
123
129
76
76
77
78
274
115
75
79
128
189
93
76
75
77
275
91
76
74
125
126
252
123
75
80
79
235
118
73
75
75
164
82
76
77
75
334
119
78
76
129
127
277
124
78
76
77
340
119
75
77
127
210
82
77
78
76
233
79
76
125
126
129
345
101
75
79
127
249
123
78
79
77
254
122
73
76
74
208
122
74
77
75
75
253
123
76
75
75
246
115
76
78
125
396
106
74
75
77
127
96
78
80
75
76
264
111
74
76
125
203
113
76
76
81
189
76
76
78
125
333
119
75
74
74
377
120
73
76
76
78
119
76
128
106
125
150
122
127
127
127
346
116
78
77
126
217
123
126
126
127
125
211
79
76
76
124
273
121
77
77
75
319
105
73
77
125
200
122
126
128
125
124
250
82
75
78
76
181
121
77
127
124
361
82
79
79
76
316
120
78
76
125
125
249
122
78
76
78
242
115
76
77
127
125
123
76
79
77
261
99
77
77
76
78
261
117
80
75
77
221
122
77
74
75
125
122
76
78
79
134
80
78
79
75
75
729
113
126
126
124
194
79
74
77
78
200
115
78
74
76
159
121
77
77
75
74
185
97
76
73
75
157
77
73
76
126
271
79
75
74
74
329
120
80
76
126
126
350
122
75
75
122
281
118
75
76
125
186
78
75
73
76
278
121
75
77
76
77
145
124
74
75
74
278
120
75
75
77
247
116
74
124
125
297
121
75
77
126
261
114
76
75
125
127
166
81
74
75
75
277
122
75
75
74
218
81
75
75
76
215
103
76
75
76
127
251
122
75
74
79
358
118
75
75
76
319
75
74
77
75
258
95
76
75
76
76
181
106
77
76
78
114
79
74
75
77
226
120
75
75
75
155
122
75
79
128
125
237
116
77
78
76
259
114
75
77
122
209
123
75
77
77
191
79
75
78
76
124
168
123
78
76
79
327
120
74
75
75
268
91
77
74
76
226
80
76
77
77
74
184
80
77
77
126
379
124
78
76
77
172
122
75
74
127
289
89
74
123
127
122
152
90
76
80
78
236
98
76
75
75
239
98
77
75
78
362
86
76
77
75
75
255
116
75
77
75
221
90
76
78
125
148
122
76
78
76
268
79
124
126
125
258
78
75
74
74
77
216
116
75
76
75
151
115
74
77
75
206
79
77
76
78
233
83
75
77
126
126
163
123
74
76
127
198
81
76
77
78
243
110
75
78
75
390
117
75
74
75
74
269
108
76
76
75
221
114
75
75
125
199
79
75
76
128
144
122
