399
601
89
416
86
284
110
303
347
160
366
205
334
117
373
316
213
330
136
354
170
345
378
282
407
177
406
285
254
406
199
384
182
284
88
290
454
284
88
346
187
83
312
323
242
362
263
357
136
476
394
298
378
147
377
148
357
393
299
361
131
304
178
368
298
313
380
279
440
288
376
406
310
363
132
351
251
364
400
163
312
190
338
146
364
413
316
364
266
365
269
369
400
307
372
268
362
261
356
384
288
362
257
374
402
194
366
384
374
147
363
397
296
362
262
370
141
359
265
292
365
173
362
154
298
368
193
332
105
377
91
264
306
337
365
264
380
191
362
394
291
371
272
355
136
365
392
296
370
149
374
177
339
332
270
351
248
361
250
358
397
162
368
268
497
268
621
522
288
365
260
362
152
387
538
439
496
271
306
178
356
282
303
363
172
357
164
367
403
173
362
137
343
137
365
400
302
370
145
370
153
378
397
174
375
148
370
142
362
398
172
359
263
364
256
367
399
305
370
266
365
263
368
389
295
428
169
346
154
376
398
306
368
266
373
267
370
401
304
501
267
372
270
371
396
425
356
254
358
258
365
397
426
500
255
302
178
343
341
166
366
172
464
273
505
407
301
369
142
368
271
364
400
301
366
264
367
146
374
405
306
373
273
377
410
174
338
179
380
194
355
351
285
347
246
360
262
364
397
299
375
266
366
257
361
393
300
371
137
371
267
369
400
425
311
271
321
182
366
276
306
299
164
231
454
314
341
239
380
272
300
181
477
414
317
298
112
286
174
323
347
250
380
149
367
151
362
392
291
369
269
371
149
369
398
304
363
142
361
263
359
389
297
367
138
307
187
347
332
276
347
249
367
266
371
437
305
379
132
369
172
365
413
437
385
151
369
146
371
409
308
364
136
360
138
356
397
294
360
262
261
191
348
324
259
354
126
369
268
348
300
183
363
267
377
144
364
390
295
367
263
372
146
373
406
313
381
280
302
179
367
417
316
299
173
364
157
945
466
455
429
312
500
271
373
405
304
366
261
364
260
368
406
182
372
261
364
270
364
395
298
375
267
372
276
375
284
310
372
270
369
127
365
388
290
359
134
377
260
370
405
184
374
144
379
405
295
362
264
367
261
511
533
430
376
277
306
181
341
345
276
346
107
352
144
314
455
305
358
245
368
151
361
274
301
376
272
381
269
364
393
298
366
264
375
311
361
393
295
374
270
358
258
499
386
295
366
266
502
272
376
356
310
368
272
377
259
366
397
294
360
258
372
260
380
407
312
426
259
381
271
370
406
303
352
170
366
171
246
273
300
292
175
344
231
363
419
316
355
139
387
277
379
419
314
381
152
371
258
431
403
304
383
164
374
136
375
372
204
342
120
379
143
369
278
467
382
273
370
148
371
407
309
374
276
372
266
377
281
308
381
409
300
179
345
345
134
339
250
369
141
361
267
293
371
279
376
150
376
409
439
503
278
373
147
375
405
187
374
152
388
280
377
544
319
379
278
373
396
177
373
149
379
278
370
273
179
367
181
369
171
360
393
295
377
276
307
183
370
301
198
375
145
363
237
342
374
275
310
187
342
147
343
374
272
340
239
345
246
348
503
406
307
206
346
246
344
503
408
347
249
338
245
346
377
156
415
246
342
176
301
433
280
459
229
343
145
342
268
291
477
251
372
154
376
402
310
376
275
370
265
375
408
434
372
269
375
273
372
365
156
427
260
369
168
376
407
307
372
268
489
393
374
407
303
371
178
403
142
366
293
191
307
183
368
145
373
407
173
372
152
415
265
369
403
181
374
149
376
276
367
403
299
364
142
376
278
364
393
424
375
271
370
171
378
403
433
366
269
374
275
357
286
283
354
128
373
401
439
374
274
385
156
243
436
405
280
196
282
188
286
188
287
319
351
410
186
336
310
235
274
182
292
95
282
314
344
264
159
329
224
249
274
302
394
295
288
315
411
313
345
291
188
286
182
284
443
470
406
185
415
314
284
447
259
282
179
289
188
273
310
334
278
177
278
305
404
441
337
407
311
413
181
280
324
339
278
314
272
214
302
337
361
342
312
300
202
286
324
360
278
175
262
297
281
306
213
303
193
290
319
389
423
326
385
292
386
289
385
293
316
390
289
317
194
383
406
698
367
147
411
187
412
316
218
299
192
285
190
277
445
351
411
315
282
184
310
467
352
289
192
418
188
296
324
226
415
101
276
176
283
325
352
344
222
326
213
300
327
230
274
221
298
188
410
316
223
286
306
286
192
288
320
225
285
189
289
194
325
309
217
285
191
275
224
309
367
303
386
164
282
317
349
285
196
284
189
288
316
346
418
191
339
218
295
304
323
282
189
331
305
403
441
341
431
206
404
306
411
442
347
410
188
286
185
284
316
345
262
159
298
263
417
333
234
412
191
277
219
311
357
197
384
285
273
184
408
308
221
283
186
281
184
285
321
218
274
305
287
187
421
319
345
404
309
402
176
282
442
344
276
100
310
193
299
454
359
342
215
300
208
270
428
330
285
188
277
180
398
429
339
338
221
301
211
345
318
238
393
291
401
308
346
399
347
390
295
412
308
281
449
344
408
318
280
184
296
319
350
278
186
285
188
413
317
349
412
189
290
194
278
310
346
379
187
277
184
282
309
225
281
184
282
314
410
448
474
415
314
297
189
303
329
225
406
179
398
167
407
308
345
286
189
290
98
283
312
352
415
187
410
182
419
322
237
279
309
285
319
412
446
346
401
176
271
305
336
333
208
395
183
408
329
346
294
93
415
181
278
310
223
287
189
293
187
285
447
474
286
186
289
188
422
318
340
282
306
406
210
289
454
477
424
315
283
179
311
298
329
404
184
285
312
421
325
343
287
182
287
186
282
458
347
410
305
291
191
408
338
343
281
187
281
179
285
318
348
331
179
283
185
290
440
343
404
295
402
301
405
443
471
399
305
293
311
281
311
472
278
184
380
159
380
291
195
301
111
331
130
355
347
286
360
253
403
305
290
310
338
330
210
293
201
282
473
310
536
311
424
306
394
428
329
281
181
277
181
278
437
250
274
173
276
176
411
306
336
401
300
398
179
278
313
338
275
303
271
172
270
302
212
336
214
311
193
288
449
339
277
299
320
174
275
307
335
278
180
396
293
293
438
465
413
311
420
192
270
304
217
281
180
394
299
274
308
341
277
180
400
176
278
350
205
270
209
275
309
214
400
303
276
300
291
443
340
275
310
282
302
271
305
339
278
182
273
302
339
309
229
390
163
278
67
382
414
190
397
165
359
131
391
422
446
378
157
387
162
389
420
321
377
276
387
284
513
546
321
374
274
260
160
381
286
152
388
195
382
190
392
422
443
380
278
389
282
329
379
205
367
140
384
153
380
292
195
351
189
279
164
271
298
272
330
305
325
176
290
317
216
269
302
291
204
409
311
217
278
179
287
183
282
314
342
284
185
270
304
288
315
343
412
314
286
182
290
410
344
269
128
301
208
285
441
344
276
311
277
133
294
430
323
279
309
284
187
285
442
221
411
185
286
310
283
316
221
283
96
271
180
281
310
214
415
183
277
179
277
309
339
282
184
272
130
382
371
313
381
157
288
317
282
317
215
278
312
271
318
134
377
280
278
183
279
444
214
257
147
309
193
362
382
285
414
185
410
183
286
315
217
287
184
281
185
296
428
330
285
189
327
176
282
443
219
291
318
276
125
295
325
229
281
310
283
181
334
328
235
382
278
411
189
287
318
354
285
190
344
185
289
358
336
274
299
276
181
334
312
341
332
209
289
309
280
311
218
274
172
306
310
402
434
330
279
188
289
188
283
446
339
278
216
339
228
305
366
273
408
176
273
299
394
428
467
408
311
280
187
412
313
342
403
304
279
314
308
359
387
276
221
397
202
320
305
337
297
157
309
90
359
375
278
399
173
273
301
278
310
215
281
184
278
181
271
294
331
279
306
280
309
279
438
472
315
171
273
178
413
318
342
278
179
278
308
412
316
344
286
318
406
313
417
329
351
278
310
279
433
462
414
184
399
302
285
491
340
288
151
321
114
374
399
305
284
314
274
213
296
457
483
402
179
280
183
288
449
476
282
182
284
181
269
437
335
284
92
277
183
397
432
331
337
214
308
189
305
459
362
282
186
282
186
285
313
105
299
135
405
185
283
315
219
292
186
284
182
323
306
218
407
182
285
189
272
307
340
404
177
281
179
286
316
225
412
189
283
182
406
443
346
284
315
282
178
279
314
222
325
306
278
180
281
312
343
292
183
330
227
324
398
443
379
286
270
169
278
320
343
283
186
289
182
402
306
208
271
302
407
136
264
427
331
292
313
293
174
291
436
337
404
307
405
305
288
443
468
291
189
293
178
277
313
223
269
92
326
226
375
276
216
275
308
283
188
402
434
328
339
210
286
182
279
315
341
266
179
286
316
345
408
312
283
139
307
334
350
294
309
281
316
447
555
329
274
302
280
184
407
442
343
335
127
302
209
292
443
217
410
189
410
184
286
320
217
282
186
279
180
280
314
342
422
156
312
188
349
342
289
356
254
379
157
377
406
307
381
153
385
160
386
413
445
383
159
376
151
312
371
314
374
145
389
127
312
379
432
367
142
380
157
378
409
310
448
281
356
164
380
314
212
382
283
380
182
386
288
317
318
102
376
185
380
406
274
380
186
382
186
393
309
320
381
159
385
284
385
418
449
391
285
385
151
381
417
319
389
165
389
166
384
416
195
388
160
374
166
390
291
318
388
278
387
157
386
305
197
382
289
391
293
387
418
450
518
290
313
194
393
310
326
386
288
396
292
384
387
317
386
156
380
284
387
289
191
319
195
386
433
323
382
284
323
195
384
308
205
391
288
384
190
385
420
329
391
288
387
87
380
279
318
269
289
272
305
307
375
334
389
295
281
219
305
338
354
287
320
288
311
285
316
226
410
182
281
189
279
315
255
286
194
416
190
299
455
481
403
306
307
187
284
320
347
285
190
288
190
288
448
348
419
319
418
193
405
430
464
290
323
335
191
278
313
344
410
317
338
213
306
330
356
280
313
280
179
411
318
224
285
185
285
187
407
313
219
301
194
294
186
410
356
209
407
180
276
181
286
316
218
404
177
286
187
282
321
219
407
186
278
173
284
315
343
291
221
316
199
260
299
337
382
105
334
216
299
335
358
284
313
340
215
288
323
229
340
313
309
208
283
313
341
294
312
282
188
282
440
472
166
462
399
299
323
321
344
282
188
280
198
398
311
335
394
171
283
190
285
316
223
286
149
239
341
300
411
128
330
169
278
434
468
273
311
298
202
279
314
343
277
181
281
185
280
310
339
414
187
280
183
292
318
348
337
125
297
205
281
305
209
293
308
286
185
286
361
336
282
182
400
294
283
315
341
411
182
407
177
411
317
346
302
181
283
185
292
446
476
409
307
402
301
282
440
468
403
206
328
302
404
337
357
277
185
284
184
284
441
345
408
188
290
185
410
442
344
291
195
276
221
409
336
227
291
316
285
184
328
306
343
412
315
420
192
296
316
226
417
188
293
726
390
413
451
318
309
414
312
285
319
344
288
187
278
306
285
312
344
325
183
293
182
285
318
219
401
178
263
127
298
328
226
267
215
395
185
286
314
216
409
183
277
199
346
361
266
387
421
395
205
385
413
318
390
289
386
283
386
418
319
391
290
391
425
326
393
294
392
290
387
283
319
395
292
283
313
289
349
343
406
89
275
309
275
310
236
261
290
289
182
278
331
344
286
185
287
186
280
333
213
282
313
285
128
302
334
359
411
308
410
311
323
306
343
405
183
287
190
295
313
220
290
147
233
115
453
330
307
514
423
396
424
520
426
455
391
279
513
289
387
420
321
429
283
517
293
384
541
448
387
415
519
422
386
545
450
390
281
388
290
391
422
451
390
291
515
289
387
417
317
386
288
398
204
384
545
578
389
290
390
416
387
549
449
384
416
388
286
396
431
321
387
286
393
289
387
424
319
390
294
391
290
391
429
175
284
181
280
184
282
440
343
406
180
408
186
414
350
246
338
333
524
423
519
554
451
287
190
409
188
291
349
350
464
308
389
235
261
428
325
363
258
498
539
440
495
268
368
259
370
279
294
365
264
493
399
500
528
557
499
264
493
269
490
524
426
464
264
369
140
493
405
431
386
159
380
159
388
304
318
385
288
386
171
394
292
193
392
162
389
283
388
466
250
364
263
367
152
361
394
177
369
266
390
284
384
436
320
385
162
387
288
391
423
323
268
129
293
197
296
368
309
368
268
387
162
386
416
285
312
280
391
309
385
422
321
380
286
384
164
396
326
227
285
191
287
184
415
316
349
412
316
409
188
372
401
202
345
224
431
258
515
544
465
410
188
289
309
285
482
349
350
190
350
231
390
426
452
286
192
281
187
291
333
227
296
118
325
175
282
376
344
414
183
411
190
415
343
346
291
185
451
197
396
549
348
408
302
284
310
409
445
338
267
217
382
191
299
329
229
415
352
334
123
301
333
232
304
191
300
185
283
341
345
301
193
285
453
350
348
128
303
212
294
320
350
278
225
304
188
402
324
144
283
184
410
189
285
321
345
283
186
289
187
294
321
350
297
155
360
167
307
290
333
263
175
414
182
410
439
344
408
307
329
309
408
447
341
285
188
409
306
403
349
344
338
132
293
188
290
788
347
247
170
318
262
416
468
347
291
185
271
310
301
512
353
405
175
287
193
279
347
347
264
147
288
172
308
360
264
281
180
290
186
295
325
228
282
186
289
188
289
358
347
468
201
348
118
390
433
328
396
421
389
287
402
310
326
390
418
395
295
270
430
449
387
291
394
294
392
420
318
389
287
396
294
468
542
575
397
425
391
418
388
543
321
267
291
403
200
270
411
348
391
171
290
180
299
350
347
255
154
317
228
332
306
335
446
161
283
313
283
312
352
394
165
288
186
404
456
474
405
177
289
339
225
304
315
313
277
392
559
579
386
289
399
300
407
356
342
331
126
305
190
305
328
226
281
184
284
312
289
450
473
412
186
287
314
282
440
345
407
313
293
191
290
319
218
294
104
397
174
280
443
344
282
185
289
305
280
317
346
277
181
287
188
286
178
76
406
192
80
338
336
345
309
201
76
410
240
82
411
372
199
218
342
296
419
229
79
474
330
392
419
396
553
447
510
417
393
307
409
437
344
407
182
280
179
301
307
338
320
180
289
317
402
431
470
405
307
279
309
409
313
346
286
181
283
186
271
309
209
267
173
394
170
266
297
202
268
177
278
186
304
353
257
333
218
305
208
403
436
330
281
185
397
301
406
449
347
287
185
414
181
398
321
334
281
311
281
182
283
309
122
287
154
292
257
293
335
124
400
202
281
308
343
402
174
279
189
286
305
341
282
179
284
189
281
317
220
290
141
309
202
385
370
273
339
216
296
200
272
303
336
280
187
275
213
312
278
312
390
292
411
316
287
319
350
251
143
346
124
255
325
312
428
286
388
290
285
445
607
515
416
519
294
383
417
313
385
416
384
290
519
425
346
542
316
287
190
284
438
343
282
191
412
317
377
339
380
274
180
270
171
275
504
347
264
290
285
191
289
341
218
285
183
274
175
285
321
352
293
185
407
184
274
304
253
413
318
291
191
288
308
211
277
179
279
312
288
338
350
413
188
408
189
287
318
221
279
190
276
312
282
314
215
281
182
364
179
282
319
221
334
124
396
202
415
449
349
334
304
299
175
377
377
427
336
308
395
318
413
446
473
301
320
279
188
296
356
218
285
172
279
311
223
282
187
282
188
405
312
216
336
213
377
278
305
334
363
781
283
217
158
376
352
276
279
310
277
95
321
455
356
330
209
298
204
278
317
341
288
153
290
169
313
361
264
340
218
307
232
407
313
342
287
188
290
190
276
443
253
274
177
288
183
289
321
220
282
145
326
223
326
395
334
275
298
410
316
402
307
337
280
184
398
297
283
439
342
414
314
327
181
281
312
219
263
296
396
298
401
314
217
287
190
283
188
279
442
345
400
305
283
187
279
307
211
275
183
281
188
280
356
211
272
137
364
175
297
446
354
407
184
282
304
274
439
339
406
306
269
124
294
454
357
291
314
422
317
278
323
340
402
209
260
120
290
327
227
406
177
281
184
336
315
236
326
206
291
199
276
308
207
398
178
281
184
274
436
341
413
313
283
184
270
304
342
381
153
283
185
400
309
340
285
180
276
311
217
273
128
303
330
287
449
341
291
190
268
169
270
428
462
405
313
452
178
411
449
344
248
148
288
165
311
283
206
260
163
281
180
404
437
467
399
301
395
301
405
435
471
277
186
282
184
288
369
343
404
306
279
182
282
308
342
274
181
277
182
281
324
220
282
293
384
283
379
404
305
380
282
389
290
517
545
316
310
78
352
160
270
299
325
382
285
380
273
374
414
316
380
159
387
288
379
414
319
379
281
384
287
252
413
444
374
143
379
283
356
413
314
380
154
386
155
387
417
194
392
170
381
157
385
419
438
373
276
384
162
389
293
317
381
156
386
282
381
410
444
389
279
386
168
380
416
333
384
289
523
291
388
289
447
384
289
383
286
390
421
328
385
157
379
413
319
385
286
394
170
381
246
336
304
237
390
168
280
306
340
393
296
394
173
273
299
331
273
219
309
211
283
455
350
276
175
284
312
418
445
476
284
97
287
196
284
444
249
358
149
330
212
291
429
195
287
180
280
183
405
305
336
278
183
285
313
404
434
337
280
310
407
183
450
441
339
284
117
274
202
338
328
233
295
185
284
180
290
321
225
288
194
271
306
334
313
233
336
200
285
199
277
307
212
280
135
298
211
412
311
349
282
185
293
181
273
309
335
284
188
278
181
408
313
344
287
191
281
182
283
317
218
295
191
276
94
395
306
214
294
193
336
212
375
376
316
381
284
402
176
281
440
340
410
304
393
299
400
424
457
775
279
285
260
272
339
86
400
206
285
186
275
310
334
281
186
279
316
351
282
185
276
178
412
444
466
407
310
408
315
279
444
346
401
311
409
179
323
436
342
404
308
291
196
284
317
346
292
183
284
314
273
310
235
393
164
280
184
275
307
336
413
307
279
184
283
440
347
289
301
338
233
274
306
330
384
191
382
178
390
421
320
390
295
375
274
371
408
310
377
269
381
157
376
410
314
375
282
380
113
329
397
223
354
252
264
292
399
431
456
396
304
334
218
376
281
314
388
287
280
182
287
441
341
293
160
312
196
352
376
187
275
184
285
188
283
315
335
405
182
267
173
403
571
471
270
168
275
178
405
308
338
277
180
276
313
281
313
217
277
178
314
170
280
311
342
400
180
269
170
278
439
343
281
187
397
172
281
441
466
407
308
278
182
283
309
214
271
220
297
205
276
391
335
278
312
285
186
399
307
209
281
311
288
173
282
442
346
299
190
282
183
284
344
218
406
182
409
186
282
468
463
413
342
323
397
226
391
167
411
183
290
450
474
282
187
281
181
282
341
351
277
180
332
214
278
310
214
280
179
407
185
283
362
256
454
179
450
212
280
335
211
273
181
279
182
278
311
217
313
308
343
134
305
338
234
411
310
394
301
405
440
474
423
439
458
438
421
456
482
342
132
409
207
285
343
345
281
189
292
183
413
445
473
404
308
285
183
282
447
350
407
309
279
175
407
358
335
402
306
284
188
410
308
340
415
188
278
176
293
572
352
292
184
282
186
290
349
353
409
311
282
187
283
457
349
413
222
265
212
311
374
311
265
164
411
182
404
452
474
289
318
287
188
413
337
242
281
190
340
233
286
317
218
281
175
402
178
323
449
342
413
439
407
304
285
168
101
318
166
306
408
239
286
183
285
181
285
454
346
414
317
276
218
331
294
322
261
290
328
182
332
406
228
325
211
297
210
283
444
344
413
318
544
446
283
321
218
415
189
286
185
279
316
346
282
148
340
199
363
303
280
284
315
291
184
287
319
343
411
183
278
185
281
314
344
281
179
279
179
272
313
338
391
291
414
184
291
445
223
286
84
285
164
363
343
317
336
204
389
286
393
425
327
517
290
389
287
391
418
319
390
289
392
294
399
427
454
391
291
778
326
435
424
452
393
294
391
288
383
419
319
256
159
391
157
386
289
325
388
416
393
291
520
423
452
388
160
395
296
392
427
325
430
284
517
291
515
419
450
385
288
392
290
390
425
320
511
290
393
422
388
551
453
394
422
397
295
388
425
326
389
161
396
248
382
416
321
260
292
388
285
384
418
318
394
293
515
291
390
425
321
391
295
381
546
452
392
287
523
426
391
423
325
262
200
257
299
394
424
453
518
420
507
289
388
545
449
392
424
394
298
394
420
451
273
178
284
314
290
364
227
265
186
343
232
314
295
203
411
315
333
314
304
329
357
280
230
405
334
416
441
473
286
185
283
307
290
457
355
414
316
401
176
410
311
344
414
213
405
199
293
325
356
252
155
322
203
376
396
300
274
304
274
302
278
322
340
299
304
266
179
266
301
334
266
168
278
210
267
430
205
274
174
445
301
281
437
470
394
303
268
174
284
339
230
274
306
271
299
398
301
333
282
178
288
182
333
424
244
273
178
272
179
275
343
334
399
175
269
173
270
431
335
271
177
395
170
276
442
342
272
171
280
313
415
363
348
274
174
315
171
272
438
330
269
172
406
178
311
414
439
262
162
393
292
390
421
447
387
286
392
552
451
384
285
391
288
515
421
452
431
284
389
293
394
424
323
391
287
393
422
516
543
580
395
425
392
292
388
552
347
412
185
273
179
274
454
344
281
307
409
88
452
375
347
272
179
275
170
268
302
207
398
299
401
171
281
309
345
277
176
451
300
339
442
467
327
298
329
247
279
359
129
400
185
279
184
271
337
328
398
180
266
171
275
325
333
311
280
391
415
393
554
456
391
290
393
287
386
544
432
618
392
465
267
363
396
294
357
129
360
263
365
393
294
304
128
337
222
376
370
317
394
296
278
181
271
438
334
271
174
279
184
271
347
328
408
186
411
305
288
319
224
413
185
297
197
414
320
473
407
306
271
172
287
458
474
273
318
477
246
264
547
340
279
129
277
217
295
332
327
278
173
271
167
391
437
335
285
193
288
189
287
319
354
275
176
270
331
339
278
181
290
183
334
311
235
382
282
340
197
371
425
325
258
286
384
305
285
316
350
276
177
403
181
277
313
210
278
185
269
174
280
349
352
286
188
358
328
781
447
452
494
365
266
223
289
453
413
268
217
338
206
441
418
269
393
288
520
292
508
416
449
404
299
515
419
394
464
575
391
295
390
420
391
549
318
382
412
519
415
520
546
577
265
286
390
286
387
546
445
399
298
385
287
393
422
320
389
201
507
280
392
422
454
391
420
521
293
526
554
458
517
291
390
333
392
412
321
387
162
389
291
392
422
321
396
299
388
291
433
417
452
390
297
394
287
386
418
447
384
283
385
283
384
546
449
512
416
518
293
391
421
321
393
289
389
290
390
551
455
432
289
393
296
391
425
212
302
198
279
183
275
314
234
322
208
303
210
274
307
336
288
319
281
339
344
474
326
359
263
393
463
313
386
150
387
287
386
420
449
255
156
395
297
514
418
453
386
286
391
293
385
421
454
390
419
391
291
394
422
321
391
327
381
157
388
417
190
387
412
379
409
384
415
318
393
291
396
296
398
429
459
387
290
391
288
388
417
320
395
295
387
285
424
412
316
383
159
491
394
485
520
319
386
286
265
166
323
477
323
373
184
357
170
422
346
289
372
272
384
161
392
303
198
397
203
432
188
361
285
203
370
272
257
161
268
437
336
315
186
294
193
386
420
319
513
282
385
159
386
417
448
513
289
390
244
314
378
209
364
137
381
289
389
290
313
385
162
384
288
389
434
318
394
294
389
163
385
418
322
385
286
385
284
377
412
173
381
195
296
324
218
384
159
384
158
385
433
216
449
291
321
338
365
267
298
357
394
363
267
368
530
433
488
262
491
391
463
406
427
484
258
481
258
491
524
553
625
398
364
269
489
522
421
485
388
486
259
494
529
426
488
259
487
381
493
391
292
460
262
484
260
498
533
305
359
265
494
266
368
390
293
490
260
300
121
302
315
239
325
115
407
206
273
313
236
262
119
294
104
271
437
473
276
182
282
180
411
440
211
406
182
283
319
284
486
361
442
187
382
281
392
425
450
514
415
389
288
381
547
358
385
287
514
286
392
416
438
379
280
385
285
388
417
321
393
183
393
419
516
422
449
515
290
386
416
385
423
452
512
287
431
284
519
423
451
384
157
388
280
389
422
321
397
294
383
282
515
421
449
386
289
524
293
388
422
321
508
281
387
156
390
468
316
503
281
512
286
904
547
448
354
385
518
419
514
547
443
387
289
391
420
323
377
279
512
287
512
547
449
514
415
384
200
380
416
320
511
413
387
286
508
409
444
517
290
386
162
389
550
453
511
414
386
417
387
413
444
389
289
382
149
507
543
241
381
295
389
419
382
545
573
393
160
383
412
391
424
322
515
283
383
286
511
536
446
384
168
381
279
383
416
449
521
291
430
286
519
553
579
511
299
387
289
391
424
324
392
291
392
291
390
414
447
513
284
514
285
386
424
322
393
163
387
288
388
330
316
518
417
385
286
515
423
450
390
161
381
284
393
425
328
386
285
382
286
383
421
449
384
416
386
290
391
424
322
255
189
514
290
391
550
449
380
308
388
286
511
541
470
511
413
512
283
504
535
441
381
283
392
547
450
292
192
293
184
312
199
365
310
348
336
228
236
226
367
396
298
451
317
408
440
338
244
209
343
153
375
273
300
461
314
331
192
513
420
320
516
290
425
283
511
417
319
512
287
389
330
390
422
450
401
293
515
417
386
421
451
514
288
389
284
529
436
331
392
294
391
288
518
461
442
514
287
513
410
381
417
288
488
397
493
268
361
402
296
370
139
495
289
380
419
327
383
284
383
285
387
420
323
388
328
395
326
384
419
316
515
419
520
424
390
421
321
384
289
521
289
516
423
323
396
296
400
298
386
417
317
383
156
397
291
422
412
442
515
289
398
298
391
423
324
387
177
393
420
387
543
447
520
290
519
297
387
546
449
381
286
509
283
515
548
471
427
413
388
286
387
417
319
385
416
518
290
516
423
453
387
290
523
295
517
553
580
514
282
385
416
391
427
326
387
286
403
474
458
390
419
399
295
510
415
445
386
281
515
420
386
418
447
398
296
389
289
577
520
551
394
165
386
422
388
423
445
391
205
381
294
382
408
309
393
293
520
291
390
422
448
517
295
395
295
389
420
452
523
424
395
426
389
422
324
392
296
394
297
430
416
317
398
293
379
283
389
424
454
387
289
387
288
515
419
448
388
420
393
293
398
426
330
383
284
391
293
393
418
449
554
285
390
290
387
419
318
511
289
390
289
407
433
333
282
316
291
194
402
456
335
416
315
341
186
372
442
425
515
411
394
204
511
549
452
515
418
513
419
384
415
315
386
156
388
291
396
429
329
385
279
274
182
267
463
335
286
320
277
180
289
321
258
410
189
283
314
412
313
338
401
182
285
320
280
448
557
521
420
394
423
406
436
363
414
312
291
189
282
443
468
411
315
361
309
336
277
187
292
178
271
330
333
410
188
283
185
281
341
344
284
204
343
236
280
453
344
418
317
407
180
280
458
470
459
311
534
435
287
315
218
407
178
284
183
413
322
345
297
193
335
189
406
310
219
274
304
282
184
416
451
475
398
300
285
94
416
595
476
405
181
279
308
411
465
475
406
307
281
187
282
348
244
337
315
285
188
307
468
490
288
318
414
180
471
451
259
282
189
277
181
408
443
347
293
229
320
116
374
395
301
410
306
406
181
294
447
349
256
157
347
199
368
266
295
282
191
333
231
410
315
343
409
180
281
183
411
352
226
291
187
330
197
390
545
448
388
416
396
424
507
541
449
515
291
390
291
382
460
319
387
160
385
281
509
418
446
513
417
383
286
516
421
451
391
162
386
285
390
426
326
397
426
524
297
395
554
457
512
323
387
428
458
391
166
518
420
387
547
451
521
291
390
418
391
421
326
510
413
389
288
393
423
324
391
292
395
419
516
549
365
398
300
273
307
321
355
259
277
307
284
187
338
402
346
396
424
287
315
292
320
351
336
216
408
205
276
449
346
404
307
313
302
342
407
342
394
296
415
189
415
316
216
297
307
278
187
281
310
339
286
187
281
187
417
318
347
284
187
285
185
284
364
209
282
145
336
224
464
491
513
518
422
396
424
387
550
450
519
418
393
288
512
335
447
384
417
383
285
384
416
446
514
199
510
290
512
540
448
384
157
509
285
387
323
213
411
189
330
208
321
276
201
390
162
275
178
373
568
445
393
265
448
337
431
501
529
613
307
485
260
485
521
417
486
390
486
391
485
508
307
484
386
487
389
482
517
543
489
395
493
544
451
507
412
471
287
386
282
397
543
466
402
180
278
308
344
292
187
338
129
380
279
311
406
292
283
307
405
440
345
306
162
305
198
364
430
290
300
190
290
317
280
309
342
278
302
416
195
279
443
340
415
187
419
192
286
312
219
289
226
332
103
374
403
294
411
93
280
186
280
445
340
311
218
340
200
378
386
294
293
738
263
170
402
441
347
396
302
286
188
405
444
343
336
216
308
205
455
469
344
455
301
439
206
387
307
344
330
215
308
206
414
437
341
280
185
285
316
349
318
436
387
286
517
289
384
543
448
424
281
514
286
390
418
322
411
184
336
214
393
443
318
406
185
412
313
434
312
475
412
189
413
186
477
469
350
293
190
409
86
406
315
346
410
180
217
141
300
435
332
336
312
312
344
368
284
318
301
186
410
309
416
456
353
535
310
428
334
479
460
94
438
322
386
422
444
516
283
376
287
514
418
449
511
281
519
413
389
425
449
390
162
262
290
388
421
446
389
162
390
290
427
543
448
522
427
393
424
391
425
583
392
290
392
290
385
418
318
381
290
410
185
411
333
218
249
222
337
206
363
383
286
326
188
317
179
278
441
467
417
315
334
314
479
348
466
509
413
396
336
389
421
449
504
278
389
289
514
420
448
344
187
284
87
404
326
341
266
158
283
184
334
306
337
375
277
335
307
407
461
359
290
319
305
180
421
479
347
273
178
344
345
407
316
254
670
440
413
178
476
363
359
385
160
390
338
510
517
292
491
389
485
259
492
527
428
484
258
488
264
493
402
330
389
284
480
157
388
422
315
380
155
379
487
214
385
158
385
159
395
296
326
385
161
388
285
400
421
310
383
195
398
179
402
433
342
487
301
275
184
284
311
215
277
181
286
230
289
432
324
483
314
407
211
412
446
470
246
148
223
219
376
401
436
412
438
277
90
266
444
469
413
312
409
177
406
437
463
407
306
399
184
282
316
346
409
311
411
315
287
454
350
295
152
327
228
362
399
324
410
421
436
198
281
315
211
311
259
401
300
395
429
458
515
417
517
288
517
547
450
270
170
266
291
396
302
321
401
238
431
290
399
429
331
512
280
382
286
384
452
349
427
193
549
326
290
327
358
274
301
279
182
399
442
337
291
325
422
314
310
369
354
275
131
289
173
409
334
234
289
227
318
226
292
456
363
278
180
283
185
280
582
342
297
323
417
311
282
445
220
251
155
288
177
412
336
357
344
311
397
203
338
308
343
260
294
278
312
288
450
347
436
323
418
188
293
317
348
282
181
294
443
259
415
188
286
192
280
316
361
406
179
289
184
404
316
337
337
216
302
212
286
508
463
390
418
405
313
411
443
473
275
220
308
210
293
308
334
348
171
302
258
318
377
429
262
162
354
203
367
569
420
424
209
304
310
286
443
464
414
312
413
191
412
388
342
406
189
411
189
295
322
230
295
154
309
201
370
391
419
549
312
287
191
283
312
340
281
182
287
190
283
321
340
332
89
311
212
271
311
211
281
313
291
314
423
466
352
413
315
411
184
286
449
346
348
135
312
186
284
321
347
408
308
291
185
331
440
358
419
188
403
180
285
313
342
415
184
291
182
415
449
473
326
201
340
194
290
336
215
411
180
412
179
284
317
344
332
183
297
181
287
331
352
461
235
412
309
298
311
345
280
196
405
191
284
445
469
414
310
427
344
214
278
314
283
313
282
382
332
334
224
400
298
408
440
339
332
188
401
303
289
386
350
419
259
398
285
393
424
322
390
287
394
292
396
427
326
397
197
389
162
376
411
316
285
183
293
186
412
313
472
410
184
412
316
418
457
473
297
312
348
200
323
337
230
418
193
456
182
342
320
349
287
191
288
182
288
323
363
295
196
295
312
406
462
341
411
313
293
190
296
358
228
299
198
408
190
291
442
348
331
212
295
218
292
316
344
416
318
304
209
294
319
356
293
322
297
186
291
458
345
287
190
412
192
291
317
352
301
314
297
103
471
350
431
295
183
413
193
293
442
340
341
219
309
221
302
446
348
340
215
306
216
253
303
277
341
184
295
187
290
329
153
404
182
291
195
420
314
349
253
151
342
98
374
265
294
287
210
355
376
277
392
415
387
410
380
451
469
410
192
309
207
341
330
369
296
203
157
329
307
342
370
423
193
294
193
293
328
227
302
185
282
142
304
375
417
324
299
305
210
421
329
223
328
213
421
144
413
315
353
417
201
285
191
356
327
368
329
302
324
195
319
339
237
415
326
416
189
419
319
355
411
192
414
96
281
459
479
413
317
451
323
417
318
222
344
222
307
214
416
446
355
283
189
411
185
289
324
353
334
129
310
212
287
357
132
282
137
403
211
415
313
346
292
189
289
191
341
314
238
332
392
317
230
404
447
351
417
317
288
185
278
333
219
286
187
365
217
411
326
347
336
219
316
195
314
340
238
294
188
328
189
295
448
476
281
314
346
120
264
423
332
284
309
403
181
280
487
465
278
182
283
189
278
313
347
413
183
287
191
414
446
347
339
215
298
207
277
440
473
295
318
341
405
340
397
296
342
95
304
375
318
271
169
280
185
275
311
349
285
315
279
314
285
320
221
280
314
418
187
286
450
346
293
202
280
185
278
442
239
401
309
285
320
411
322
344
340
225
316
207
287
321
223
283
182
399
303
290
324
233
419
196
299
183
291
320
221
311
196
320
176
287
396
456
384
293
400
172
415
447
475
413
318
345
311
418
344
495
284
317
283
189
285
326
223
372
197
345
234
302
364
350
276
156
351
200
458
450
317
410
183
295
317
409
337
351
283
324
415
189
283
444
352
416
185
288
192
420
325
347
457
95
443
213
284
441
348
273
174
280
308
288
446
338
400
296
290
193
331
298
234
381
155
285
316
283
312
348
290
193
282
187
329
312
219
288
151
315
217
327
297
221
393
163
419
211
369
506
349
388
164
395
293
518
551
580
385
419
523
545
446
390
290
431
419
518
676
450
648
349
512
286
384
419
323
388
289
390
291
518
425
456
391
417
394
290
393
544
446
515
289
521
292
279
585
574
513
289
516
417
516
426
215
268
307
287
309
276
507
351
390
298
410
183
288
457
474
285
178
284
194
289
338
220
350
88
403
203
289
456
343
340
216
297
207
285
445
348
413
187
300
317
408
437
471
291
190
294
315
422
334
343
281
401
409
182
327
450
355
329
307
311
182
300
340
234
348
218
303
214
280
444
220
336
221
295
207
415
449
349
271
218
307
213
406
312
347
319
183
277
179
410
444
352
400
301
413
313
328
394
340
392
296
338
221
412
344
236
281
186
282
182
283
446
343
332
123
382
156
306
376
302
331
219
363
153
391
416
323
407
178
284
189
283
315
344
411
314
411
188
283
315
346
281
310
283
311
342
282
132
338
134
300
430
333
513
282
393
287
389
291
197
394
164
388
158
384
286
194
392
161
390
306
285
322
341
284
184
290
310
455
441
346
280
179
405
187
272
441
468
409
186
285
306
408
312
353
280
307
283
189
284
445
341
282
191
339
216
301
313
325
428
288
388
287
520
422
450
315
132
306
204
350
508
411
514
285
386
153
386
426
321
386
284
386
286
387
768
347
338
217
387
182
356
356
294
370
143
388
161
390
424
321
315
194
371
181
316
351
511
514
290
387
284
388
427
191
315
194
360
167
381
306
165
317
195
387
190
387
318
317
383
161
394
172
390
318
199
392
199
389
190
392
420
446
516
294
321
197
302
327
224
386
292
357
306
321
383
284
386
162
389
424
326
386
158
378
147
387
420
324
396
168
388
294
398
425
324
387
291
388
288
381
280
308
490
289
385
291
386
434
327
388
162
389
286
389
296
326
400
291
271
164
390
298
194
386
159
254
198
299
349
289
368
266
391
121
312
386
216
383
190
392
194
382
419
329
390
159
386
161
384
415
195
399
165
394
167
383
430
316
377
275
311
280
395
424
154
265
127
403
208
426
311
443
370
137
494
396
489
520
425
482
384
496
400
490
397
297
384
158
387
290
387
289
144
355
433
80
424
383
84
81
435
404
367
339
158
392
478
181
78
314
269
85
286
508
478
434
279
265
354
313
135
229
361
228
76
377
312
315
280
182
294
187
290
321
349
414
179
280
188
411
336
345
463
178
441
326
375
309
236
385
161
277
575
473
409
307
398
79
404
187
293
447
351
410
317
344
219
379
374
432
271
120
385
296
309
282
186
292
193
285
315
219
405
181
279
305
277
312
152
271
129
314
215
279
308
345
272
181
273
299
283
313
346
287
185
284
188
286
319
222
275
192
407
184
306
311
337
339
217
300
208
286
439
470
413
186
333
211
398
433
334
407
314
412
316
283
318
346
406
179
278
183
281
450
474
416
316
285
194
294
361
343
284
184
285
179
340
316
245
386
286
412
180
204
536
492
261
162
391
285
513
549
579
515
419
392
293
392
423
452
519
201
388
415
386
419
445
392
155
391
184
392
482
416
395
295
401
427
393
552
343
405
308
286
182
287
325
335
280
184
333
127
387
369
310
383
167
285
178
402
330
337
470
190
336
212
413
449
352
407
310
291
314
293
331
351
252
153
364
207
391
380
381
437
167
515
419
523
570
452
524
298
393
295
396
557
458
270
293
406
296
397
425
460
383
418
489
528
561
495
269
375
292
508
457
447
392
292
395
266
493
389
296
485
260
500
270
494
530
426
365
266
371
272
504
534
299
365
261
495
268
490
520
550
887
260
301
226
386
417
314
385
284
384
272
388
290
322
306
125
321
232
356
366
374
261
294
407
292
521
419
323
511
418
512
286
435
421
319
388
286
386
290
393
549
454
393
162
394
293
522
424
456
517
287
391
291
399
431
456
514
290
519
297
394
425
579
437
157
516
419
392
423
320
259
163
388
287
388
415
316
522
291
396
289
514
545
580
389
287
395
292
395
560
452
518
420
510
202
390
418
324
516
287
407
299
522
423
456
399
291
393
293
524
550
453
388
414
394
421
393
424
322
394
291
383
285
400
556
365
394
294
516
418
514
514
546
492
270
493
264
494
419
324
394
291
387
424
323
387
413
518
289
394
542
350
391
420
516
291
467
413
450
522
417
389
287
393
550
356
516
293
396
416
520
426
324
387
289
386
287
389
544
452
516
418
520
422
398
427
452
300
181
394
293
391
418
456
391
287
524
297
399
429
456
389
288
393
292
391
420
318
393
291
396
187
403
431
460
398
294
392
203
511
420
449
517
289
391
418
508
421
449
515
421
392
419
392
428
454
395
294
516
292
510
546
576
511
418
388
284
390
435
362
515
423
389
286
513
546
449
381
154
391
294
389
392
296
487
261
488
266
490
395
422
491
394
489
264
493
530
422
491
396
328
390
489
398
317
618
398
499
267
504
412
560
492
266
490
266
489
520
446
387
153
386
151
264
327
326
258
284
393
290
410
486
471
345
318
306
329
288
315
225
415
181
281
184
285
317
216
336
220
308
332
216
419
194
278
308
285
448
472
406
174
268
85
409
313
339
410
183
281
306
287
439
469
405
188
284
185
286
357
348
344
175
379
251
391
426
322
394
419
516
420
512
676
361
518
420
393
419
384
540
448
520
424
388
290
391
299
112
359
171
390
293
392
549
452
391
288
507
283
385
417
444
335
217
390
176
403
320
332
403
172
274
176
405
438
342
334
303
310
219
288
480
218
427
229
333
211
284
446
343
415
312
440
316
412
492
329
407
180
272
174
407
455
473
418
322
412
188
286
357
346
349
187
286
178
280
446
339
280
189
419
190
412
321
343
284
147
276
214
487
399
277
384
286
389
292
392
425
324
338
222
402
325
408
314
219
287
320
280
181
286
444
334
279
185
401
180
330
443
347
805
235
380
255
271
299
331
285
185
271
308
227
381
154
289
190
287
350
213
333
293
438
323
382
416
447
386
158
335
159
386
420
321
510
415
395
294
386
415
452
420
318
288
194
286
317
222
291
193
266
175
278
440
344
284
190
288
193
273
347
328
284
185
410
182
285
316
345
276
303
282
186
286
443
347
415
311
286
184
283
314
216
406
179
294
186
283
309
337
285
92
284
188
282
310
342
407
185
282
188
412
317
348
287
189
414
183
279
317
220
412
312
286
161
390
422
323
387
165
392
163
356
288
194
388
157
383
159
381
301
193
383
154
382
281
381
287
195
392
294
384
283
386
415
442
379
278
383
158
382
418
318
475
287
387
293
386
285
317
385
192
493
308
316
283
207
375
188
382
187
388
422
323
390
164
389
161
313
381
212
361
258
380
504
323
378
159
385
285
392
291
321
383
192
375
188
382
420
319
394
291
383
153
386
419
444
381
284
378
285
458
479
430
512
369
319
218
388
419
446
382
284
520
293
515
548
577
395
169
387
160
396
292
318
320
130
295
205
349
375
276
388
286
391
285
350
420
310
380
284
384
153
385
418
318
388
291
390
283
388
417
447
373
277
383
157
386
416
318
383
161
390
162
387
420
324
348
154
381
159
389
293
326
385
158
393
164
385
289
189
386
158
422
189
383
411
183
383
281
310
190
352
348
290
364
139
386
125
337
309
343
304
182
282
185
389
422
452
388
284
390
286
386
414
446
386
163
320
198
265
403
298
371
149
382
278
382
426
148
383
291
261
167
378
377
315
491
263
389
160
388
422
192
379
285
388
419
322
263
195
376
162
344
235
390
427
321
298
266
317
381
295
436
204
487
389
491
396
296
367
264
360
133
360
398
293
394
136
368
181
267
423
456
390
298
520
421
386
418
452
465
284
393
293
395
428
453
389
291
392
288
387
418
321
391
293
517
425
388
419
453
521
294
389
294
391
559
457
397
543
391
199
381
290
320
390
292
521
289
518
550
450
416
322
413
192
285
455
478
539
444
408
308
276
438
347
421
189
278
183
281
308
250
405
183
293
193
401
431
341
394
169
406
184
278
440
215
306
209
417
192
286
322
225
286
188
277
182
284
322
350
289
186
462
314
286
317
216
280
181
792
300
376
376
266
278
185
411
186
412
313
347
277
220
299
336
282
327
476
294
320
418
315
413
478
336
540
310
282
316
217
277
309
344
221
390
425
317
338
220
310
212
287
317
219
410
314
414
186
284
318
220
271
216
305
114
293
315
217
276
182
278
304
407
313
344
396
300
309
189
379
283
314
389
292
339
127
306
337
361
304
201
275
307
285
308
118
414
190
276
176
406
311
215
420
196
288
187
281
311
341
278
309
284
182
283
442
345
296
197
287
185
280
309
339
286
184
322
182
406
315
347
247
228
365
169
315
380
432
390
293
282
182
285
320
222
396
173
389
165
294
316
346
281
185
408
307
281
351
341
280
187
285
183
283
317
348
404
178
288
316
409
316
350
275
181
289
313
286
316
348
282
185
407
184
287
444
343
338
89
302
212
284
314
343
279
132
405
204
416
320
352
281
185
279
177
283
316
344
288
189
276
183
279
311
214
280
313
284
181
311
305
210
411
179
282
308
398
424
337
342
312
513
325
411
438
467
408
303
413
318
411
328
212
279
317
279
306
268
429
324
448
306
417
450
351
286
192
399
300
408
439
210
287
222
314
195
367
386
295
405
183
405
180
386
413
442
375
153
387
164
382
405
310
385
159
381
285
399
417
444
404
416
376
278
276
290
202
385
196
274
179
383
410
316
380
283
382
288
393
295
447
383
110
306
275
381
430
203
377
149
298
177
275
312
206
380
280
387
287
385
412
444
387
287
319
303
303
455
354
275
185
284
190
322
320
342
346
222
320
213
407
451
338
414
309
306
182
405
437
464
410
310
416
312
364
318
349
308
195
286
186
288
314
220
318
173
292
189
275
315
233
333
298
405
211
408
443
475
415
314
281
305
288
319
209
157
81
375
236
309
308
252
307
315
290
219
333
307
344
332
208
295
213
402
450
341
283
187
285
182
290
330
349
303
206
407
309
297
320
217
476
198
339
307
284
318
134
376
156
288
446
345
401
304
293
312
291
323
225
345
218
439
322
522
552
452
391
289
387
410
511
421
448
386
285
389
286
421
544
579
379
283
275
415
392
425
220
277
132
288
189
279
451
340
279
314
309
314
269
301
230
338
308
321
188
399
331
355
325
181
283
308
284
444
348
310
161
297
258
807
446
331
248
151
318
194
367
376
285
407
310
406
182
407
313
214
409
177
282
87
280
310
344
333
210
308
187
295
335
229
403
305
409
311
278
314
213
405
183
281
180
284
317
221
290
191
274
179
278
311
249
279
183
279
183
401
434
216
273
220
402
204
412
452
474
405
304
290
314
411
441
471
408
312
276
177
286
315
222
278
313
325
178
399
433
336
285
304
408
178
280
315
346
289
192
280
182
288
452
347
411
311
287
187
286
444
352
416
191
404
441
212
441
298
283
187
270
401
452
388
290
411
316
417
450
344
409
316
407
315
288
311
215
279
210
310
192
365
390
290
412
306
401
123
329
303
341
391
161
406
175
399
442
470
413
189
421
185
418
320
223
286
192
287
191
283
316
345
288
186
402
187
288
444
246
333
216
379
193
294
324
213
283
193
285
189
409
313
339
340
224
406
209
290
319
217
406
309
284
188
274
307
213
342
217
403
205
280
317
343
288
186
279
174
355
311
239
384
161
284
178
399
432
463
412
313
281
311
286
313
215
339
130
307
217
417
357
341
280
146
315
113
370
392
300
404
307
409
311
284
315
214
284
183
406
184
286
445
473
405
308
419
310
401
300
332
288
223
335
211
293
304
319
284
187
287
186
402
440
335
277
228
323
184
301
451
356
341
218
299
330
228
287
189
396
285
387
420
286
386
211
308
182
298
337
359
404
182
286
316
290
441
475
287
319
417
192
278
334
220
396
168
268
216
290
302
201
408
307
328
315
406
434
337
397
211
410
212
407
452
464
410
195
401
302
418
450
349
416
315
290
187
287
311
219
292
152
319
223
362
431
290
285
185
334
212
400
331
224
394
301
285
183
285
314
220
290
188
411
185
286
442
345
417
311
403
463
429
535
310
281
83
404
180
406
440
215
403
215
298
207
291
451
353
415
304
538
309
408
442
352
408
189
406
312
276
430
463
410
183
284
306
321
314
343
289
153
322
225
320
302
219
269
211
314
200
411
442
344
420
319
285
186
282
443
340
408
307
292
196
290
315
219
338
123
300
188
306
333
229
273
128
297
325
344
297
324
281
187
286
314
288
320
343
295
190
287
195
278
310
216
408
182
285
484
475
257
230
418
228
417
410
308
397
179
409
185
283
317
217
403
179
281
183
410
313
339
402
181
282
174
408
439
340
333
182
302
188
297
334
223
402
309
300
212
283
317
351
274
178
278
304
405
440
344
538
434
282
192
414
448
470
384
281
390
163
381
446
316
422
279
380
159
386
302
319
387
286
385
166
385
418
444
384
283
383
158
385
418
318
393
292
390
162
390
418
192
353
283
385
153
388
418
192
381
283
387
283
379
414
311
383
158
380
158
391
425
453
393
166
381
154
394
429
323
381
152
383
119
310
381
325
353
260
317
190
376
309
324
377
145
386
161
379
411
312
379
282
387
159
378
406
307
519
285
384
164
385
418
276
375
192
370
293
312
301
185
385
194
380
157
380
413
196
385
161
382
282
320
375
147
388
165
378
412
192
379
155
375
278
479
412
444
384
280
378
272
384
415
314
496
273
378
155
383
418
452
385
158
380
157
403
313
339
280
309
404
180
407
437
337
310
173
263
303
398
326
225
270
302
276
181
279
311
212
281
180
279
181
284
304
213
285
148
308
193
320
386
324
332
296
403
229
332
400
339
390
295
277
172
266
301
331
283
309
282
187
411
441
345
248
223
310
193
361
254
284
287
311
400
129
298
333
142
402
180
277
183
398
298
335
278
179
280
186
289
322
349
281
184
271
174
283
441
222
276
174
410
317
286
449
350
278
181
316
178
403
307
337
332
206
303
182
293
329
222
278
186
279
184
280
310
213
406
303
278
305
405
437
471
411
310
393
171
276
341
338
393
296
397
173
402
308
338
407
180
283
313
219
398
316
286
308
282
442
345
279
184
289
195
398
303
208
397
304
334
172
303
281
292
380
276
286
189
277
312
237
386
157
410
184
284
305
333
406
182
281
180
280
310
342
281
188
335
207
147
447
218
433
268
288
186
395
430
335
411
188
282
190
284
443
470
287
318
295
192
290
324
352
414
311
276
180
341
404
235
388
288
324
185
289
319
229
340
216
296
195
288
316
339
408
192
290
189
290
321
349
411
185
286
185
286
316
346
277
310
291
190
341
382
218
371
392
336
122
385
293
302
339
218
402
187
403
436
338
342
132
294
200
290
326
232
292
199
285
316
351
343
220
304
110
272
312
346
285
193
332
307
316
242
285
320
222
293
188
290
184
404
317
749
281
180
290
446
478
404
179
289
186
405
435
241
329
215
295
198
415
446
477
285
183
281
187
307
316
218
282
311
287
192
283
315
344
283
146
287
86
302
332
231
333
303
298
196
277
311
347
413
190
343
135
405
307
326
284
310
292
191
415
443
346
414
311
408
313
276
316
468
419
306
405
436
406
476
470
285
184
283
188
414
312
340
282
190
288
315
416
442
474
337
220
308
226
283
322
223
281
183
285
185
281
308
343
283
93
284
312
412
315
344
278
312
302
210
420
316
347
295
185
281
184
272
296
208
281
184
287
317
284
447
345
262
154
321
202
323
384
224
383
280
402
312
345
407
181
278
183
283
183
279
306
339
400
178
407
181
281
442
342
403
309
268
171
285
440
340
441
298
278
180
283
446
480
278
179
408
305
264
307
228
398
304
276
179
279
410
192
317
189
361
167
378
533
439
382
278
365
231
322
299
328
363
270
376
186
360
392
290
387
287
382
152
379
413
185
381
285
383
289
193
380
276
378
152
376
412
188
312
174
351
250
295
338
226
294
143
378
282
382
286
192
381
185
356
265
373
279
310
371
144
399
174
325
393
335
327
206
398
300
371
408
190
386
166
381
284
507
414
315
507
407
307
184
369
401
301
307
280
379
302
381
411
193
373
278
512
410
517
418
321
470
396
492
146
376
406
182
313
190
358
152
381
417
442
382
302
408
181
397
428
336
399
305
287
196
399
318
466
404
304
409
215
328
396
337
389
157
412
177
272
437
339
282
309
286
191
267
301
210
281
182
397
298
405
312
214
393
286
400
177
395
306
121
334
311
402
206
279
187
344
390
297
279
179
408
442
340
545
316
397
171
400
306
342
289
319
398
173
396
432
335
407
309
311
175
277
488
310
402
179
276
281
386
419
319
387
287
282
447
476
411
310
419
321
275
433
343
285
187
281
184
290
444
475
451
309
403
178
289
443
345
407
184
412
183
283
314
343
289
193
281
182
336
403
349
506
280
408
312
394
429
331
402
303
410
150
312
377
211
368
182
388
199
252
417
307
316
188
377
182
376
401
307
383
288
385
289
386
419
328
391
160
402
176
409
313
249
276
318
338
211
395
310
325
414
313
408
181
414
444
356
277
186
288
192
296
326
229
278
179
401
182
410
310
343
337
308
393
198
403
436
462
405
307
288
188
286
334
349
273
185
288
318
284
319
217
400
183
408
307
404
313
342
337
217
313
188
282
356
215
334
127
402
199
280
437
344
410
312
422
317
410
437
472
278
176
412
182
284
314
210
272
306
403
300
409
315
344
283
90
275
180
278
435
343
333
309
302
334
360
268
212
303
209
280
312
341
401
177
273
299
280
436
466
406
303
405
184
400
310
244
396
306
285
309
411
444
472
431
321
286
185
407
435
466
293
322
406
312
399
433
335
400
428
281
180
279
316
341
408
314
360
174
281
320
224
411
183
284
312
414
316
219
332
214
311
99
404
330
236
406
176
395
174
290
439
338
274
224
317
227
411
352
465
341
215
256
200
301
326
224
405
183
280
188
408
440
223
339
310
315
222
404
435
466
282
317
279
313
273
315
223
339
186
307
279
299
334
226
284
184
281
190
295
328
355
342
221
295
203
290
434
343
408
313
282
309
412
448
348
400
306
282
307
320
309
221
268
210
305
212
284
446
352
405
217
299
211
405
441
470
405
308
414
315
409
436
343
286
188
288
316
289
315
216
443
298
273
413
464
387
288
406
304
406
435
462
405
308
281
305
411
313
217
341
223
315
335
294
447
468
294
151
318
193
371
563
421
338
217
322
210
281
440
468
547
328
411
316
285
315
348
410
188
286
191
414
318
343
408
313
406
186
281
314
217
409
94
287
181
337
306
333
372
277
407
187
293
314
343
336
127
306
212
405
430
329
280
307
272
219
302
371
314
381
287
331
302
395
570
472
288
195
287
186
416
321
350
285
186
395
171
279
317
217
287
190
408
307
291
321
224
339
127
401
199
281
310
217
315
176
278
312
278
444
178
384
231
407
310
290
314
341
406
185
278
184
411
439
471
286
316
410
185
273
313
335
407
309
283
218
335
405
457
386
291
413
312
401
309
336
402
181
413
184
272
309
334
410
185
270
128
308
278
310
380
154
401
178
284
443
253
340
226
402
323
343
407
183
283
181
418
446
474
302
197
400
183
410
443
473
295
203
408
184
285
315
215
345
127
312
200
316
309
335
407
182
277
308
406
307
219
408
310
279
309
412
308
341
406
308
408
183
409
442
475
337
214
289
188
402
318
333
350
292
403
182
269
299
332
329
301
399
203
403
311
340
403
182
280
179
407
314
216
282
184
417
313
288
441
349
408
184
275
85
280
442
476
406
310
398
175
399
427
332
286
185
407
183
409
439
340
279
309
290
315
408
444
477
410
312
408
182
403
440
247
400
309
396
165
403
315
343
270
172
266
174
277
506
466
390
296
410
315
340
298
339
388
156
403
179
295
313
216
337
302
377
176
285
443
344
282
184
410
189
395
304
328
392
174
408
314
282
443
344
413
182
280
182
396
433
331
340
218
406
209
402
348
338
412
188
408
181
408
314
219
410
181
281
314
215
408
179
289
185
404
313
341
409
310
418
321
407
309
338
278
307
271
81
300
368
308
387
162
283
181
410
313
218
408
313
288
190
278
440
341
407
181
294
192
401
428
332
386
296
329
211
398
325
132
332
130
295
186
408
314
218
399
304
332
303
409
330
226
399
173
411
314
285
442
470
408
315
283
306
278
440
468
400
304
325
173
401
442
465
409
182
287
185
284
443
342
406
309
290
187
408
314
343
413
184
406
175
395
302
333
275
184
280
184
407
477
336
408
182
397
171
403
312
337
274
180
275
179
281
439
340
339
133
396
182
400
308
207
408
183
280
185
401
309
340
405
87
406
181
282
441
344
408
310
278
182
282
313
342
402
307
399
175
408
311
335
405
180
412
185
404
308
340
397
300
288
185
315
305
212
402
181
285
313
346
410
316
333
213
303
334
236
342
219
298
203
286
445
352
402
184
398
174
406
312
343
405
180
320
184
405
310
340
406
305
412
186
286
309
339
277
178
174
339
283
443
473
408
184
284
311
278
305
335
277
180
278
174
402
392
335
413
319
284
178
283
438
343
413
300
379
225
294
301
270
325
310
340
225
297
447
476
285
312
281
185
286
316
344
267
84
398
209
281
437
335
403
308
272
183
403
308
337
293
196
404
182
286
444
346
410
180
280
312
279
311
345
285
221
294
308
319
435
345
408
309
405
180
405
439
351
417
318
405
312
290
441
473
285
186
408
183
412
442
472
413
195
286
317
406
312
218
446
304
280
310
292
311
342
287
147
322
225
383
274
304
277
182
275
179
407
439
334
410
186
278
183
281
312
345
398
304
289
737
383
279
266
269
212
289
306
323
402
306
281
179
406
311
338
291
194
408
182
304
449
348
336
218
401
320
307
343
373
339
87
310
190
395
449
222
281
188
284
310
286
317
345
269
302
294
207
413
447
347
401
308
294
311
395
431
334
272
176
289
183
315
307
338
271
179
275
178
276
311
344
282
189
288
191
290
324
226
398
303
275
220
307
352
255
410
191
412
191
283
314
219
322
183
286
182
283
313
219
284
185
335
309
300
330
346
288
148
321
201
357
379
283
277
183
272
174
410
445
346
278
176
283
85
401
310
213
288
151
311
96
361
260
288
280
186
398
171
279
425
465
405
310
404
304
408
442
344
287
190
290
188
407
318
251
404
182
284
183
403
438
469
403
180
290
183
279
317
345
398
173
283
184
284
320
346
331
206
398
206
280
310
342
407
183
319
307
338
405
181
272
173
278
307
341
277
125
287
198
284
446
476
278
184
285
187
337
312
234
376
154
289
187
290
453
333
441
309
272
181
283
441
347
287
189
287
189
291
321
353
298
184
276
183
271
306
339
284
188
286
185
275
318
240
379
279
412
258
336
311
349
392
170
277
178
280
312
220
406
312
271
300
454
465
245
403
178
408
183
282
315
342
403
177
284
188
410
438
252
400
307
408
310
284
317
217
247
150
358
168
405
447
224
287
318
290
315
292
320
221
412
187
280
181
285
318
227
412
186
325
178
280
447
348
396
301
283
182
284
319
341
399
297
213
222
408
458
358
404
300
282
315
332
398
233
394
169
271
222
405
338
193
398
303
282
306
403
455
461
428
320
539
313
285
322
218
415
192
340
221
313
378
309
386
284
282
442
465
403
308
289
96
274
311
216
405
178
412
184
273
305
339
278
177
292
317
385
475
426
534
431
285
183
288
448
350
333
123
301
209
408
433
121
330
214
396
200
274
311
214
283
182
285
184
404
443
467
412
185
281
184
283
315
343
268
169
283
305
402
315
213
407
178
311
168
266
305
326
276
300
405
305
395
425
327
406
309
335
310
307
372
301
378
154
285
313
279
314
214
332
212
244
179
388
332
316
404
308
404
177
274
437
464
414
317
277
181
283
315
344
279
170
280
182
406
313
340
405
181
405
179
404
304
337
407
83
399
179
276
953
465
379
262
404
309
399
428
456
541
315
336
304
400
441
347
401
176
279
185
404
306
212
287
186
405
183
317
306
337
406
174
287
187
287
314
341
280
180
273
304
273
440
344
407
314
294
189
398
296
326
407
305
276
313
397
320
338
436
297
395
428
341
407
303
340
131
390
418
319
404
306
408
184
352
427
472
384
291
407
310
413
438
342
248
149
291
173
313
362
222
342
129
388
176
399
432
331
398
298
288
180
279
441
340
334
208
389
181
272
433
455
272
205
307
206
354
513
411
273
118
393
299
406
439
462
392
296
401
303
398
308
337
278
177
278
178
406
310
343
402
307
336
126
297
331
230
289
182
267
170
402
385
325
378
282
396
172
402
436
338
335
211
297
204
277
297
197
399
175
398
171
393
423
326
333
305
285
191
282
438
214
315
172
332
123
305
368
311
127
325
278
356
318
140
376
337
171
80
312
282
114
246
344
332
284
173
78
406
375
202
200
454
117
296
350
250
391
297
393
166
399
433
336
276
170
276
177
278
304
334
268
302
407
181
334
399
338
509
288
395
422
325
405
86
404
185
273
418
322
393
165
397
302
397
307
331
285
189
283
186
398
428
331
412
179
283
309
392
306
330
277
181
270
180
444
429
464
405
305
412
185
276
310
345
247
213
318
115
366
389
293
409
305
277
179
394
555
327
400
304
407
180
283
446
211
310
170
391
167
398
559
463
404
311
407
311
404
438
339
276
178
262
170
391
297
331
408
309
413
315
412
440
340
400
169
271
204
330
404
341
515
288
393
290
393
421
329
397
170
265
425
283
316
347
269
214
310
188
206
323
339
270
171
271
177
405
308
244
396
175
279
309
273
436
335
409
308
412
190
281
307
213
280
229
300
146
347
317
381
340
309
301
207
282
443
342
400
304
410
211
296
336
238
399
298
410
318
277
314
234
392
167
279
315
220
287
187
412
306
284
317
221
282
187
275
186
399
433
334
322
182
409
307
411
440
347
283
177
283
186
282
328
220
241
250
298
207
396
301
330
280
310
280
312
285
312
338
330
215
303
108
281
313
344
402
174
289
320
281
446
346
400
179
290
319
279
315
346
407
180
281
184
276
306
210
280
313
286
185
404
311
159
395
176
261
170
336
502
462
798
386
310
172
300
382
203
400
179
283
314
286
320
344
402
183
286
185
284
316
344
278
187
324
184
286
448
352
395
173
281
308
409
311
343
409
184
282
315
409
442
342
541
317
282
183
289
324
351
289
192
288
313
410
486
344
335
219
287
199
270
303
213
337
218
301
209
345
408
349
391
284
339
130
297
329
353
400
176
403
179
279
448
469
411
95
277
312
412
440
340
416
313
548
318
281
441
469
274
178
287
311
282
315
343
336
131
292
198
275
436
344
295
201
281
314
247
408
188
280
185
408
318
347
283
183
287
321
280
312
223
282
188
280
190
283
321
342
415
193
411
188
412
320
223
253
153
283
165
415
358
388
344
313
312
235
286
317
347
409
309
404
182
287
320
345
407
183
410
184
280
307
340
406
182
408
185
407
350
340
282
180
264
297
268
297
327
286
184
276
180
411
444
345
282
317
275
174
398
300
331
407
307
415
314
279
447
343
409
89
288
189
292
315
347
289
321
280
180
411
318
348
286
309
294
207
278
440
340
285
182
271
173
405
322
342
339
218
291
184
444
435
336
407
186
278
180
288
312
343
278
184
273
181
400
432
333
271
220
412
338
400
432
471
284
319
272
184
286
315
219
263
130
305
210
278
313
341
280
186
274
179
403
436
469
402
301
401
174
404
430
334
277
175
411
447
344
408
306
388
167
411
481
343
289
151
312
195
364
383
290
277
312
408
187
283
317
216
248
154
321
226
378
420
314
532
307
272
297
411
440
345
280
91
280
313
406
308
211
326
206
298
206
281
314
348
412
189
286
188
420
322
350
333
222
294
166
292
330
221
276
305
400
172
341
427
328
403
179
289
189
394
436
341
270
170
275
180
285
447
475
406
308
412
187
276
306
258
358
155
339
130
290
320
340
439
299
274
180
284
314
348
405
182
273
298
280
445
342
340
134
390
183
280
442
352
268
214
292
203
410
442
469
406
311
413
217
336
312
243
326
200
289
203
411
449
351
415
318
544
318
410
318
348
407
179
404
182
271
301
331
335
214
395
194
289
316
259
270
182
287
188
408
315
346
274
174
398
170
273
425
334
285
186
409
316
340
420
190
404
183
278
312
340
283
304
286
184
337
300
336
381
153
269
174
293
317
348
286
187
817
247
292
391
275
412
313
297
309
282
446
350
283
179
282
184
285
438
346
438
297
400
300
285
316
346
402
294
405
181
286
447
351
404
309
544
313
288
452
474
344
224
298
202
407
310
332
273
180
282
214
332
308
339
378
275
280
181
411
317
342
288
189
279
314
409
311
350
278
183
280
181
286
450
352
416
318
270
216
376
375
199
385
162
404
306
279
441
341
272
178
281
185
397
309
334
274
308
340
222
406
335
356
279
209
301
192
319
387
218
330
303
401
204
273
304
331
283
183
269
216
289
301
319
270
216
308
191
303
337
357
288
313
410
312
410
447
346
277
185
401
295
409
477
473
418
322
411
186
407
442
470
283
182
289
194
285
446
348
418
314
277
443
341
277
183
284
185
402
428
335
396
167
267
199
265
496
340
389
290
330
213
295
320
339
417
183
273
177
413
444
478
273
303
340
223
309
339
230
281
188
272
177
411
316
250
400
306
282
187
287
444
348
430
318
287
191
273
309
220
337
219
296
307
409
442
473
406
275
373
294
258
415
318
271
175
372
262
383
410
320
519
292
378
150
371
302
335
411
312
287
184
277
310
343
407
181
334
212
305
367
309
375
279
284
315
285
349
338
283
185
279
182
271
299
336
279
183
282
312
405
437
339
429
441
280
311
280
441
342
407
308
398
294
281
448
471
406
271
412
247
275
307
332
276
173
284
187
285
315
224
292
149
287
170
301
331
352
400
299
279
185
279
440
343
339
132
308
188
392
422
321
337
129
392
428
327
270
176
290
314
407
442
345
330
213
298
209
409
442
342
412
190
344
226
307
341
232
338
219
295
204
273
318
341
385
287
407
182
405
443
344
278
294
406
314
284
444
349
417
322
282
187
279
313
340
377
75
301
183
305
366
230
277
183
271
170
280
308
210
333
124
293
200
285
317
222
335
131
311
194
311
282
311
294
139
326
135
374
412
312
284
84
280
136
297
298
305
404
305
393
319
403
310
215
290
289
385
290
408
444
343
395
297
274
175
330
307
229
377
281
401
177
316
435
463
298
306
406
184
283
441
341
268
211
300
206
400
430
333
417
316
396
302
414
446
347
277
311
280
221
411
337
356
439
301
395
297
271
301
334
410
316
401
177
281
327
342
399
175
782
341
295
445
325
558
316
283
182
399
301
331
264
300
270
203
325
490
444
404
303
402
206
406
311
214
396
299
283
439
212
227
152
395
318
284
318
342
397
173
395
173
370
404
307
382
114
387
191
378
309
330
390
196
371
179
382
410
315
379
282
320
112
379
308
327
385
160
303
184
344
341
278
360
133
374
148
467
406
304
373
274
378
155
377
404
311
378
285
383
160
384
289
320
376
149
309
183
275
342
285
350
191
279
168
438
327
235
371
271
255
281
392
293
193
385
160
371
274
262
291
319
383
187
377
299
381
291
320
381
102
373
295
381
287
189
380
156
381
109
310
284
207
450
190
302
211
285
442
349
413
314
537
310
533
565
470
408
300
401
306
409
441
342
285
181
271
177
282
446
253
276
187
406
177
283
311
216
268
172
290
191
276
314
342
276
178
283
311
295
447
350
411
181
282
183
278
315
345
410
185
454
439
351
415
317
278
180
288
318
347
391
297
269
217
299
332
354
251
156
411
199
362
386
290
279
308
287
162
316
373
204
316
246
380
150
386
413
310
389
295
377
275
386
417
447
386
164
388
279
379
418
317
371
277
397
171
391
426
453
391
291
319
86
268
329
215
398
159
376
149
386
419
451
519
292
385
282
384
424
314
388
288
394
187
386
414
441
506
284
310
190
383
311
164
386
294
385
160
383
417
320
325
197
354
158
342
441
397
484
380
314
195
379
303
314
383
292
387
163
385
290
200
389
297
351
161
392
422
325
384
162
389
153
383
381
319
374
149
385
277
412
326
477
405
178
269
168
272
306
340
286
313
282
180
291
355
345
276
222
272
182
405
303
337
287
189
285
184
273
306
335
277
312
399
178
282
441
470
413
190
401
297
263
302
334
422
143
349
130
282
319
340
286
191
291
192
286
449
353
337
301
299
454
481
286
187
287
317
283
317
217
333
212
290
186
412
442
251
405
175
399
183
285
322
224
288
317
408
311
288
444
350
339
219
308
218
283
317
342
300
318
287
194
415
314
472
545
442
463
311
290
323
224
301
211
285
183
290
313
217
273
309
417
190
414
447
356
416
314
416
191
279
309
210
286
188
280
180
281
266
342
406
312
414
311
338
498
339
377
282
405
305
414
446
355
409
311
285
189
761
397
390
385
269
405
180
274
435
336
412
222
268
308
405
327
350
340
208
302
188
290
313
333
281
184
278
184
285
314
344
286
315
286
177
282
440
344
283
317
289
191
324
314
219
418
190
273
307
274
301
211
276
216
280
418
305
282
309
284
192
413
186
290
321
350
410
313
283
188
280
440
341
445
308
277
313
341
335
220
377
275
302
212
291
449
354
287
190
284
312
341
403
182
282
189
403
433
338
281
186
407
306
305
366
228
279
182
333
213
296
328
227
404
308
276
175
403
433
335
278
182
338
217
298
335
357
397
170
276
172
280
337
351
281
209
271
136
304
339
239
283
312
404
173
399
430
465
400
302
410
186
414
575
477
544
311
402
168
409
444
352
414
318
286
312
447
433
338
398
175
406
185
396
302
336
409
314
278
312
398
306
207
331
210
302
204
284
335
348
289
321
291
189
281
315
217
411
214
306
212
408
318
220
409
300
402
304
283
450
348
417
317
417
183
419
333
355
254
82
321
119
379
403
301
406
183
411
77
387
306
323
384
275
381
157
383
279
187
313
195
374
161
379
412
190
382
163
383
292
323
384
153
388
161
385
288
319
382
116
311
191
378
429
212
321
289
380
182
380
287
185
314
192
349
250
376
305
203
387
288
373
144
377
282
185
379
157
377
281
343
285
185
368
147
381
160
385
416
338
287
314
270
216
380
371
317
394
292
412
183
285
439
348
403
308
287
187
280
311
215
327
189
282
188
413
571
477
396
303
416
313
401
430
333
404
176
399
169
271
309
210
431
210
281
309
280
439
469
281
179
272
179
305
474
433
214
148
312
217
372
405
301
407
311
409
184
282
444
216
280
316
402
172
282
446
471
406
315
285
187
281
311
124
265
301
412
227
338
367
273
282
183
407
183
393
425
333
271
180
339
310
300
353
251
414
318
411
189
294
315
346
287
188
308
172
274
305
332
272
303
401
304
269
304
232
386
160
416
188
410
447
223
275
220
305
374
310
393
172
272
174
268
179
289
354
338
295
155
320
222
259
385
323
386
165
402
430
337
343
222
403
208
271
429
335
284
316
284
314
292
317
224
284
189
413
96
407
315
347
407
180
277
307
413
317
348
249
151
302
185
360
385
411
284
189
283
186
415
324
228
289
227
298
174
307
373
204
260
160
395
173
280
314
343
294
150
303
187
361
381
285
279
184
286
189
420
451
471
417
320
542
309
278
314
220
410
181
315
180
400
432
333
389
167
411
319
405
450
474
292
148
324
224
373
404
431
416
315
416
318
283
441
217
258
155
316
221
376
441
304
399
173
281
182
412
316
339
340
312
313
104
305
335
234
337
125
307
187
376
281
312
392
293
335
219
307
281
311
388
192
400
172
336
396
336
382
164
409
312
278
440
344
416
193
274
175
287
448
351
411
313
399
298
332
282
184
284
310
288
329
256
417
315
280
311
287
446
347
297
321
290
188
284
318
219
289
223
392
300
363
384
290
275
299
279
174
290
448
351
268
293
300
170
404
310
216
413
312
282
184
414
321
344
281
188
282
316
414
442
469
416
317
411
314
281
315
214
206
222
306
211
321
464
442
469
299
416
354
276
318
215
276
182
410
184
283
316
345
286
318
286
186
283
317
344
403
175
389
291
280
437
342
402
242
336
222
311
465
358
338
216
295
211
286
327
349
336
125
305
329
400
435
350
403
173
284
185
414
316
345
273
219
308
217
452
432
337
405
182
405
300
409
438
472
300
320
289
188
413
444
473
415
319
410
181
276
312
217
410
182
282
185
288
319
219
316
174
279
186
279
313
339
282
180
289
317
350
417
191
413
185
283
190
284
317
224
282
182
285
315
347
274
293
400
303
398
341
329
306
209
292
196
282
313
214
411
183
287
190
416
334
349
416
195
287
191
405
437
467
415
189
407
308
412
570
473
291
225
327
124
303
367
307
394
296
280
310
403
439
338
281
185
281
183
401
429
336
281
187
407
183
279
315
342
407
184
412
310
321
311
216
299
188
282
314
431
375
345
512
287
283
313
283
439
471
291
188
287
189
413
444
342
413
186
286
187
414
320
339
403
209
296
206
281
304
336
282
187
280
184
287
319
223
338
214
408
206
410
321
351
212
153
364
172
295
324
348
416
186
411
97
274
439
346
340
305
299
210
414
445
476
418
317
294
199
286
321
224
414
189
286
310
406
436
339
331
215
296
205
282
323
130
242
219
299
175
300
332
361
346
219
304
336
227
281
189
286
318
287
188
415
451
475
418
190
280
446
476
411
765
288
186
316
181
409
313
341
410
311
414
316
346
279
311
412
185
281
313
337
342
216
292
198
415
447
474
405
310
283
186
406
314
340
449
186
280
310
272
312
233
382
290
409
311
278
313
337
337
217
400
304
407
564
344
412
184
287
318
284
436
467
413
188
400
203
411
447
348
283
187
284
187
412
447
349
408
188
410
179
406
316
215
280
314
405
302
416
578
479
408
313
283
182
283
314
158
259
228
311
197
318
294
327
389
292
282
180
397
304
204
274
134
401
187
403
309
334
393
177
402
173
404
438
468
401
175
316
173
280
315
338
400
183
404
179
263
298
334
285
189
279
221
292
306
325
285
186
417
185
409
444
346
283
189
277
187
406
355
210
335
217
295
203
279
308
206
413
185
280
311
218
271
303
278
178
409
313
217
290
191
277
186
411
316
344
289
188
282
90
274
313
343
287
148
312
195
366
260
294
411
188
282
186
421
335
227
281
186
280
310
414
437
341
415
188
290
317
290
322
136
274
183
286
186
285
439
346
298
190
278
179
283
316
219
213
152
294
176
409
331
350
285
227
298
208
279
313
343
279
179
321
184
281
316
341
341
218
306
218
288
444
475
409
308
282
185
410
440
465
407
308
281
183
281
313
343
410
183
417
191
409
606
471
411
180
397
308
283
318
224
409
184
281
183
288
326
347
282
313
286
188
407
308
340
286
186
280
309
410
439
467
338
182
305
232
413
312
345
284
189
287
192
282
316
217
401
301
336
126
303
334
356
271
128
298
316
403
438
345
415
314
283
316
339
303
341
394
385
306
230
277
309
335
337
218
311
189
297
203
352
279
185
280
315
342
284
189
275
176
284
448
480
288
186
325
185
280
313
346
280
185
279
176
406
439
410
487
208
283
314
405
443
470
285
185
289
188
404
310
213
270
297
323
210
300
343
308
378
153
405
184
278
314
345
280
182
280
182
273
309
329
335
308
304
331
293
319
351
412
184
276
181
395
302
334
343
276
241
188
400
331
231
408
183
282
310
282
314
218
280
185
415
188
271
308
339
277
184
276
179
408
312
349
261
158
316
98
295
378
285
407
178
276
179
276
311
341
276
180
414
191
283
445
343
249
149
324
122
377
402
306
283
180
412
187
277
314
340
312
168
284
190
285
313
339
265
172
286
316
292
447
352
340
310
304
207
279
310
345
282
183
292
196
284
312
343
246
146
324
116
363
395
296
406
177
286
190
404
313
338
336
309
300
333
234
272
220
307
232
341
223
343
263
287
405
184
284
314
219
402
209
329
214
302
338
231
343
221
288
320
287
448
347
279
188
286
315
414
448
344
275
177
281
314
413
443
473
417
319
412
313
331
301
235
260
163
277
182
272
302
328
281
178
281
309
409
312
211
286
189
402
177
280
312
219
286
187
412
187
281
440
470
456
187
277
307
279
439
344
273
304
274
176
407
320
339
404
180
400
181
275
309
339
283
187
280
187
412
311
341
406
181
400
210
325
302
223
391
166
283
184
407
445
347
405
184
405
178
400
309
345
286
190
407
311
288
316
344
250
151
311
196
361
383
192
404
173
273
308
410
319
346
404
306
404
310
267
430
331
277
311
287
186
282
314
331
324
299
289
316
288
438
337
405
309
318
179
410
318
347
267
124
410
212
275
309
213
408
184
408
184
292
446
472
408
183
279
310
281
331
343
336
216
307
354
260
334
128
289
199
414
317
347
286
189
406
182
281
315
219
280
187
398
173
403
311
339
409
311
274
133
305
466
419
381
281
277
209
395
299
328
333
206
308
279
299
329
228
406
179
410
183
411
316
222
283
187
281
189
283
303
336
280
177
409
184
409
441
251
283
183
280
184
278
311
341
282
183
280
176
280
309
216
278
180
409
187
286
318
345
408
180
408
307
392
427
331
336
207
362
180
297
333
355
280
181
273
181
282
442
343
405
182
411
312
398
317
326
330
210
391
191
402
437
467
405
309
399
173
269
340
327
409
312
277
179
404
309
343
331
123
301
212
414
443
409
489
214
283
312
302
330
234
411
314
280
310
282
440
219
292
95
402
181
276
312
338
281
178
281
188
282
312
215
402
299
402
180
283
447
478
402
307
406
308
399
304
337
405
311
412
318
254
395
176
281
179
406
316
344
287
315
286
318
279
317
349
392
170
289
190
415
317
215
408
182
397
172
279
311
337
409
306
313
172
280
314
342
288
153
304
184
351
366
267
409
186
412
194
281
314
339
405
181
280
185
282
314
341
339
214
397
201
397
343
208
283
318
291
194
296
328
354
399
170
408
308
278
310
209
276
185
283
186
408
311
341
279
304
406
303
395
303
207
412
97
267
125
287
319
344
331
219
299
331
400
303
334
270
183
277
178
407
313
218
402
301
288
197
403
438
340
281
317
286
188
327
315
349
283
186
276
182
289
445
473
530
430
407
309
282
313
339
272
305
414
441
270
304
331
281
188
271
213
372
363
304
423
283
278
178
407
312
342
411
186
282
183
282
440
341
272
308
404
177
272
438
466
411
312
403
306
338
252
151
327
118
375
313
302
280
183
284
181
279
308
339
340
215
386
296
409
315
344
284
149
288
168
296
325
342
403
297
397
181
417
330
475
408
89
277
178
273
438
339
405
182
286
189
284
319
341
278
312
410
318
416
442
472
246
144
233
231
369
397
428
428
315
401
181
310
305
342
287
186
405
183
277
438
344
286
190
409
313
338
399
228
376
270
400
179
336
403
342
384
287
277
184
408
315
345
356
177
411
309
281
441
341
406
182
281
183
279
313
339
277
178
272
179
278
430
332
284
218
400
197
326
387
327
328
296
300
104
404
316
346
208
219
292
168
305
366
201
257
151
280
179
412
322
224
347
319
308
193
300
330
229
412
313
280
187
280
438
246
406
307
270
172
275
444
338
294
157
306
193
359
380
284
287
182
404
179
405
312
208
403
179
276
312
340
279
308
286
179
318
305
339
394
172
411
307
397
309
330
399
182
405
183
415
319
350
410
185
406
181
408
330
343
284
186
292
185
406
436
476
443
302
278
303
274
433
335
404
179
274
181
407
312
214
279
188
281
181
404
311
213
282
311
175
340
409
316
345
282
188
408
209
273
402
459
378
286
406
183
411
312
343
277
178
284
180
281
318
216
249
269
320
168
339
319
224
336
214
307
182
285
442
247
279
185
402
303
402
436
336
261
212
289
190
403
313
218
281
185
290
191
284
318
347
341
220
394
314
277
442
345
338
211
287
200
405
312
346
289
190
279
180
406
324
343
410
318
406
315
279
315
342
387
165
408
309
278
442
471
417
312
407
305
403
349
335
407
304
401
298
522
303
339
411
189
408
182
283
320
345
285
185
287
446
350
402
305
284
310
398
302
333
287
313
401
81
280
313
339
249
149
315
197
359
842
491
304
164
393
296
409
439
345
408
309
282
186
279
312
214
283
188
279
181
285
443
248
323
140
310
194
319
294
330
390
161
416
318
277
310
334
278
178
278
183
277
304
336
407
179
278
316
278
306
341
281
307
319
184
280
444
469
399
301
406
305
277
308
338
407
312
341
219
379
373
313
263
292
279
180
273
432
335
393
166
399
302
400
405
337
233
140
309
213
363
520
420
266
167
398
301
279
438
337
406
181
275
180
410
312
213
287
187
398
173
409
439
341
415
217
327
212
293
328
355
336
216
295
206
401
433
333
398
303
281
185
276
407
237
257
152
284
183
288
443
349
417
322
404
309
338
496
348
384
287
396
306
277
436
470
402
304
411
315
286
443
341
290
193
278
445
345
253
227
315
92
355
370
271
270
178
316
173
399
431
207
282
183
269
295
290
322
351
288
155
303
185
250
384
414
339
127
298
207
283
314
343
404
182
274
174
408
350
338
280
183
276
174
401
440
468
406
182
281
183
286
318
346
289
224
409
326
404
399
449
258
285
273
211
391
307
323
272
87
297
205
406
311
343
280
180
276
181
405
444
339
292
226
315
203
357
382
285
274
182
279
179
277
435
335
405
178
284
186
308
301
339
402
179
403
307
309
313
219
268
216
396
306
286
445
479
279
181
403
177
278
313
342
411
314
286
188
409
325
346
322
184
281
185
277
439
338
275
303
404
182
413
444
477
402
182
285
184
278
311
336
290
189
287
179
283
438
342
403
307
283
85
279
313
344
413
186
397
173
294
316
221
290
148
309
411
246
285
190
406
183
286
444
349
254
159
310
85
364
383
408
409
94
402
172
274
440
339
410
308
406
308
289
436
345
287
191
280
189
288
417
451
385
278
364
393
450
413
492
404
309
483
400
420
485
385
553
318
281
178
284
453
340
249
152
320
116
371
269
297
284
188
276
180
407
311
343
399
302
276
177
400
435
337
445
308
403
304
276
308
214
276
182
281
183
286
315
345
288
189
400
174
272
438
340
285
313
409
182
274
434
337
403
179
276
122
326
395
340
336
206
404
206
395
428
327
411
310
285
187
282
315
345
283
185
288
188
414
444
340
410
186
407
186
404
308
246
270
303
282
302
393
430
205
332
305
410
207
403
771
326
296
156
403
302
282
316
345
283
310
283
188
278
437
343
287
182
325
209
290
426
323
285
187
274
300
410
442
218
276
313
408
315
473
283
176
277
304
405
437
214
282
188
408
185
409
438
340
321
174
276
180
269
313
328
274
309
283
189
284
314
219
400
176
404
311
281
313
217
400
301
335
216
396
327
228
331
212
306
147
373
369
315
261
158
283
185
281
314
346
277
304
274
180
277
309
214
400
179
284
187
279
440
339
336
211
406
212
273
435
120
327
209
295
206
405
437
339
410
312
273
129
284
444
346
412
312
308
189
288
314
223
305
187
285
188
280
444
474
541
312
449
305
406
308
336
404
179
395
290
399
310
340
289
190
284
187
288
316
345
283
315
288
312
411
443
222
283
181
282
183
282
347
343
281
174
408
183
288
321
227
283
317
335
216
400
329
220
287
408
475
202
247
354
336
281
159
79
411
377
202
260
367
109
131
415
389
320
206
79
420
378
205
138
341
413
372
256
143
493
455
153
186
247
136
286
424
324
405
312
406
186
274
309
237
405
178
281
185
288
316
346
291
317
412
314
427
315
344
281
314
406
308
416
444
353
396
294
411
307
403
304
206
332
212
393
205
281
311
347
295
182
281
179
291
449
345
411
316
412
179
284
438
346
407
181
285
186
281
313
340
285
183
283
185
340
374
343
325
293
407
204
404
313
336
280
185
265
302
283
309
214
281
183
408
306
409
442
338
400
301
397
181
282
317
341
271
156
363
169
401
332
354
282
185
286
190
287
319
218
403
309
407
315
289
316
346
416
319
405
180
290
316
345
412
185
285
190
336
459
496
421
431
410
181
280
315
219
284
187
413
185
403
437
346
410
187
408
186
412
331
472
411
188
282
413
362
460
516
438
300
409
182
332
306
231
382
161
402
310
341
292
189
406
180
283
316
346
339
215
302
181
313
286
319
263
292
284
188
407
477
335
556
311
380
188
408
333
355
334
213
294
205
282
310
339
273
175
286
188
280
309
342
274
310
301
207
279
411
313
304
84
333
142
368
415
317
383
285
384
284
380
285
192
311
125
289
169
340
354
262
385
151
378
159
384
416
316
387
161
381
156
357
415
318
306
120
380
170
332
351
253
382
287
384
167
382
285
191
798
283
358
123
262
324
245
381
157
314
192
380
424
330
311
185
382
308
378
546
447
448
343
343
239
377
419
315
311
189
365
273
378
415
443
390
291
381
283
384
287
192
379
150
374
102
309
289
212
356
250
253
156
382
419
321
386
159
381
156
381
291
317
390
288
370
149
376
402
305
313
193
381
182
380
412
152
386
159
383
156
381
543
447
382
158
382
411
439
381
160
381
275
384
288
191
253
160
256
154
377
408
312
385
296
314
186
413
303
326
384
191
377
302
375
541
442
381
157
385
161
382
416
318
382
277
382
285
383
415
315
391
292
377
279
380
415
316
462
273
372
268
382
376
308
349
251
385
283
380
290
315
386
288
381
280
382
289
318
313
187
368
174
380
414
446
378
284
384
115
314
375
316
363
264
383
285
387
420
449
389
163
374
153
370
400
302
384
157
311
189
350
440
512
366
142
379
150
387
418
160
397
182
282
182
401
434
338
286
150
311
192
358
381
285
283
183
281
184
283
313
341
399
304
280
181
276
441
342
412
187
318
176
406
313
340
269
173
275
212
296
332
353
334
310
405
207
279
314
338
397
176
281
312
281
316
216
284
179
285
192
275
345
333
283
306
407
437
212
284
184
285
188
406
445
222
279
303
410
184
285
315
342
284
181
401
178
284
316
344
279
310
282
87
337
315
227
321
293
401
204
276
337
345
288
188
279
183
283
438
343
400
299
409
188
333
400
455
377
278
407
180
401
303
239
405
181
286
186
277
309
340
289
314
405
184
284
442
474
406
286
365
147
289
318
221
305
316
397
173
295
444
469
401
181
316
182
405
313
341
389
311
278
182
279
434
338
280
180
282
185
405
428
463
397
300
273
177
265
293
328
404
175
276
180
410
309
375
333
349
395
290
391
423
327
407
184
280
184
404
311
336
280
184
280
181
406
310
339
281
178
398
183
281
442
345
279
181
378
192
369
394
290
313
190
379
182
403
417
311
368
145
379
159
374
407
181
384
192
374
173
366
402
300
379
154
315
191
286
410
313
296
188
287
386
342
382
157
381
158
387
422
195
383
159
381
153
368
280
310
310
209
301
209
279
441
341
272
181
433
297
398
308
211
335
125
294
198
396
431
337
284
307
279
180
283
323
213
398
297
819
260
268
359
250
378
277
296
202
277
480
339
246
146
297
175
289
329
351
291
181
281
302
403
305
210
339
220
390
194
269
406
231
327
296
311
189
299
333
230
268
80
404
322
278
301
208
329
121
402
205
285
316
346
205
214
313
218
361
381
286
285
175
395
174
276
314
341
270
174
394
294
345
297
327
268
211
391
175
399
309
334
268
177
289
320
411
441
345
404
177
404
179
398
305
213
274
176
278
186
396
310
334
443
298
286
179
279
310
339
331
182
278
184
283
318
342
278
181
401
176
401
321
219
410
306
277
184
266
303
332
271
179
271
206
329
305
338
378
153
400
432
331
408
311
400
299
290
313
218
248
180
296
170
304
333
227
396
171
273
171
275
319
339
399
206
331
215
287
300
313
398
171
399
173
406
304
335
275
177
282
310
277
312
338
399
173
407
310
284
443
343
402
174
272
169
450
313
342
288
146
407
218
364
391
294
275
181
407
179
412
445
341
274
162
393
296
405
311
215
345
133
379
188
393
322
336
322
180
281
188
274
437
334
405
183
274
181
284
316
348
274
300
278
181
280
309
337
269
165
393
293
388
422
325
407
314
332
83
291
325
227
335
215
406
207
402
437
337
279
183
272
178
408
310
342
399
298
279
183
288
446
346
270
176
276
179
272
306
250
279
185
285
184
281
313
342
409
187
277
306
272
306
334
405
181
274
431
333
279
182
263
295
399
172
285
314
339
280
314
324
439
347
406
180
282
297
404
430
463
406
179
408
182
410
433
334
270
216
308
187
400
331
354
335
129
406
207
393
434
332
316
181
277
182
405
434
342
340
310
308
185
395
328
346
412
181
407
189
405
314
341
270
299
408
186
281
314
345
274
178
413
89
399
432
453
377
452
413
483
410
445
470
282
188
339
130
393
324
350
406
309
409
311
273
309
340
285
312
280
181
335
329
115
380
282
414
191
284
446
475
344
224
291
204
283
446
474
286
189
269
298
283
443
347
401
289
410
314
333
402
455
509
287
351
181
281
319
348
285
314
268
129
291
327
230
279
184
411
183
405
304
336
287
314
343
223
375
376
315
396
170
283
186
286
484
341
412
313
399
293
275
439
470
286
190
409
190
289
444
476
556
308
301
210
409
314
345
397
174
767
411
403
279
153
416
88
277
442
343
397
207
394
181
268
312
234
388
155
407
183
407
312
215
270
300
399
299
402
433
331
411
310
285
189
280
313
241
401
183
277
175
276
441
468
277
180
280
297
278
438
462
407
311
404
180
282
439
342
274
182
289
191
289
450
346
275
177
419
148
375
414
306
383
162
388
163
387
416
449
382
282
374
148
512
415
318
374
276
380
284
388
424
322
308
189
422
163
383
409
458
374
277
375
148
372
535
430
374
153
382
285
379
406
311
405
180
406
176
400
305
330
404
178
280
178
278
317
348
282
94
280
179
276
441
339
395
296
279
183
285
442
343
343
136
316
180
307
340
233
345
210
298
211
280
442
346
279
225
300
209
445
439
339
270
171
278
182
278
316
340
412
196
282
189
279
313
339
412
181
409
314
416
446
349
337
309
393
444
338
408
309
316
180
296
446
347
334
211
304
213
288
318
226
271
173
280
182
400
434
343
398
176
283
309
295
316
348
403
178
402
177
284
352
346
285
318
406
306
284
320
351
283
186
271
179
287
444
478
421
189
426
321
283
317
216
287
319
394
171
282
435
347
339
88
301
210
280
441
341
414
185
411
190
278
432
333
292
187
284
309
278
312
215
282
309
279
179
406
441
343
271
171
275
177
305
429
334
277
174
398
171
396
300
329
272
177
397
171
411
447
475
412
307
398
179
276
440
342
283
184
403
180
407
312
341
355
178
280
186
410
312
338
275
177
408
183
284
440
475
399
302
409
311
338
314
233
381
279
287
190
413
437
344
481
217
532
259
400
437
335
401
307
407
187
342
309
349
333
122
311
226
340
323
463
272
297
420
451
361
271
303
280
179
406
440
337
405
212
396
214
289
312
202
406
181
393
461
442
496
652
434
334
412
315
398
436
465
401
304
269
171
283
569
474
408
315
409
314
320
438
218
399
298
285
187
279
307
214
288
179
328
335
372
526
300
410
313
281
183
284
319
348
270
303
283
178
274
317
347
411
271
279
179
335
303
226
398
300
301
212
232
334
485
388
290
267
211
295
366
304
383
164
406
182
407
315
340
282
186
278
84
293
329
225
245
150
221
191
324
389
219
390
295
279
175
405
310
339
271
180
270
173
263
394
336
390
165
273
179
775
487
279
273
152
412
178
404
312
342
277
184
268
165
405
438
336
337
129
292
187
333
305
227
372
148
413
184
282
317
217
280
145
274
191
365
388
289
403
346
289
187
408
443
347
289
186
283
219
286
301
196
337
125
374
363
306
370
273
395
175
280
311
