1654
2982
2827
1876
1882
2155
2705
2716
2653
2382
2491
2472
2427
2427
2351
2367
2247
2058
2893
2733
2537
2261
2121
2090
1831
2595
1588
1599
3468
2468
2075
2280
1719
1651
2530
1527
2196
2243
2282
2271
2305
1490
1603
2605
2744
1890
1896
1761
1654
2643
2531
2447
2388
2852
2338
2236
2140
2081
2100
3302
2303
2325
2218
2127
2036
2805
1806
1725
2135
2441
2354
2577
3089
3014
2018
1920
1810
2724
2609
2497
3236
2237
1236
1962
1870
1740
2676
1678
1597
1463
1467
3054
2053
2001
2600
2485
2374
2228
2051
1734
2785
2656
2495
2470
2358
1357
1236
2831
2686
1684
2493
2418
2242
2113
2097
1963
1761
2595
2526
2366
2287
2769
3034
2923
1918
1838
1778
1689
2787
2357
2076
2279
2082
2022
2123
2095
2043
2991
3481
2485
1996
1952
2078
2060
2931
1934
1896
1987
1964
2831
1832
2297
2682
2598
2571
1995
1880
1775
1638
2393
2175
1783
1785
1662
2365
2916
1905
1716
1620
1936
2604
1614
2354
2832
2802
2629
2486
2303
2656
2193
2880
2819
2648
2455
2315
3051
2888
1887
1840
1638
1553
2233
1811
1905
1772
1655
2274
2069
2472
1903
1018
1472
2221
1851
2152
1758
2033
1999
1666
1612
1533
1476
2296
1868
2241
2079
1690
2299
1913
2187
1983
1714
1520
1358
1818
1624
2037
3448
2697
1902
1773
3818
2983
2163
2472
1649
1775
1789
2975
3026
2028
2131
2759
2766
1766
2467
2509
2595
3356
2369
2238
2098
2348
2444
2274
2578
1725
1879
2047
2246
2233
2329
2631
2895
1901
2732
2924
1926
2202
2366
1366
1461
2875
3010
2011
3198
2201
2362
3213
2224
2200
2368
2635
2252
2405
2061
2420
1576
2857
3120
3469
2466
2617
2631
1631
2220
2527
3058
2061
2392
2686
2998
3544
2537
2798
2456
2589
2872
1879
2333
2024
2308
3362
2355
2673
2822
2702
3124
3696
2797
2975
3196
3464
2467
2755
3291
2284
2566
2916
1915
1993
2331
2805
3084
2079
2400
2674
3135
2137
2490
2740
2715
2907
3231
2240
2498
2738
2864
3121
2291
2261
2202
1205
2156
2183
2145
2086
2075
2720
2694
1687
2709
2676
2676
2629
1628
2670
1668
2575
2523
2584
2512
2480
2409
3394
2390
2341
2258
1880
2050
3053
2124
2029
2006
1908
2650
2499
2640
2193
1624
1059
2736
2615
2456
2332
2966
2822
1834
2626
2490
2347
2206
2045
2026
1900
3476
2470
2315
2155
1561
1712
2441
2425
2423
2308
2233
2134
1984
2004
1897
2618
2680
2583
1592
1486
2353
2949
1949
1806
1831
1673
2336
3003
2003
1863
1734
1575
2455
2318
2162
1704
2607
2629
1670
1515
1515
2166
1873
2572
2389
1401
2107
2241
2494
2387
2950
1954
1880
2294
2848
2349
2371
2748
2261
2712
2222
2213
2068
2045
3062
2063
1733
1736
1814
2763
2714
2704
2715
2645
2588
2486
2468
2432
2424
2532
2490
2466
2476
2494
3388
2382
1384
2214
2285
2161
2958
1960
2050
1493
1474
2882
2835
2478
2544
2592
2827
1818
2546
2559
2652
2592
2562
1555
2011
2126
2054
2810
1810
1857
1658
2711
2705
1706
1632
1574
1621
2563
2368
2329
2300
2214
2971
3017
1711
1694
1721
2746
2673
2538
2454
2342
2248
2174
2051
1951
2466
2365
2283
2194
2094
2112
1991
2734
2758
1758
2556
2370
1361
2225
2061
1879
2619
2458
2265
2470
1572
1657
2272
2922
1907
2572
2415
1416
1291
2250
1653
1440
2084
3477
2481
2299
2846
1845
1619
1893
1921
1741
2415
2159
2453
1875
1731
2323
1915
2043
1371
1337
1581
1498
1617
1702
1596
1665
1789
1589
1700
1968
1471
1963
1823
1547
1694
1940
1545
1824
1925
1487
1787
1884
1517
1647
1408
2144
1776
1555
1474
1034
1476
1385
1572
1900
1690
1878
2219
2550
2266
2018
2314
2059
2254
1974
2305
2047
2245
2131
1848
2093
1891
2256
2059
1875
2043
1741
1769
1565
1537
1614
1215
1344
1447
1774
1525
1495
2289
1605
1775
1535
1765
1463
1391
1769
1526
1573
1758
1456
1588
1426
1783
1921
1519
1848
1512
1632
1531
2226
1511
945
1513
1463
1260
1508
1390
1467
1711
2608
1609
1908
1425
1316
1550
1571
1331
1403
1705
1879
2798
1796
1356
1392
1375
1406
1658
1603
1841
1753
1705
1940
1987
2543
2237
2332
2426
1465
1596
2357
1367
4137
3136
2607
3318
3376
2744
2097
2435
1432
1711
3357
2358
2609
1607
1948
3539
2539
1538
3115
2116
2860
2628
1630
2120
1618
3438
2436
2876
1874
2000
2384
2426
2951
3374
2366
3050
3344
2344
2368
3299
2300
2615
2967
3051
2052
2184
2659
1663
1811
3986
2989
3660
2653
2695
1697
2274
2952
3454
2457
2780
1782
2272
2604
2933
1936
2198
2538
3659
2660
1659
3357
3390
2390
2959
1961
2296
2600
1597
2930
1928
2529
2817
2869
1870
2213
2690
2692
1935
2233
2528
1525
3390
2395
2627
3569
2571
2373
2919
3183
3320
2314
2338
2853
3110
3458
2456
3260
2260
2585
2944
1947
2352
2491
3415
3415
2417
1420
2652
3141
3239
3932
2929
2978
3193
2191
1194
3081
2082
2045
1978
2892
3386
2386
3340
2339
2902
2850
1861
2705
2626
2549
3472
2470
2550
1552
2347
2337
2313
2163
2372
2313
2247
3115
2117
2094
2023
2055
2467
2765
2735
2823
2759
2707
2718
2645
2575
1568
2485
2427
2345
2324
2278
3145
2143
2112
2057
2022
1970
1888
1606
1837
1778
2814
1826
2740
1733
1662
1603
2810
1810
2371
2358
1357
2257
2143
2289
2236
2150
2106
2604
1604
2685
1681
1668
2349
2353
2270
2209
3243
3121
1790
1971
1914
1963
1861
1761
1698
1602
3019
2031
2321
1323
1354
2085
1949
2648
1649
1477
2113
2093
2729
1731
1570
1535
2213
2028
1944
1756
1575
2260
2135
2387
1655
2396
2229
2746
2571
1569
1953
1745
1658
2143
1935
2551
2347
2129
2417
2234
2007
1420
2885
2663
2040
1452
1696
2319
1319
1903
2196
2371
2187
2435
1805
1850
1818
2030
1775
1736
1954
1806
1722
1913
1749
1754
1845
1829
1741
1920
1771
1715
1763
1957
1831
1860
1718
1803
1915
1959
1849
2622
2782
2674
1678
1837
2136
1603
1904
1881
1669
1739
1804
1787
1693
1749
1873
1545
1786
1654
1640
1928
1789
1842
1850
1551
1678
1772
1781
1864
1812
1889
2025
1961
2039
2820
1939
2183
2561
1556
1427
1307
2145
2904
2875
2751
2585
2439
2315
2709
2453
1903
2319
1769
1639
2241
3110
2413
1860
1717
1733
2716
2630
1627
3076
2075
2238
2041
2471
2561
1561
2586
1590
2928
1916
2074
2261
2716
2370
1384
1596
2373
2419
2741
1742
3041
2043
2175
2395
2640
2788
2757
3092
2091
2296
2539
2738
1760
1955
2177
2819
2197
2423
3277
3527
4345
3343
2345
2734
2994
3006
2004
2257
2505
2860
3147
2152
4092
3095
2090
2323
2555
1558
2487
2340
2128
2853
2494
1497
1999
2305
2341
1842
3395
2386
2731
2647
2617
1617
2560
2337
1337
3347
2350
2756
1756
2246
2224
2179
2255
2236
2196
3241
2231
2202
2166
2091
3045
2891
1889
2401
2184
2941
4513
3509
2508
2976
2557
2536
2519
2608
2544
2499
2521
2666
2652
2658
1661
1680
2690
2619
2561
1561
1662
2589
1590
1407
2320
2250
2336
2318
1985
2218
2636
2722
1719
1784
2319
2368
3305
2309
2277
2034
2945
2967
1701
2088
2388
2713
2715
2758
2210
2206
2121
2064
2239
2199
1964
2889
1889
1972
2729
2449
2738
1874
1724
1705
2160
2268
2154
2990
2912
1916
2254
2735
1737
2665
1664
2040
1984
1950
2949
1949
1919
1834
1788
1852
2768
1762
2818
1821
1811
2749
2424
2567
2537
2462
2420
2317
2272
2255
2194
3041
2976
1973
1769
1864
2777
2747
2555
2605
2614
2571
2587
1588
1548
2319
2392
2335
2323
2285
2402
2278
2663
2415
1651
2527
2552
2517
3826
2838
2631
2584
1585
1572
1681
1681
1630
1577
2611
2579
1576
2541
2483
1486
1435
1399
2136
1943
2842
1844
1930
1886
1842
2627
2498
1740
2516
1517
2579
1579
1512
2299
2991
1995
3863
2865
2691
2755
2718
1708
2598
2547
1548
1630
1569
2517
1516
1628
1597
2646
2716
2505
1498
2858
1864
2123
2799
2554
1553
2597
1597
2512
1514
2570
2516
1518
1982
1942
1966
2681
1694
2612
1616
1665
1629
1733
1695
2119
2559
2595
3121
2671
1669
1585
1516
1505
2523
2708
1765
1736
1853
2350
2788
1790
2795
1795
2788
2734
1730
1852
1774
1815
2243
2253
1252
2032
3278
2290
2309
2301
2843
2617
2577
2604
1604
2558
2503
1968
2104
2146
2139
2063
2249
2147
3001
2002
1827
1903
1819
1778
1749
2637
2597
2433
2580
2518
1518
2194
2140
3221
2217
2170
1996
2990
2009
2724
2390
2355
2078
2276
2210
2310
2698
2206
2185
2250
2193
2599
1603
1381
2933
1930
2360
2346
2424
2392
1386
2497
2666
1670
2533
3305
2298
1301
2319
2285
2220
2336
1342
1826
2018
2927
1930
1873
1893
2025
2942
2929
1931
1890
2909
3335
3342
2351
2318
2312
2384
2357
2309
2253
2395
1985
3180
2183
2161
2260
2194
2126
2081
2268
1658
2874
1894
2939
1942
1882
2204
1975
2824
1829
2625
2773
1771
1703
1688
1659
2546
1547
2373
2359
2122
2221
2195
2092
2862
2731
2725
2690
2332
3354
2358
2078
2305
2233
2333
2273
2260
2204
1205
2142
2156
2002
1985
2219
3183
2184
2232
2051
2026
2021
3087
2076
2056
2019
2165
2083
2044
2052
1833
2973
1975
1912
1675
2114
2124
3097
2093
2080
2149
2105
2060
3120
2120
2103
2490
1492
2490
2720
2660
2643
2728
2694
1696
2577
2524
1511
2361
2440
2240
2204
2172
2134
3007
1762
2536
2464
1475
1819
3006
2007
1830
1830
3695
2692
1696
2611
2682
2602
2539
2532
1538
2450
2398
3238
2238
1267
2105
2171
2844
1843
2878
1881
1849
2545
1296
2426
2369
2373
3372
2377
1418
2345
2316
2399
2347
1349
2150
2250
2213
2149
2121
2300
2150
2092
2024
1839
2016
1991
1943
1867
1951
1882
1846
2624
2711
2282
2440
2410
2312
2284
2170
2147
2250
2180
1986
3943
2944
2899
1911
1873
3031
2876
2876
1873
2704
2729
2692
1692
2747
2759
2711
2694
2796
2732
2669
2660
2559
2729
2689
2703
2656
2782
1780
1748
2714
2853
2832
2783
1785
1742
1679
1772
3167
2163
1653
1989
1444
2451
2355
2276
2172
2052
1964
1999
1945
2650
2513
2324
2429
2243
2761
2649
2564
2496
2523
2420
2325
2286
3183
2184
2113
2287
2379
2241
2589
2298
2806
2684
2605
2538
3017
2011
2363
1882
2697
2795
2600
2578
2121
2280
2251
2626
2124
2660
2176
2457
1938
2553
2994
3361
2352
2295
1908
2607
2585
2726
2732
2832
1831
2741
1740
1700
1650
2670
2596
2359
1359
2162
2710
2434
2128
2526
2168
1977
1781
2784
1785
1729
1669
1514
1511
2575
1572
2517
1517
1653
2500
1499
2332
1338
1504
3181
3810
2810
1812
1778
1750
2109
1614
1592
2257
2842
3352
2348
2249
2392
2791
2302
2274
2168
2105
2081
3526
3596
2600
2366
1366
2285
2345
2299
2238
2188
2151
2240
2203
2177
1172
1165
2050
2521
1521
1307
2245
3616
2616
1614
1553
2553
1553
1512
1470
1598
1582
2390
2456
2357
2298
2167
2836
2576
2436
2458
1456
2173
2027
2007
1848
1725
2009
2013
2553
1555
1978
2540
2003
2765
1762
1989
2333
2704
2538
1619
1372
2239
2129
2002
2856
2719
1719
1603
2140
2896
1887
2530
2455
2665
2091
1937
1933
1703
1417
2071
2245
1882
1927
1717
1664
1874
2437
2803
1800
2412
2240
1242
1617
2146
2935
2759
2584
1587
2735
2579
2422
2347
2645
2453
2228
1955
2184
2002
2324
2106
2314
2137
2272
2296
2066
2719
2080
1888
2094
1865
2450
2734
1734
1492
1524
1413
1977
1918
1765
1680
1761
2719
1734
1670
1576
1613
1712
3231
2232
1650
1688
1658
1373
1657
1630
1722
1704
2725
1728
1637
1699
1789
2088
2539
1537
1113
1846
1527
1524
1499
1908
1852
1592
1952
1308
2337
1853
1763
1761
2265
1889
2118
1771
2193
2477
1804
1634
1512
1956
1865
1650
1476
1928
1637
1700
2130
1636
2104
1728
1724
1789
1841
2157
1648
2217
1991
1717
1824
1401
2208
2720
1713
1348
1694
2038
1600
1841
1615
1635
1982
2666
1663
1521
1413
2004
1795
1989
1749
1668
1797
1963
2051
1532
1491
2057
1610
2237
1878
1748
1929
1897
1523
1696
2224
1809
1838
2554
1759
1748
1901
1839
1523
1719
1805
1842
1911
1929
1752
1926
1968
1040
1572
1807
1869
1723
1886
2042
1439
1847
2009
1729
1670
1519
1722
1804
1765
2218
1636
1551
1831
1995
1592
2762
1882
1747
1924
1551
1428
2321
2007
1002
1468
811
2349
1678
1982
1818
1229
2171
2315
2319
2324
2804
1796
1305
1432
1930
2282
3179
2379
1383
1220
1730
2386
2450
2392
1897
1903
2997
1996
2351
1758
1843
1276
2661
2730
2177
1624
1696
2254
1675
2177
1614
2639
2078
2204
1634
1803
2066
2620
2055
2314
1750
2512
1946
2040
1478
1606
2112
2459
2039
1817
2798
1800
2280
2266
2240
2171
1630
2263
2623
2613
2534
1537
1713
1709
1928
2006
1776
1770
1487
1784
2234
1704
2153
1617
1743
2504
2457
1458
1523
1910
1878
2298
2079
2051
2124
2108
2246
2303
3170
2169
2251
1672
1173
1660
1638
1690
2106
2041
2008
1862
2018
3014
2860
1859
1968
1786
1681
1725
2302
2253
2209
2158
2241
2199
2165
2422
2288
1802
1727
1700
1770
1725
1661
1645
1607
2165
2070
1562
3150
2147
2300
1557
2996
1998
1966
1482
1266
1866
1834
1789
1740
1708
1804
2325
2278
1766
2255
1757
2176
1177
2681
1661
1622
2047
2209
1642
1632
2542
2045
2100
2066
1828
1952
2076
2052
2344
1840
1914
1960
1427
1861
1938
1899
2792
2740
2387
1679
1169
1618
2282
2676
1674
1172
1613
1575
1625
2032
1554
1540
1646
1604
2034
1153
2313
1315
1287
1851
1835
2715
2718
2688
2636
1636
2202
1689
1658
1965
1730
1842
2831
2327
1799
2765
1765
1718
2083
2323
1749
1257
1249
1707
2277
2436
2163
2090
2239
2169
2597
2056
1511
1609
2421
1878
1850
1971
1434
1875
2792
2864
1856
1806
2296
1298
2243
1715
2773
2256
3198
3138
2130
2246
1575
2027
2005
2392
1579
2473
1474
1971
2600
1618
2049
2025
1487
2013
1504
2014
2102
2349
2891
1892
2015
1505
1467
1879
2783
2282
1284
1562
2274
2171
1189
1835
2416
1414
3001
2186
1732
2327
1817
2238
1749
1640
2080
1911
2999
2481
1946
1876
1838
2350
2651
2600
1597
1683
1631
1550
1366
1984
2388
2326
1800
1715
1833
1386
1603
3069
2261
1739
1708
1646
1692
2164
1624
1445
2877
2817
1817
1302
1947
1388
1623
2048
1998
1458
1703
2157
2577
2055
1567
2487
2072
1596
2485
1983
1951
2024
2594
1782
1877
2110
1113
2011
3049
2052
2020
1969
1488
1555
2764
1766
2199
1804
1359
1781
2860
1864
2375
1859
2359
2445
2409
2301
2316
2419
1900
1383
1333
2730
1917
2688
2166
2085
1568
1042
2020
2885
2812
1827
2226
2174
2314
1723
2111
1629
1577
3029
2031
1532
1494
1546
1925
1389
1345
1633
1719
2098
1605
1421
1843
2295
2871
1874
1338
1665
992
1910
2354
1841
2329
1784
2314
2556
2024
1844
2271
1797
2872
2933
1937
1892
1842
2132
2689
2198
2183
2217
2310
2293
1772
2026
1694
1829
1722
1661
1616
1583
1685
3070
2072
1565
1677
1158
1139
1627
1604
1066
1676
2114
1616
1574
1468
1383
1960
1223
1673
2088
1993
2068
2407
1866
1690
1962
1494
2404
1886
1990
1977
2357
2362
2334
1813
1879
2308
2222
1246
2745
1735
2230
2545
2330
1754
1763
1620
1894
2381
1776
1684
1825
1712
2160
1598
2057
2149
1722
1593
1446
1318
1733
1600
2365
1682
2541
1543
1387
1686
2981
1983
1418
1803
1839
2113
1990
1994
1851
1725
2109
2126
2050
1902
2151
2882
1908
1596
1645
1931
1914
1779
2059
1341
1711
1554
1749
2380
2638
1986
1847
1792
2016
1870
2232
2036
2867
2854
1852
2147
1551
2387
1797
2064
1993
1952
1797
2378
2181
2148
2403
2198
1949
2207
1689
2211
2056
1732
2428
1795
1687
1368
2394
1927
2311
2055
2110
1777
3316
2317
1804
2333
1856
2546
2249
2408
1905
2201
1975
2038
1608
1854
1601
1924
2611
2116
1113
1637
1748
1687
1866
1845
1897
1840
1557
1935
1795
1489
1920
1773
1865
2027
1655
1790
2024
1746
1926
1705
1705
1853
1575
1610
1718
1794
1927
1983
1877
1750
1714
1684
1838
1714
1520
1896
1827
1694
2783
2172
3138
2142
2092
2368
1834
2264
2265
2572
2228
1879
1502
2659
2975
1794
2245
1931
2271
2084
2745
1736
2085
2587
2262
3286
2285
2494
2954
2697
2092
2840
1876
1529
1840
1938
2211
2544
1554
1210
1607
1964
2352
1879
2346
2954
1779
2324
2604
3120
2120
1788
2099
2435
1433
1905
2180
2565
1567
2817
3031
2026
1783
2935
1937
2003
1668
2438
3472
2496
2711
1714
1674
1549
1751
1710
2177
1814
2721
2116
1925
1730
2145
2529
2313
1693
1496
2598
1991
1812
2474
2260
1664
1836
2531
1907
2527
1918
2216
1986
1378
1616
1531
1486
2553
2555
2767
2316
2225
2442
2526
2769
2266
2210
2885
1885
1447
1615
2430
2490
2609
2197
2520
2483
2054
2524
2819
1822
1420
2676
2866
3132
2750
1751
1664
1832
1990
1691
1617
1956
2319
2802
2952
1956
2328
1619
2174
3257
2261
2107
1758
1441
1822
2723
1725
1775
1857
2539
2258
2026
2110
2489
1871
2211
2759
2176
1846
2190
2515
1517
2224
2496
2175
2453
1455
3399
2399
2089
2110
1733
1807
2365
2069
2111
1112
1595
2700
2360
2083
1442
1523
1566
2642
2186
1603
1373
1586
1842
2626
2786
1789
1401
1934
1801
1912
2284
2098
2299
2085
2453
1843
2096
1899
2260
2691
3548
2530
2196
1186
1366
2074
1485
1293
1022
1708
1724
1880
1986
1676
2055
2592
2114
2738
2017
3206
2207
2312
2429
2698
2814
3342
2345
2244
2508
2603
2382
2971
3711
2713
3324
2324
2909
1899
2145
1965
2950
1953
1976
1963
2972
1973
1893
2196
2673
2533
1536
1618
1770
2154
2284
1285
1443
1568
3021
3053
2054
4074
3071
2688
1692
3054
2054
2182
2450
2546
2679
2961
1920
2597
1598
2756
2775
1773
1815
1723
2119
2188
2304
2380
2439
2730
1731
2278
2327
2346
1346
2380
2380
2420
2655
2649
2661
1659
2555
2531
2589
3056
2055
2087
2222
3117
2115
2219
1218
2620
2514
1703
2224
2890
1888
2406
1409
2443
2454
2414
3303
2306
2445
2539
2585
2594
2627
1628
1914
3110
2118
2289
2534
2655
2749
2829
2852
1850
2883
2960
1960
3692
2876
2488
1489
2200
3239
3414
2431
2552
1536
2756
4101
3099
2098
2282
2466
2484
2473
1478
2546
1557
1865
3199
3332
2308
1871
3767
2896
3651
2794
1843
3105
2401
2718
2778
3301
2326
3281
2323
3518
2523
2621
2933
3049
3480
2578
2834
3234
2170
2044
2383
2839
3123
2133
2254
2356
2675
2503
2341
2044
1992
998
2148
3036
2226
2387
2647
1675
1900
1856
1724
1527
2599
2398
3004
2007
1831
1480
2093
3188
2229
1636
1376
2100
1911
1649
2150
2643
1708
1510
2966
2633
2100
2369
1725
2095
1649
1467
1618
1512
1323
1318
1468
1281
1988
1921
1837
2642
2915
2644
2374
2286
2314
2378
2293
2266
1240
2325
2335
2218
1215
1367
2136
3735
3480
2449
2822
1824
1841
2419
2977
2020
2546
2649
2238
2543
2720
3230
2203
3252
2190
1865
2602
2334
2050
2607
1397
2487
2179
2788
2657
3598
2470
1475
2746
2138
3089
2018
1877
1891
2663
2604
2394
2397
2531
1484
1466
2796
2052
3145
2936
1836
2753
2733
1781
1977
3056
3266
3930
2818
2666
2807
1901
2044
2144
2301
2126
2140
2268
2875
1833
1834
2927
1910
3605
2590
1599
2807
3545
2552
3390
3183
2171
2666
2356
1817
2514
1328
2380
2021
1455
1924
2272
2107
1825
1854
2931
3017
1671
2553
2371
3024
2882
1774
2426
2456
2200
1837
1340
1696
2043
2636
1555
1515
1378
1613
1357
1556
1371
1529
1659
2634
2049
1806
1663
1587
1203
1337
1553
2179
3026
2989
2019
2767
2304
1814
1531
1536
1217
1158
1712
1784
1906
1932
2378
2382
2433
2530
2577
2553
2653
3477
2385
1804
3076
2130
2252
2301
1167
1973
2660
2503
2718
2752
2811
1869
2392
2597
2643
2837
3242
2328
2251
2378
2738
1751
2939
1981
2371
2911
1904
2261
2443
3492
2562
3476
2544
2907
1988
2065
1800
2050
2350
1383
1419
3221
3488
2381
2457
2702
2793
1790
3033
1789
1825
2118
2519
2723
2761
1696
1906
2219
2627
2782
1436
2266
2538
2884
1850
1982
3368
1743
3247
3772
2794
2908
1968
2578
3528
2541
2746
3047
1906
2245
2526
3283
2361
3372
2451
3416
4457
3541
2624
2895
1896
2001
2348
2756
3066
3195
2282
2832
2815
3473
2493
4367
3435
2496
2817
1834
2212
2022
3423
2464
2835
1831
3140
2180
3882
2866
1912
2867
1877
1927
2327
2334
2350
2410
2678
2870
2972
2724
3308
1731
2488
3401
2015
3394
2319
2220
2168
2127
2273
2181
2170
2178
2632
2885
2956
3129
3406
2364
2601
1589
1795
2141
3647
2594
2426
2691
3219
3983
2930
2851
3188
3175
2146
2547
2452
2800
3109
3972
2889
1828
2347
3642
2678
3196
2187
2503
2805
3159
2146
3087
3499
2527
2807
2682
2960
1959
2296
3139
2130
2462
2819
3114
2995
1795
2038
3518
2425
2872
1852
2213
2606
2828
3207
2187
2435
2515
2922
1964
2128
1183
1466
2945
3076
1820
2074
3186
3682
2682
1527
1431
1699
2851
2965
3372
2284
2430
2760
3061
3154
3228
3477
2432
2574
2832
2868
2980
1954
2495
2772
3028
3415
2444
2788
3018
2004
1900
2083
2206
2102
2746
3414
2317
2187
2201
2082
2237
1426
1789
1966
1699
1976
2247
3037
2490
1382
2946
1886
2644
2295
2269
2394
2405
1359
2405
2571
1452
3484
2277
2184
2346
2614
1895
2435
1760
3723
2968
4038
3232
2480
3389
2614
3829
3083
2408
2841
2048
2493
1807
3264
2588
1946
2504
1824
2331
1674
3257
2600
3034
2360
2450
1807
2067
1353
2373
3146
3193
2477
3463
2772
1950
2742
2020
2629
3355
2698
3629
2855
4296
3588
2898
3151
2461
1728
3516
2877
3504
2839
2139
1483
2343
2951
2287
1559
2266
1605
2196
3913
3209
2580
1909
2521
3152
2482
1818
3153
2476
3504
2857
3383
2708
2059
2614
1959
3328
2665
3712
3056
2387
1719
1805
2366
2641
1981
2486
2969
3522
2875
3078
2324
3003
2318
2873
2188
2998
2245
2768
1997
2175
2624
1826
2292
1608
3116
3688
2940
2072
2416
2938
2220
1498
1926
3798
2993
2217
2784
2097
2502
1719
2922
3320
2503
2795
3114
2444
2796
3311
3882
3218
2510
1806
2324
1642
3384
3046
2338
3696
2700
1694
1927
2350
2580
2792
1756
2224
2441
3926
2935
2827
2831
2685
1948
2490
1505
1887
2813
1814
2418
2334
2294
2285
2880
2392
2728
1815
2246
3272
4127
3152
2146
1594
1699
1642
1612
1998
1448
1562
2354
2861
2390
2333
1985
2315
2548
2089
1982
1953
2901
2713
2679
2755
2695
2651
3108
2043
2237
2268
2268
2209
2328
2318
2185
3040
1991
1934
1969
1835
2920
2798
1907
1753
1709
1662
3197
2232
2605
2974
1965
2295
2354
2361
2347
2290
2244
2233
2175
2115
2071
2179
3800
2764
1791
2189
2143
3142
2182
2107
2078
1999
2166
2041
2478
2453
2172
2401
1438
2625
1657
1632
3213
3239
2245
2214
2152
2144
2229
1988
2015
1958
1906
2791
1791
1734
1622
1773
2537
2317
1358
1426
1815
2671
2963
1877
1817
2504
1762
2717
1706
2731
2629
2661
2395
2339
2069
1955
1879
1905
3254
2257
1700
1585
1459
1464
1884
1741
1740
2005
3433
2452
2745
1783
1716
2633
2514
2442
2081
1354
2699
3004
2028
2511
1522
2801
2640
2547
2502
2476
2317
2185
2209
2140
2544
2440
2427
2418
2542
2156
1949
2929
2973
2432
2342
2509
1964
2441
1921
1566
1736
1616
1582
1561
1870
2359
2660
2592
2363
2396
2167
1914
2719
3538
2547
2414
2429
2337
2539
2037
1870
1860
2059
2275
2241
1788
1716
2433
3237
2238
2195
1889
1940
2565
2436
2308
2250
2092
1899
2515
2395
1394
1658
2017
2758
2271
1765
2201
2352
2392
1359
2737
1757
2595
2044
1943
2549
1522
2521
2370
2238
2261
2026
2012
2253
2692
1658
2060
2343
2668
2702
2608
2520
2359
2249
2148
2146
1965
1951
2029
2893
1904
901
1957
1735
2727
2735
1725
2157
2261
2251
2248
2116
2796
3396
2378
2754
1726
2365
2847
1830
2840
1859
1781
1777
2590
2555
2586
1543
2500
2658
2628
2613
2516
2532
2479
2388
2340
2255
2133
2067
1938
2683
2263
1391
2104
2074
1834
2422
1448
2491
2288
2063
2723
2469
2241
2036
2212
3988
2942
2878
1873
2315
2522
1925
1670
2036
1942
1638
1859
1870
1571
1554
1806
1574
1461
1444
1760
2446
2881
1893
881
1396
1484
2619
2495
1532
1491
1529
1672
2198
1910
1588
1590
1553
1549
1646
1864
1786
1714
1977
1649
1435
1745
1760
2394
1630
1599
1418
2289
1772
2546
986
1293
1659
1695
1632
1733
1603
1602
1456
1727
1642
1758
1995
1625
1495
1902
1670
1537
1461
1589
1614
1788
2003
1328
2145
1412
1395
1619
1346
1118
1675
1852
1694
1585
1852
1626
1555
1426
1665
1687
2486
2560
1618
1618
1312
1634
1375
2279
1788
1615
1764
1800
1518
1601
1472
1360
2385
1489
1781
1687
1536
1446
1966
2356
2434
2556
2716
2227
2194
2319
2504
1520
2621
2728
1718
2853
1832
1912
1997
2237
2316
2361
2406
2492
2757
2786
2600
1891
1958
2151
1151
2173
2244
2335
2551
2410
2517
2723
2758
2850
2951
3065
2048
2136
2157
2238
2287
2693
3466
2527
1538
1590
2096
2472
2774
1758
1473
1598
2969
3360
2381
2299
2297
2382
2234
2241
2155
1650
1769
2637
2496
3038
2010
2004
1886
3000
2020
2545
2489
2540
2530
1545
1498
2379
2451
2506
2363
2334
2158
2371
1384
2276
2099
2180
2161
3015
2910
1916
1851
1794
2605
2648
2427
2530
2493
1561
2922
1952
1988
1944
1891
2800
2806
2636
2452
2402
2478
3182
2250
2064
1820
1641
2620
1671
1657
2419
2377
3100
2128
2784
2247
2828
1813
2750
1753
2791
2761
2548
2518
1511
1590
1518
2462
3460
2519
1506
1466
1417
2425
2334
1970
2172
2320
2237
2257
2146
2158
2144
2247
2205
2196
2118
2206
2150
2142
2134
3161
2177
2118
3188
2165
2146
2142
2065
1965
2718
1718
2805
2388
2929
2775
2429
1721
1733
2726
2531
1570
1501
1486
2490
2528
2135
2043
2024
2024
2856
2881
1847
2792
2675
2580
2619
1607
2412
1444
2452
2350
2341
2258
2223
2355
2343
1891
1565
1688
2798
2610
1685
1632
2702
2140
3150
3193
2197
2159
2161
2106
2105
2064
2176
2018
2011
1976
2082
1869
1744
2709
2613
1622
1590
2347
1699
2093
2580
2763
1774
1652
1515
1436
1476
1720
1648
2561
2488
1530
2502
2665
1657
2537
2494
2394
2331
2320
2276
2205
2375
2342
2335
1813
1881
2784
2677
1691
1745
2501
1726
1753
1641
2657
2583
2467
1487
2374
2255
2186
3250
2337
2276
2206
2291
2265
2234
2232
1234
2212
3646
2649
2105
2077
2004
2967
2862
1867
1804
2359
1513
2627
2681
2529
1994
2046
1951
2762
2642
2662
2571
2474
1942
2231
2125
2008
1947
3657
2677
2621
2679
2645
2574
1567
1526
1462
2400
2373
3027
2906
2320
2543
1779
2682
1700
2678
2595
3503
2427
2335
2229
2125
2242
3215
2242
2182
2194
2784
2674
2585
1639
2552
2498
2544
1565
1532
2500
2446
2482
1480
2410
2526
2222
2320
2379
2588
2575
2581
1609
2003
1685
2626
1616
2467
3486
2468
2518
1953
1842
2327
2197
2127
2137
1616
1794
1798
1778
2503
2591
2369
2665
1626
2496
3073
2322
2288
2192
2105
2878
2822
2997
1987
2245
2162
1150
2492
2928
3031
3130
2238
2190
2241
2011
2881
2755
2778
2753
1756
1765
1685
1714
2692
1731
1707
2321
2755
3581
2607
2554
2466
2596
2539
3880
2866
2338
1455
2572
1762
1379
2898
1968
1959
2982
2958
2707
2691
2155
2321
2337
2292
1318
2343
2281
2225
2530
2438
2049
3108
2058
1532
1667
2605
2554
2482
1475
1580
2514
2458
2519
3274
2327
2286
2364
2227
2616
1683
1541
2529
1503
1500
1443
2495
2505
2043
2874
2806
2479
2496
1702
2333
2357
2328
2256
2212
2202
3031
1967
2122
1679
1467
2008
2487
2546
2435
1501
2362
2449
2370
2279
2531
2719
2225
1680
1190
2062
2967
3022
1690
2390
1492
1942
1876
1837
2783
2775
2247
2188
2283
2171
2110
2049
2292
2232
2056
2011
2138
2072
1985
1809
1773
2374
1660
2593
1593
1557
1684
2576
1569
2312
2506
2440
2288
3943
2966
1950
1869
2630
2649
3373
2377
2365
2458
2419
2374
1829
1677
2266
2198
2156
2159
2127
2078
1820
2937
1945
2415
2354
2449
2465
2066
1467
2396
2317
2207
3313
2303
2405
2326
2199
2663
1701
1757
3050
2063
3066
2135
2007
2013
1936
3701
2698
1723
2583
2688
2623
2579
1560
1519
2471
1494
2207
2521
2034
2872
2782
2756
1797
1802
1905
1887
2624
3462
2527
2498
1509
1506
2579
2396
2193
2087
2089
2660
1674
2125
2048
2179
2131
2038
2051
1532
1540
2221
3537
2532
2062
2167
2122
2083
2947
2010
1838
1798
1714
1804
1795
1719
1734
2735
1745
1678
2609
2702
2640
1654
1646
1670
2607
2446
3233
2266
2070
1907
2440
2492
2649
2409
2186
2069
2651
1673
1400
1775
1969
2503
3093
2106
1774
2482
2272
2466
1848
2556
2271
2047
2705
1636
2315
2200
1986
2063
1861
2102
1076
1840
2310
1285
1875
1395
1541
1437
2010
1817
957
1008
1889
2155
1106
1686
1536
1895
1849
1510
1695
1815
1764
2371
1380
1715
1344
1931
2004
2623
1676
1639
1572
886
935
1809
1407
1895
1705
2969
1995
1416
1986
1856
1665
1644
1636
1624
1602
1809
2429
1530
1831
1680
1596
1715
1805
1857
1857
1925
1819
1699
1561
1429
1598
2623
2725
1723
1838
1755
1596
2032
1729
1663
1452
1842
2952
1929
1627
1669
1902
1461
1581
1770
1823
1843
1734
1619
1875
1719
1712
2572
1640
1682
1278
1828
1558
2401
1453
1583
1750
1401
1669
1752
1800
1846
1706
1970
1361
1957
1663
1813
2000
2557
1553
1606
1499
1830
1848
1798
1890
1769
1668
1686
1761
1629
1788
1524
1477
1607
1657
1578
1992
1837
2311
1330
1108
1619
1520
1636
1489
1485
1769
1682
2208
1786
1661
1527
1729
2372
1397
1697
1540
1665
1670
2791
2421
1642
2024
1541
1907
1753
1797
1330
1845
1898
1420
1662
1668
1574
1780
931
1836
1474
2168
2560
1591
966
1519
2079
2507
1518
1962
1828
1634
1404
2500
1310
1633
1763
1568
1734
1571
1548
1679
2188
2464
1604
1398
1791
1542
2162
1333
1495
1394
1581
1560
2225
1422
2018
1638
1831
1655
1750
1580
1582
1651
1588
2083
1768
2130
1923
1529
2165
1662
1677
1501
1434
1270
1830
1676
1174
1741
1874
1296
2045
1880
1390
1009
1543
1498
1379
881
1390
2512
1558
1600
1246
1588
1002
1534
1637
693
1369
988
1583
1500
1295
1306
1889
2214
1537
1024
1303
1579
1586
1484
1351
1865
1583
1272
824
1599
1724
1578
1911
1512
2086
1150
1056
1205
1464
1155
1274
1286
1540
2155
1333
1767
1693
1624
1583
1406
2173
1846
1853
1814
1430
1603
1447
1786
1780
1653
1666
1875
1523
1867
2034
1739
1463
1676
1118
2512
1695
1562
1689
1289
1714
1844
1744
1517
1016
1503
2207
1790
1648
1603
1922
2552
1533
1446
1791
1513
1788
1488
1884
1565
1707
1995
1721
1563
1719
1397
1813
1750
1455
1560
1365
1894
2672
1652
1523
2458
1931
1032
1854
1514
1615
1769
1615
1565
1701
1629
2495
2011
2004
1686
1283
1051
1945
2033
2210
1792
2297
2632
2010
2674
2670
2287
2964
3102
2705
2665
2825
3116
2145
2643
1640
1848
3431
2446
3371
2357
3317
2293
2439
2716
1791
4074
3073
2092
4471
3474
2887
1681
2229
2342
2352
2355
1368
2773
2770
1755
2019
2380
3320
3461
2473
3008
1998
2316
2371
2368
2726
3218
2213
3405
2375
1428
1755
2233
2579
2918
1924
1703
3080
2295
2617
1616
3061
2091
2402
2815
2809
1825
1832
2115
2664
2974
1942
3144
2186
2708
2750
2825
1909
2627
4428
3432
3699
2683
1763
2063
2524
2807
3087
1869
2595
2949
1954
2323
2603
3176
3513
3851
2845
1834
2257
2415
2587
2921
3411
2417
3529
2539
2563
1553
1908
2247
3507
2505
2844
1836
2213
2716
2855
2968
1739
2382
2437
2733
3055
2054
2179
2448
2758
2850
1885
1956
2261
2578
3009
3347
2355
2417
2628
2884
1932
3274
3566
2626
2828
3180
2189
2325
2718
3023
2002
2111
2848
3102
2108
2396
2770
1801
1969
2009
2154
3200
4285
3296
3970
2887
1969
2119
2348
1396
2870
1902
3526
2568
2844
3260
2223
2629
2869
1902
2278
2711
2796
2000
2076
2382
2452
2451
1447
1762
3133
3630
2631
3599
2592
3308
3783
2806
3173
3483
2507
2566
3890
2886
3179
2173
2495
2807
3967
2934
1966
3059
2056
3351
2602
2854
2980
1998
3546
2564
2606
2437
2826
3718
2737
3266
2288
2054
2336
2643
3728
2724
1726
2673
2968
1974
2085
2533
2820
2427
4052
3052
2046
2267
2243
1589
3253
2256
3390
2390
2510
2505
2845
3162
5151
4146
3150
2157
2462
1470
2865
3158
2127
2448
2761
3221
2178
2584
2613
1570
3408
2433
2498
2535
2793
2954
2175
2703
2981
3372
2383
2432
2963
1977
2056
2185
2460
3029
3640
2655
2976
3047
2044
2353
2827
3080
3446
2433
1437
3267
2259
2527
2651
3032
2087
2509
3699
2931
1957
1726
2047
2325
3633
2637
2972
3578
2581
2903
3650
2650
3025
2022
3254
2282
2428
2460
2841
3312
3617
2625
2939
3214
2217
3810
2890
2916
1935
3064
3809
2855
1867
1908
1926
2452
3582
2570
2739
1747
3686
2702
2925
3238
2257
2051
3886
2875
2160
2940
2310
2683
2774
1754
1948
2793
3707
2689
1720
2830
2989
2186
2582
1584
1390
2713
3302
2321
2628
3164
2170
3123
2147
2518
2956
3765
2821
2811
1835
2299
1275
1370
2777
1769
3159
2217
2501
2878
2847
1879
2459
2332
2560
2853
1860
2186
2368
1412
1694
1886
3844
2819
3101
3374
2355
2726
3269
3646
4336
3334
2327
2692
3585
2502
3046
2081
2452
2750
2748
1752
2971
1981
2083
2627
2896
1859
2436
2728
1725
2091
2469
2973
1975
3415
3701
2730
1716
2163
2516
2761
2968
3750
2740
3196
2197
2847
1877
3473
2465
2815
3106
2090
3465
2244
1469
3138
3170
2166
2406
2766
3050
3387
3655
2641
3621
2603
3143
3197
2202
2170
2204
2584
1664
1532
3035
2087
2499
3403
2332
2334
2544
2504
2647
1640
2660
2715
2654
2744
1714
1654
1587
1618
1655
1618
1594
1516
1603
2465
2376
2328
2378
1379
2319
3409
2407
1363
2306
2867
1841
2382
1434
2265
2226
2171
2194
2076
2238
2495
2447
2527
2450
1444
2362
2748
1756
2848
1852
1732
2631
1656
2956
1968
2319
2616
2748
2585
2584
1559
1510
1586
2552
1564
1519
1521
2910
2986
1760
1930
2516
1517
1510
2429
1349
2324
2280
2385
2370
2319
1353
2263
2255
2989
1976
2028
1941
1890
2805
1822
1859
1721
2749
3095
2098
2045
2072
1083
2186
1876
1108
1875
3018
2976
2011
2052
1982
1944
1928
2965
1954
1758
2781
2906
2846
1870
1784
1613
2689
1677
1637
1608
2019
1985
2352
1833
2174
2610
1642
2637
2694
1975
2344
1327
1179
2369
2237
1991
3539
2632
1605
2791
2844
1845
1801
1759
1695
1592
1785
2568
2510
2824
1889
2192
2521
2329
3488
2522
2925
1929
2637
2447
2196
2996
2439
2339
3247
2246
2149
2004
1831
1638
2508
2303
2617
1619
2033
2890
2776
1804
1699
1806
1668
2339
2753
2610
2331
2193
3043
2052
2309
2581
2396
2791
2273
2144
2015
1664
2377
1426
999
1544
1994
1731
2409
1422
1374
1730
1586
1952
1642
1424
1838
1696
1979
1957
1572
1954
1509
1967
2144
1611
2152
1422
1703
1978
1768
1395
1864
1091
1540
1574
1662
1506
1454
1399
1682
1594
1779
1730
1763
1517
2192
1593
2358
1788
1915
1771
1568
1564
1556
1728
2017
1561
1725
1593
1793
1603
1695
1456
1781
1819
2113
1807
1793
1416
2737
2457
1485
1732
1907
1574
2587
2726
1742
1595
2252
1858
1692
1632
1450
2419
1380
665
1307
1186
2180
2033
1053
913
1333
2479
2801
2163
1530
1635
1832
1993
3498
2530
2053
2129
2889
2986
3053
2060
2581
2129
3367
2358
1798
2231
2319
3515
2558
2600
2237
2543
3119
3434
2460
2044
2150
2943
2588
2860
1849
2211
3113
4058
3100
2137
2101
2412
2757
2984
1979
2456
2758
2764
1765
2229
2349
2387
2455
2831
3398
3312
2543
2951
2941
3088
2069
2438
3408
2413
2560
1748
2031
2092
1093
2415
2772
2877
1890
2436
3268
2287
3403
2403
2251
1671
3062
2121
2469
2804
2959
1962
1806
2127
2464
2779
3327
2342
2634
2769
3113
3581
2643
2918
3271
2328
2402
2406
1410
1856
3384
3682
2688
3237
2175
2476
2489
3758
2777
3275
2299
2568
2915
1687
1999
2236
2534
2840
1840
2214
2134
2450
2696
2967
1977
2259
2613
2910
1886
2252
2729
1733
2074
2215
3124
1992
2676
1671
1743
2121
2466
3789
3889
4148
2968
2218
2741
3042
2067
3685
2698
3179
3262
4035
3070
2048
2141
2627
2923
3165
3989
3007
3329
2313
1373
1707
3374
2381
2734
1744
1895
2808
3343
2358
2253
1823
2918
3392
2386
2356
2725
1726
2338
2296
2236
3634
2611
1709
1476
2297
2409
2389
1400
2716
3639
2569
2593
2358
2321
2361
2061
3155
2155
2277
2221
2231
1896
2095
1091
2371
1371
1347
3753
2732
1756
1486
2526
2972
1968
1857
1830
1802
2760
1742
2603
1597
1455
2433
3077
2072
2053
2002
2574
2512
2867
2511
2924
2579
1835
1771
2810
1816
3043
3160
2166
2538
2482
2277
2319
2229
2144
2218
2179
1181
1921
2044
1942
2500
1968
2798
1794
2791
1815
1735
2697
2738
2498
2496
2293
3143
3107
2051
2136
2126
2112
2509
1510
2460
2804
2309
3101
2121
2649
1670
2123
2964
1973
2005
2305
1269
2135
3116
2121
2064
2507
1483
2817
1813
1572
1722
1531
1792
1728
1789
1650
2650
1652
1192
1561
1406
2840
1798
1291
1437
1378
1929
2744
1756
1808
1331
1500
1854
2901
1894
1524
2153
1715
2777
2595
1848
1658
1986
3089
2080
2232
1770
2314
2843
1861
1536
2130
2159
2368
2617
1631
2152
2365
1949
2154
2575
2187
2428
3011
2052
1852
1489
3101
2107
1748
2953
1950
2616
1849
1263
1881
2789
2974
1996
1589
1866
2107
2290
2518
1587
1812
2081
2518
2128
1180
2081
2847
1850
2085
2172
2448
2145
3035
2109
1948
2212
2294
2292
2497
1781
2154
2357
1992
2233
2384
2197
2469
2628
2283
1689
2090
2666
1696
2563
2187
1782
2226
2180
1812
1421
1697
1848
2659
1645
2497
1502
1808
2524
3273
2075
1904
1888
1277
2898
1909
2112
2384
1951
2748
1720
2570
2192
1881
2577
1611
1858
2084
2494
1617
2620
1654
1876
2094
2328
2658
1643
1663
2559
2694
3097
1876
2360
1954
2114
1730
1361
1692
1910
2450
2299
1653
2424
2577
2737
2334
2156
1752
3014
1953
3791
2784
2390
2366
1971
2810
3204
2215
1813
2170
2425
2845
2251
2107
2472
2114
3788
2789
2463
2783
1773
2140
3332
2326
1728
2459
2104
2429
2305
1991
2966
2393
2925
3259
2255
1878
1505
2464
2117
2621
2921
1937
2870
2991
2217
2057
2392
1377
1702
2596
1623
2085
1611
598
2051
2514
2678
3516
2994
3083
2079
2332
1668
1614
2252
2418
2740
2280
1286
1956
2078
2290
2474
2075
2617
1879
2029
2117
2836
2441
1995
1331
1691
1210
2316
2686
1679
1989
2139
2672
2814
1810
2539
1562
1643
2349
2149
2290
3689
2678
2466
1152
2175
1603
2164
2520
2410
1429
2256
2478
3138
2154
1683
1632
1788
2713
2986
1987
2267
2414
1416
2946
1952
1511
1786
2537
2830
3274
2321
2378
1385
1737
1787
2058
2422
2065
2562
2439
2040
2178
2430
1441
2780
2444
2132
1557
2070
2365
1374
1445
1739
2214
2377
2504
1505
2412
2119
3288
2840
1870
2244
2557
2099
3271
2278
1296
2265
2294
2696
3015
2000
2702
2342
2005
2534
2207
2557
2174
3075
2061
1804
2338
2548
2224
3069
2805
1822
1952
2309
2609
2287
2115
1761
1453
2388
1766
2133
2402
2175
2167
3136
2282
1652
1980
2329
1972
2280
2804
1782
2038
2391
1961
3433
2430
2724
2995
2644
1630
2765
2985
2881
2410
1794
2376
1860
1332
2330
1327
2011
1738
2534
3186
2184
2129
2010
1964
2076
2022
2409
2377
2501
1502
1839
1918
1756
1948
1843
2601
2583
2168
2115
1860
2773
1700
1749
1612
1602
2128
1601
1574
1767
1466
1628
1402
1307
2172
1606
2365
2957
1956
1495
1842
1298
1243
1771
1736
1827
1710
2757
2766
1768
1720
2127
2202
1675
2029
1616
2093
2131
2845
1857
2170
2035
2005
2641
3334
2324
1832
1770
1783
1836
1802
1766
1726
1686
2043
1532
1354
1738
1828
2277
2219
1667
1802
2305
2273
2723
1703
2148
2088
1884
2400
2774
1998
2433
1451
2377
1869
2415
1786
2147
2125
2292
2164
2227
2137
2763
2335
2272
2250
2162
1735
2250
1701
1703
2248
2184
2153
1645
1633
1704
2156
2625
2305
2038
2104
2102
1565
1497
2413
1910
1899
2454
1811
1330
1280
1598
1474
2470
1928
2314
1702
1797
2101
1538
1384
2310
2167
2692
1690
2150
2144
2060
1733
2259
1509
1278
1767
1652
2026
1781
2241
1725
1620
1983
2001
1887
1820
1684
2608
2049
1575
1508
1839
2302
2571
1597
1494
1475
1753
2126
2135
2123
1922
1429
2228
1877
1810
2083
1939
2080
1970
1476
1809
1835
2137
1998
1456
1353
1418
1794
2500
1485
1516
1918
2497
2333
1761
1570
1474
1753
1578
1401
1325
1746
2462
3374
2672
2044
1930
2676
1671
2113
1961
2248
2109
2132
2848
1840
1281
2450
1870
2482
1484
2094
1917
1892
2551
1567
1357
1746
1561
1370
2048
1804
1815
1638
1518
1820
1202
1416
1306
1570
2879
1856
2144
1592
1748
2054
2875
1856
1680
1966
1463
2136
1941
1480
2161
1143
1584
1485
860
1502
1276
1797
1963
1427
1432
1314
1901
2739
1746
1583
1779
1638
1868
1636
1781
1638
1066
1456
1756
1651
1378
439
1067
1858
1417
1529
1240
2343
1745
2484
1924
1845
2778
2229
2162
1591
1921
1808
1239
2205
2469
1923
1838
2853
2208
1632
2043
1933
1706
2377
1424
1836
2350
2468
3469
2437
1465
1915
946
1587
2968
2958
1958
2055
2632
1640
1637
1304
1776
2317
2352
3027
2043
2085
2608
2577
1578
2159
2204
2154
2824
1838
1850
1773
2392
2612
2128
1621
1584
1932
3101
2638
1604
1688
1794
2256
3298
2276
1700
1476
1823
1720
2124
2102
2014
2041
2674
2216
1743
1730
1744
1879
1920
1922
1946
2445
2403
2449
1963
1982
1676
1740
1305
1905
1736
1283
1257
2850
1832
1806
2101
2098
2691
1692
2180
1693
1680
2256
2249
1287
2292
3129
2484
2638
2212
2219
2693
1745
2605
1553
1439
1989
1857
2400
2629
2189
2183
2120
2259
2555
1913
2218
1818
2495
3359
2284
2483
1477
1597
2367
2389
1968
1524
1723
2539
2331
1930
2116
1501
1737
1335
2284
1868
1480
2809
2491
1526
2495
1476
2378
2044
2584
1864
1637
1279
1484
2912
1922
2140
2498
2747
2855
2534
2150
2333
1974
2745
2343
2715
2588
1580
2337
1780
1994
2002
2154
2917
2744
2760
1784
2357
2308
2045
1285
2165
2180
1169
2155
2210
2241
2133
2140
2682
1670
2731
1743
1685
2714
1725
1689
1672
1523
2022
2004
2577
2067
2120
2781
1827
1972
1970
1903
1912
2316
1582
2489
2993
1965
1533
1484
1762
1831
1370
1840
1289
1845
1241
1873
2264
2312
1878
1724
1657
1153
1636
1579
2068
2035
1972
2393
2016
2522
2024
2490
2341
2560
2518
1915
1829
1914
1956
1443
1405
1467
1915
2374
1837
1902
1947
1854
2356
1844
1840
1417
2101
2239
1233
2540
2027
1527
3011
2513
1985
2381
2304
1955
1760
1733
1823
1765
2121
2715
2209
1936
1444
1926
1986
1925
2350
1679
1626
2162
3015
2050
1518
1432
1964
1472
1844
1779
2210
1702
1660
2261
1710
2151
1908
2170
2317
2127
2240
1254
1843
2761
1762
1565
1354
1973
2476
2436
2553
2955
1982
3785
2800
3216
2167
2538
2404
2519
2287
2280
2270
2353
2760
1737
2214
1834
2465
3139
2199
3132
2155
2607
3058
2047
2072
2599
3022
2042
2504
2609
2581
3188
3136
2123
2258
2196
1951
1919
2520
2825
1832
2519
3121
3562
2576
2501
2382
2372
3088
3043
2062
2245
2225
2151
2972
1950
1908
1867
1862
2453
2834
1828
2268
2827
2828
1828
2200
2481
2840
3237
2179
2158
2368
2692
3121
2184
2645
2864
2097
2491
2594
1559
1556
2272
2815
3214
2171
2621
3060
2056
2551
2516
3027
3465
2468
2554
2366
2304
2269
2348
2358
2289
1278
2206
2768
2554
2568
1570
1754
3748
2726
3337
2352
2777
1779
2206
2276
2242
2252
2184
2162
2577
2886
1879
2178
2213
1277
2310
2371
2549
1615
2828
1819
1800
1780
1742
2631
3514
2513
2227
2549
2435
2382
2255
2163
2159
2441
2976
2925
1886
1876
1810
1773
1764
1726
1767
1736
2044
2484
2949
2028
1957
1941
2816
3225
2202
2637
1576
2226
2473
2245
2513
2349
1359
2219
1281
2211
1214
1598
3219
1963
2208
2158
2617
1613
2701
2695
3083
3038
1983
2851
1859
1932
1909
2217
2775
1820
2736
1762
2529
2633
2771
1997
2441
2424
3764
2731
1724
2199
2569
1571
1978
2767
1839
2243
2778
3284
2267
2640
1661
1539
2207
2463
3096
2107
2521
2854
3423
2421
2701
2649
1585
2460
3981
2935
2401
2097
1369
1539
1814
2910
3348
3756
2741
1714
2347
2325
2711
3689
2695
2223
2098
2556
2467
1570
1671
2626
2974
3492
2489
1421
1769
2316
2975
2202
2171
2723
3138
2146
2702
2992
1976
1964
2853
3230
2288
2704
1686
2074
2705
3098
2091
2634
3078
3448
2464
2984
1995
2262
2246
2336
2301
2254
2098
2127
2102
2612
3000
1989
2576
2879
1896
2301
2258
2031
4375
3334
2376
2771
3235
2251
2348
2303
2107
1978
3332
2841
1857
1668
2066
2063
2504
2530
2444
3027
1778
2463
2805
2907
1949
2656
3391
2304
2700
2552
2442
2906
3120
2177
1978
2411
2798
1857
1828
1810
1920
1769
1853
2266
2362
1366
1713
2655
2786
3708
2772
2892
2177
2680
1669
2439
2096
1091
1712
2126
2053
1982
2554
2329
1364
2172
2266
1289
2069
2530
1545
1510
2497
2394
2357
1379
1768
2808
2760
2747
1722
1838
1922
2636
3048
2090
2597
2613
2570
2515
2484
2417
2185
2620
3139
3405
2588
1603
1554
2100
2518
1516
1954
2462
2919
3541
2505
2364
2823
1796
2391
2822
1848
2095
2832
3289
2311
1325
2343
2489
2886
3321
2309
2227
2233
1251
3602
2605
2571
2455
1507
1254
2629
1628
2037
2284
2642
2681
1605
1769
1578
2418
2940
1921
1680
2283
2859
2868
1852
1827
2020
2663
3065
2073
2390
2936
1940
2361
2479
2487
1449
2351
2322
2452
2382
1403
2171
2365
3287
2254
2265
2307
2656
2604
1616
2443
1657
1692
3562
2621
2578
1551
1538
2647
3055
2060
2295
2773
1780
2289
2726
3333
2326
1327
1797
2100
2591
3013
1997
2490
2926
1926
2366
2846
2684
2611
2087
1343
2941
1908
2779
1846
1997
1808
2621
2703
2666
1660
2088
2681
2640
1634
3141
2149
2521
2425
3686
2693
1674
2103
1971
2551
2635
2432
2501
1478
2829
2446
1672
2458
2455
2219
2060
1926
1725
1744
1633
2768
1774
2203
2521
1510
2796
2183
2493
2240
2209
2037
1908
1576
2235
2508
2363
1370
2224
2063
1792
1709
2731
1957
2232
2201
2072
2003
1798
1731
1704
1569
2234
2614
2823
1843
2193
2039
3071
3311
2317
2125
3230
2244
2524
1509
1677
1502
2806
2695
2556
2433
2198
2270
2845
1778
1557
2700
2893
1835
2055
2675
2243
3084
2871
1851
2101
1742
1935
1648
1769
1906
1732
1687
1675
1698
1763
1768
1579
2014
1785
1750
1922
1862
1729
1792
1949
1461
1586
1338
1998
1665
1716
1866
1797
1476
1988
1887
1430
1777
1368
2224
1742
1992
1629
1776
1973
1301
2139
1693
1786
1759
1905
2069
1766
1593
1868
1867
1695
1776
1529
1959
1904
1604
1835
1791
1702
1833
1977
1617
2127
1706
1611
2108
1827
1629
1904
1649
2140
1670
2118
1756
2148
1876
1643
1639
1348
1876
1377
1710
1564
2264
1699
2594
2069
1051
1577
1394
1834
1652
1782
1938
1947
1855
1661
1616
1917
1873
1641
1581
1435
1577
1814
1736
2475
1910
950
1184
1953
1581
1522
1434
1585
2761
1776
2092
1508
1954
1971
1907
1494
1561
1478
1518
1334
1836
1623
1858
1668
1400
1652
1950
1499
1856
1861
1584
1780
1601
1250
1750
1560
1702
1638
1641
1518
2052
1907
1622
1723
1880
1653
2110
1694
1616
1770
1750
1522
1552
1723
1581
1553
1516
1713
1620
1702
2005
1608
1850
1688
1367
1917
1573
1591
1552
1611
1842
1448
1822
1580
1632
1684
1640
1659
1988
1512
1906
1448
1457
2050
1594
1762
1454
1714
1837
1634
1741
1630
1744
1812
1636
1838
1703
1658
1688
1398
1825
1573
1685
1652
1743
1931
1980
1571
1773
1775
1580
1666
1469
1415
1646
1607
1925
1866
1642
1812
1754
1523
1721
1499
1708
1622
1402
1986
1900
2312
3174
2216
2391
2279
2303
2731
1786
2690
3178
2176
2096
2073
3115
2127
2039
2304
2775
2766
3227
2141
2647
3133
2131
2651
2579
1611
2586
1303
3408
2425
3010
2011
2695
3507
2506
1513
3273
2275
2082
2239
1225
2124
3788
2804
3149
2192
3755
4173
3184
2167
2594
3496
2504
3673
2671
1676
2181
2744
3223
2487
3444
2394
3437
2371
2790
1801
2265
2559
2953
1960
2223
3183
2132
3386
4147
3183
2220
2851
1816
3071
3903
2929
1936
2699
3676
2662
3505
2553
1430
2429
3851
2869
3721
2790
3153
2147
2997
2028
2610
3502
2543
3696
2653
3715
2696
3684
2715
3061
3913
2901
1870
2965
3773
2757
3980
2943
2022
2811
1805
2037
2270
3576
2605
1669
2409
3015
3459
2468
2727
3158
3780
2735
2566
2285
2627
3621
2598
3542
2505
3556
2544
3694
2664
1698
2694
1697
2705
3850
2898
3738
2786
1517
2120
2199
2690
3533
2526
3556
2538
3533
2533
3513
4443
3459
2462
3004
3837
2875
1884
2275
3510
2467
3311
2320
3178
2199
2874
3889
2889
1908
2116
2189
4342
3575
2590
3504
2493
3221
4404
3330
2408
2445
2773
1758
4957
3908
2955
3984
3063
3777
2776
3712
2804
3770
4540
3505
2561
3474
4628
3643
2650
3046
3269
2089
2633
3534
2514
3527
2516
3206
4249
3243
2238
3259
2280
3646
2655
3638
2632
3601
2622
3806
2769
3671
2634
1663
2807
3782
2776
1798
1955
2823
3350
2355
1931
2319
2742
3309
2328
2609
2977
3310
2320
2646
1642
2709
1707
2500
3505
2452
3498
2499
3482
2458
1499
2399
3290
3373
2420
2427
3574
2565
3580
2590
2954
3814
3142
5454
4410
3469
2387
3403
2439
2729
3042
2011
2366
3164
4159
3164
4092
3041
2108
3124
3567
2468
2758
3552
2562
3344
2356
2454
1450
3433
4272
3318
2040
2709
3634
4382
3397
2419
3194
2154
2898
2022
2705
2912
3083
3200
2154
2228
2201
2970
3859
4617
3649
2649
1645
2522
3507
2469
2466
2933
1960
2878
1911
2518
1750
2332
3231
2371
3110
2112
2302
2202
2625
2855
1859
2044
2017
1011
2842
3614
2616
3477
2476
3492
2469
2571
3756
2755
1752
1590
1941
2253
2754
3470
2241
3467
2456
3620
2618
3576
2570
3640
2639
4085
3064
2083
2998
2381
1734
4609
3617
2581
1626
2502
1530
3362
2369
1353
4336
3336
2344
3505
2511
2877
1867
2585
1883
3044
4980
3983
3031
3736
2703
3812
2874
3149
2194
2449
2867
3120
3826
2822
3826
2804
3835
2825
1843
2097
2377
3517
2484
3426
2412
2735
1673
2775
3232
2506
3268
2270
3171
2213
3179
2207
3344
2339
3110
2146
2831
3921
2960
3920
2899
3869
2831
1887
4813
3827
2842
3598
2609
3464
4199
3201
2209
2856
3580
3788
3007
1996
2078
2055
2717
3478
2472
2820
3557
4250
3231
2260
2865
3666
2637
3442
3707
2702
3102
2057
3097
2132
3066
2141
2857
3082
2150
2574
2954
2505
2460
3500
2486
2831
3334
2344
3000
1997
1833
1950
1023
2490
2797
2982
1938
2061
3848
2867
2314
2990
2764
2563
2336
1799
1845
1787
1966
2031
1795
1729
1881
1774
1888
1829
2375
1903
2771
3022
3308
3492
2544
3276
2988
2982
3225
2237
2427
2778
3622
2616
1589
2414
3297
2322
3145
2178
2835
3588
2554
1547
2574
3227
3756
3020
2027
2847
1872
2710
3331
3211
2209
2951
2600
1606
2754
1743
2657
3425
4012
2993
2015
2218
3451
2530
2724
3219
3612
2525
2865
3136
2154
2436
2668
2544
3609
2607
3366
3901
2940
1936
2485
2609
3164
2196
2896
3323
2315
2979
1977
2357
4472
3494
4046
3059
2045
2781
1783
2383
2461
2830
1806
3037
2026
2776
3049
2372
2417
1407
2566
2604
3063
2136
2740
3418
2443
1455
3105
2193
2812
2744
2553
1573
3599
2616
3185
2168
2957
1960
2568
1562
1809
3279
2275
2404
1399
2552
1902
1978
2210
2398
2523
2713
2763
2232
1242
2038
2575
2315
3245
2257
1261
2249
2136
2372
2019
1711
1989
2007
2691
2756
2973
3019
2025
1816
1883
2108
1975
2294
2328
2422
2548
2641
2767
1776
2886
1856
2912
1906
2103
2054
2018
2324
2821
3377
2345
2182
2698
3016
2108
2555
2962
1959
2506
2931
1931
2395
2918
3212
2364
2854
1875
2236
2673
1663
2083
2688
3148
2147
2557
1567
2125
3005
1973
2291
2429
2392
2426
1410
1792
2229
1255
3071
2953
1957
2786
2706
1683
3041
2722
2013
2419
2788
3267
2245
2600
3134
2093
2518
1543
1859
1878
1819
2673
3129
2130
2539
2491
3003
3369
2381
1383
1741
2182
2404
1455
2619
1933
1991
2974
2270
1490
1428
2385
2638
3063
2024
2200
2484
2671
3091
2078
2240
2740
1768
1940
2193
2320
2608
1609
2764
3101
2134
1962
2605
2826
3137
2107
2327
2735
2948
2205
2756
1757
2616
2450
2308
3166
3079
2065
2403
2618
2036
1733
2664
1619
2788
3182
2204
1635
2261
2199
2280
1241
2415
2727
2581
3776
2776
2083
1794
2096
2262
2158
2606
2116
1158
1757
2528
1542
1077
1749
1593
1144
959
1735
1578
670
710
1683
1725
1465
1579
2674
1719
1145
1764
1726
2975
1961
1829
1985
1511
2243
3083
2037
1774
1967
1649
1610
1586
1611
1723
1801
1755
2295
1767
2623
1631
2032
1722
1551
1947
1556
1388
1907
1803
2033
1795
1681
1555
1524
1677
1590
1377
1837
1878
1575
1730
1718
1992
1748
1885
1569
1757
1833
2865
1898
1690
2230
1736
1912
1933
1709
2060
1589
1839
1453
1830
1338
1580
1395
1461
1662
1554
958
1468
2817
1876
1514
1733
1947
1479
1561
1532
1576
1707
1726
2014
2465
2108
2411
1993
2283
2596
2240
2560
2196
1886
1918
1598
2983
2537
3432
2505
2212
1996
2584
2425
2000
1706
2681
2394
1394
1397
2187
1137
2184
3004
2046
1084
1992
2892
2592
3060
2068
1726
1141
2227
2320
2056
2395
2717
2960
2026
2455
1923
1717
2709
2098
2589
2310
1959
2927
1879
2899
1810
2163
2738
2652
1649
1850
2180
2071
2054
2300
1719
1762
1924
2352
2801
1801
1296
1199
2306
1800
1786
1209
1797
1613
2304
2268
1760
2331
1773
2232
2792
1769
1747
1700
1648
2211
2063
1145
2058
2074
1861
2485
1455
1387
1242
1741
2795
2232
1220
1660
1584
2527
1969
2111
2007
2380
2377
1793
2370
1766
1720
2626
2470
1538
1989
1916
2514
2369
1338
1700
2095
1556
1566
1495
2003
1999
2044
2076
1969
2009
988
1893
2747
1770
1843
1782
1262
1685
1988
1648
2108
2515
1963
2555
1555
1566
1839
1773
2288
2708
1732
1645
1786
2599
2521
1563
2655
2609
1628
2151
2093
1742
1732
1678
2796
2012
1720
2184
2112
2213
1674
2149
1622
1572
1949
2300
1857
1817
1776
1820
1987
1307
1733
1763
2248
3270
2271
1732
1678
2312
1789
1636
1628
1382
2276
3074
1879
2288
2318
1801
1865
2257
2406
1857
1838
1845
2379
1834
1641
2052
2707
2682
1706
2194
2143
2214
1676
2575
2073
2132
1640
1138
2464
1919
1494
1935
1835
2744
1995
1347
1344
1885
2698
1707
1670
2296
1751
1699
2578
1582
2212
2096
1588
2640
2110
2087
1986
1483
2560
2000
1551
1986
1560
3189
2180
2106
2092
1134
1470
2124
1102
1528
2039
2428
2433
1393
1503
1933
2428
2685
1676
1607
1527
1513
1494
1589
1540
1968
2561
2491
1904
1413
1384
2166
2357
2623
1892
2494
1929
1952
2347
1769
1767
1719
1675
2130
2015
1995
1891
2049
1944
1936
2267
2218
2164
2135
1634
1598
1636
2050
1925
1919
1983
1328
1724
2346
3236
2245
1601
1672
1855
1500
2585
1487
2173
2118
2235
2106
2108
1626
2016
2540
2592
1599
2503
1966
1840
2673
2303
1807
2160
1635
2233
2238
1249
1625
1616
2072
1997
1991
1883
1584
1905
1416
1831
2786
1808
1909
2701
2164
1433
1927
1398
1689
1623
2159
1946
2448
2874
2319
2254
2140
2055
1458
1603
1532
1906
1929
1169
1977
1437
1902
1550
1659
2043
1567
1526
2150
1663
3106
2113
1977
2087
1961
2265
2674
2136
1633
2004
1454
1474
1354
1743
1668
3403
2365
1861
1754
1803
1683
2056
1942
1396
1957
1735
1608
2102
1506
1335
1530
1864
2500
1509
1719
2166
1556
2187
2096
1868
2041
2061
2604
2899
1914
1295
1624
1855
2061
1900
1724
1905
1717
1725
1925
1815
2451
2232
2410
2328
2445
2201
1640
1898
2034
2648
1725
1739
1723
1453
1606
1774
1662
2171
1834
1404
1746
1673
1795
1454
1935
1542
1972
1471
1631
1653
1275
1788
1645
1648
1879
1633
1574
1600
1825
1729
1705
1598
1677
1423
1627
1813
1663
1704
1823
1959
1981
1759
1667
1859
1489
1819
1710
1741
1896
1909
1604
1867
1591
1607
1264
1824
1593
1608
1522
1546
1802
1726
1758
1854
1677
1397
1686
1785
1942
1496
1732
1918
1822
1471
1797
1611
1699
1694
1917
1842
1694
1436
1490
1595
1633
1504
1677
1789
1625
1617
1647
1724
1468
1711
1824
2043
1624
2484
1956
1032
1416
1759
1637
1737
2026
1474
1692
1749
2096
1685
1593
1784
1793
1732
1486
1578
1693
1740
2281
1980
1843
1974
1626
1592
1696
2272
1775
2072
1860
1733
1568
1640
2099
1748
1783
1431
1502
2129
1619
2276
2027
1642
1600
1473
2099
1848
2179
1708
2305
1888
2473
1555
1622
1916
1740
1843
1735
1587
1605
1805
2151
1622
2113
1871
1813
1853
1746
1657
1839
1866
1692
1900
1830
1351
1661
1744
1673
1760
1817
1934
1650
1601
1747
1753
1876
1599
1713
1528
1539
1571
1542
1924
1478
1576
1599
1490
1915
1487
1791
1677
1545
1959
1605
1499
1768
1478
1723
1512
1716
1729
1512
1901
1661
1961
2190
2536
2309
1691
1853
1789
1466
1506
1404
1789
1639
1703
1485
1468
1523
1909
1709
1368
1501
1654
1878
1648
1478
1277
1577
2758
1972
1549
1534
1481
1729
1656
1701
1558
1570
1713
1865
1614
1570
1564
1476
2013
1606
1588
1504
1501
1910
1723
1639
1712
1719
1707
1646
1465
1267
1844
1875
1682
1423
1594
1656
1820
1644
1405
1565
1519
1973
1984
1508
1746
1638
1736
1568
1755
1526
1701
1574
1901
1664
1608
1494
1474
1773
1437
1611
1465
1790
2002
2501
1509
1867
1603
1903
1776
1732
1878
1557
1800
2081
1604
872
1350
1394
1311
1641
1862
1552
1433
1141
2479
1489
1470
1778
1675
1811
1634
1384
1803
1761
1605
1579
1965
1693
1730
1638
1393
1748
1584
1665
1429
2615
1614
1744
1780
1650
1678
1662
1604
1781
1579
1760
988
1722
1553
2842
2589
1589
1573
1591
1730
1898
2031
1526
1600
1491
1687
1678
1635
1709
1433
1572
1687
1591
2179
1843
1905
1416
2090
1886
2011
942
944
1975
1410
1658
1961
1412
1912
1712
1810
1554
1659
1643
1707
1605
1714
1509
1571
1733
1643
1749
1818
1679
1596
1483
1575
1717
1498
1587
1583
1708
1702
1648
1697
1473
1582
1575
1698
1651
1387
1783
1751
1458
1588
1482
1758
1916
1522
1691
1941
1713
1652
1682
1907
1675
1777
1353
1781
858
1576
1643
1496
1571
1695
1953
1868
1714
1406
1776
1528
2397
1630
1503
1734
1774
1604
1831
1872
1636
1606
1572
1463
1402
1492
1252
1401
1482
1065
1140
1085
1524
1720
1463
1981
1636
1074
1014
1410
1291
1579
1511
1199
1504
1333
1471
988
1288
1669
1618
1302
1799
1789
1726
1559
1974
1514
1893
1809
1599
1529
1351
1629
1722
1650
1782
1495
1829
1498
1609
1522
2091
1655
1449
2347
1751
1773
1555
1770
1501
1921
1748
2077
1539
1683
1830
1584
1532
2096
1502
2190
1554
1737
1579
2050
1838
1804
1726
1539
1495
1803
1691
1448
1522
1412
2548
2066
2147
1839
1529
1560
1461
1585
1734
1881
1722
1867
1823
1481
1605
1568
1696
1535
1622
1813
1881
1654
2465
2375
1479
1620
1553
1669
1669
1484
1842
1512
1765
1536
1403
1264
1746
1726
1827
2241
2417
2975
3307
2345
2019
2361
2395
2766
3440
2486
3439
2455
2285
2031
2961
1967
1942
2527
2592
2540
2414
1157
2508
2420
2364
2217
3124
2141
3010
2055
1950
2013
2459
2785
1704
2308
1794
3132
3637
2700
1610
2132
2337
3371
2321
1849
1757
1728
2754
3136
2136
2641
2309
2461
3362
2295
2216
1254
2181
2602
2739
1733
1584
2459
2982
3431
2444
1384
1822
1776
3148
2156
2413
2535
1711
2543
1537
1983
2360
2493
3460
2369
1479
1803
1826
2499
1908
2099
2328
2370
3647
3906
2886
2491
2639
3084
3281
2289
2436
2679
2416
2910
4503
3535
2537
3610
2588
3259
2303
1963
2281
2559
3114
2106
2832
2114
2685
3016
3308
2340
2640
3240
3566
2566
1567
1901
2002
2044
3470
2469
2543
2887
3132
3407
2405
1830
3773
2719
1759
2079
2386
2751
3248
2264
2488
2604
1868
2247
2487
2883
2945
1996
2326
2694
3079
3870
2937
1935
2742
3244
2174
2295
2840
3172
2223
2447
2860
3173
2167
2729
3455
2458
2804
3101
3680
2597
2765
2022
2362
2661
2931
3387
3695
2692
3010
3381
2331
2742
3007
2023
2226
2451
1542
3422
2377
3611
3852
2795
3348
2371
2691
3118
2097
1717
2018
3609
2587
2501
1763
2306
2640
2859
3253
2258
2535
2845
1842
3045
2008
2423
2881
3237
2258
2460
2739
2377
1449
1968
3434
2431
2744
3128
2107
2417
2548
1502
1954
2380
2329
2904
1985
2074
2516
2760
1784
2232
2530
3428
3708
2774
2475
2843
3061
3407
3654
2747
2990
1966
2507
2830
1734
2136
2391
2721
3207
2220
2523
2220
2609
2436
3194
2215
2497
2811
3086
2086
2571
2903
3243
2242
2512
2819
3150
2153
2454
2809
3322
3353
2351
2403
2675
1680
1973
2072
3469
3759
4139
4607
3602
2601
2632
2996
3284
2287
2709
3037
2040
2236
2596
2630
3069
3348
2347
2652
2976
3046
3616
2610
2742
1720
2058
2396
2785
3149
2177
2380
2578
4373
3306
2368
2632
2712
1972
2260
2529
2877
3154
3407
3697
2698
1703
3095
2099
2497
2559
3076
3390
2384
2717
3013
1998
2272
2780
4158
3161
2170
2398
2881
3202
3363
2366
2109
3595
2812
2993
3106
3404
2425
1426
2732
1738
3089
4086
3095
3548
2551
2854
3160
2147
2507
2752
3153
2145
2381
2429
2487
1488
3956
2959
2567
2582
1958
1406
2924
2262
2699
1736
1597
3293
3659
4576
3589
2583
3523
2535
2993
1980
3474
2477
2817
3951
4279
3283
2283
2583
2865
3407
2404
2751
1752
2072
2408
1417
1888
1981
2597
2800
2955
1971
2396
2547
3367
3597
2610
2846
3094
2711
2966
3296
2980
3047
3384
2268
2474
3624
2607
2726
3090
2107
2362
2778
3125
2109
2396
2703
2980
2128
2456
2742
2299
2672
3240
3528
2450
2881
3238
2211
2445
2952
1922
3415
2390
2632
3186
2818
1854
2186
2890
3210
2206
2608
2985
3270
3858
2847
2210
2142
1495
3087
2114
2616
2958
1905
2243
2495
2758
3054
2063
2192
4264
3270
2271
2461
2799
1800
2143
2452
2777
3533
4282
3204
2258
2408
2291
2129
2779
2853
1559
2785
1808
2884
3681
3629
2544
2574
2561
2456
1568
2381
2604
2127
2973
2853
2098
2398
2045
1984
1911
2057
1999
1848
1922
1989
1846
1853
1833
2305
2352
2187
1434
2362
2408
2356
2317
2675
2808
2603
2545
2486
1483
2511
2448
2178
3636
2642
2579
1573
1431
2542
2485
2482
2275
2262
3114
2094
2015
1995
2133
3187
3405
2627
2715
2702
2664
2628
2729
2574
2415
2816
2431
1443
1416
2340
2157
2237
2207
1994
1820
1752
1752
2588
2520
2439
2458
2523
3306
2315
1276
2828
1813
2464
1733
2566
2590
2087
2707
2695
1703
1641
2698
2585
2538
2567
2051
2126
1988
2746
2812
1812
1769
1735
2760
2712
2674
1665
1625
2816
2860
1864
1830
1805
2575
3677
2680
1684
1673
1665
1717
1687
1617
2158
2123
2088
2034
2185
2086
2121
3778
2775
1773
1734
1735
2684
2631
1625
1585
1576
1658
1612
1596
1566
2984
1753
2788
2826
1884
1707
2430
2967
2727
2609
1647
1552
1605
2434
2343
2246
2209
3095
2050
3018
2936
1934
1768
2713
2805
1813
1794
3217
2216
2576
2089
2046
1789
2145
3021
2018
1896
3007
2011
2774
2758
1758
1837
1785
3777
2789
1790
1775
1687
1658
1639
1717
2619
2581
2680
2626
2604
2585
2638
2451
2385
2349
2217
2054
2218
2131
2020
2073
2025
1381
2829
1808
1706
1612
1562
1453
1479
1363
2105
2137
3432
2433
2357
2427
2213
2194
3152
2166
2938
1936
1894
2803
2738
2654
2381
2582
2568
2421
2149
2204
3014
2872
1879
1875
1736
1652
2372
2332
1334
2091
2286
1879
1763
2573
2530
2376
2266
3078
1959
2189
2073
2105
3100
2105
2480
1763
1777
1693
2718
1725
1685
1636
2563
2490
1505
2444
2530
2459
3386
2396
3440
2435
2475
3461
2480
2371
2334
2779
1804
2403
1403
2292
2140
2455
2163
2422
2615
2582
1596
2465
2279
2187
2356
2244
1727
1744
1518
1590
1725
1463
1717
1512
2007
1976
1853
1731
2298
2382
2481
2538
2588
2617
2859
1879
1925
1806
2856
2816
2165
2315
2488
2552
2822
1836
2940
3011
2024
2225
2173
2321
2464
3507
2516
3093
2078
3805
2806
3101
2089
3015
2023
2423
2547
2879
3223
2221
2534
2985
3059
2498
1681
2255
2978
3441
2379
1491
2909
1911
2245
1248
3000
3043
2042
2273
3364
3032
3342
2331
2726
1729
2206
3230
2231
2589
2594
3128
3490
2493
1495
2312
2331
2855
3187
3290
2290
2597
2898
3325
3632
2634
1634
3041
2044
2319
2594
1596
3201
2207
2453
2773
3135
3198
2182
2246
2653
2966
1939
3566
3893
2894
2994
2243
2480
2835
3292
3360
2355
2655
3065
2068
2949
3087
2088
2179
2512
2939
3260
2268
2560
2802
3165
2162
2662
2940
1833
2093
3791
4054
3113
2108
2365
2546
3222
3289
2301
2374
2862
3156
3508
2375
2537
3058
2029
2436
2742
3023
2010
3731
2814
2995
2144
2416
2522
1508
2160
2461
2108
1806
2525
3296
2295
2758
2642
2811
1817
2561
2534
1551
2133
2130
2101
1882
2001
1936
1877
1824
1946
1895
2284
2251
1262
1832
1783
2219
2565
1583
2492
2585
2034
1576
2002
1979
2601
2328
1576
2373
2589
2627
2361
2341
1807
1749
1267
1239
2146
3200
2195
2208
1679
2549
1994
1517
2328
1333
2387
2310
1292
1281
1542
1996
2413
1915
1384
2311
1094
2222
1681
2622
1613
1873
2361
2284
2229
1719
1549
2162
1905
1884
1836
1799
1741
3601
2589
1603
2548
2478
1923
1925
1406
2561
1556
2474
2382
1861
1830
2059
1757
2313
1272
1705
2353
2274
2190
1603
2648
2651
2017
3047
2054
1543
1526
2042
2140
2580
1586
1507
2220
1790
2487
2619
1624
2420
1425
1636
2086
2536
2922
2162
2109
2073
2062
1985
1982
1974
1764
1739
1840
1807
1794
2794
1815
2079
2043
1997
2851
2395
1388
2276
2203
2302
3160
2167
2180
1943
2363
2309
2321
2122
2090
2075
3015
2013
1997
2307
2260
2392
1862
1896
1785
3126
2142
1503
1997
1441
1623
2595
3707
2701
1709
1191
2142
2087
2154
2121
2043
2045
2620
2114
1870
2037
1842
2384
2362
1372
2272
2390
1396
2350
1825
1976
1914
2190
2671
2635
2503
2028
2421
1497
2079
2362
1818
1380
2302
2281
1749
1711
1658
1519
2304
1956
1739
1944
1439
1411
2476
1976
1806
2237
3197
2188
1683
1775
1723
1671
2607
2004
1962
1344
1694
2727
1766
1748
1634
2648
2123
1607
1433
2459
1426
1759
1522
1748
1706
2171
1671
2182
1185
1653
2268
1892
3296
2295
2296
1780
1744
1694
1684
1996
2084
2973
2434
1437
1407
1506
1550
2167
2285
1738
2207
2160
2103
1945
1648
1567
2491
2529
2456
1468
2399
2434
2175
1735
2007
2306
2312
1816
1644
1549
2192
2003
2082
2472
2859
1868
1831
1652
1632
1710
2305
2222
2413
2739
2520
2150
1679
1441
1549
1412
1810
1866
1304
2570
3432
2542
1844
1923
1434
2366
2343
2339
2158
2665
1704
2212
1478
1643
1697
2162
2209
1688
1626
1544
2432
2046
2669
1776
1741
2455
2303
2705
2623
2151
2126
1621
1998
1487
1570
2814
1801
1940
2342
2301
2196
2316
2716
2674
1650
1650
2299
1765
2086
1771
1900
1375
1592
2346
2402
2641
1761
2925
2362
2231
1290
1673
1579
1666
2069
1997
2344
2370
2360
2726
1654
2109
1949
1866
2926
1910
1405
1219
1470
1917
2319
2274
1742
1716
2692
1707
1635
1605
2509
1969
2396
1394
2122
1437
1737
1858
2150
1150
2116
2065
2091
2944
2929
2036
1544
1982
2962
1958
1933
1870
1831
2387
1877
2279
2068
2356
2285
2263
2217
1656
2244
2209
1667
1654
2093
2044
2483
1482
1895
1818
2279
3335
2890
2765
2802
2658
2291
2272
2223
2097
2451
2389
2406
1847
1872
1636
2182
2294
2214
2337
2318
2308
2220
2679
1720
2286
1747
2187
3063
2019
2014
1953
1896
1902
2037
2067
1983
2187
2572
2011
1459
2019
1648
2012
2836
3442
1995
3047
2228
3266
2229
1599
2519
2796
1747
1737
1675
1971
2078
1798
1910
1839
1793
1882
1865
1799
1279
1689
1176
1614
3008
2410
2342
2246
1753
1748
2185
1925
2118
1468
2062
2022
2520
2585
2548
2482
2425
1916
1880
1834
842
2042
2144
2129
1964
3028
2025
2289
2268
2211
2267
2238
2243
2142
2254
2164
2295
3822
2598
1822
1771
1719
2685
2188
2295
1735
3011
2020
1503
2525
2007
3134
2945
2889
2355
2299
2269
1411
2781
1777
1731
1585
2662
2521
1573
1500
1936
2049
3261
1962
2104
2033
2067
2025
2513
1512
1304
2404
2320
2306
2360
1361
1792
2101
2184
1183
1624
1580
2622
2116
1625
2631
2144
2048
2064
1060
1537
2161
1644
1653
3023
2233
2170
2134
2073
2634
1651
2105
2074
1970
2147
1899
2233
1749
2368
2596
2557
2497
2622
2136
2071
1359
1988
2848
2334
2766
2837
1833
1773
1631
2028
2614
2308
2244
2169
2589
2711
2691
2252
2228
1705
2333
1782
2578
1582
1057
2212
3528
2528
2507
2106
2071
2041
1517
1467
1500
1478
3218
2225
2173
2146
2195
2378
1612
2530
2474
2312
3313
2324
1810
1757
1846
1810
2061
1601
2090
1568
1520
1745
1216
1297
2532
2009
2086
1572
1509
1452
1904
1935
2773
2245
1684
1833
2079
2219
1689
1593
1748
1710
2632
1629
2228
1709
2169
2201
1894
2293
1958
1930
2491
2894
1862
1714
1708
1803
1748
1705
1863
2240
1243
2122
1605
2203
2617
2350
2524
2159
1633
2034
2000
1973
2086
1566
1522
1431
2275
2145
1153
2454
2303
2155
2192
1595
998
1783
2196
2780
1774
1605
1415
1669
1485
2974
1979
1706
2028
2310
2568
1515
1809
2143
1545
2122
1954
1882
1695
1527
2658
2309
2586
2002
2241
2296
1703
1897
2140
1927
2475
2365
1685
2088
2011
2025
2166
1944
1985
1382
2062
1392
1484
2057
1555
2024
1477
1707
1164
1630
1735
1154
1876
1284
1600
1604
1242
1724
1924
1312
1937
1874
1442
1592
1037
1769
1876
1255
1598
1046
1259
1954
1820
1444
1786
1230
1612
1572
1712
1908
1823
1782
1681
1895
1821
1770
1397
2033
2429
2492
1917
1948
2022
2134
2614
2184
2083
1577
1665
2048
2075
2651
1951
2005
1971
2032
2140
2121
2965
3038
1650
1434
1756
1429
2895
3133
2159
2058
1587
1685
2142
2089
1581
1520
1615
1573
1991
2127
1563
2012
2941
2564
1823
2376
1752
3197
3115
2130
1643
2087
2199
2111
2028
1955
1821
1889
1893
1951
1756
2344
2274
2701
1708
1778
1743
1242
1644
2328
2317
2328
2226
2315
2290
1883
2076
3073
2051
2063
1535
1493
2055
1993
1896
910
2090
2821
1791
1807
3272
2269
2131
2062
1583
2202
1567
1673
1992
2029
2469
1922
2078
2177
1179
2074
1572
1918
1522
1412
2287
2591
2501
1628
2151
2095
2220
1694
2137
2103
2055
2037
2040
2044
2044
1122
1883
2243
2232
1707
1568
2415
2585
2501
2026
1980
2588
2342
1888
2170
1638
3269
3107
2073
2036
1993
2086
1578
1859
2128
2275
1277
1985
2607
2376
2225
2151
2108
2212
2154
2116
2040
2023
1972
1777
1727
2817
1804
1561
1616
1603
1626
2452
2306
2290
2143
2177
2138
3085
2206
2174
1952
2833
1843
1806
1784
1726
2575
2465
2444
1442
1976
2054
2491
2444
1449
1392
2327
2305
2012
3239
2212
2276
2188
1225
3197
2205
2118
1989
2125
2084
2062
2031
2033
3083
3053
2086
2013
2117
2065
2042
2691
1710
2064
2467
2609
2672
1674
1371
2137
2053
2173
1189
2029
2146
2145
3053
2060
1993
2239
2137
2074
2076
2140
2105
2035
2792
1747
1824
1565
2593
3159
3963
2977
1988
2755
2706
2295
2197
2287
3176
1956
2086
2709
2677
2623
1643
2569
2578
2555
2488
2487
2485
2425
1431
2179
2332
2240
3126
2125
2193
2145
2111
2058
3086
2092
2075
2108
2687
2649
2576
2597
2937
2154
3044
2066
2043
2131
1928
1856
2760
1749
2856
1858
1798
2901
1862
2840
1836
1772
1858
1828
2261
1990
2839
2786
1793
2691
2797
1796
2739
1749
1662
1520
1682
2506
1527
2250
2188
2752
2792
2689
1767
2703
2590
2511
2432
1445
2332
2284
2126
2073
2166
2021
1823
1788
3476
2490
1504
2395
2317
2285
2189
1993
1666
1926
1896
3963
2990
2781
2750
1751
1695
2564
2585
2516
2521
2550
2569
2472
2267
2275
3288
3274
2261
2239
1231
1363
2114
2186
2731
2722
2709
2678
1679
2444
1709
1701
2631
2555
2507
2441
2508
2451
3373
2397
1368
2736
1741
2695
2588
1598
1676
2453
1475
1596
1539
1466
3330
2330
2156
2174
3230
2234
2184
2078
1818
2042
1976
1840
2751
1752
1819
2412
2426
1420
2209
2029
1987
2827
2796
1806
1723
1731
2604
2535
2492
2436
2493
2486
2475
1482
2444
2284
2737
1722
2583
2469
1730
2594
2630
2595
1591
2636
1644
2583
2644
2585
1594
2552
1547
1689
2584
2510
1511
2420
1420
2389
2359
2569
1906
2827
2867
1871
1816
1762
1848
1750
2330
1680
1703
1730
1680
3722
2671
1715
1641
1508
2540
2322
2335
2315
2468
2469
2396
2803
1793
1992
2461
2358
2614
2545
2543
1540
3032
2958
1976
2011
2511
2390
2479
2417
2386
2336
2428
2376
2750
2180
2312
2225
2895
1820
2030
2251
2382
2616
2668
2484
2425
2132
3243
2258
1271
2162
2129
2253
2039
1977
2387
2317
1945
2430
2036
1034
2081
2974
2874
2679
1675
1641
1639
2669
1680
1671
2019
2485
2558
1548
1486
1800
2691
2676
2671
1684
3368
2380
2350
2426
2372
2288
1311
1985
2280
2278
2045
3157
2174
2981
1991
1971
2955
1966
1873
1899
2306
2348
2760
2665
2676
1676
2481
2400
2453
2304
2184
2042
2009
1856
2404
2296
2134
1916
2368
1464
1596
1882
2548
2368
2299
3394
2396
2211
2091
1601
2436
2312
2219
2078
1845
2154
1722
1884
1514
2142
1727
1680
1610
1560
1442
1635
1625
1398
1502
1041
1527
2349
1362
1519
1271
1128
2222
2511
2543
1616
1872
2902
1909
1845
1444
1707
1578
2487
1540
1438
1568
1384
1483
1929
2264
1680
1834
2411
1425
1357
1591
1602
1485
2545
2119
2669
2552
3065
2600
1620
2048
2389
2466
2986
1987
2421
1933
2566
2910
1942
1459
2779
2345
1906
2065
2231
2395
3112
3719
2712
2293
1976
2630
3754
3421
2428
2633
2928
1966
2197
2377
2786
3623
2608
3189
2266
2417
2644
1566
2998
2054
4250
3213
2245
2654
2894
1853
2147
2596
1543
3381
2401
2595
2604
3058
3341
2304
2412
2444
1434
1735
2290
2453
1446
1761
3254
2247
2767
1772
1834
2079
3660
2628
2738
1748
1984
2189
2239
2121
2124
1838
2942
1890
1866
2597
2654
3362
2357
2303
2398
2346
2351
2276
2343
2274
2681
2159
3145
2170
2117
2031
2169
3038
1999
1998
2159
2084
2780
2718
1659
1745
1758
1778
2863
2550
2773
1805
1608
2573
2547
2525
1504
1446
2431
2415
1412
1670
1816
2737
2685
1685
2314
2313
3167
2180
2157
2140
2232
2151
3129
2105
2194
2141
2052
2982
1766
2165
2120
2053
3158
3098
2094
2036
1971
1923
2555
1560
1415
1863
2002
2951
2712
1712
1786
1725
1729
2719
2695
2649
1644
3643
2643
2548
2548
2509
1518
2197
2479
2470
2253
2380
3348
2348
2220
2121
2210
2173
2106
2055
2153
1906
2784
1782
1907
1872
1652
1589
2596
2567
2503
2271
2290
3246
2240
2230
2902
1897
3341
2593
2688
2635
1633
1592
1555
1668
2411
1412
2324
2437
1428
1377
2302
2256
3195
2194
2167
2130
2234
2145
2896
1903
2018
2616
2588
2595
2696
2579
1567
2208
2282
2418
2340
2218
1297
2370
2276
1319
2042
2145
3076
2082
2045
2083
1950
2974
2012
1790
2567
2749
2632
2580
1612
2015
2596
2578
2541
1549
2292
1298
2096
2254
1199
2208
2306
2280
2253
2244
2197
2083
1926
2810
1896
2769
1758
1700
2637
2569
1580
1523
1839
1846
2794
1781
1735
2591
1591
1512
2270
2328
2101
1825
2836
2843
1859
1767
1701
1750
1575
1481
1362
2214
2683
2649
1653
1640
2327
2076
2785
1854
1733
1573
2478
2354
2216
2098
2494
1915
2876
2453
2773
2239
1952
2207
3786
2765
2756
1739
1619
1738
1681
1695
1648
1825
3063
2572
1564
3124
2121
1697
2094
1450
2283
2426
2691
3164
2162
2135
2229
2197
1199
2035
3021
1720
2048
2044
2913
1889
1859
1889
1672
3212
2670
1647
2462
2338
3278
2298
2223
2069
2103
2776
2612
1607
2515
2327
2216
2016
2023
1735
1617
2344
3107
2134
2244
2337
2978
2054
1785
1882
1715
2355
2998
2012
2246
2582
2451
2274
2514
2049
1792
2440
2239
2563
2036
1823
2602
2416
2162
2641
2513
1517
2486
1953
2428
1942
1994
2261
2752
1881
1462
1459
1499
2285
1998
1609
1645
1470
1684
2780
1790
1424
2264
1789
2537
1905
2372
2100
1842
1612
1567
1570
1720
1940
3157
2129
1812
1811
2826
2849
2977
1916
2833
1834
2246
2757
2711
3226
2236
2934
1933
2073
2277
2193
1948
2459
2337
1333
1839
1706
1424
2095
2272
2217
1959
1717
2307
2276
2329
1749
1564
2072
2255
2116
1621
2120
1812
1644
1812
1401
1831
1560
1899
1824
1779
1631
1787
1651
1850
1863
1866
1969
1822
1627
2330
1665
1519
3044
2471
1703
1643
1566
1645
1955
1636
2266
1929
1741
1830
1909
1454
1740
1815
1589
1743
1771
1829
1572
1998
2681
1674
1867
1655
1498
1805
1660
1698
1362
2036
2863
2189
1669
1417
1417
1679
1749
1578
1717
2016
2981
1986
1563
2181
1728
2021
2440
1436
970
1842
1672
2435
1385
1365
1803
1738
2749
2624
2668
2682
1672
2882
3182
2180
3273
2294
3499
2491
2701
2848
2341
2580
2596
2641
1609
2204
2348
3479
2484
2584
2397
2612
2704
2657
2763
1760
2033
3081
3164
2159
2268
2481
2343
2619
2732
3326
2334
2416
2282
2380
2578
2824
2792
1812
2166
2465
3008
3312
2333
2599
2907
3123
2124
3850
2882
3231
3532
2531
2997
1952
3523
2533
1517
1611
2591
2916
1954
3112
3534
2532
2802
1806
2149
2249
2464
2185
2296
2368
2712
3299
2301
3787
2802
1789
3430
2414
2742
2820
3149
2134
3043
2035
2342
2656
2731
1999
4126
3116
3133
2212
2617
2694
3075
2051
2074
2626
2975
3323
2299
2399
2716
3245
3334
2323
2274
1985
2905
3237
3507
2529
2820
3311
2294
3247
3488
2300
2769
1861
3493
2517
2673
2867
3159
3615
2630
1641
2725
3084
2154
2381
2776
2925
3268
2230
2587
3113
2127
2486
2832
3146
2150
2461
2957
3329
2339
2436
1935
2729
3004
2006
2286
2663
2946
2565
2518
1541
3201
2216
2531
1531
2607
1571
1987
2330
2637
2496
3531
2507
2753
1768
2117
2387
2476
2854
3164
3368
2364
2612
2552
1535
1880
2129
2763
3029
3130
3449
2447
2549
2862
3154
3390
3745
2728
1750
3552
2538
2833
1809
2108
2130
2438
2616
1613
2912
3109
3385
2335
2594
2576
1805
2021
2818
2825
1828
3155
3648
2631
2752
1760
2143
2451
3031
3297
2263
2518
2719
1688
1930
2238
2420
2529
2514
1525
2721
1719
1890
2981
3094
3449
2206
2405
2373
2582
2445
2296
2158
1958
1812
3447
2394
2191
2872
2649
1677
3082
2111
1917
1673
1581
2387
2077
1491
2051
2477
3376
2378
1763
1606
1411
2075
2441
1660
2189
2884
2726
1733
1965
2262
2396
2595
2514
2271
2459
2216
2125
1838
2046
1499
2253
1819
1908
1455
1804
1738
1674
2398
3323
2304
2280
2227
1737
2302
2457
1502
1463
3392
2407
1374
2299
2234
3283
2247
2190
2098
2519
1999
2594
3559
2559
1557
1504
2373
2429
2409
2341
2254
2181
3361
2367
2279
1784
2735
2314
1666
1662
2661
1758
2586
3470
2521
2607
2613
2066
2194
2721
2321
3282
2281
2794
2279
2115
2804
2290
3607
2613
2244
2205
2147
2104
2061
2589
2045
1959
1568
2539
2488
2372
2221
2335
2592
2150
2055
2054
1795
2663
2583
2547
2436
2920
3061
2588
2523
2338
2435
2344
2337
2276
2203
2125
2089
2957
1976
2786
2826
2379
2685
2662
2625
2630
2713
2656
2639
2599
2668
2588
2414
2387
2234
2294
2050
1922
2811
2647
2528
2385
2191
2234
2753
2650
1687
2509
2425
2167
2058
2148
2242
2368
3295
2274
1303
2001
1934
2016
1731
1670
1571
1584
1541
2330
2221
2253
2180
2065
1980
2046
1914
1800
2598
2427
2303
2156
1924
2066
2812
2653
2595
2085
2132
2710
2674
1663
2378
2065
1992
2507
2416
1999
2601
1608
2287
2183
2011
1840
1663
2394
2219
2088
1910
1809
2415
2336
1340
2036
1834
1619
2219
2314
1558
2043
1443
2367
2224
2066
2294
2092
2398
2186
1575
2208
2472
2684
1644
1442
2135
1912
2586
2319
2114
2255
1756
2348
3292
2310
1325
1565
1918
1582
1664
1298
1707
1891
1591
1739
1939
1633
2012
1813
1662
1692
1824
1718
1692
1803
1883
1672
1862
1765
1836
1918
1566
1785
1861
1527
1668
1770
1828
1782
1389
1735
1807
1510
1796
1430
1561
1863
1740
1995
1704
1616
2074
1423
1870
1876
1567
1639
1730
1690
1547
1398
1604
1876
1796
1780
1704
1701
1706
1713
1716
1907
1603
1272
1851
1654
1538
1592
1658
1943
1594
1678
1632
1415
1726
1680
1791
1401
1671
2134
1855
1504
1958
1507
1516
1816
1632
1598
1887
1886
1678
1900
1853
1536
1734
1625
1873
1678
1643
1833
1937
2859
2448
2229
2418
2265
2062
1514
2426
2270
2132
2204
1986
2055
2042
2026
2779
3298
2292
2966
2533
2663
2944
1945
3089
1868
2200
2159
2954
2853
3276
2117
2292
2920
2563
2660
2844
2889
1915
1862
1518
2201
2557
2618
2789
2870
3205
2207
2293
2435
3140
2121
2429
3560
2523
2405
3657
2836
1870
2044
2208
2328
2612
2786
2923
1926
3188
2230
2216
2164
2335
2809
3150
2147
2238
2586
3108
2100
2426
1426
2789
2477
2976
3292
2330
2440
2754
2705
2063
3383
2389
2707
2980
3354
2367
2223
2543
2569
1563
1672
2241
2632
2847
1913
2134
2385
2435
3785
2796
1788
2137
2672
1646
3125
3098
2145
2352
1335
2677
3388
2380
2720
3121
3267
2263
2196
2318
2297
3141
4135
3137
2102
2100
1941
1910
2850
2733
1709
1665
1818
2719
2654
2571
2647
2025
3258
2375
1393
2300
1877
2493
2932
2853
2837
1866
1774
2228
1831
1746
1698
2431
2779
2281
2228
2260
2243
2145
2051
1978
2098
1998
2873
1880
1956
1910
1847
2756
1749
1745
1698
2403
2604
2551
1520
2386
2363
2315
2266
2237
2156
2172
1815
2665
1668
1601
1550
1609
2535
3105
2129
2022
1969
2767
1773
1818
2738
2699
1700
2600
1596
1613
2266
2903
2865
1796
1825
2183
2705
2382
3424
2483
2421
2366
2768
2281
2191
2041
3156
2140
2927
1928
1842
1902
1886
2225
1690
1728
2368
2326
4342
3301
2364
2981
2247
2231
3522
2564
2024
2915
2922
2807
1801
1827
2246
2059
2555
2425
2516
2566
2492
2745
1748
2774
2838
1779
1781
2556
2604
1605
2542
2452
2448
2411
2167
2772
2264
2331
2282
2087
2101
2127
2063
2069
1985
2027
2052
2905
2861
1877
1999
1338
2261
2348
2308
2136
2044
3128
2159
2117
2084
2016
2986
2431
1938
2294
1566
2569
1635
1528
1455
1491
1603
1528
2468
2606
2604
2634
2484
2477
2428
1414
1835
2725
2686
2598
2533
2590
2628
2575
2497
2186
2334
2150
2111
2894
1670
2879
1886
1828
1950
1868
1900
1648
1491
2164
2160
2129
2030
1941
2809
2768
1779
1862
1823
1775
1744
1635
2573
1567
1514
2521
1542
2394
3162
3094
2126
1873
2027
1028
1899
2706
2573
2651
1655
2415
2281
2492
2442
2407
2392
2322
2375
2209
2347
2236
2221
2175
2108
2246
2020
1792
2833
2730
1751
1758
2132
2150
1970
2173
3054
2053
2344
2256
2184
2056
2000
1892
2674
2553
2652
1647
2436
2316
2366
2515
2430
2375
2283
2209
2536
1990
1884
1904
3232
2240
2246
2136
2036
1677
2896
1897
1799
2614
1617
2541
1545
2309
2356
2221
2852
1856
1855
2572
2403
3265
2264
2109
1931
2871
2678
1685
1521
1393
2200
2021
2572
2528
2333
2165
1670
2676
2516
2327
2165
2110
1952
1769
1632
1422
1350
2005
1720
1545
2186
2148
3350
2290
2294
2060
1871
2468
3116
2139
2026
2238
2130
2343
2504
2419
2210
2579
2665
2509
2275
2080
2365
2562
1546
1364
1558
1458
1962
2448
2236
2449
2222
2221
2404
1813
1943
1788
1954
1718
1575
1625
1363
1909
1698
1616
1802
1798
1641
2008
1493
1699
1715
2409
1957
2302
1890
1482
1668
1882
1931
1835
1822
1535
1614
1608
1656
1599
1547
1656
1913
1858
1993
1631
1655
1842
2223
2557
2402
2055
2036
1992
1855
2103
2069
1930
2546
1982
2309
2147
1151
1525
1861
1840
1734
1701
2062
1699
1489
1779
1975
1834
2151
2059
2186
2206
1774
1953
2715
3209
3317
2534
2635
2962
1963
2018
2499
2760
2494
2101
2406
2865
2513
1532
2469
2678
2362
1991
3593
2606
2874
3172
2174
2518
2591
2271
2700
3129
2118
2341
2341
2756
1992
1647
3186
2209
2628
2945
1972
2450
2479
1570
2984
1941
1957
2626
2589
1619
2398
2535
2509
2387
2358
2283
2391
1383
2328
2301
2601
2121
2112
1326
1976
1352
2019
1920
1824
1975
2749
2708
2747
1778
1739
1851
2230
2373
2244
2141
2117
2060
2034
2708
2627
2099
2160
2375
2914
1911
1854
1980
2468
2371
3068
2294
2103
2028
2042
1964
2617
2726
1672
1992
2815
1844
1908
1867
1794
2242
2108
2009
1974
1837
2195
2171
2139
2028
2207
2171
2124
2017
1996
1883
2817
2750
1400
2473
1618
2086
2992
1954
1806
2786
2854
3284
2286
2294
2691
1947
2431
3877
2884
2370
2296
1754
1679
2293
1321
1677
2663
1681
1675
2033
2696
2640
2561
2361
1559
2395
1386
1338
2840
2590
2583
1589
2003
1980
1861
1746
1689
1762
2213
2606
2581
2537
2033
3354
2367
2490
2966
2979
2445
2540
1541
1997
2936
2685
2382
2575
1482
1492
1512
1578
1576
1521
2414
1423
1540
2477
2271
2351
2374
2801
1797
1728
2314
2231
2249
2104
1810
2763
2690
2651
2665
1706
2518
2009
1943
2284
2453
1454
1916
2367
2331
2629
2116
2061
2162
2101
2061
2011
1505
2424
2254
2235
2517
1991
1304
2653
2744
2658
1682
1641
1578
2489
3395
2365
1381
2390
2077
2828
1827
1900
1832
1786
2588
2681
1635
2551
1546
1560
2543
2536
2328
2264
2151
3624
2606
1595
1596
2599
2120
1914
1810
1955
2180
2190
2111
2128
2101
2840
2117
2255
2168
2098
2143
2230
1841
2118
1736
1702
1709
2575
2449
2634
2540
2474
1985
938
1837
2597
2124
3559
2561
1552
1903
2385
2417
2376
1394
2301
2036
2350
2316
2253
2183
1672
2212
3536
2580
2655
2603
1595
1575
1503
2549
2006
2022
2258
1875
2002
1928
2102
2169
2593
1596
1529
1488
2051
3000
2011
1971
2072
2139
2619
1642
1637
1633
2593
3434
2447
2417
2371
2303
1319
2735
1721
2732
2541
2636
2409
2452
2301
1363
2413
1449
1886
2814
1788
2422
2329
1362
2304
2104
2283
2133
2611
1628
2429
1440
1283
2129
1988
1916
2568
2491
2369
2249
2108
2095
1991
2230
3384
2372
1828
2157
1985
1559
2273
2167
2125
1558
1857
1291
871
1985
2614
2426
2406
2121
2359
1821
2547
2378
1486
2766
2622
2421
2253
2208
1994
1863
1652
1447
1631
1393
1950
2154
3173
2161
2005
1828
1672
2324
2123
2630
2572
2379
2210
1960
2032
2205
2567
2080
1920
1729
1584
1844
1639
1485
1345
1680
1778
2391
2329
2186
1895
1990
980
1683
1674
1720
1756
1498
1626
1609
1383
1856
1763
1665
1694
1657
1699
1444
1731
1835
1920
1776
1594
1965
1740
1502
1567
1805
1694
1770
1577
1864
1512
1477
1750
1440
1869
1761
1878
1803
1771
1640
1966
1736
1573
1874
1828
1680
1838
1753
1698
2267
2060
1768
1760
1644
1692
2632
2877
2397
1919
2098
1699
1765
2346
2537
2606
2567
2246
2272
2391
1922
1840
2191
2986
2534
2223
2467
1980
2176
2328
2471
2659
2872
1880
1951
2275
2080
2490
1509
1604
1991
1960
2546
1546
2287
2261
2240
2335
2315
2276
2253
2328
2556
2731
2742
2046
1395
2567
2559
2027
2080
2042
1983
1962
2075
2023
1843
1326
1310
1895
1842
1627
2035
2207
2143
2628
2606
1592
2619
2548
2535
2662
2155
1860
2102
2236
1704
2153
1994
1780
1891
1851
2223
2382
2316
2727
2339
2381
2263
2217
2164
3111
3119
2085
2077
2156
2122
1593
2031
1927
2378
2313
1666
2561
2214
2263
1784
1435
1505
1613
3076
1991
2681
2694
1659
1634
2473
2539
2310
1838
2013
2988
1997
1985
1988
1488
1899
1873
1407
2379
2787
1788
2270
1710
2261
1821
2457
3057
2064
1545
1485
2284
2234
2173
2132
2065
2156
3074
2072
2045
2009
2102
2052
1990
1894
1396
1789
2743
2597
1464
1897
2838
1754
3262
3026
2026
2300
2011
1945
2021
1746
1690
2305
2209
1971
2366
2262
2523
2275
2535
2315
2114
2278
2170
1946
1900
1752
1634
1421
1149
1226
1642
1320
1860
1744
1695
2537
1546
2394
3510
2507
1508
1501
1959
1980
3628
2628
1632
1627
1585
2596
2621
1617
1760
2589
2597
1594
2119
2139
2218
2718
2796
1798
2335
2490
2044
2852
1850
2518
1771
1331
2379
1429
1939
1302
2436
2649
2775
1774
2038
2127
3302
2319
2620
2570
2712
1701
1322
2322
1900
2040
2155
3543
2510
2417
1427
1562
2824
3181
1860
2246
2022
2279
2545
1684
2960
1862
2027
2217
1992
2350
1781
2504
2939
1947
1434
1966
2229
2405
2422
3020
3275
2206
2470
2702
2989
1992
1806
3303
2270
3374
2633
2492
2916
2894
2145
2648
3665
2852
3130
2076
2228
2285
1827
3151
3394
3652
2728
1723
1838
3198
3527
2348
2019
1628
2769
1766
1953
1998
2297
2759
2426
3006
1973
2358
2992
2010
1715
1682
2033
2435
3397
2534
2295
2001
1749
3434
2486
2859
1832
3521
2495
2953
2514
2148
2536
1496
2503
1491
1087
3017
2980
2446
2303
2147
2537
2657
3757
2767
3088
2091
1721
1825
2092
2636
1638
1919
2600
1612
1940
2522
2565
2827
3221
2217
2359
2633
3089
2058
3693
2693
1692
2220
2607
2960
2466
1464
3019
3193
2597
2859
3156
2158
2579
2877
2967
3079
3597
2601
2670
2984
1987
2284
2584
2373
1371
2327
2699
3058
3287
2154
2604
2894
2372
3565
3231
2317
3322
2323
2019
2306
2142
2519
1523
1722
3166
2161
2576
2910
3003
3344
2330
2429
3501
2611
2940
3114
2001
3709
2616
1714
3263
2350
2600
2979
1720
3364
2358
2643
3155
3269
4013
3015
3312
2313
2685
2994
1997
2072
2831
2650
2778
3086
2079
2416
2591
2477
3484
2535
1532
2180
1876
2979
1982
2065
2263
2117
1816
2534
2182
2489
1932
2555
2352
2054
2396
2012
1630
1719
2915
1958
1575
2512
1529
1902
3022
2705
2158
1975
1529
2128
2734
2495
2109
2612
2149
2546
1880
1779
2772
1758
2897
2623
1630
2676
2323
1901
1778
2088
2378
2104
1709
2319
2625
1714
1336
2905
2770
1780
2992
2587
1595
1935
2519
2179
2502
1835
1631
1045
2280
1963
3546
2613
2178
2183
2034
2122
1502
1895
2990
2705
3014
1987
2532
2959
2611
2881
1788
3071
2699
2854
2567
2193
3222
2285
2019
2364
2980
1976
2269
2801
2379
3296
2318
2863
2113
2629
1623
1820
2168
2540
2831
1813
3118
1999
1733
2688
2174
1921
2205
1859
2134
2484
2103
2197
2529
1949
2296
1722
2307
1762
1694
3200
2829
1824
2545
2235
1907
2563
2902
2571
2357
1357
1673
2673
2493
2144
2444
3099
2210
2465
2353
2031
3076
2075
1698
1959
2285
3065
3351
3036
1814
2921
1917
1531
2501
1891
1986
2058
2347
3744
2739
2434
2054
2582
2876
3153
2156
1800
1481
2364
3505
2506
2334
2016
2076
2568
2916
2518
2162
1808
3095
2867
2123
2562
1538
1514
2118
2040
1999
1816
2201
2424
1947
2212
1776
2380
2781
1786
2226
1683
1810
1743
2167
2109
2467
3525
2392
2345
2389
2359
2400
2894
2026
1305
1709
2211
1634
2544
2028
1502
1536
1513
2366
1806
1881
1834
1786
2194
1242
2255
2169
2553
3695
2661
1700
1641
2004
1609
1543
1583
1572
1759
2452
2624
1866
1947
2260
1766
2850
2328
1803
2302
1912
3328
2337
1339
1280
1848
2341
2313
2304
1925
2405
2363
2297
1556
2381
1946
2289
3071
2074
2430
1569
1518
1802
1505
2165
2600
1601
1564
1970
1580
1514
2091
2074
2630
1635
1539
1505
1448
1981
1682
2070
2145
2124
2513
1999
2443
2395
1874
1847
2423
1797
2161
2022
1426
1956
1852
1682
1809
1926
2358
1843
1976
2007
2279
2368
2337
2291
2099
2358
2433
2868
1868
1798
1880
1917
2350
1830
1938
1728
1686
2131
2225
1692
2134
1908
1615
2200
2141
2126
1603
2587
2529
1533
1470
2129
2083
2442
1505
2487
2007
1506
2445
1905
2326
1805
1553
3203
2226
1732
1622
1132
1985
1941
1904
1935
1794
2736
2344
1641
2073
1545
1613
1556
1994
1940
1992
2440
2360
1858
2439
2412
1891
1899
1956
1949
1902
1695
1687
1752
1715
1691
1640
1813
2454
1922
1870
1675
1845
1328
2202
1710
2211
2481
2339
2267
2291
2237
2351
2393
1760
1723
2160
2153
1986
2401
1464
2157
2008
1545
1975
2105
1988
2363
1853
3116
2055
1593
1505
2155
2625
3036
2002
2156
1525
1590
2445
1898
2424
1851
2055
2581
2019
2340
1817
2279
2166
2041
1928
2096
1089
2518
3340
2341
2242
2086
2304
2361
2207
1908
2030
2086
2429
1864
1779
1660
1738
2374
1872
1274
1642
1411
2259
2817
2125
2061
1456
1807
1279
1513
1716
2230
2292
2642
2133
2000
2265
1709
2092
2393
2046
2222
2065
1961
2269
2123
2054
1985
2124
2467
1536
2118
1923
1962
2174
1931
1837
2239
2054
1818
2231
2021
1435
1714
1470
1779
1586
1410
1772
1973
3000
1780
1970
2269
2067
2462
1464
2099
1893
2293
2507
1903
2306
1796
1345
1733
1624
1957
1801
1686
1888
1583
1363
1858
1839
1692
1450
1492
1845
1775
1601
1677
1224
1871
1812
1722
1920
1966
1529
1823
2645
1636
1720
2088
1409
1807
1473
2703
2424
2112
1480
2042
1884
2502
1506
1840
1631
1456
1714
2051
1843
2051
1897
1872
2011
1947
2172
1808
1756
1865
1759
1725
1728
1611
1713
1984
1649
1771
1845
1618
2018
2819
2568
2510
2008
2129
2190
1871
1347
1950
1489
1569
1781
1860
1707
3284
2320
1826
2005
2291
2408
2078
2167
2405
1805
2402
2081
2254
2127
2131
2517
2965
2352
2691
2578
2231
2303
2654
1636
1997
2471
2806
2442
2089
2929
1713
3151
2184
2238
2274
2663
1680
2549
1933
1995
2378
2463
1931
2586
2220
2345
1391
2272
2660
2294
1641
2546
2162
1998
1637
1491
2542
1873
2834
1827
2292
2319
1581
2052
1677
1705
2865
2587
1771
2037
1893
2129
2298
2659
1735
1976
1347
1586
1460
1245
1517
1840
1188
2283
2089
1858
1539
1788
2036
1970
1726
2059
1547
2227
2676
1663
1540
1648
1647
1634
1573
1344
1205
1026
2025
2124
2300
2022
2161
2281
1838
1971
1519
2565
2639
1651
2436
1431
1652
2768
2814
1814
1833
2309
1670
1871
1815
2756
2472
2129
1739
2204
1574
1411
1972
2676
2406
2000
2464
2771
2386
2684
1697
1371
2304
1985
3004
1996
2041
2341
1955
2919
2617
1632
2271
1901
2677
1681
2773
2215
1866
2651
3627
2636
2348
2451
2794
1857
2227
2528
2284
1961
3348
2312
2392
2711
2301
2737
1747
1394
2491
2170
1784
1422
3059
1785
2287
3183
2215
1821
1534
2165
3329
2354
2014
2123
2395
2908
3226
2891
1852
2259
1872
2361
3049
2078
2370
2678
1630
2269
1890
1608
1580
2574
2401
2710
1538
1481
1876
2836
1806
2702
2892
3062
3317
2302
2568
2900
2526
2995
3347
2379
2689
2336
1332
2921
2345
3321
2320
2020
3105
3550
2538
2204
1875
1533
2497
1981
2360
2048
2378
3320
3005
2010
2163
2451
2689
2407
2881
2526
1529
2505
2144
2471
2116
1719
1978
2230
2360
1982
1404
2532
2084
1185
2197
2683
2951
3631
2442
2311
1678
2635
2309
1975
2297
2654
1657
2760
2943
1938
2221
1836
3094
2792
2389
2698
2356
1985
2349
2818
2479
2151
1776
2137
2425
2110
2680
2298
2570
2036
2652
1677
2280
3265
3003
2022
2316
1958
1848
2830
1834
1819
2045
2570
2221
1998
2392
2455
2564
4260
3222
3290
2382
2690
2966
2662
2326
2713
2368
2856
2303
2198
1854
2173
1805
1476
2260
2491
1974
2433
3276
2395
2628
2413
2026
2669
2362
2266
1899
1595
1892
1554
3182
2161
1852
2429
2131
1713
2988
2318
3304
2701
1987
2214
2621
2965
3110
2727
2527
2122
2614
2237
1972
2017
1827
2131
2500
1463
2096
2436
1440
2417
2052
2432
2748
2484
2244
2466
1528
2215
2685
2324
2401
3181
2185
1785
2079
2254
1849
1558
2083
2392
1395
1755
2883
1862
2307
2858
2027
2915
1938
2184
2418
2140
3063
2049
2623
2727
2442
1419
2336
2018
2600
2338
2938
1872
1855
2477
1988
2108
1842
2251
1858
2787
3691
2707
2378
1744
1897
2749
2567
1565
1732
2097
3262
2276
1932
2159
1260
2190
2684
2052
2460
1371
1481
3325
3002
1961
3032
2715
1719
3480
2485
2797
1802
2139
2454
2123
2633
2254
2601
2257
1901
2265
2847
1839
1205
2192
1843
1475
2650
3016
2702
2339
2654
2135
2101
1815
2638
1603
2046
2495
2131
2296
2016
1634
1269
1934
2415
2536
2082
2280
2991
2546
2598
2141
2228
2238
2991
2005
2061
2659
2807
2814
2383
3449
3222
2366
2638
2770
3672
3213
2316
2435
1986
2153
2295
2609
2714
2353
2458
2091
2338
1878
2035
2087
2595
2873
3019
3205
2200
1790
2080
2246
2705
3508
2506
2224
2343
2504
2873
1870
2152
2240
2513
3323
2287
3230
2145
2089
2017
2902
1939
1882
1783
1889
1806
2710
2657
2763
2674
2749
1621
2654
2500
2444
2605
2694
2318
2626
1593
2427
3382
2385
2377
2358
2459
2419
2334
2293
2043
2124
2898
1931
2482
2565
1563
2548
2522
2524
2621
1606
2477
2484
1582
1529
2430
2391
2357
2615
1871
2183
2011
2060
1943
1900
1734
3115
3003
2020
1942
1961
1812
2660
2566
1555
2405
3291
2302
2240
2148
2999
2596
1639
2768
1782
2595
1614
1552
1415
1978
1243
2075
2551
2787
3223
2399
2320
2544
1694
2615
2529
2504
2809
1895
2394
2217
2005
2005
1694
1709
1706
2251
1772
2293
2038
1734
1596
2168
1925
2698
2377
1618
2202
1852
1678
3268
2300
2307
2306
2335
2913
1875
1813
1980
2129
2013
2081
1886
3141
2958
3205
2227
2312
2374
2564
2570
2643
2862
2813
1800
1593
2294
2618
2585
2536
2476
2465
2444
2345
2359
2322
2226
2923
1973
1970
2509
2002
1951
1750
1737
2309
2310
2653
2210
2309
2103
2094
2512
2578
1622
2508
2524
3312
3523
2511
2516
2441
3095
3086
2043
1995
2017
1876
2862
3243
2267
2526
2054
3551
2547
2033
1988
1817
1888
3243
2243
1730
1807
1482
2447
2584
2969
1980
1576
1927
2308
1718
2666
1659
3287
2337
2879
2377
2200
2159
2325
2315
2685
2189
2270
2177
2104
2059
3070
2065
1969
1845
1769
2862
2758
1775
1738
1715
1723
2451
2726
1730
1668
1607
2410
2537
2471
1474
2281
2375
2163
3138
3274
2287
2063
1991
1986
2872
2884
2819
1866
2829
2891
1865
1774
1758
1610
2518
2365
2364
2223
2328
2285
2249
2208
2321
2270
2275
2221
2330
2269
2193
2996
1996
2801
1799
2755
2801
2748
1705
1802
1637
1595
1516
2598
1584
1551
2496
2601
1601
1598
2353
1691
2609
2546
1550
1477
2378
2308
2445
1441
2004
1860
2353
2664
2107
2439
1853
1291
2592
2032
2605
2043
2445
2758
2204
2520
1908
2244
2449
1817
1233
2138
1465
3166
2518
1944
2735
2741
1743
2510
1528
2775
1775
1700
2534
2403
2128
1993
1843
2686
2567
1558
1403
2314
2040
2778
2759
1733
2492
2246
3067
2071
1721
1889
1821
1836
1742
1619
1425
2097
1861
2464
2412
2629
2566
1572
2760
1758
2892
2423
1745
1873
2024
2220
2043
1793
2392
2321
2121
1935
2496
3161
2165
2500
2593
1623
2311
2124
2182
2416
2279
2509
2715
2482
2537
2348
2180
1910
2188
1775
2043
1984
2190
2540
1539
1436
1382
1246
1633
1512
1770
1767
1691
1924
1719
1003
1625
1476
1792
2268
1648
1578
2015
1633
1635
1724
2297
2117
2224
3100
2610
1606
1547
2288
3296
2299
2782
2706
2706
1683
1682
1641
1416
2770
2254
1924
2319
2275
2220
2139
2241
2181
1952
2993
1984
2812
1830
1724
2635
2583
2496
2446
2465
2523
2436
2497
2119
2113
2734
2899
2634
2793
1807
1886
2110
2155
1875
2274
2322
2423
2632
2711
1723
1801
2969
2526
2611
2466
2987
2735
2806
1808
2603
1634
2638
1627
2981
1925
2179
2139
2067
1930
2069
2528
2016
1709
2713
2383
2569
2532
2725
2710
2667
2483
2412
2481
2398
2500
2532
2489
2492
2506
2438
2250
2328
2343
2287
1288
2595
2519
2457
2278
2354
3343
2366
2289
2220
2337
1973
2227
1549
2982
1975
2052
1918
1885
2821
1812
1780
2860
1874
1820
1768
1682
1768
1699
1691
1571
2158
2924
3629
2555
2710
2722
2495
2475
2605
2526
2486
2272
3514
2525
1997
2163
2036
2792
2732
1698
1814
1637
1648
1616
2627
2473
2235
2443
2403
2783
2448
2913
2856
2842
1841
1781
1796
2679
3102
3157
2139
2132
1816
2160
2125
2123
2062
2142
2081
3027
1993
2079
1987
1975
2958
1951
1973
1857
1716
1661
3303
2254
1251
2130
2069
2891
1793
2809
2480
2369
2340
2921
2308
1862
1740
1933
2618
1653
2495
2416
2516
1551
2426
2409
3439
3487
2484
2853
3322
2401
2274
1881
1766
1747
1820
1775
2683
1657
2637
1583
1704
2611
3127
2101
1712
1968
2012
1921
1979
1778
1709
2475
2584
1609
1548
2100
2061
3079
2053
2020
2368
2281
2202
2067
1983
2014
2642
2587
2642
2549
2445
2270
2356
2155
2069
1706
2565
2460
2379
2472
2486
1959
1947
2080
2081
2001
2109
2097
3106
2980
2055
1912
2838
2790
2774
2601
2773
2741
2681
2668
1679
2608
2485
2555
2375
2491
2272
2228
2353
2451
2413
2402
1500
2427
2385
2553
1558
2318
2265
2355
2344
2295
2237
2140
2197
2228
1157
2293
2205
2159
2995
3020
2064
1994
1969
1920
2007
1681
1852
1845
2708
2706
1686
1687
1520
2590
2656
1499
2379
2474
2327
3235
2231
2290
2089
2084
2014
3048
1985
1977
1911
3058
2063
2378
1855
2112
2771
1783
2330
1445
2752
2641
3439
2471
2319
2267
2133
1970
2047
2048
2292
1774
2828
2780
2788
1769
1614
2135
2664
2596
2537
2662
1624
1610
3369
2362
2287
2310
2124
2883
2205
2127
2149
2056
2160
2118
2063
2049
2072
2249
3757
2760
2255
2177
3091
2090
2199
2121
2041
2909
2944
2016
1807
1824
2738
2723
2681
2686
1695
1653
2456
1683
2625
1514
1702
2615
1627
1573
1643
2504
2318
3220
2224
2014
2140
2032
3075
2858
1900
3940
2885
1902
1907
2284
1735
2101
2641
2571
1544
2567
2462
2239
2576
1504
1491
1436
2417
3308
2249
2156
2254
1990
2065
2821
2948
1974
2672
1744
2665
2657
3048
2077
2436
2597
2476
1449
2400
2490
2488
2433
2324
2489
2198
2446
1495
2726
2701
2682
2590
1567
1562
1622
1578
1466
2473
1496
1451
2518
2419
2345
1394
1322
2268
1307
2658
2584
1527
1663
2562
2557
3152
2133
2029
2730
2005
2069
2005
2468
1483
2503
2562
1566
2352
2291
2272
1371
2651
2216
1958
3100
3009
2000
1957
1949
2826
1831
2933
1938
1856
1751
1591
2500
2395
2385
1940
2063
3918
2929
1927
1717
1650
2786
2739
2643
1586
2693
2623
2611
2566
2492
3160
2132
3097
2081
2081
2096
2034
1988
2065
2018
2175
2056
2118
2413
3049
2558
2707
1698
1581
2501
2883
2803
1818
2749
1724
2550
2583
2502
2280
2214
1997
2019
2781
2748
2692
2702
2590
2566
2647
2512
2403
1499
1597
1568
2344
2394
2039
1307
2144
2202
2084
2919
1879
2104
2902
1894
1964
1823
2164
2477
2521
2324
2123
2096
2985
2813
1872
1788
2157
1982
2337
1588
1596
2294
1767
1609
1912
1321
1952
1521
2055
1590
2009
1785
1994
2161
1240
906
1775
2127
1659
1904
920
568
1562
1776
1758
1716
1756
1840
1594
1574
1798
1578
1463
1714
1816
2920
1700
1493
1690
1679
1792
1737
1640
1658
1561
1603
1501
1882
1466
1815
3024
2738
2367
2696
2855
2461
4169
3104
2788
2967
3059
3349
2339
2569
2717
2803
2871
2730
2012
1950
2944
3155
2117
2071
2284
2535
3097
2051
2345
1343
2272
2630
3140
2134
2508
2832
1794
2186
2587
3012
2009
2057
4094
3053
2077
2988
1989
2386
2346
2906
1896
2231
2560
1495
3332
2330
2410
1410
1745
3149
2146
2330
2612
2720
2916
1910
2210
2305
2748
1757
3298
2291
2605
1602
1888
2327
2657
1628
1916
2123
2485
2802
1789
2347
2526
2875
1872
2199
2736
2716
3098
2088
2365
1409
1623
728
3122
2066
2500
2896
3413
2420
2732
2890
3227
2219
2663
2956
1904
2329
2085
2830
3185
2183
2565
2852
1827
2310
2926
1939
2863
1865
2285
2431
2681
2959
1959
2228
2321
2608
2929
3201
2195
2459
2206
3570
2584
2998
1994
2352
1352
1393
3803
2797
2969
3315
2321
2612
3158
2173
2518
3367
3882
2899
3270
3315
2312
3816
3973
3005
2005
3715
2723
1715
3288
3700
2703
1699
3217
2252
2504
3037
3774
3032
2021
2037
2372
2843
3176
2145
2480
2834
1838
2324
2629
2910
1914
2218
2523
1532
3284
2275
3602
2608
2238
2594
1596
2976
3239
3736
3777
2777
3180
1924
3192
2185
2762
3079
3408
3529
2525
2647
3571
2558
2836
3383
2376
2326
2682
3340
2321
2664
3143
2106
2407
3628
4117
3001
2928
2721
3288
3588
2590
2900
1683
2223
2555
3083
2082
2353
2626
2864
1875
3764
2762
1760
3135
3418
2417
2694
2828
1821
3242
2244
2745
3019
3348
2356
1351
1752
2589
3083
3461
2786
1807
1809
2596
2841
3188
2196
2495
2829
2545
2612
2963
1937
3564
3901
2911
1906
2101
3456
2475
2708
3012
3195
2195
2465
2935
3204
2204
2520
2613
3526
3823
2823
2757
2050
2486
2549
2833
3180
2169
2469
2652
3136
2130
2419
2771
2677
1767
3453
2460
2779
4144
3141
4292
3293
3390
2402
2791
1782
2064
2591
2949
1949
2264
3014
2276
3166
2172
2488
2724
1713
3494
3798
2815
1812
2126
2441
2684
2943
1954
2042
2340
2453
2916
1891
3386
2351
3276
3580
3560
2578
3534
2552
2571
2492
2027
2122
2073
2186
3125
2123
2137
2225
2206
3241
2228
2143
2107
2091
3041
2047
1985
2407
2332
1333
3000
2749
2644
1702
1603
2472
2403
2244
2338
1343
2763
2053
2241
1242
2138
2948
1948
949
2821
2774
1774
2570
2351
2437
2393
2348
2336
2422
2414
1895
1949
2822
1817
1643
2690
2684
2765
2712
1715
1668
1606
1569
2341
2612
1600
2576
2562
2580
2583
2416
2372
2204
3039
2048
2016
1770
1857
2552
2498
2288
2384
2356
2328
3414
2433
1431
2363
2303
2379
1383
2202
2189
2863
2572
1849
1773
1737
1676
2747
1739
2647
2749
1765
2720
1752
2833
1812
1728
1690
2565
1625
1674
2584
2384
2579
1508
1540
2484
2541
2546
2552
2484
2428
2501
2151
1395
1354
1155
1187
1942
2743
1723
1721
1606
3042
2911
1928
2602
2594
2326
2774
1758
2925
1928
2328
2190
2219
2130
1983
1928
2726
2646
1656
1594
1505
2145
2348
2237
2214
1265
1945
2445
2466
1541
1946
1815
2560
2937
2733
2709
2566
2412
2229
2044
2030
1896
1768
1611
1586
1420
2251
2636
1636
1302
2851
1948
2846
2073
1632
2454
1473
2029
1993
2442
2402
2352
2291
2335
3207
2217
1241
2252
1733
1694
1654
1612
2650
3041
3432
2447
2497
2421
2622
2178
3670
2613
2149
2277
2150
2584
2116
2031
2021
2331
2799
2899
2854
1860
1815
3276
2785
2743
1756
1693
2569
2409
2374
1369
2305
3098
2074
2530
2199
2587
2077
2936
1940
2033
2643
1867
2751
3579
2586
1589
1551
1619
1596
2369
2303
2343
3238
3650
2648
2254
2629
2135
2611
1620
1699
1673
2460
2526
2488
1483
1449
2376
2412
2250
2246
2151
2311
2277
3253
2254
1777
1605
2417
3364
2398
1404
2472
2422
2223
1224
2184
2249
2235
2964
3829
2800
2810
1782
1755
1642
2599
2656
1689
1734
2710
1750
2350
2683
2658
3403
2423
1382
1405
2040
2513
2584
2514
2021
1826
1775
1879
2475
1473
2521
3436
2454
2408
2310
2373
1370
2261
2327
2265
2208
2168
3162
2198
1885
2078
2035
2085
2570
1556
3033
2064
2029
2021
2424
2007
2916
1953
1739
2542
2598
2528
2504
2940
2861
1863
1998
1880
2706
2633
2751
3120
2118
2414
2364
2680
1949
1410
2319
2435
2372
2345
2241
2247
3242
2260
2233
2098
2246
2594
3114
2642
1599
1616
2311
2444
2432
2791
1797
2897
1869
2394
2378
2797
2414
2325
2233
1457
1942
3030
2901
1919
1861
1794
1749
1702
1602
1719
1653
1643
2673
3424
2396
1376
1403
1499
2409
2364
2716
2363
2146
2352
2660
2693
1700
1599
2717
2396
1655
2483
2284
2382
2746
2231
2252
2056
3116
2095
2036
2014
1978
2847
1848
2248
1742
1798
1692
2592
2722
1696
1583
1493
2325
2631
2122
2044
1939
2008
2535
1800
2755
2766
1768
3645
2645
2145
2229
2166
3071
2086
2632
1641
2104
2449
3043
2027
1988
1970
2554
2534
1551
2349
2352
2311
2270
2269
3308
2307
2228
2019
2276
2344
2348
2149
2101
2216
2183
2181
2147
2106
2946
1955
1792
3366
2324
2310
3210
2224
2162
3123
2112
3177
2176
2107
2643
2585
2547
2610
2517
2427
2043
1317
2112
2156
2511
2559
2436
3240
2244
2259
2141
2069
1936
2065
2494
2303
2285
2314
2571
2645
2532
2461
2358
2583
2636
1593
1590
2793
2581
2397
1406
1823
1944
2604
1586
1522
1419
1741
2406
2265
2225
2068
1905
2574
2498
2331
2181
2010
2716
1709
1510
2114
1861
2484
3094
2097
1808
2388
2314
2573
2361
2142
2213
2446
2298
2212
2082
1519
1334
2093
2274
2092
2352
2307
2538
2369
2197
2026
2287
2117
2156
1994
2230
2007
1955
1836
1599
1430
1969
1777
1881
2759
1749
1240
1570
1660
1445
1650
1370
1853
2116
1622
1874
1767
1418
1428
1437
1430
1928
1704
1741
2062
1840
1898
2551
1547
1506
2171
1862
1727
1505
1941
1916
1804
1701
1946
1649
1709
2109
2854
2254
2579
2580
1581
1411
1274
2140
1958
1713
1588
2608
2535
1536
2447
1445
2570
2519
1520
2254
2383
1376
2400
1401
2398
2414
1942
2075
2292
2205
2142
2486
2010
2090
2055
2910
1928
2029
1947
1916
2775
2735
1731
2525
2505
2667
2611
2637
2483
2480
2380
3257
2764
1841
2449
2075
2186
1953
2746
3059
2033
1860
1937
2082
2207
2235
2339
2256
2410
2483
2538
2811
2727
1737
2591
2978
1989
2101
1970
2945
3173
2177
2302
2231
2257
2574
2732
2882
1640
2025
1934
2330
2467
2650
1654
1643
1921
3034
2000
2135
2437
2609
2699
2929
3087
3708
2678
2578
2539
1495
3262
2208
2143
4442
3409
2402
2500
1511
3805
2541
3147
2143
2411
2693
3206
2185
2546
2891
1902
2022
2775
1786
1805
3259
2895
2603
3058
2065
1828
2106
2601
1601
3594
2598
3146
3405
2445
2715
1676
1884
1828
2735
3061
3354
2313
2458
2972
3368
2414
2642
3020
1995
2347
1330
2418
3985
2982
1984
2489
2587
1539
3233
2204
2718
3076
1994
2311
2681
1738
2067
3232
3210
3586
2660
2998
2056
1900
3560
2553
2855
1767
4353
4720
3739
2735
3025
1962
2323
2587
3085
2096
2350
2545
3759
2820
3207
2186
2411
2827
1805
3559
2523
3176
2435
3331
2344
3095
2099
3493
2531
2630
1639
1858
3956
3958
2967
3262
2264
2351
2324
2781
3618
2591
3197
2688
1785
2382
2588
2179
2737
3338
2853
3089
3789
3064
2093
3312
2728
2077
2145
3425
2925
1925
1863
1823
1775
2890
2951
2438
2573
1571
2540
2369
2374
3260
3272
2272
2296
2450
2466
2323
2808
2546
2554
2357
2653
3375
2375
1942
1821
2944
1944
1980
2093
3074
2066
3989
2896
2568
2706
2920
3182
3351
2329
2401
2390
2771
2931
2702
3000
1985
2014
2339
3907
2862
1592
2459
3324
2326
2532
1536
1867
2908
3125
2102
2389
3185
2188
2453
2785
2890
1886
3246
2243
2272
2524
3072
2084
2263
2558
1560
3301
2304
2484
2687
1684
3014
2237
2528
2842
3807
2788
3482
2494
2812
1838
2408
2723
3045
3563
3805
2804
3133
3458
2459
2527
1535
2068
2416
2651
4246
3250
2259
3198
2186
2948
2796
1576
1866
2641
2587
2697
1697
3110
2088
2666
2661
1658
1428
2585
2483
1528
2281
2384
2306
2163
3026
2051
2121
1974
2728
2669
1665
2620
2732
1725
2588
2519
2193
1507
3027
2038
2467
2370
1358
1308
2184
3059
3481
2481
1485
1732
2818
1834
1788
1827
2721
2703
2634
1647
2610
2339
1393
2321
2202
2636
2149
2131
2868
3074
2306
2237
1759
2701
1708
1649
1640
3064
2066
1826
959
1855
1879
2780
1868
1832
1779
1564
2635
2629
1619
1576
1296
2402
2363
2107
1142
2293
2173
3123
1873
2093
3138
2127
2041
1970
2626
2714
1716
1740
1566
2506
2194
2632
2136
2738
2237
2229
1263
2167
2168
3093
2104
2135
2000
2645
2616
2508
2635
2627
2563
2108
2383
2404
2430
2433
2550
2450
2478
2390
2399
2581
3337
2311
2363
2460
2430
2413
2312
1962
2869
1842
2805
1769
1949
1905
1855
3305
2312
2315
1359
2200
2191
3282
2358
2749
1807
2370
2220
3063
2051
2050
1969
2883
2734
1687
1768
1703
1770
2679
2571
1633
1772
2667
2519
2459
2566
2556
2508
2236
1279
2880
1833
2658
3791
2712
1789
1618
2646
1614
1660
2088
2617
1648
1577
1622
3154
2139
2095
2970
1953
1989
1961
1838
1795
3299
2276
2792
1793
2908
2958
1923
2728
1714
1604
1831
1742
2495
2584
1608
1563
2562
2743
2642
1623
1542
2498
1491
1531
1582
2508
2619
1573
2080
2563
2598
1637
2533
2577
3666
2642
1670
2553
1539
2957
1730
1953
2852
2890
2810
2805
3431
2433
2200
2142
2147
2133
2297
2794
1777
2219
1863
3096
2964
1994
2096
2018
1985
2924
2900
1838
1823
1791
1756
1826
1763
1486
1785
3183
2181
2562
1616
2248
2205
3035
2465
2409
2813
2321
2940
2257
2661
2453
2475
2465
1467
1458
2215
2281
2201
2133
2414
3018
2012
2860
1860
1810
2404
1663
1644
3152
2662
1668
1594
1546
1629
1592
1571
1555
1452
2528
2465
2896
3029
3001
2000
2857
1784
3028
3000
1992
2862
1878
1974
1895
2708
1726
1864
2574
1751
2197
2159
2113
2074
2130
2124
2036
2590
1593
1527
1512
2905
2858
1888
1861
2997
2003
1783
2485
2581
2571
2514
2456
1457
2507
2514
2514
2884
3012
2691
1925
1790
2455
3810
2821
2331
1781
2198
1614
1645
1923
2497
2032
2542
2642
2561
2423
2379
2944
2776
2721
2710
1695
2779
2752
1725
2011
3124
2088
3023
1665
2958
2002
3398
3790
2732
1749
2248
2261
3368
2355
3109
3064
2025
2157
3032
2036
1980
2077
2051
2009
1977
1762
1766
2714
2666
1674
1608
2974
1975
2320
2472
2922
2920
1918
1884
2886
1887
1897
2258
2377
2322
1320
1616
1601
1698
2489
1472
2460
2532
2494
3128
3093
2071
2104
2087
2177
3095
2108
2040
1947
2977
1755
1952
2216
2190
2150
3601
2613
3048
2013
1895
1843
1813
2040
2532
1534
2403
2481
2433
2416
2357
2295
2432
1437
1200
1133
2212
2150
1144
2081
2214
2178
1906
1145
2626
2712
1670
2614
3308
2269
1310
2149
2050
1965
1811
1685
2405
1358
2392
2967
2002
1496
2348
3116
2097
2368
2293
2091
2933
2788
1799
1657
1563
2440
1600
2870
1835
1891
1688
2367
1445
2335
1332
1154
3236
2194
2347
2060
2783
1735
1593
1407
2052
1819
2549
3245
2293
2464
1845
1652
1586
1463
2887
1866
2219
2260
2899
2233
2431
2670
2447
2132
2447
2334
2082
2374
1967
1654
1667
1666
1694
1956
1634
1713
1486
2097
1725
1609
1525
1749
1676
1834
1552
1755
1317
1029
1549
1742
1876
1791
1400
1654
1927
1850
1407
1734
1394
2182
1787
1636
1303
1329
1698
1252
1544
1517
1870
2495
1507
1436
1785
1802
879
2727
1833
1245
1474
1347
2002
1578
1587
1365
1534
1839
1662
2435
2081
2849
1877
2757
1809
1663
1593
2514
2455
2559
2487
2426
1447
2360
2575
2789
1766
2057
1995
2104
