335
399
772
385
598
304
270
287
331
493
427
373
402
822
306
301
252
289
312
278
513
231
548
354
301
446
239
293
296
265
711
365
443
406
226
351
429
707
266
306
323
321
263
183
672
694
942
273
644
323
1428
448
303
225
326
226
375
487
475
306
261
233
351
663
292
392
453
687
347
814
226
710
1004
603
1075
582
705
265
226
399
243
420
269
342
298
351
294
308
389
394
386
791
886
324
610
319
330
253
319
260
290
233
290
291
738
946
1086
657
248
456
585
370
700
388
471
377
268
398
807
344
556
334
325
381
247
372
387
676
944
513
429
337
487
658
349
624
381
406
353
376
518
692
338
420
342
646
892
302
617
610
437
561
682
331
1088
600
446
690
289
850
560
548
337
339
270
327
387
409
453
407
260
654
743
621
394
687
396
255
720
485
542
209
381
1302
610
243
391
232
546
556
388
422
300
374
232
300
326
408
570
433
297
277
323
292
349
273
621
299
542
582
465
393
260
659
492
338
304
407
488
438
1055
477
1441
481
272
250
808
227
341
302
346
289
1321
588
272
285
320
414
342
704
475
1190
499
804
404
293
701
365
229
175
413
509
532
372
503
672
286
313
296
116
278
437
547
749
795
610
711
404
324
229
335
225
377
481
383
507
308
306
1047
214
253
645
326
437
725
1302
1002
411
435
224
276
605
250
407
718
236
217
791
221
1421
610
704
323
277
363
436
297
468
470
400
343
979
212
239
386
280
376
329
408
392
769
718
357
326
466
618
342
659
296
327
667
307
208
291
822
938
971
1200
1045
706
817
548
289
797
260
213
401
695
578
442
860
348
796
257
305
439
640
293
280
269
318
315
435
366
371
303
364
263
256
465
312
250
474
381
395
360
641
368
333
261
636
660
417
324
554
693
322
334
247
127
266
667
625
656
465
243
353
291
374
311
543
824
395
284
444
382
537
240
335
207
99
256
519
570
411
345
235
443
255
312
254
221
121
205
202
181
218
174
1248
2333
1338
777
410
242
421
651
537
478
447
480
396
444
243
226
344
319
328
490
529
390
372
288
417
507
739
369
218
357
266
346
323
349
401
760
273
460
845
293
685
449
248
363
272
398
299
100
259
188
275
598
283
449
545
787
467
320
339
660
444
305
747
222
386
641
247
273
116
251
887
478
439
636
426
1309
611
324
331
325
304
319
789
532
489
277
240
311
606
308
670
114
370
625
513
218
839
398
776
383
514
479
1143
490
258
791
271
513
248
376
344
284
392
578
771
639
361
791
391
310
292
286
312
559
584
354
1405
604
254
266
611
735
335
291
330
205
409
494
415
338
459
251
867
900
516
599
220
474
297
282
554
326
689
309
594
232
315
445
717
277
529
326
242
711
660
336
529
404
262
318
334
275
186
309
351
467
559
97
219
251
480
690
385
374
685
240
777
246
456
412
398
245
379
284
239
246
490
456
143
200
237
326
697
609
274
214
167
209
293
270
390
544
682
263
218
286
213
196
288
148
223
668
495
279
344
261
312
290
158
451
719
431
326
670
434
758
283
796
519
255
422
672
454
388
553
455
218
390
243
287
1252
897
315
658
464
1174
621
1189
814
219
508
888
630
772
615
369
382
815
582
586
227
360
407
744
794
539
460
890
335
301
410
663
506
280
298
337
510
490
281
583
289
319
366
331
504
314
272
492
132
525
466
457
606
841
485
473
370
231
273
249
558
437
291
337
502
1404
646
355
495
379
349
632
323
292
375
291
487
567
301
609
317
670
434
776
633
505
372
423
565
1005
572
729
381
544
472
934
229
614
347
580
311
379
346
1515
985
315
728
251
526
994
661
239
380
379
690
301
671
534
382
210
264
321
312
349
484
343
845
419
370
290
286
346
240
321
145
128
455
672
418
978
275
633
322
438
272
366
237
219
265
308
211
207
220
257
439
509
347
234
322
242
255
243
238
225
143
329
271
267
248
282
318
688
302
478
488
331
342
232
195
241
716
467
423
169
347
387
382
143
211
754
421
348
610
583
345
1194
822
265
953
659
441
862
255
453
856
242
826
279
611
421
209
436
260
308
414
355
378
723
352
403
223
358
500
352
390
215
120
233
153
118
316
294
204
297
325
253
183
338
419
296
243
483
310
678
645
231
639
220
372
255
284
402
1072
461
254
635
233
296
248
303
337
339
906
816
483
372
599
322
325
307
270
99
251
346
590
626
315
230
610
560
313
398
376
247
415
347
352
439
593
297
602
204
390
281
146
262
567
850
310
551
225
320
286
952
299
638
656
309
564
492
239
564
347
342
276
340
193
749
1042
972
966
1681
1054
1415
1767
923
924
278
565
782
458
333
532
513
738
249
380
282
250
356
323
442
369
661
441
365
354
424
426
401
477
364
229
682
591
658
485
318
306
281
868
405
851
269
602
451
428
499
299
475
402
357
333
675
338
470
284
729
394
752
214
702
1045
715
627
373
277
1137
327
732
453
915
298
337
750
307
240
666
329
336
290
290
320
333
692
302
432
287
449
269
452
259
239
232
342
332
330
620
335
273
250
196
308
349
144
310
263
235
295
313
283
430
729
528
581
547
450
463
233
365
1128
582
726
570
1448
670
789
246
522
753
444
377
868
324
564
500
702
240
699
1379
1305
571
303
403
773
255
296
403
326
379
274
328
301
311
743
265
366
703
247
356
550
864
470
411
384
1206
481
224
347
316
350
379
304
248
362
504
342
420
426
258
364
623
450
323
390
203
328
336
284
606
589
613
268
459
377
682
943
1521
826
381
545
380
739
563
624
655
223
510
582
504
812
323
320
379
420
386
407
711
379
513
409
313
335
291
695
216
548
213
353
490
341
315
264
397
1006
493
365
276
484
674
668
368
273
658
248
135
294
306
216
260
770
401
245
325
598
213
224
316
447
335
386
181
382
523
415
255
874
295
873
232
961
291
300
268
946
260
246
361
579
583
222
443
632
681
214
260
282
413
256
515
369
374
333
601
313
486
461
113
268
573
788
469
345
456
490
303
600
556
893
237
262
507
240
358
247
217
352
259
370
324
122
219
691
691
310
1684
696
388
392
316
292
735
696
638
496
640
325
523
510
318
277
220
335
736
600
280
554
353
912
288
863
660
1084
442
567
345
1253
462
288
225
409
241
257
299
392
382
268
340
294
374
617
291
268
292
436
482
687
318
623
560
582
391
592
228
295
825
408
235
335
340
345
452
709
267
347
363
340
544
840
290
789
553
720
325
912
297
541
272
584
225
297
698
270
305
240
299
283
329
341
331
1347
1004
304
319
251
333
227
154
357
437
1058
250
1261
393
283
252
287
243
1429
600
290
616
265
564
484
244
481
346
447
578
339
247
331
481
648
341
280
207
211
278
265
606
468
414
283
336
529
542
393
785
689
518
315
346
528
252
296
282
306
355
276
282
442
371
404
652
355
241
320
584
364
287
154
380
118
460
289
406
344
549
334
377
479
323
235
551
541
821
374
1196
416
721
244
313
169
203
335
349
336
380
450
739
333
431
708
750
700
322
1063
1044
266
550
520
323
538
205
230
319
271
423
388
428
989
518
240
257
282
279
299
289
249
230
257
278
311
416
332
579
733
503
467
265
262
261
208
184
217
168
278
265
341
391
229
341
398
908
747
263
423
310
144
161
163
655
295
576
394
622
347
1166
601
330
301
283
267
372
311
303
270
126
307
230
213
201
273
886
693
556
613
260
853
414
1320
853
339
326
366
269
349
251
347
279
133
321
344
505
270
289
1615
1128
377
1078
427
468
398
423
422
318
283
309
275
278
326
229
361
690
339
215
398
801
677
465
489
315
553
275
309
220
247
240
304
216
329
275
93
247
225
367
373
310
303
299
613
855
299
306
259
294
464
493
975
243
257
477
405
330
221
512
472
291
338
396
436
246
311
1495
1762
810
458
283
626
936
442
1318
747
290
635
443
1217
681
397
392
290
386
666
312
449
724
511
237
250
313
260
295
272
365
467
382
1262
569
556
256
354
319
344
251
309
315
343
320
349
231
325
329
301
767
647
318
530
349
296
216
223
435
896
402
419
526
276
284
246
377
350
274
275
327
722
380
282
350
221
295
275
191
306
580
721
1037
732
816
938
507
458
264
375
268
456
466
243
560
595
454
374
306
672
312
384
330
324
194
366
369
609
617
393
1322
350
1096
600
441
451
396
615
258
251
193
273
195
398
370
760
443
280
425
640
273
558
247
247
232
299
299
515
216
376
266
780
376
1246
1012
516
993
276
796
266
372
266
341
414
470
538
508
615
420
243
352
314
369
340
177
363
311
331
470
393
468
568
271
473
450
236
931
304
260
376
233
459
287
337
369
156
370
225
204
218
561
322
313
296
403
343
249
179
270
354
261
278
188
176
264
198
308
220
184
234
344
414
310
529
670
687
296
386
556
797
231
677
239
1132
684
643
383
234
234
875
414
407
364
319
235
223
259
244
419
413
394
307
243
179
230
227
350
941
627
429
682
558
333
591
405
699
421
495
533
360
317
1189
303
309
307
306
322
354
332
293
623
428
302
310
253
272
169
260
244
236
240
686
653
810
645
546
761
280
244
362
330
227
326
252
530
371
543
318
356
354
311
411
295
166
214
241
268
304
273
275
306
323
328
169
243
156
187
113
289
166
236
186
292
558
255
423
281
310
321
346
362
331
444
305
297
200
141
291
722
582
291
694
300
326
306
289
178
225
188
246
209
388
128
198
292
323
421
410
379
227
270
272
379
392
314
342
298
261
227
230
842
442
338
1251
856
405
689
322
711
344
552
525
373
444
267
267
275
265
343
259
170
299
274
220
182
262
159
208
191
240
214
318
215
689
320
225
216
304
339
390
307
337
275
332
283
331
406
258
490
295
495
221
406
250
564
484
383
340
330
500
358
247
820
287
274
337
321
218
222
244
258
266
282
303
258
140
191
197
194
217
204
193
282
350
355
350
617
368
780
352
713
307
513
321
387
362
127
318
334
372
273
563
413
311
305
345
259
308
316
425
319
318
317
300
305
357
287
100
282
211
281
285
360
274
243
275
254
320
453
378
363
268
266
239
205
908
288
334
138
363
337
252
310
722
609
451
246
305
467
579
495
596
351
478
606
502
361
576
245
879
408
245
353
241
669
246
505
232
1516
624
974
384
701
495
320
256
274
311
839
294
332
293
349
454
274
317
437
337
352
530
337
615
302
344
268
331
373
527
379
284
311
302
393
168
265
572
435
345
368
272
308
292
356
511
500
400
410
277
370
241
264
293
303
240
204
669
651
258
435
372
820
285
385
469
220
342
276
373
362
384
339
306
244
589
411
439
390
186
355
903
446
547
510
352
323
353
326
351
344
421
274
284
394
300
258
308
347
433
146
292
565
412
551
594
319
305
403
300
360
294
480
434
488
337
313
272
296
206
430
427
384
174
283
304
548
366
225
342
230
576
242
368
339
338
285
193
228
180
339
663
288
287
609
548
231
1269
416
282
709
327
803
1121
219
555
227
228
247
238
366
332
248
574
229
138
1297
601
589
1429
664
682
604
232
253
337
788
540
293
720
303
309
1154
263
870
357
617
275
382
500
353
671
313
1104
509
226
240
302
245
314
346
384
373
459
363
323
302
585
231
283
307
324
454
514
272
237
257
480
305
424
312
379
498
467
502
285
348
517
334
263
252
185
532
422
285
327
303
202
135
360
1171
1066
344
352
293
319
344
335
879
339
283
194
272
448
266
280
337
237
453
442
547
339
284
228
301
243
188
164
307
313
245
223
260
433
198
210
206
361
284
378
362
382
238
338
287
307
460
666
261
348
455
514
253
759
444
121
295
282
395
309
370
399
242
213
179
293
277
260
298
102
264
326
176
411
197
246
96
229
260
233
237
232
295
237
191
242
400
347
352
209
215
258
319
276
489
189
298
502
175
697
259
194
218
312
265
312
272
294
270
304
202
279
188
296
861
268
669
334
974
233
257
275
283
435
231
332
306
341
261
155
255
239
111
230
329
444
284
483
355
321
359
387
249
131
298
576
300
299
368
323
373
318
360
378
360
428
356
376
338
350
391
336
260
356
124
220
334
295
340
367
352
276
348
172
277
199
190
309
265
240
300
343
294
301
321
201
299
310
233
283
164
228
237
373
191
313
196
223
204
254
274
185
186
443
261
297
100
229
231
230
199
242
331
302
611
477
396
322
323
354
409
213
250
259
296
345
289
191
176
249
320
197
294
246
260
369
280
302
231
261
361
352
300
338
289
190
389
290
293
317
151
251
233
237
175
274
224
224
218
190
232
219
182
499
268
208
179
380
346
329
404
195
261
270
296
261
259
306
259
283
261
273
215
216
259
238
209
240
299
281
195
203
142
279
241
208
279
275
271
294
266
259
265
246
182
186
260
283
292
312
268
243
314
135
282
249
186
205
196
172
237
324
318
341
236
299
228
238
216
207
235
220
165
206
296
223
130
411
310
218
148
251
264
772
301
260
382
383
437
385
364
295
618
527
544
412
315
347
272
217
243
187
204
242
310
187
161
207
324
280
326
236
503
414
317
407
357
298
174
261
328
367
252
283
263
378
305
377
341
332
235
337
280
236
257
241
284
269
282
252
329
275
339
278
320
307
287
337
188
224
318
291
232
307
322
281
250
284
310
257
232
290
192
204
247
187
221
218
169
209
296
310
349
195
757
367
253
367
321
260
312
299
592
376
390
278
205
171
149
189
236
226
305
327
507
383
286
1213
547
252
322
293
380
297
218
205
168
214
486
288
510
498
406
491
370
582
257
806
364
353
360
507
388
474
447
296
334
282
209
513
348
181
433
591
437
377
332
717
411
297
342
363
371
440
297
425
357
432
142
205
288
383
489
576
588
410
358
285
376
332
382
316
286
400
758
425
278
628
380
228
214
257
180
523
337
449
692
308
329
304
686
300
718
316
355
429
313
274
340
239
254
1121
1127
1040
304
1374
701
392
781
291
298
546
226
280
315
400
218
382
746
267
241
381
301
158
224
182
228
310
282
258
235
251
238
281
265
309
334
277
284
424
397
502
422
368
288
225
495
354
282
225
290
229
257
240
135
206
269
261
317
276
373
174
92
183
321
226
224
210
213
158
210
193
235
211
257
253
151
264
247
299
269
294
268
249
213
124
189
213
155
293
317
220
246
258
256
264
191
286
503
247
217
184
238
216
294
250
130
211
165
145
244
465
278
464
472
362
337
430
306
269
254
177
234
271
327
247
237
146
205
329
124
230
199
260
245
255
295
171
326
297
509
369
667
246
316
218
358
404
309
289
256
245
215
138
208
219
272
291
319
333
261
242
278
286
251
462
351
746
585
407
680
254
438
264
198
200
193
241
166
261
280
346
363
275
269
870
778
914
534
429
576
305
431
346
368
218
302
326
285
324
255
589
292
326
244
256
232
106
236
190
214
340
283
374
257
326
181
208
131
213
302
241
215
278
305
301
691
377
305
368
247
241
242
251
262
211
201
239
322
149
247
242
283
249
303
370
162
516
428
323
344
377
177
204
263
240
291
270
259
241
135
193
317
358
305
232
259
155
138
230
185
300
175
170
244
256
257
289
264
295
381
157
182
230
179
269
228
282
260
201
293
287
275
298
258
234
212
287
293
481
485
462
305
435
504
162
335
265
271
306
305
149
342
367
361
330
388
288
357
280
360
326
433
290
249
93
452
361
575
316
350
336
556
740
406
322
382
244
415
1159
779
332
565
370
576
843
308
1063
285
362
2125
857
299
316
254
373
238
278
315
422
297
299
729
601
220
314
303
315
346
129
195
328
372
430
208
321
404
436
305
304
293
307
326
303
273
399
197
319
201
262
147
216
303
252
316
219
437
299
520
692
318
371
483
228
262
191
277
220
191
232
561
450
396
425
210
425
374
313
156
239
294
246
356
257
323
228
285
482
862
307
420
302
151
188
169
258
236
247
271
271
302
223
261
330
351
260
277
327
293
351
329
345
223
275
277
196
198
183
306
326
370
406
312
300
201
326
526
309
457
457
519
268
616
295
947
336
2066
1343
345
289
973
231
406
424
402
498
308
429
534
339
298
751
335
375
382
310
348
707
310
479
289
271
222
269
640
485
232
300
409
523
178
272
213
346
297
305
239
361
247
182
118
199
309
322
215
304
685
591
229
188
261
186
265
247
485
316
297
255
268
229
263
153
222
473
228
515
275
344
203
242
228
343
517
284
329
496
287
760
400
472
360
369
167
232
271
262
264
971
457
405
255
330
346
193
237
306
293
249
217
315
712
611
421
263
283
303
358
301
180
481
845
332
550
538
713
692
450
308
369
2282
1284
438
1391
657
266
996
448
526
466
651
279
265
424
959
175
577
288
935
258
293
361
275
332
364
276
222
284
119
256
340
340
347
394
297
252
545
371
444
340
339
166
311
365
177
256
287
261
341
180
205
237
244
271
171
657
396
440
271
307
334
275
240
325
178
209
293
343
316
345
342
335
238
252
297
345
349
355
676
388
683
673
477
399
363
442
365
252
284
237
238
363
317
194
206
702
408
360
1014
360
341
348
275
331
359
313
194
326
328
255
223
243
374
312
177
260
255
258
390
422
439
520
500
304
600
351
382
350
214
233
279
314
207
251
261
237
281
179
391
343
491
796
443
701
578
287
393
374
324
684
762
407
385
306
365
464
264
231
118
232
265
232
391
371
343
296
251
231
160
269
259
218
224
204
212
274
177
251
177
189
212
337
229
284
328
1065
536
299
380
375
896
348
545
257
421
309
315
260
307
203
140
202
576
405
290
290
360
376
394
234
499
650
363
768
425
367
474
348
371
296
276
343
230
154
269
380
558
572
584
543
455
325
312
359
415
173
275
204
317
337
281
288
169
349
149
324
447
283
238
224
247
186
283
241
225
262
263
236
963
438
278
1224
435
342
433
205
266
200
256
224
268
253
372
647
291
313
301
295
306
303
270
278
350
326
411
348
204
263
134
210
545
479
711
686
508
494
689
377
306
259
296
312
244
363
405
318
338
212
199
143
270
325
388
362
290
424
379
368
274
350
292
130
154
236
206
266
206
269
158
167
275
264
189
241
201
199
213
260
278
223
236
248
383
256
210
307
240
296
277
266
300
206
310
150
153
267
316
237
296
294
245
284
272
227
350
244
262
276
253
549
367
335
175
296
133
212
360
333
275
273
242
339
144
384
315
183
246
582
637
1353
604
243
307
393
229
381
370
123
233
207
303
280
214
179
254
244
190
236
149
245
279
222
186
259
324
283
155
190
212
253
322
297
301
307
308
350
355
258
252
284
242
239
279
241
484
709
1082
998
829
569
1198
449
235
367
300
290
378
438
417
287
322
353
414
278
383
604
353
559
554
297
348
241
312
350
232
296
711
626
265
693
561
336
494
356
332
448
246
318
263
206
304
122
240
293
268
212
267
127
244
366
230
326
307
464
234
211
204
183
404
267
260
163
353
819
92
234
199
153
227
394
506
600
479
512
637
323
337
320
341
359
390
196
220
247
805
86
238
234
527
550
303
629
540
503
404
310
296
280
680
485
687
238
624
326
538
279
362
249
276
202
128
174
213
199
175
257
420
201
650
624
234
642
484
317
389
417
300
87
175
343
602
649
668
835
344
255
390
227
278
310
178
217
214
163
313
225
254
208
178
186
122
250
230
265
586
508
354
456
383
380
282
217
231
227
257
240
265
294
294
340
200
118
190
249
301
240
270
370
252
574
211
548
321
388
233
268
263
268
381
175
274
284
208
208
228
326
221
238
567
232
912
324
235
304
249
191
208
260
186
119
221
158
202
175
216
114
197
339
156
663
480
220
174
238
212
220
201
323
179
113
199
173
259
532
568
257
182
216
251
189
260
342
254
217
218
220
299
280
278
249
479
340
236
259
296
246
279
167
205
293
196
222
242
274
315
340
206
196
282
294
314
277
296
264
235
288
296
254
304
254
146
219
264
190
189
231
180
233
316
289
344
300
316
328
369
216
305
373
840
551
681
409
328
270
192
222
271
367
265
274
202
358
222
90
198
244
242
701
488
1087
556
1028
342
340
306
370
339
233
207
324
543
544
735
734
695
323
387
332
325
340
251
357
692
131
272
852
561
267
430
364
589
647
296
668
622
702
473
234
477
261
269
285
454
599
376
270
376
270
191
252
170
191
270
206
835
917
492
485
293
302
614
351
219
230
663
758
283
398
301
231
557
247
415
481
286
677
499
583
453
368
219
501
217
757
381
592
281
421
131
211
175
152
315
785
529
908
681
341
210
392
336
339
223
215
473
448
467
804
499
533
404
100
217
294
367
456
445
490
313
376
287
170
152
308
265
263
315
263
324
208
329
128
85
254
331
415
726
688
375
366
366
310
374
339
972
487
403
340
264
364
287
419
509
174
145
211
322
360
207
246
189
889
328
337
231
348
692
576
476
252
334
345
1433
739
321
747
399
421
248
686
213
311
791
339
486
637
360
303
265
275
456
317
259
232
172
296
359
115
190
702
468
371
746
226
436
290
307
412
273
645
676
725
482
507
479
279
336
346
249
350
292
392
277
431
320
327
335
275
247
269
804
604
905
1240
813
652
761
1180
1522
1113
1234
333
235
624
191
86
631
406
1687
872
409
888
296
1081
569
404
968
242
338
511
388
287
242
362
295
331
459
349
327
355
433
283
299
274
329
301
256
344
267
425
221
266
204
326
338
342
177
163
247
514
708
238
330
227
376
267
348
292
320
788
576
625
626
549
226
521
465
437
596
293
334
421
328
380
436
396
279
311
179
281
260
261
219
272
398
679
770
768
632
696
776
650
446
326
397
327
343
356
338
261
177
760
712
479
833
745
479
254
222
248
259
240
220
250
246
286
287
275
959
550
597
522
321
303
501
317
275
520
573
116
292
229
260
274
236
238
267
239
222
186
220
205
228
201
225
223
213
226
228
299
126
195
326
696
367
430
343
352
269
322
240
317
263
229
229
323
232
271
203
256
299
343
770
183
344
266
239
312
246
249
344
212
255
147
272
190
361
775
797
306
698
251
367
377
102
258
226
311
203
244
257
319
363
343
287
240
161
295
165
193
182
251
293
251
326
185
255
177
268
148
203
157
185
196
174
192
228
224
237
262
223
273
258
285
202
216
87
234
208
309
212
489
283
274
343
247
254
319
252
208
243
194
516
820
438
719
472
519
337
214
786
270
425
624
268
693
358
800
272
255
262
662
230
265
364
274
295
360
320
251
427
252
191
259
125
427
394
704
331
772
446
401
318
377
334
318
381
191
286
290
247
148
206
244
303
290
336
290
301
261
211
278
311
314
329
262
180
244
193
181
228
346
276
828
183
280
533
686
546
494
534
588
648
563
271
340
284
399
283
308
343
276
312
667
488
156
211
224
889
510
307
259
393
467
469
437
565
256
173
880
1164
1405
1335
842
644
307
264
352
273
519
487
374
265
219
184
282
607
525
678
352
449
230
241
465
862
508
255
598
291
90
215
254
408
401
1366
1174
359
289
652
288
867
240
975
282
379
227
517
243
240
241
90
229
213
206
150
672
385
322
320
305
1063
272
550
357
267
320
163
240
1046
529
362
1040
391
464
520
572
493
748
891
380
660
211
338
311
314
311
354
652
426
213
608
647
887
510
254
393
570
642
198
296
599
221
213
216
267
196
301
257
1588
717
955
475
960
347
253
241
309
1045
536
229
402
219
331
329
352
303
768
688
797
630
622
322
252
282
303
251
225
372
628
392
332
267
405
664
829
642
221
368
376
374
294
250
441
164
788
670
477
266
160
554
388
334
303
333
323
399
337
354
269
219
327
370
359
566
542
393
1132
324
815
466
259
1024
260
307
265
367
243
231
168
356
141
246
568
675
240
362
241
410
440
589
222
236
464
245
662
507
347
381
637
927
1263
532
1704
1060
294
376
381
537
1062
421
537
214
237
221
219
246
270
358
292
203
1002
660
217
431
939
645
282
333
242
344
815
365
842
595
488
246
292
355
185
200
182
214
222
149
202
157
145
148
247
221
186
584
613
672
397
232
215
232
193
278
268
281
489
729
308
342
305
318
244
181
284
388
786
349
485
434
270
100
264
773
502
671
294
273
304
635
363
707
288
523
1877
873
366
515
1080
486
278
260
347
556
1100
827
233
271
308
586
224
302
547
347
224
275
619
266
249
812
383
525
606
593
514
239
283
496
329
406
623
321
878
369
1001
222
294
247
334
254
303
286
333
270
361
246
96
198
131
227
491
882
382
659
309
1379
620
367
284
852
263
783
328
1148
290
283
296
237
318
276
313
271
246
189
248
256
327
549
299
312
400
306
264
331
444
297
382
498
461
476
226
270
288
304
168
289
139
334
323
189
516
335
614
421
270
314
261
477
699
570
248
207
225
211
191
815
674
488
255
301
187
198
296
339
176
175
173
189
223
208
202
233
136
211
232
194
286
695
785
732
555
515
197
323
246
365
282
298
1174
680
364
539
647
692
336
359
322
616
662
486
1075
236
627
217
317
286
300
432
333
437
336
431
357
616
305
322
325
305
86
223
705
569
871
366
411
541
255
367
296
309
314
298
397
339
316
283
462
223
226
378
658
204
370
256
468
282
295
121
255
288
290
190
281
264
257
287
228
242
111
186
281
659
591
237
401
514
220
600
266
211
191
213
448
777
607
851
356
885
306
459
251
223
347
297
245
234
210
195
201
724
467
624
302
234
712
233
981
831
419
1432
927
421
218
309
256
328
353
220
243
239
150
155
164
179
581
526
1187
642
462
548
430
472
282
220
295
272
558
581
444
578
364
272
350
491
330
355
493
885
318
359
437
301
489
318
231
211
188
198
127
251
156
210
189
208
526
388
330
459
384
340
291
328
384
327
246
399
209
157
281
296
213
254
270
722
465
505
735
475
330
210
340
323
329
265
224
232
480
588
122
202
234
271
238
280
237
244
351
218
261
725
918
461
571
1050
1390
652
526
590
424
278
477
315
347
273
308
701
771
357
1221
565
1328
448
281
238
1434
626
812
258
361
254
350
316
197
871
226
310
258
326
303
195
163
264
211
317
527
706
686
314
1041
914
578
476
369
221
333
311
285
242
813
270
568
221
595
290
1173
378
1194
314
719
266
316
251
244
280
248
302
323
301
382
379
308
195
226
232
392
204
174
224
182
252
382
394
328
343
260
372
286
132
336
265
276
425
395
385
282
117
137
173
1136
503
239
1411
2039
1040
265
1483
1150
340
313
326
321
397
243
363
357
276
219
190
385
365
109
251
237
648
316
342
493
465
298
136
623
372
312
208
259
236
554
237
298
367
298
532
359
318
292
439
419
266
318
246
130
309
303
953
836
735
635
907
461
437
701
265
253
420
276
360
282
286
330
336
271
389
1343
688
1091
999
944
323
613
286
269
249
430
331
386
392
642
228
420
667
338
340
327
312
221
307
332
238
913
773
392
447
253
317
505
455
401
391
661
421
813
462
262
325
581
320
696
241
239
250
314
289
253
269
316
273
324
643
405
323
858
345
879
461
763
450
722
628
553
458
611
531
768
1460
568
481
575
525
568
487
1590
1132
239
372
475
648
275
345
240
430
345
284
213
133
303
245
353
211
250
259
226
201
345
290
313
249
334
307
320
258
265
236
241
218
184
248
196
179
192
328
218
281
355
250
934
655
271
395
693
430
355
480
258
264
331
249
232
662
357
918
576
668
279
816
495
540
464
666
385
521
349
268
307
259
210
383
401
349
483
406
373
276
388
376
391
338
386
156
248
242
303
230
192
224
295
137
248
206
156
364
268
334
216
160
395
200
667
662
418
361
303
348
922
968
487
506
279
673
642
494
436
385
223
253
317
280
211
285
248
232
144
314
220
232
155
318
274
165
192
128
246
174
260
182
239
157
248
192
251
237
243
293
254
141
273
182
360
236
174
191
144
240
141
288
201
187
236
276
237
223
290
222
150
199
1117
966
917
393
317
318
261
242
370
310
228
252
213
229
221
207
234
243
200
260
224
252
231
649
605
607
363
629
676
267
140
250
216
170
288
223
208
238
236
199
243
218
317
251
285
271
179
282
212
246
230
127
207
205
248
269
199
226
294
283
228
629
350
797
543
475
854
272
345
335
328
400
119
198
313
262
282
240
221
282
261
301
266
273
314
306
272
367
417
340
381
388
394
226
190
230
249
207
292
325
348
366
338
309
341
353
672
1104
740
371
578
312
316
283
221
189
120
251
462
595
408
480
432
535
449
404
281
337
349
219
212
233
301
201
224
245
141
268
212
597
595
506
296
238
251
944
342
291
129
190
755
241
304
329
374
285
367
286
85
219
184
240
207
281
277
291
371
306
202
274
248
209
257
354
566
694
649
475
373
387
366
152
145
240
210
246
244
245
291
283
195
230
206
294
352
314
259
226
233
317
183
192
133
198
203
511
203
279
251
226
467
319
307
186
292
246
320
244
250
599
261
285
284
1187
570
755
702
523
304
224
350
283
329
288
334
314
254
293
513
605
582
363
433
475
82
184
216
289
304
326
179
274
267
185
239
266
292
254
255
308
304
315
288
396
397
370
335
206
201
314
366
254
289
287
286
332
282
293
368
309
312
250
189
264
317
280
291
272
193
209
218
274
212
272
181
134
723
287
497
317
848
618
219
767
284
349
808
321
224
137
344
377
412
594
697
259
472
306
469
399
415
287
266
236
205
222
275
213
282
184
323
204
164
190
260
199
270
237
285
195
245
266
223
244
264
327
214
173
568
456
730
332
467
113
227
285
294
269
238
302
173
252
296
284
206
226
303
251
312
354
774
496
310
332
612
519
260
398
167
202
316
187
298
245
936
404
472
297
392
307
564
711
666
697
858
386
461
248
555
377
309
274
185
169
327
306
436
319
259
541
419
430
340
661
862
238
323
289
167
188
604
692
591
768
654
783
639
310
274
668
595
293
257
393
275
400
273
360
292
147
343
714
534
360
251
213
244
409
288
445
473
903
511
455
490
570
565
385
376
262
127
215
293
216
570
551
317
306
407
491
428
335
324
975
293
555
251
412
270
303
399
335
322
195
230
271
246
218
123
218
227
497
539
251
630
321
323
630
620
396
699
325
420
630
233
383
689
588
776
362
445
556
1252
948
296
689
314
820
286
318
332
500
434
378
263
140
317
242
386
368
576
408
194
251
296
286
291
222
228
240
266
199
239
176
241
294
221
194
174
234
269
225
144
206
409
599
662
660
361
427
238
238
187
176
222
339
1016
746
593
631
579
375
501
302
350
299
326
372
372
331
344
609
570
273
497
562
363
362
267
335
125
272
336
233
262
450
584
719
447
1030
307
502
815
845
254
680
451
501
245
333
256
637
364
349
441
241
573
280
458
267
508
302
309
189
266
311
329
270
300
304
275
254
189
261
172
259
326
448
298
229
287
328
351
220
216
256
311
230
288
263
313
201
209
352
183
185
216
287
279
279
212
318
189
289
313
295
262
261
273
320
316
331
285
315
184
279
173
198
271
275
167
241
218
183
170
236
302
261
254
254
292
362
317
308
217
327
285
274
265
221
209
217
352
292
232
253
261
306
264
244
304
276
288
282
371
310
151
171
243
446
129
208
409
340
271
201
340
154
174
202
623
388
689
402
263
281
227
683
249
640
248
120
192
222
175
677
588
392
331
359
437
353
382
808
1505
579
653
214
331
630
440
506
257
842
365
359
461
374
284
576
284
313
390
410
471
296
264
190
294
339
268
166
221
264
265
128
224
250
277
659
526
300
696
320
768
500
783
1015
540
984
1141
967
1092
878
813
692
326
1309
677
626
241
769
293
605
646
368
871
876
258
611
248
370
450
664
216
637
239
370
245
216
230
228
295
211
326
224
250
156
269
351
316
361
504
411
421
505
464
386
493
528
256
168
183
219
274
312
348
277
300
183
169
301
312
981
290
646
494
322
290
361
161
85
178
227
235
219
214
212
232
277
363
641
297
293
192
178
208
213
540
771
667
571
253
456
841
763
576
606
503
767
504
336
241
332
234
376
845
301
457
563
383
628
255
1153
373
512
616
755
956
363
315
325
336
240
263
335
277
709
329
285
190
156
286
283
295
652
92
199
183
282
220
144
250
217
208
533
794
910
630
306
528
937
436
446
466
743
225
232
316
299
333
313
275
176
230
338
258
193
234
155
711
210
342
280
243
166
212
208
125
239
458
924
284
549
564
292
241
303
539
360
552
333
265
1361
223
551
234
402
416
586
227
506
739
213
380
286
236
253
310
259
194
161
225
407
201
631
868
581
797
497
596
259
271
419
298
331
410
280
280
352
285
556
227
285
592
353
595
764
247
364
439
353
510
399
319
280
255
848
932
407
988
762
295
803
574
732
1104
517
330
238
350
233
234
250
595
269
236
299
1239
882
248
346
224
310
254
576
499
583
326
853
242
429
293
284
299
303
252
139
244
199
209
213
241
643
845
725
378
647
259
342
1017
360
277
258
325
314
377
327
118
231
182
150
152
252
207
210
132
263
278
269
342
294
265
318
352
296
215
247
226
121
182
177
188
228
211
258
247
203
271
288
188
146
247
164
194
484
957
1339
1034
748
921
475
522
1092
295
252
249
302
276
346
317
316
228
359
397
313
361
350
294
226
314
372
271
96
245
401
263
304
206
196
333
204
228
274
243
232
209
274
325
337
196
208
236
249
167
232
313
294
288
242
224
379
272
238
166
227
193
287
241
609
822
285
251
471
278
1279
490
231
352
288
222
215
227
199
383
228
279
245
165
202
178
136
203
1168
1262
508
413
263
227
299
509
1095
734
347
486
698
252
320
279
324
282
333
326
289
560
1294
1220
829
275
238
287
250
311
282
243
168
213
425
658
718
740
579
1061
462
229
421
252
251
378
309
416
350
187
265
666
660
878
833
649
559
542
1623
582
923
1228
603
224
331
259
335
252
315
281
227
302
301
266
852
1181
1064
867
995
729
541
1228
369
342
265
325
301
309
250
375
309
732
289
267
297
292
319
226
190
161
259
226
227
184
283
290
294
327
277
336
278
278
306
267
205
231
159
242
234
275
318
219
223
257
272
288
299
320
384
320
278
233
308
262
185
126
246
241
247
232
249
264
228
254
235
255
193
271
222
265
289
328
324
296
236
303
246
166
208
213
267
177
261
236
180
267
274
307
217
268
328
251
139
203
235
265
545
99
214
267
176
202
208
271
297
274
265
282
334
282
220
223
242
327
234
213
189
167
170
280
275
227
241
295
289
292
267
296
228
204
247
284
437
213
260
300
241
271
278
210
260
183
218
258
235
258
239
253
269
230
240
279
302
678
663
435
245
195
251
331
243
218
179
152
233
248
243
310
270
311
226
238
244
303
293
229
298
284
347
325
298
371
344
232
234
217
187
216
247
213
260
277
232
259
295
253
419
307
278
262
267
214
294
244
357
192
136
183
173
244
259
233
295
309
303
316
269
369
314
349
664
448
471
632
706
419
311
131
257
298
624
590
265
489
512
707
380
314
269
240
343
378
286
486
324
609
377
425
186
250
315
252
481
813
686
526
570
992
457
316
342
1233
611
517
325
632
316
388
308
334
601
262
359
307
729
556
686
241
289
537
373
1213
1585
1525
698
588
1404
820
1067
242
981
625
513
304
365
324
277
353
406
484
686
914
361
336
521
472
475
455
286
328
397
341
313
317
326
183
257
464
615
599
342
287
355
237
197
265
212
243
254
678
451
564
284
277
239
294
96
179
275
232
287
341
358
243
269
277
178
233
573
634
419
333
564
427
450
341
549
122
203
263
295
373
316
293
304
271
253
261
203
238
322
285
176
239
244
238
182
128
160
198
185
255
275
317
264
262
261
270
353
327
298
263
351
350
252
214
195
204
236
125
233
271
677
343
321
252
279
301
325
215
182
225
220
309
293
273
219
229
281
326
291
276
173
221
1015
663
382
583
375
301
354
488
778
284
308
343
344
212
235
285
346
204
171
120
248
223
231
121
196
211
200
304
269
348
270
320
225
203
203
278
207
310
234
218
140
232
282
286
282
294
348
250
256
247
169
254
269
200
257
463
243
387
542
627
276
414
291
201
208
269
228
283
205
278
230
255
319
281
322
390
340
255
336
314
331
229
308
327
223
208
283
266
218
158
270
234
285
233
212
228
199
307
322
285
257
249
320
264
350
207
200
240
328
232
236
249
196
274
204
239
339
251
260
301
392
271
319
290
231
711
217
208
340
239
245
336
366
206
347
572
336
245
286
215
283
363
325
281
291
361
315
413
378
216
140
312
247
184
264
302
325
287
332
376
227
314
315
303
526
640
579
896
362
232
181
243
501
336
412
246
247
294
226
220
231
230
274
274
251
214
220
266
594
644
611
115
216
559
456
475
246
300
234
319
273
286
292
313
280
286
341
854
698
471
989
258
314
295
205
211
280
286
132
209
241
321
251
239
284
255
198
237
295
300
271
219
284
254
533
210
221
435
627
407
282
344
261
188
243
285
245
252
325
143
209
254
247
302
317
273
155
226
315
518
864
555
224
376
330
364
239
246
136
273
257
204
223
213
222
320
291
191
224
277
225
265
309
245
268
262
357
298
280
389
264
217
269
638
371
342
195
176
203
207
122
248
320
264
279
176
254
248
228
280
240
215
264
367
366
339
266
376
339
861
867
274
224
294
266
477
344
271
208
330
279
218
281
320
203
184
223
302
315
252
290
289
218
219
443
279
228
140
273
199
277
266
270
205
236
408
388
467
644
560
350
373
357
208
270
126
203
242
240
250
237
697
474
252
250
365
272
330
318
318
263
297
320
333
268
695
219
314
445
559
411
393
485
255
215
326
363
212
254
313
265
320
292
282
217
192
252
178
206
256
202
223
243
211
250
302
266
250
245
282
271
306
184
201
246
235
276
172
240
259
122
182
276
246
277
200
193
233
248
200
236
263
280
265
308
374
351
282
339
340
341
222
202
270
240
251
251
218
268
245
219
251
332
297
280
241
307
281
339
391
370
378
221
191
248
278
270
239
212
298
293
203
251
177
289
259
297
169
206
230
217
254
258
141
202
240
196
108
212
223
190
233
238
253
235
272
341
263
288
224
278
381
333
388
306
180
144
195
317
314
292
302
282
237
237
341
243
241
177
195
242
271
285
331
344
228
290
135
197
275
302
241
223
226
261
240
199
243
276
351
281
277
334
285
305
281
362
407
222
204
286
252
228
245
195
248
185
211
221
270
192
210
200
230
252
260
282
230
282
268
330
164
143
230
213
285
308
271
269
604
347
352
242
287
240
268
142
212
230
253
151
223
151
206
248
262
287
326
347
282
271
311
352
324
272
248
268
255
293
195
278
310
335
181
196
315
246
253
287
286
298
376
307
318
257
298
242
330
332
245
286
306
352
296
142
210
321
339
298
335
316
226
278
178
238
209
299
257
250
227
278
239
244
308
266
240
213
136
197
318
235
293
587
478
434
408
305
320
287
260
340
237
370
237
187
254
195
238
126
203
203
266
263
187
269
245
298
219
215
227
317
240
258
286
234
171
302
232
185
136
202
319
262
268
203
304
267
293
223
275
287
266
328
277
398
374
218
257
266
297
219
269
157
190
299
224
216
170
230
204
282
213
233
266
250
317
225
329
286
139
191
179
281
134
205
297
328
298
256
330
235
217
259
275
302
280
282
348
347
354
316
379
327
272
137
248
123
219
198
195
229
168
284
256
296
192
276
240
278
220
268
258
283
298
208
205
250
129
202
233
254
263
287
269
192
274
242
188
244
251
187
234
231
265
222
231
304
348
205
209
240
245
260
286
285
284
344
396
296
379
331
311
313
336
346
264
298
353
221
122
146
240
272
268
219
240
195
313
260
271
253
353
307
309
364
454
344
362
402
425
223
242
279
233
255
312
240
268
205
199
241
364
271
300
314
317
366
383
366
278
300
337
260
223
203
251
270
241
291
470
576
341
318
359
367
345
258
289
244
265
242
249
233
365
197
223
152
333
243
255
1186
512
1046
601
596
315
438
821
340
279
274
382
283
285
295
369
309
796
722
241
480
260
585
333
299
296
343
311
328
271
290
274
268
241
185
315
193
268
175
201
305
257
259
313
252
330
261
349
332
317
333
285
139
315
287
303
292
310
244
145
205
234
319
258
203
246
212
285
167
238
229
262
236
293
311
216
217
253
283
192
138
218
202
262
211
284
261
259
294
281
225
266
305
330
373
389
352
281
307
353
365
224
220
290
343
267
289
218
263
294
291
250
283
264
279
253
314
313
267
215
297
281
298
293
125
268
310
204
275
268
304
318
329
248
290
191
201
289
213
504
306
307
195
386
379
251
258
245
313
632
511
639
528
444
972
243
375
277
340
395
268
310
268
258
324
250
143
261
340
317
302
290
265
349
244
234
206
213
253
195
250
220
211
237
285
183
215
165
124
141
231
232
259
195
152
189
208
171
318
230
268
195
204
293
201
236
251
262
237
253
263
209
277
239
287
221
230
237
125
135
142
219
266
299
182
213
198
187
189
266
253
113
231
270
294
240
328
334
308
176
310
172
177
177
203
249
281
282
250
294
289
280
140
212
200
167
240
320
276
282
279
264
563
318
413
201
246
230
257
228
229
241
275
321
231
135
170
236
272
273
185
239
250
285
250
259
217
254
242
310
243
298
190
258
247
306
138
259
289
255
160
259
219
268
292
225
236
211
300
265
330
265
321
366
302
316
305
160
206
320
196
208
275
248
262
199
250
241
336
283
254
113
267
287
225
296
314
251
218
310
152
259
195
281
246
202
300
190
204
188
261
218
246
330
270
291
195
228
272
262
311
176
274
302
258
308
262
285
291
307
361
229
339
273
290
304
245
357
170
295
341
262
138
217
309
202
333
315
407
291
276
365
341
325
282
221
215
262
297
183
238
223
339
187
301
200
207
209
176
247
247
258
265
314
258
233
202
310
291
284
296
283
237
272
238
274
177
215
257
267
243
256
242
272
239
272
275
197
176
330
335
296
249
343
288
302
279
208
210
177
281
264
261
337
185
136
220
296
245
257
288
285
276
338
297
299
364
303
180
211
227
273
280
305
275
299
234
173
237
180
410
633
755
364
346
172
740
895
266
287
703
224
264
367
159
207
199
292
274
234
214
255
251
234
227
313
241
254
274
277
234
253
130
204
324
244
171
251
248
251
261
257
211
311
291
184
177
174
277
257
230
300
285
127
197
320
272
253
188
234
167
244
178
270
307
299
313
315
221
280
260
297
276
278
219
243
131
172
287
215
224
248
288
258
292
285
391
387
321
306
301
324
289
232
242
333
298
149
192
232
184
247
310
230
276
316
289
255
266
323
162
270
259
266
307
367
279
268
211
224
270
261
263
234
247
190
224
260
289
206
119
133
235
250
247
272
279
281
332
205
186
275
275
226
168
192
181
219
212
270
207
214
247
265
201
210
215
234
212
315
208
225
139
197
304
273
171
214
211
199
263
241
250
309
294
229
288
297
293
280
391
362
301
215
139
255
236
293
245
242
189
244
203
315
302
296
235
214
189
251
253
245
231
270
143
196
237
211
292
343
257
353
684
627
295
239
245
408
750
981
1016
1464
922
355
227
423
236
389
332
319
428
232
320
471
285
301
569
266
318
534
878
510
344
329
329
503
533
285
590
622
441
468
246
319
237
404
308
289
319
327
585
438
538
336
331
344
369
336
256
124
224
232
204
257
194
244
218
279
243
269
302
262
517
459
310
280
276
302
241
305
244
276
167
188
279
228
293
280
298
305
303
189
264
414
288
271
251
321
287
311
295
273
325
182
261
206
279
245
239
246
240
320
293
293
270
193
262
320
300
310
356
305
309
313
210
215
292
375
253
253
250
369
306
204
232
313
302
313
147
292
204
284
236
343
282
184
215
187
298
326
217
253
343
223
247
278
283
340
363
278
304
302
317
264
219
255
293
369
249
192
277
245
223
281
251
306
317
317
290
318
337
234
242
339
260
304
270
324
315
243
228
235
298
224
322
239
232
317
331
180
182
275
329
266
302
297
260
264
300
263
146
224
255
235
257
236
219
268
246
335
320
343
285
339
330
430
344
267
383
307
153
150
192
139
276
267
318
260
323
359
269
275
244
336
319
361
364
352
252
278
302
220
256
313
152
214
250
286
273
302
302
338
349
297
318
302
326
210
235
383
308
230
354
373
260
176
212
248
224
290
315
298
309
348
260
211
134
288
263
266
215
250
317
302
246
219
157
235
240
250
310
175
249
203
208
223
326
281
225
359
288
334
390
347
262
410
391
349
324
222
214
236
348
246
209
217
287
339
347
245
281
297
330
326
208
228
255
282
313
312
180
222
214
240
237
214
285
325
292
282
233
286
257
394
181
197
246
188
262
268
242
152
256
368
293
250
317
233
377
284
330
293
299
290
248
247
250
306
188
259
285
253
359
247
137
279
198
166
273
344
277
327
238
246
311
407
289
275
321
402
300
336
237
318
266
157
231
307
354
295
305
218
261
286
201
240
234
301
365
395
372
371
254
225
386
395
196
214
272
302
299
331
320
359
308
364
356
395
286
294
313
263
285
375
240
225
275
196
209
157
198
323
241
262
303
228
190
154
207
262
209
242
272
203
290
291
311
248
906
506
77
237
245
305
362
848
241
932
548
574
655
478
216
382
330
324
354
280
329
207
565
313
209
466
407
186
281
399
576
598
444
415
585
290
386
385
384
344
251
116
189
274
184
214
333
289
233
367
310
349
353
248
272
239
337
291
251
221
279
327
319
355
314
356
353
217
244
256
334
358
234
311
289
237
332
270
253
410
316
246
362
288
238
294
286
298
123
198
317
259
243
329
244
239
274
774
646
449
380
748
294
918
571
386
830
881
326
223
1281
666
389
271
426
295
371
374
337
499
492
397
643
274
514
287
328
354
330
367
344
389
135
276
218
194
248
206
216
248
288
253
292
271
242
332
282
284
288
185
245
202
219
170
191
283
345
290
284
233
235
277
280
308
307
166
245
197
229
224
246
296
212
248
150
210
359
186
338
271
1001
600
865
286
782
868
329
1593
598
995
779
616
390
296
404
271
294
339
350
384
376
418
380
326
334
372
242
259
256
279
190
211
282
219
232
246
303
305
173
223
237
189
260
211
234
291
284
250
267
271
275
322
290
320
158
222
172
216
176
145
216
217
206
181
225
185
186
158
223
184
244
292
249
232
216
284
184
653
426
247
110
341
307
527
251
504
363
520
275
329
244
303
257
181
230
189
243
317
257
216
227
264
260
146
207
307
169
252
224
251
188
177
161
152
138
211
227
238
216
280
267
415
248
164
136
249
478
255
306
423
566
378
388
306
269
350
213
306
246
224
100
169
224
272
337
198
241
295
286
148
238
293
257
232
229
203
295
219
256
343
334
937
679
615
465
349
125
226
444
680
320
290
269
286
253
191
313
262
263
258
239
221
304
190
252
152
243
278
1163
273
175
289
407
252
336
989
264
241
232
270
349
664
318
449
181
440
462
324
294
221
150
233
185
229
248
181
185
225
291
223
193
206
154
213
103
262
191
189
241
189
306
134
231
188
147
193
272
239
281
212
254
215
224
319
231
292
324
300
194
226
162
300
309
367
113
199
187
206
180
234
263
316
338
253
202
175
293
258
245
252
283
239
255
357
362
208
206
150
279
248
278
211
213
288
158
218
303
278
240
230
320
243
305
279
212
161
142
201
312
146
213
219
293
256
313
181
194
226
123
174
219
216
232
272
227
267
267
326
279
205
186
233
258
241
277
303
227
358
288
296
367
299
415
364
272
298
364
887
604
352
387
232
265
506
336
177
270
558
292
317
331
373
191
406
738
891
252
866
240
529
322
748
308
247
488
244
331
237
190
142
223
187
181
212
280
305
243
188
153
223
192
308
234
270
141
207
226
275
179
190
295
222
215
258
178
264
142
214
180
271
153
282
172
212
159
142
241
176
181
149
161
139
263
163
214
196
230
219
207
132
186
165
242
164
542
457
219
239
1135
618
256
462
273
374
645
320
582
321
358
195
369
340
183
185
269
204
319
150
239
207
308
310
257
349
202
243
222
469
533
308
467
273
289
348
359
333
430
399
278
272
221
148
359
383
451
321
265
317
280
172
297
247
218
179
292
322
281
333
343
302
314
205
233
274
284
267
310
240
243
289
215
256
391
316
273
272
253
177
190
236
263
265
141
185
308
347
322
276
266
221
290
300
267
215
251
246
245
269
296
231
330
209
237
239
275
122
223
221
239
219
229
219
296
187
195
202
393
265
260
277
263
257
314
332
398
246
125
223
235
248
222
190
249
335
291
323
367
339
258
336
333
366
380
320
371
232
387
223
205
209
282
255
281
284
295
311
174
408
531
363
258
314
202
266
234
316
196
281
142
197
313
225
218
281
260
255
205
360
343
389
317
324
330
372
263
319
325
240
268
303
320
221
196
158
260
252
256
236
224
295
217
209
305
297
368
270
249
285
204
270
378
269
134
199
276
324
254
299
285
247
310
175
243
331
281
234
256
252
275
278
319
284
310
175
207
241
251
120
128
222
270
212
162
202
243
326
363
195
259
366
300
309
382
351
290
302
224
198
237
177
272
282
329
220
320
210
264
295
208
217
268
261
256
251
262
240
269
147
202
319
286
261
301
301
331
260
289
291
330
415
431
348
189
231
288
188
191
226
159
210
233
306
286
289
273
264
319
299
290
213
296
235
252
264
270
185
307
269
341
145
207
242
350
351
322
236
288
245
246
260
212
274
324
281
251
215
297
247
313
242
292
285
127
237
300
272
306
231
247
355
208
294
337
315
223
247
288
334
288
266
260
236
313
139
255
267
335
300
282
290
305
337
232
245
401
330
352
295
314
277
209
334
325
352
185
261
238
249
308
306
275
251
116
200
263
332
290
336
289
240
281
337
309
276
323
335
263
184
200
297
282
246
327
254
244
226
347
287
303
373
286
347
293
323
298
273
353
276
173
191
296
243
284
316
351
265
357
347
309
405
299
318
314
202
205
348
258
314
317
191
194
334
287
252
203
255
297
272
341
276
332
342
384
320
416
226
284
300
326
228
136
225
229
205
317
279
237
346
284
246
245
309
252
314
310
271
282
237
300
324
210
304
269
172
496
478
387
448
263
299
249
261
288
253
262
260
235
312
321
280
319
361
351
311
199
233
152
177
300
239
231
358
299
349
301
289
325
339
232
345
380
379
323
204
233
127
194
311
337
253
271
235
263
255
347
279
295
260
224
235
238
276
285
257
310
330
291
302
214
200
306
358
326
322
265
325
350
337
290
298
382
372
300
194
250
291
287
253
180
147
224
321
264
230
240
288
352
370
228
272
374
317
371
304
378
336
337
362
439
387
222
209
230
171
272
271
300
250
291
233
243
326
278
264
318
369
329
276
337
439
402
361
353
215
219
263
248
227
203
303
301
211
251
340
406
275
352
340
353
293
353
313
330
220
128
200
236
335
294
284
251
294
278
312
293
227
337
325
315
342
309
273
227
567
669
693
247
491
546
611
664
312
325
351
396
414
280
354
246
265
228
321
333
262
229
255
128
210
286
319
255
301
258
368
273
319
280
182
305
240
275
219
234
244
290
307
308
183
267
195
200
319
346
282
303
274
253
242
202
242
244
260
199
205
320
333
316
283
292
241
173
201
275
238
279
237
279
240
237
305
296
232
537
430
522
369
310
246
266
995
515
136
303
406
323
470
612
617
337
269
353
332
347
318
305
244
231
282
376
277
256
351
273
306
189
252
302
382
334
347
251
311
285
369
321
352
252
295
303
297
307
336
316
230
295
158
187
230
246
239
305
238
174
324
304
261
251
304
301
273
318
211
204
308
171
197
149
251
253
211
345
282
264
299
316
353
186
171
201
272
329
247
270
205
302
266
276
144
261
344
243
266
195
249
307
258
166
217
369
296
269
284
287
212
340
317
326
189
218
224
128
184
207
220
237
233
313
258
339
271
230
349
264
234
287
259
192
187
210
214
285
179
280
217
198
345
372
329
352
316
277
231
303
284
266
280
382
400
359
388
375
201
119
248
312
290
275
299
255
306
303
304
306
306
276
356
357
351
342
300
333
366
389
423
325
222
196
235
347
250
173
315
323
273
297
257
426
282
388
301
453
303
265
246
330
280
125
282
254
290
138
224
203
261
312
298
305
236
266
354
390
256
286
416
408
317
288
169
265
303
305
269
311
218
330
250
309
364
349
364
351
240
348
314
359
329
353
344
342
365
121
251
326
223
577
322
394
236
277
249
328
295
267
236
317
256
256
353
287
212
215
177
192
239
239
192
250
182
238
226
308
302
194
302
265
251
367
214
324
264
356
389
196
216
236
354
286
344
337
321
354
329
301
282
285
170
287
214
283
159
290
307
350
167
198
239
292
287
277
222
271
307
278
209
350
366
313
262
301
309
275
233
348
282
317
297
156
192
328
341
305
255
273
304
315
220
274
301
300
260
279
363
239
279
309
369
271
163
217
314
353
272
234
254
294
280
247
301
286
309
342
324
303
288
296
289
306
337
182
214
294
284
221
252
280
293
331
291
457
349
306
367
258
324
201
250
132
303
414
220
306
166
181
299
272
308
238
314
359
304
296
212
241
267
303
326
325
338
403
265
292
268
182
200
320
342
313
275
266
250
313
255
289
327
230
308
287
299
379
312
264
373
263
192
326
304
298
247
195
302
231
285
311
296
325
323
254
246
219
276
305
305
308
229
163
202
248
321
256
174
236
285
313
307
287
354
301
318
265
201
222
340
276
335
224
305
336
174
197
185
304
237
345
285
299
299
233
335
229
287
295
276
366
335
308
402
270
360
220
191
269
262
245
252
278
356
313
246
278
276
185
304
298
290
273
199
234
313
272
150
195
321
250
263
341
290
317
351
344
287
413
262
235
271
338
287
255
260
328
275
358
255
119
181
207
238
266
226
288
279
269
282
304
293
259
273
270
278
347
282
263
308
274
145
257
303
341
295
312
261
343
272
303
272
319
255
385
347
311
289
338
262
265
770
111
322
674
589
539
536
579
401
445
250
227
240
149
215
258
191
216
256
236
205
527
108
268
405
854
399
767
284
344
386
237
181
276
268
372
271
558
374
453
266
414
255
322
747
505
216
258
575
321
340
244
322
469
172
227
173
253
206
164
258
246
239
248
236
288
155
143
203
185
240
285
338
293
334
233
300
352
374
387
381
409
345
348
345
265
340
176
210
193
188
268
227
282
291
364
258
323
335
262
363
352
388
401
316
343
402
302
343
367
219
186
309
267
186
206
217
190
244
253
194
253
249
227
253
253
276
208
229
221
292
180
188
229
259
356
321
319
258
311
254
315
241
352
256
357
248
302
302
296
309
339
244
194
236
235
245
183
273
285
329
556
441
300
338
251
244
234
228
248
262
195
191
265
337
216
202
258
317
337
330
334
282
337
339
342
341
286
239
305
263
375
299
307
398
368
219
199
231
228
226
217
220
277
235
231
138
195
267
181
239
223
289
181
345
283
276
197
191
311
315
297
288
289
302
290
175
278
407
340
345
284
505
243
269
287
377
155
123
253
318
378
299
259
242
375
300
334
302
216
324
345
310
325
271
384
409
322
351
242
273
132
197
238
251
301
188
217
222
269
254
226
250
269
269
261
235
246
235
176
249
261
138
203
172
194
203
256
258
202
277
221
247
359
301
279
266
308
291
294
296
288
193
135
216
319
255
280
322
317
287
360
303
281
334
326
317
280
373
323
344
332
367
383
302
325
223
219
296
218
111
263
200
208
233
218
228
219
233
288
251
225
254
276
214
264
270
149
203
210
375
247
307
303
357
268
263
224
243
320
342
186
182
200
263
269
219
310
219
195
281
275
264
258
253
250
311
190
228
322
272
242
289
350
259
318
349
402
365
207
210
279
237
266
214
266
264
260
223
253
305
257
281
313
283
256
334
281
390
359
347
347
232
157
179
253
222
275
259
245
277
294
317
274
316
305
299
365
353
402
298
337
355
222
226
314
227
216
280
284
291
340
286
246
229
283
278
243
357
291
261
266
257
285
127
280
272
258
294
262
301
320
290
289
265
170
214
291
244
280
288
236
240
275
251
200
278
141
283
296
220
252
281
238
314
171
223
242
273
249
287
313
293
292
367
263
264
281
120
199
314
218
210
327
277
314
260
273
310
313
278
258
338
278
362
404
199
340
357
223
224
244
255
268
283
294
257
334
243
267
270
301
311
314
354
242
284
310
350
253
277
307
225
199
217
191
289
190
158
241
405
1084
554
328
237
453
237
1016
349
1229
493
611
339
249
727
483
1033
250
574
655
1220
1033
748
245
351
679
853
293
363
313
638
706
1185
627
213
672
547
1365
924
987
299
555
232
323
365
385
294
498
256
375
598
676
480
254
241
343
346
232
367
296
350
340
326
324
329
220
290
433
163
356
394
347
171
624
478
235
1205
380
561
748
271
332
299
356
359
164
565
739
467
735
306
360
249
310
335
387
313
331
358
179
290
413
329
284
247
285
292
395
328
1251
1405
521
244
325
380
561
379
242
337
353
175
187
185
235
205
235
157
313
293
757
321
296
317
346
340
214
222
269
180
187
126
176
131
233
241
296
234
216
194
200
261
321
488
372
303
268
323
282
304
257
169
231
256
235
131
193
251
203
239
225
577
361
376
419
341
521
440
574
261
372
488
647
248
345
320
125
203
276
320
329
273
244
332
277
296
296
243
309
303
285
280
250
245
1378
1243
609
246
416
327
928
269
492
219
340
536
294
313
343
264
258
275
203
344
521
251
345
326
218
152
115
205
235
308
383
321
403
703
229
341
273
724
214
469
634
180
404
316
367
520
267
145
255
688
416
445
521
291
393
308
369
404
443
319
286
368
473
223
327
318
191
188
116
170
231
238
153
217
233
240
176
201
271
175
152
182
157
188
212
259
281
236
253
325
350
279
160
180
152
286
246
263
184
227
165
196
192
652
560
225
341
413
358
325
349
352
135
203
275
541
374
741
226
356
345
283
411
257
204
192
312
262
263
309
277
186
270
192
209
252
170
234
235
302
249
973
534
232
410
261
638
269
242
370
283
428
447
323
869
234
453
370
362
407
275
314
361
353
753
395
300
291
347
357
410
661
285
897
237
819
290
228
175
166
192
165
162
200
201
191
195
205
212
341
388
322
420
304
232
175
324
441
168
215
413
367
358
256
360
363
286
207
177
174
142
160
199
203
158
198
360
467
493
117
197
229
183
198
317
363
588
881
312
259
636
242
761
238
325
295
343
247
245
376
211
1084
207
410
788
1224
1166
595
461
1600
799
556
505
308
233
330
317
391
317
411
430
336
370
343
261
301
165
272
528
343
164
324
566
274
321
286
246
317
325
729
401
346
305
613
198
238
955
1372
677
680
353
492
263
291
230
350
312
367
375
419
368
390
329
594
534
694
356
334
281
219
261
274
278
281
132
268
200
187
232
252
193
420
715
456
680
574
640
750
324
1396
1086
771
348
640
219
278
294
384
234
299
1028
965
258
831
487
811
223
685
354
287
1283
615
1016
375
1134
387
225
221
513
230
280
423
641
459
401
299
403
506
807
232
331
251
823
413
680
425
282
336
298
289
357
277
287
309
288
232
202
262
163
240
227
293
339
175
245
290
297
463
224
205
299
320
204
387
346
433
635
550
563
308
320
325
346
257
141
333
449
711
311
352
306
159
217
316
165
252
211
240
223
204
223
205
250
216
248
118
196
233
202
230
251
291
192
280
218
257
191
279
253
210
249
317
206
273
324
221
354
423
219
276
576
481
342
157
252
205
237
223
231
258
282
229
267
299
299
362
246
218
158
127
216
304
213
290
273
246
343
374
333
393
355
341
363
379
310
322
374
381
288
323
217
216
146
227
250
226
264
212
269
231
239
309
343
396
304
452
275
184
290
299
1276
475
436
467
453
409
325
701
311
287
337
254
157
195
219
729
415
237
262
285
340
429
259
330
222
220
297
234
284
185
228
295
287
275
326
260
292
292
299
365
415
300
258
213
229
87
270
758
395
262
278
254
268
204
190
629
358
636
689
302
363
432
496
246
324
328
183
223
251
210
210
226
267
312
572
823
257
590
265
431
440
527
353
299
239
369
345
219
358
145
198
355
275
342
308
568
371
346
289
651
346
471
395
868
871
738
218
512
498
245
217
300
208
375
405
566
626
807
550
767
361
285
229
370
284
369
249
369
320
343
326
316
209
226
243
266
378
222
374
370
199
404
276
273
253
163
293
316
278
281
340
314
341
396
215
198
232
239
248
204
221
232
402
445
356
493
448
724
271
447
436
302
350
323
371
211
227
330
227
217
290
505
250
421
212
643
578
338
300
302
205
269
331
293
195
270
141
197
353
316
634
541
370
303
259
187
179
250
252
267
237
257
423
269
348
277
325
215
188
417
251
703
528
285
363
251
491
330
347
477
958
263
362
423
391
357
372
317
362
398
331
179
244
199
455
401
532
742
259
397
533
913
254
378
248
704
714
263
221
404
253
170
238
507
304
341
185
168
242
317
309
611
428
441
357
250
681
672
365
264
367
343
325
370
238
253
231
212
197
202
558
365
247
182
152
149
287
177
572
498
266
219
1610
1058
216
221
157
235
221
744
481
355
316
384
286
1580
1538
769
602
291
321
259
332
303
291
258
199
308
289
374
350
303
313
273
339
254
207
217
388
497
403
298
336
241
176
188
207
127
232
196
161
515
381
1345
691
379
315
327
186
240
339
301
548
255
612
674
333
305
368
323
238
425
660
927
394
368
335
309
422
365
244
311
325
221
196
391
706
328
341
409
548
341
189
281
898
468
808
259
550
410
294
826
301
256
305
283
557
214
306
310
337
313
122
219
393
343
270
260
242
258
295
233
366
529
329
882
257
1056
309
1206
304
1119
441
712
673
465
349
264
389
278
293
527
335
534
327
319
366
679
608
233
318
243
1384
596
250
286
791
503
922
465
1068
584
320
630
332
485
534
221
410
381
514
289
236
309
244
326
216
143
240
301
402
273
356
326
398
222
370
331
358
388
316
262
277
220
259
192
191
221
89
152
191
291
784
319
336
319
311
282
304
319
464
283
458
412
243
524
262
359
268
455
576
90
148
278
176
213
467
564
615
762
539
835
557
511
690
329
629
652
249
258
676
344
128
277
259
284
330
304
264
210
653
468
447
421
206
327
554
451
387
475
246
543
438
113
224
465
552
257
505
258
244
285
311
320
269
269
163
302
204
247
210
366
291
339
127
253
159
206
460
141
188
189
226
238
527
372
578
421
228
287
222
213
471
371
266
398
356
446
593
329
317
204
175
101
153
261
313
339
167
372
664
249
505
285
754
306
287
274
1001
748
449
219
229
275
463
409
262
285
634
341
255
456
530
722
262
725
559
421
625
221
272
479
308
717
323
507
460
296
466
988
554
285
847
498
412
287
334
335
360
314
410
220
159
187
116
237
165
164
598
337
258
265
171
698
233
248
212
234
1318
573
353
278
218
110
198
520
361
195
232
325
182
212
252
299
178
205
254
717
400
715
369
351
527
247
126
223
273
275
429
436
372
347
403
243
277
228
249
441
598
525
410
304
328
184
228
113
163
246
287
386
334
199
409
334
1135
624
244
246
247
250
331
634
1135
383
863
232
335
256
249
165
208
202
142
149
513
426
523
302
684
696
229
853
443
300
232
328
268
331
319
294
292
97
203
255
210
185
228
255
134
259
224
228
170
131
203
187
190
180
151
349
157
211
443
449
920
1535
850
860
302
326
337
421
387
293
273
298
303
387
255
348
302
202
269
185
212
660
693
234
577
279
206
337
289
331
246
236
278
314
316
575
419
383
489
391
163
142
620
1525
727
426
287
307
282
269
179
171
895
798
551
313
357
228
217
352
213
154
346
331
243
756
377
354
323
1524
757
228
391
255
254
335
360
395
315
214
172
458
927
564
165
208
347
455
251
288
347
218
314
257
467
311
203
211
331
276
232
207
290
375
123
121
263
1241
600
284
344
593
402
410
367
485
591
690
602
358
1272
273
551
306
477
212
621
364
291
384
750
705
352
1225
235
334
314
293
262
390
266
375
284
175
339
931
230
331
285
548
341
468
450
435
442
261
292
368
143
223
285
212
225
192
219
340
239
412
328
131
132
246
363
260
1160
323
357
461
461
435
516
731
219
370
375
286
329
334
859
361
287
652
266
88
217
251
330
255
238
233
186
246
221
472
403
260
335
657
289
301
367
231
114
223
213
224
237
242
263
224
194
207
251
247
205
200
205
166
172
226
609
702
442
1650
1128
744
562
297
821
372
686
820
683
221
740
249
870
245
346
225
369
233
302
356
625
845
326
352
253
267
326
212
127
198
177
230
414
494
484
431
434
420
294
323
485
330
330
105
251
314
231
242
248
227
246
572
655
268
390
547
482
328
538
298
272
257
189
214
129
210
301
188
249
209
219
224
289
284
264
248
256
237
624
476
507
198
183
247
264
245
210
117
201
379
561
260
174
319
353
538
311
489
218
228
260
218
253
135
192
254
683
239
88
200
576
937
1358
785
728
859
591
722
696
720
245
355
296
371
392
313
296
319
266
215
189
211
244
222
232
164
194
189
275
278
232
329
294
205
265
266
263
275
219
526
327
281
199
203
283
281
332
234
204
258
439
202
300
197
272
205
251
208
297
270
252
205
297
173
146
500
579
567
377
242
287
308
225
240
283
295
289
598
652
471
575
874
851
272
1034
623
233
536
1177
784
239
847
281
733
228
320
595
816
607
392
247
452
453
457
293
640
252
234
327
313
251
159
252
172
206
207
232
147
262
138
243
267
285
381
230
503
568
226
155
321
254
299
357
319
576
540
465
592
485
382
423
653
324
744
688
246
482
818
582
424
597
301
275
253
651
285
337
593
706
648
643
376
287
417
538
213
629
597
626
693
666
287
698
585
231
327
1296
689
511
575
216
292
313
280
384
343
305
311
395
285
255
324
286
138
305
306
237
193
282
206
257
323
461
360
444
484
479
525
589
288
365
251
400
365
1306
582
338
570
260
346
249
292
380
663
276
564
451
482
467
471
268
333
454
324
243
514
358
517
940
1122
910
251
726
224
716
266
594
227
316
281
269
316
299
314
571
301
441
329
372
281
649
427
271
699
211
588
351
550
326
676
767
315
222
501
376
596
785
569
233
250
197
172
343
292
281
222
229
200
190
232
846
450
259
1337
1192
233
514
269
1008
236
341
893
330
1196
839
892
691
826
215
309
292
329
272
346
303
319
284
294
300
220
135
134
251
1081
1015
783
914
250
1860
865
717
651
1216
286
1369
674
1018
563
1294
528
2288
1462
813
298
287
340
537
340
349
479
424
430
414
438
424
483
330
451
255
292
287
211
229
264
155
102
259
298
297
271
273
299
250
235
256
296
240
193
247
188
260
244
256
616
945
1153
344
371
578
509
227
674
274
307
363
297
320
344
504
558
287
426
412
333
708
290
871
395
295
469
374
341
503
287
343
356
863
284
322
139
242
228
283
359
409
314
253
287
223
232
286
256
277
273
314
340
377
208
229
254
224
255
264
238
625
638
790
754
583
982
272
210
322
741
625
275
456
244
315
324
214
137
283
145
214
1016
857
236
333
310
314
249
335
765
215
218
310
328
322
476
453
312
279
270
609
540
550
464
369
345
678
462
293
391
385
178
276
247
261
256
243
180
227
270
285
223
197
280
291
298
227
170
151
101
252
267
135
236
246
258
958
979
451
379
211
270
262
325
275
362
292
209
314
211
263
349
357
188
205
237
386
256
225
430
258
221
191
231
408
194
204
316
339
326
261
274
290
324
271
199
184
248
256
298
298
165
152
227
196
320
255
188
212
182
207
270
503
746
357
332
699
127
204
336
334
866
495
933
801
539
1118
326
396
213
344
261
372
285
582
253
363
297
126
263
254
726
691
1043
240
1557
778
622
423
402
232
288
464
350
212
282
207
600
476
517
303
249
345
221
409
275
378
220
310
345
707
262
346
278
1291
524
635
433
608
301
537
258
496
314
492
605
275
317
263
322
259
347
292
372
378
338
376
426
403
278
244
302
343
126
303
239
207
293
607
866
204
482
328
325
440
547
810
388
599
283
342
266
333
442
122
189
457
525
289
540
291
385
229
345
265
166
325
154
256
330
277
281
668
310
263
330
238
124
308
601
440
339
208
211
396
742
462
781
510
516
327
253
373
398
323
319
443
229
312
200
241
204
263
304
276
314
438
355
339
233
360
278
691
420
290
288
393
209
238
132
261
278
179
180
248
171
192
190
201
312
327
202
374
263
336
279
307
325
294
315
418
244
180
219
176
239
130
291
166
305
909
800
448
703
558
384
211
562
707
1009
237
654
327
540
379
686
355
322
345
402
338
309
359
360
140
352
560
524
527
324
474
361
298
348
347
240
585
364
702
290
129
364
415
373
346
392
357
245
215
183
228
193
1004
374
315
281
433
297
331
241
496
525
519
223
641
256
329
400
370
310
329
327
223
312
180
304
493
260
123
218
220
333
387
246
301
313
305
336
277
280
500
394
649
549
312
340
308
331
398
190
202
267
384
359
288
318
273
385
263
181
214
334
319
212
278
345
366
469
446
339
129
248
229
233
322
228
606
267
226
201
422
287
477
326
462
380
270
358
293
185
142
307
234
454
261
342
306
171
253
168
252
353
193
366
486
281
147
184
256
266
191
210
253
88
116
204
231
404
370
352
312
195
277
280
204
314
392
268
299
198
639
342
378
160
201
138
223
251
146
201
199
283
223
332
305
345
247
341
280
336
273
304
374
372
362
664
450
294
113
213
215
316
260
257
295
361
554
544
870
386
265
329
370
291
470
235
350
200
305
212
202
254
301
318
220
251
320
265
364
401
290
336
292
253
173
210
242
265
254
284
185
216
192
271
219
247
193
181
183
230
278
207
240
146
267
211
232
265
279
240
239
164
194
316
269
197
256
254
201
329
263
240
297
321
234
415
673
312
379
623
528
394
464
350
98
229
297
258
189
208
335
182
659
331
382
398
350
336
351
212
278
241
217
252
270
164
164
221
219
1459
1228
553
273
281
276
259
260
288
273
245
212
240
278
828
776
569
223
575
294
747
619
1069
475
1157
388
682
236
492
217
1038
245
803
254
295
220
946
324
1035
259
255
256
306
374
353
355
393
294
311
259
414
565
414
571
416
553
480
301
281
266
356
84
237
268
305
233
220
488
262
593
363
475
306
248
163
478
633
452
752
629
1262
513
469
439
254
787
381
1025
439
585
258
1147
616
1035
447
521
442
512
697
258
313
763
789
322
580
339
1059
271
378
236
502
434
317
454
514
237
334
265
305
167
212
243
247
162
244
772
417
325
829
685
551
1150
256
1079
427
583
461
805
232
306
241
319
286
385
278
643
445
118
237
215
245
266
225
246
292
319
273
194
424
386
234
288
221
214
266
220
184
225
266
261
184
205
272
274
326
197
263
272
261
196
281
280
175
194
225
282
309
233
291
326
253
176
243
360
212
258
321
314
255
219
263
302
203
237
221
272
330
299
303
192
312
290
188
257
239
163
172
244
180
194
228
255
240
270
349
354
286
513
780
481
233
239
295
183
195
1205
1475
517
784
384
467
406
1774
829
508
305
774
758
494
285
379
251
249
211
360
309
249
258
320
241
240
217
195
190
275
207
205
807
320
412
581
290
422
449
518
331
290
118
201
920
625
229
349
377
302
288
338
235
242
258
381
271
191
185
242
153
224
297
128
216
501
671
334
434
375
191
643
480
391
295
325
236
171
249
271
249
214
420
235
180
268
591
454
975
661
610
374
298
354
295
340
449
475
518
321
296
578
552
713
583
517
383
234
181
842
390
345
296
266
364
325
139
499
185
257
155
729
347
338
357
437
259
408
259
202
386
868
1271
1053
1575
1135
672
1196
936
542
257
259
248
326
239
315
285
318
389
474
346
244
340
757
1323
344
504
590
899
229
288
288
305
274
345
343
324
502
767
542
354
286
792
381
641
293
621
503
309
431
251
379
392
326
270
339
435
308
251
217
257
275
323
134
300
276
339
383
252
309
368
183
338
310
253
207
262
215
301
255
270
559
729
297
413
238
1737
1191
887
688
352
238
266
376
225
307
594
327
225
429
329
243
164
731
897
277
419
289
268
499
263
456
223
297
456
645
676
317
580
293
510
765
1039
463
1226
452
1108
341
229
519
750
851
251
872
314
373
278
418
261
230
273
299
346
472
401
367
270
194
322
237
224
258
321
166
146
651
626
661
1222
409
699
213
339
575
511
253
359
362
343
322
225
296
311
199
341
914
561
338
253
217
658
518
444
363
233
291
269
187
264
259
354
228
145
181
209
168
263
290
302
312
407
722
1008
313
627
694
396
374
497
229
330
320
311
536
105
187
388
507
291
163
207
179
997
809
464
623
343
245
271
371
390
356
252
324
190
171
227
120
209
452
238
140
232
226
227
209
273
215
278
255
196
293
337
278
349
377
288
293
252
267
208
278
260
269
232
438
750
402
281
356
731
350
358
287
345
431
289
315
255
204
261
289
431
1206
728
327
444
285
485
597
574
581
465
489
675
381
575
444
759
289
372
246
449
278
460
343
217
303
296
366
271
316
353
634
313
352
180
260
265
232
248
161
247
239
283
271
313
579
622
665
916
255
349
243
364
282
225
198
227
202
175
190
502
293
118
194
287
266
249
156
251
237
290
228
652
632
925
399
302
352
392
575
264
563
305
380
235
254
271
240
218
142
214
228
320
522
269
277
348
293
277
192
184
227
192
253
123
255
326
292
246
217
320
265
230
220
311
339
236
272
204
333
228
305
263
305
270
248
358
191
241
253
239
220
257
214
268
190
238
278
293
297
279
237
273
291
315
268
324
325
264
273
347
299
257
314
301
272
248
186
165
229
206
330
279
230
179
311
253
261
267
271
276
172
184
277
287
248
308
220
331
287
287
300
323
260
328
260
264
324
284
232
129
204
272
245
273
210
279
469
726
584
614
692
493
651
297
555
332
804
381
488
272
564
376
166
288
276
157
188
292
242
252
257
233
674
373
336
609
376
302
354
287
628
528
425
144
265
323
265
237
268
200
314
263
269
237
268
267
241
296
254
383
326
605
345
203
126
190
224
313
259
274
248
188
823
423
342
286
287
268
278
387
278
275
168
256
279
237
287
133
199
187
273
120
199
270
235
709
277
307
217
265
289
376
310
418
377
688
595
551
131
209
306
254
266
276
220
309
278
230
266
251
288
490
417
684
480
397
364
358
243
132
262
290
230
212
187
263
192
192
220
852
408
994
1060
603
1206
519
1279
497
688
392
975
283
394
1046
683
842
413
357
318
337
330
384
307
371
366
292
339
337
219
229
244
454
390
319
351
142
260
352
355
286
254
347
243
207
187
260
240
303
248
222
292
234
242
268
155
261
180
254
278
288
338
333
365
263
301
309
315
312
286
337
285
272
298
288
283
115
152
252
235
332
273
232
362
317
268
269
237
315
289
301
257
259
317
241
261
333
310
271
193
217
204
177
210
251
243
187
205
208
260
213
240
203
272
280
302
267
201
277
315
187
206
159
227
213
284
284
283
345
283
303
356
303
290
294
283
321
317
93
256
297
130
223
259
318
246
298
283
358
304
304
322
202
279
309
270
250
310
225
348
646
525
312
288
122
213
251
236
253
286
290
266
326
302
310
375
310
289
347
163
188
286
326
222
282
221
211
172
246
206
188
222
215
220
244
789
460
359
349
324
368
350
283
316
357
368
224
209
273
226
246
285
248
274
294
270
475
424
242
270
329
177
308
284
248
288
231
152
212
210
243
177
218
270
262
277
304
278
267
306
299
284
216
307
361
310
332
357
293
333
210
214
330
190
232
197
286
208
336
258
322
282
283
161
309
324
292
195
348
209
285
170
154
272
220
295
305
283
246
287
192
218
291
282
255
256
251
214
272
242
319
242
192
247
231
261
291
209
541
498
684
298
352
322
296
284
316
319
349
231
335
359
386
324
461
244
215
257
268
335
319
249
296
310
264
477
396
338
229
287
244
328
312
231
286
313
195
195
282
259
287
178
268
247
269
165
546
401
448
357
294
166
221
257
232
225
286
158
198
295
339
262
297
294
258
323
288
300
368
301
283
280
281
360
308
241
270
324
132
211
446
372
586
708
330
800
254
354
667
653
280
367
437
429
440
325
318
362
302
379
542
129
258
248
311
326
292
270
275
380
316
541
566
312
536
334
467
343
374
323
285
430
193
201
305
289
275
262
219
174
251
245
179
330
310
286
248
352
377
297
340
359
328
243
218
304
517
368
402
370
307
358
302
308
310
244
230
265
253
292
269
360
274
473
277
328
194
175
214
312
315
213
294
197
272
258
202
312
272
272
312
381
227
193
508
599
228
144
247
322
333
295
282
349
525
636
371
387
560
305
308
429
253
492
287
294
289
331
196
258
200
233
478
423
255
465
507
564
308
368
368
547
303
347
347
348
351
194
215
137
244
228
279
367
364
328
373
304
399
291
194
196
304
260
276
236
186
233
319
271
275
180
86
221
459
430
591
461
225
242
755
323
287
332
657
366
545
480
418
414
388
259
164
120
223
281
325
295
311
315
213
288
186
265
311
267
323
299
358
295
319
270
372
300
207
276
249
267
278
269
459
407
458
400
319
481
266
508
314
278
301
217
248
310
278
327
282
190
217
248
278
268
243
421
411
832
471
439
327
277
431
335
321
328
314
263
224
272
137
245
238
268
252
300
767
352
341
432
332
284
282
215
248
288
314
239
250
305
482
145
517
502
381
438
329
243
252
225
282
343
377
294
319
293
385
291
319
246
585
614
358
369
117
213
327
368
264
260
232
251
240
191
306
360
286
186
152
242
536
572
612
322
391
445
308
322
251
240
319
570
533
1183
743
445
1475
937
694
229
466
566
1150
631
948
240
253
391
469
972
1275
276
882
1028
923
541
251
614
254
367
562
441
274
567
324
317
888
252
379
359
465
428
559
507
310
389
393
340
422
334
350
324
442
349
293
346
355
336
385
308
165
222
251
299
234
250
203
635
361
688
338
323
425
999
372
300
1103
661
237
401
252
765
629
240
313
387
349
384
292
428
279
200
324
218
335
254
291
314
347
235
342
290
197
227
462
283
477
407
342
415
340
370
261
151
190
253
256
318
574
481
450
494
379
374
254
148
306
271
275
303
410
536
416
398
320
732
467
350
297
286
221
298
538
521
478
476
168
262
573
360
354
384
361
226
263
528
335
356
684
329
465
321
337
277
330
207
252
155
227
252
226
568
498
520
337
454
555
351
304
272
262
298
269
329
295
395
195
173
120
210
298
301
271
275
277
252
350
199
355
265
544
459
721
519
390
312
416
538
449
320
379
178
225
292
231
334
250
516
382
362
311
354
413
379
285
352
407
379
269
344
358
461
165
287
289
235
138
219
181
194
256
178
520
461
326
427
379
424
379
537
606
242
190
187
221
202
322
329
241
489
484
421
416
369
173
273
188
200
203
212
375
311
372
303
321
313
235
299
616
499
486
401
422
650
364
309
379
235
306
201
280
268
304
296
394
446
592
121
225
326
332
249
305
246
300
297
328
328
236
346
254
257
251
300
302
311
307
262
201
218
332
342
359
291
656
866
269
453
262
299
257
242
218
396
317
731
297
1496
493
355
350
326
565
392
398
434
552
365
394
333
240
388
493
422
471
694
474
500
339
274
1222
441
374
539
697
430
678
375
304
1011
340
939
560
880
227
343
317
324
245
380
309
394
203
129
284
269
232
210
247
242
307
204
412
318
273
316
312
324
301
210
347
198
207
291
141
246
275
335
336
341
313
293
261
337
285
295
469
323
381
322
231
254
241
327
241
257
245
166
251
286
296
315
343
310
329
355
309
342
339
552
367
609
311
445
393
467
461
417
210
218
210
280
561
376
315
227
233
222
278
293
307
310
303
309
384
265
310
314
253
131
191
226
185
297
240
246
249
277
249
227
177
378
274
297
283
255
246
255
237
216
274
338
156
208
268
294
291
306
343
311
295
310
284
317
350
355
325
283
473
285
221
296
182
159
401
240
285
190
272
234
261
238
275
678
417
288
226
248
190
291
212
281
295
361
238
271
737
679
287
343
433
343
635
735
280
775
871
746
318
565
272
641
371
342
266
376
318
191
274
235
289
268
249
277
317
325
462
677
637
305
310
187
206
243
224
254
241
128
128
214
254
237
321
290
358
248
348
309
207
243
293
265
340
245
690
467
451
284
337
287
201
331
270
235
250
208
270
266
243
268
196
273
309
259
367
294
337
316
325
408
254
220
252
302
245
335
364
287
388
312
391
324
265
296
695
774
343
260
328
375
241
259
230
160
254
295
216
252
640
334
655
278
414
289
207
215
221
267
241
326
332
231
267
310
205
229
378
296
251
402
306
352
343
281
190
279
295
275
339
252
281
364
685
580
597
299
273
265
247
413
289
259
466
285
256
263
254
499
209
310
352
174
275
279
344
621
454
449
134
266
376
412
272
393
403
401
454
370
288
260
227
334
395
618
324
806
243
677
261
650
382
653
313
454
1598
1207
431
648
649
848
473
362
1799
2161
1291
686
596
282
323
342
444
377
325
263
325
264
421
307
1906
959
181
594
417
254
567
628
430
456
340
299
282
206
278
258
251
229
163
233
193
150
178
256
250
273
287
168
191
255
201
267
284
208
243
241
206
246
223
306
246
274
182
148
161
187
188
265
298
511
393
288
251
241
268
329
224
286
304
166
220
223
191
312
285
261
258
246
440
853
1526
798
686
223
683
756
364
276
274
342
288
416
491
470
348
231
247
257
665
362
548
461
398
247
276
216
305
299
189
208
332
218
187
242
148
226
227
289
286
285
248
259
339
207
184
228
217
197
179
313
216
163
145
201
636
451
314
424
240
330
246
264
194
221
242
298
287
265
261
309
255
262
293
212
141
255
173
255
314
294
315
237
248
269
248
273
304
277
244
143
288
216
266
184
148
249
293
273
232
249
196
332
261
290
421
194
256
189
108
192
251
262
240
191
292
232
545
178
218
298
374
344
355
447
488
544
487
296
211
910
507
268
601
267
1328
479
806
563
330
1260
557
622
219
310
336
706
325
305
225
287
269
331
299
356
312
340
331
415
443
162
128
253
215
238
279
315
342
244
230
919
629
282
279
850
979
986
351
334
462
333
400
341
145
275
313
254
224
250
284
269
285
339
401
839
478
528
263
931
253
317
411
381
233
187
215
244
275
730
514
318
207
528
409
270
254
219
205
243
216
387
259
169
255
230
204
207
261
244
218
230
717
447
212
222
194
278
448
302
539
372
455
322
338
236
237
201
228
220
167
553
337
517
353
225
223
200
226
206
249
264
252
244
370
439
261
278
264
302
232
198
323
203
258
205
232
237
222
248
279
317
269
295
333
234
343
229
176
195
244
168
191
455
420
256
222
215
246
227
125
209
218
455
285
413
228
873
608
236
696
282
227
239
298
230
215
260
278
328
250
354
309
298
243
213
211
210
289
234
277
303
331
211
215
123
203
307
285
246
246
228
331
271
319
312
252
312
316
324
291
190
291
317
236
306
191
207
239
258
290
176
203
306
230
176
192
218
258
257
287
270
281
223
233
237
258
128
236
277
291
272
314
312
288
279
209
206
330
937
1134
1347
1253
446
1998
995
758
624
472
256
148
264
246
302
598
663
216
552
370
660
302
322
407
577
298
319
308
295
239
351
340
479
273
145
202
210
381
276
276
351
336
243
318
303
172
205
159
172
256
216
270
278
179
219
201
266
219
251
224
178
154
164
152
145
286
233
227
296
253
223
216
375
339
206
315
395
242
195
226
234
223
251
200
180
239
228
263
351
285
308
279
279
356
365
358
453
214
210
207
209
134
233
339
214
609
458
309
222
192
241
136
221
405
369
313
246
191
89
208
266
210
228
218
201
282
238
184
234
222
253
256
342
418
220
265
342
248
281
204
260
402
317
338
369
217
286
249
285
421
288
597
264
316
384
260
284
245
248
224
276
331
161
153
300
294
217
197
198
178
270
348
333
197
229
301
322
320
301
351
360
302
333
210
193
241
277
217
388
253
273
273
407
387
330
249
295
251
204
175
165
298
165
287
150
164
251
208
193
276
343
324
224
252
282
252
245
173
238
246
161
214
283
295
278
132
225
182
289
250
248
313
230
157
258
261
248
548
383
401
346
277
336
327
293
372
210
241
118
212
243
267
258
249
248
248
320
270
297
279
239
450
258
188
209
278
234
301
228
159
219
294
303
542
602
513
825
455
431
404
840
258
409
688
660
217
765
878
440
247
288
680
532
391
400
467
514
607
524
317
304
359
662
458
259
312
363
300
267
224
540
341
246
140
179
155
242
209
310
325
276
367
237
249
167
280
213
420
324
620
564
265
193
177
116
145
307
213
294
196
236
187
289
466
285
274
192
145
162
249
252
169
178
172
169
131
149
189
246
299
163
243
222
265
275
268
469
493
541
253
643
232
639
270
336
365
892
314
650
322
297
349
282
535
648
583
698
488
317
311
319
357
248
371
289
368
332
435
327
269
317
330
237
320
223
234
255
410
236
465
525
400
329
420
268
345
307
633
372
368
117
203
590
771
1065
1139
1426
780
241
303
230
375
313
224
149
294
445
295
455
345
274
115
159
247
290
267
182
329
318
356
322
263
249
476
233
343
171
218
332
308
174
291
180
523
126
196
263
246
238
234
305
243
311
314
530
374
212
1011
414
526
696
446
436
695
838
290
671
633
207
445
319
266
366
659
376
231
740
1506
991
425
223
512
823
554
242
299
296
311
409
373
324
396
223
276
361
423
366
330
285
350
373
431
253
497
680
381
351
387
357
164
154
327
265
316
295
292
252
273
288
289
367
229
223
263
177
650
448
313
259
190
180
185
289
302
764
530
480
601
216
436
322
460
284
317
269
330
415
240
266
230
212
208
255
219
312
469
572
290
741
273
346
271
359
317
348
513
1292
440
531
277
341
335
549
328
324
296
380
200
202
130
338
498
292
489
402
354
283
385
382
445
362
332
329
345
405
277
198
470
640
402
757
241
341
355
631
255
1220
313
320
604
465
444
503
1030
954
229
551
518
277
633
259
657
350
835
243
676
828
833
258
1305
389
302
357
383
350
359
329
148
255
140
239
203
229
234
240
227
302
162
157
183
147
331
286
304
245
577
339
110
168
204
279
297
239
260
262
1478
859
362
226
630
300
439
600
314
425
367
564
467
341
264
276
232
280
215
243
188
398
318
295
249
284
249
222
265
256
260
241
276
316
225
334
278
201
207
271
286
108
276
232
308
246
328
309
315
283
357
370
523
467
450
288
191
150
288
244
123
196
293
252
314
214
194
240
246
451
303
237
547
379
414
322
287
237
297
266
622
162
243
325
340
250
222
649
515
308
829
233
774
282
658
485
675
654
1661
999
1193
711
822
326
693
1151
227
1032
361
1508
738
644
245
256
434
720
262
523
380
853
335
901
542
690
751
244
476
477
257
426
516
274
576
274
538
281
776
318
1571
887
766
249
785
283
688
300
267
250
356
242
343
608
303
370
441
697
564
415
282
509
542
673
281
362
269
370
332
289
354
272
327
290
491
786
259
218
313
531
451
312
363
408
397
267
294
711
779
278
116
197
613
548
289
329
511
301
237
379
717
402
889
518
342
409
300
334
311
182
305
626
259
261
249
238
187
257
568
639
580
669
422
477
357
267
256
264
274
201
151
272
214
195
155
205
320
340
302
291
463
269
112
250
131
342
313
192
250
234
297
502
1400
900
260
627
190
237
261
161
232
154
219
129
183
277
280
551
713
1368
2404
1405
624
591
1730
738
815
722
461
2145
1144
1233
508
1295
296
502
355
382
304
445
313
641
1622
2055
1299
606
974
1266
1027
509
1051
260
1206
460
1335
723
1457
839
1296
908
1232
386
1045
386
909
349
340
329
414
396
233
266
260
310
289
555
315
304
319
249
310
358
384
550
304
388
575
668
225
286
103
199
432
582
610
670
474
345
1204
1476
1227
377
326
302
355
747
1131
676
597
499
969
259
384
308
345
336
434
342
355
276
297
356
325
198
273
430
363
411
353
394
406
322
310
161
205
129
269
288
320
254
265
369
381
498
213
255
233
357
351
282
347
398
405
415
377
462
235
458
313
245
382
262
212
415
306
1519
741
299
371
497
692
245
720
347
289
343
680
327
274
347
333
339
506
227
302
418
419
255
247
315
401
365
464
352
453
426
421
346
313
290
207
274
369
291
332
301
469
237
308
274
324
395
353
366
261
453
327
203
463
333
600
190
334
432
306
301
269
250
598
442
416
362
136
222
238
253
289
274
197
640
487
363
120
215
235
196
254
323
272
271
258
249
289
472
743
504
224
407
316
418
421
274
298
280
226
171
225
307
248
215
286
277
251
351
283
473
322
599
596
391
436
340
239
231
260
684
162
264
414
226
229
212
1234
1279
486
242
533
422
258
349
523
299
362
328
530
310
350
119
245
260
313
351
478
329
485
421
684
371
412
402
197
287
241
265
279
382
532
253
455
320
140
243
677
673
322
648
313
296
333
390
544
536
164
186
297
280
286
336
324
316
366
352
296
295
231
190
299
249
271
275
840
426
886
258
317
317
310
310
296
833
392
326
160
159
207
184
225
220
277
250
283
241
226
175
237
199
295
298
357
295
428
625
397
129
212
253
201
251
272
278
219
260
266
318
387
710
501
278
265
266
199
276
197
123
209
236
135
220
273
175
249
243
278
226
293
187
169
289
260
285
284
259
278
280
280
302
184
138
256
312
330
230
235
279
241
1227
1181
540
364
743
551
383
371
382
415
292
510
243
132
242
220
260
269
274
218
300
206
258
283
237
162
250
141
294
162
232
248
258
237
319
261
208
267
211
261
308
295
218
257
192
244
182
230
157
272
238
246
197
253
269
246
290
211
151
270
245
153
213
264
206
241
242
220
247
213
346
252
313
302
302
315
310
294
121
207
251
244
248
223
255
301
255
214
234
275
212
277
114
278
261
185
219
244
252
226
341
202
248
210
320
144
259
218
270
307
227
317
141
324
174
188
204
378
215
207
201
178
115
234
413
248
188
278
263
333
296
264
241
243
410
313
347
224
246
258
204
313
307
222
206
240
238
250
275
278
300
370
301
341
340
400
314
306
345
559
240
229
262
300
122
210
297
289
252
265
264
172
230
195
551
458
447
307
174
255
242
265
611
235
212
458
288
117
210
198
166
747
572
292
795
280
466
357
585
299
462
267
354
211
377
244
271
283
262
267
264
173
204
305
273
228
154
217
269
210
470
327
207
307
302
188
309
207
263
174
153
246
192
232
227
253
274
328
260
326
320
248
539
202
328
503
362
195
204
646
351
329
120
242
313
222
242
237
214
261
278
261
262
306
379
364
310
376
342
363
355
244
283
211
202
222
184
193
179
256
182
267
278
193
254
251
253
360
285
396
235
296
280
266
226
195
301
317
330
323
405
271
509
396
348
209
184
247
290
276
304
292
372
299
345
206
207
307
171
247
216
235
170
262
228
248
329
287
236
514
314
309
291
367
354
343
269
287
189
202
232
240
285
290
303
221
241
297
282
284
332
239
253
173
278
177
329
196
270
241
214
252
156
301
298
610
621
288
349
384
