188
200
225
219
105
170
178
185
492
537
91
179
188
298
664
143
157
202
207
170
204
123
153
202
203
498
135
200
200
243
271
194
203
199
238
227
164
188
225
224
132
152
181
206
201
219
329
131
201
200
297
245
108
199
199
235
1117
501
117
197
445
932
630
85
178
200
214
1081
454
118
201
358
1186
584
114
200
206
1374
426
164
200
398
533
266
203
199
199
215
1034
435
166
198
220
313
171
201
199
174
207
181
200
198
219
820
155
200
199
199
298
1089
738
183
197
190
713
163
166
198
159
736
353
176
197
200
1510
664
204
201
201
199
822
116
203
199
235
563
209
201
202
208
210
189
199
200
185
556
130
204
199
198
235
240
177
201
199
243
220
171
200
199
195
538
82
200
199
186
237
154
201
200
199
198
184
204
201
199
261
185
177
200
199
190
426
169
201
201
240
169
161
197
198
197
189
163
202
202
202
163
360
148
201
200
232
365
153
202
202
192
171
132
203
203
207
179
161
201
198
168
374
335
215
183
200
204
113
180
199
180
156
172
200
198
200
212
262
117
201
195
198
178
200
201
202
204
173
436
159
203
198
204
567
185
200
199
199
136
176
200
199
205
202
243
200
199
197
160
223
163
147
147
337
579
145
202
202
385
1054
99
168
201
205
245
255
163
168
187
192
146
208
168
203
201
386
191
168
202
176
182
103
204
200
202
192
838
128
205
200
256
207
202
205
200
182
170
164
202
193
183
157
203
200
201
199
209
228
202
199
203
202
218
202
198
202
196
190
203
201
196
205
250
205
199
199
199
207
274
134
173
191
171
605
86
199
418
241
182
205
201
202
180
1035
147
202
201
205
234
207
168
146
201
179
404
90
201
202
220
510
131
178
186
176
140
203
200
204
201
204
652
151
203
203
187
490
182
204
205
181
219
203
203
203
173
604
110
207
200
231
1080
193
200
172
181
196
961
156
202
204
209
500
169
200
199
201
992
140
199
199
180
379
147
199
199
199
318
1566
624
197
197
225
1231
84
177
171
655
1367
659
151
199
289
486
122
151
205
201
247
1408
483
81
199
294
828
123
153
199
233
875
149
199
197
234
1674
842
113
171
202
495
2158
1604
605
135
399
1990
1313
316
201
253
729
155
198
201
210
722
189
206
201
200
552
1198
195
201
202
255
751
101
172
195
244
1182
187
199
201
226
280
156
202
219
205
258
524
159
201
202
274
723
197
201
198
477
798
144
199
237
226
154
204
183
205
203
267
313
121
153
207
293
273
158
203
239
280
269
156
200
201
280
264
156
151
202
203
261
239
132
197
212
278
145
121
174
199
254
277
169
204
203
266
256
151
201
201
315
233
201
200
203
200
245
260
149
153
154
229
251
144
203
204
285
122
147
200
202
199
231
205
204
201
203
173
305
201
200
200
570
794
164
204
203
217
197
177
200
202
210
307
118
199
199
183
222
250
117
202
203
282
324
176
204
201
198
172
210
202
205
157
547
161
154
206
203
298
368
144
197
199
223
410
154
205
198
226
113
204
207
171
244
89
134
132
135
131
172
157
174
172
182
263
241
170
198
185
346
459
92
123
170
195
168
201
175
201
214
325
135
203
204
202
395
91
173
184
300
362
100
153
154
227
297
412
105
203
202
209
229
90
142
1190
149
673
743
102
144
199
215
2473
2533
1532
536
478
2042
1346
637
98
201
220
1083
506
201
201
193
957
536
148
199
227
1167
743
178
200
194
1349
1440
248
167
201
240
748
272
115
195
226
1304
1312
385
176
197
735
229
120
207
453
1140
1067
185
126
201
225
420
146
136
204
227
254
123
206
197
242
208
159
201
199
267
627
237
147
198
276
232
155
199
199
199
309
223
140
200
198
269
438
173
201
199
221
237
157
199
202
222
276
109
201
201
199
275
712
132
200
197
216
586
139
199
201
307
228
165
196
200
214
284
107
201
200
198
359
1193
584
264
131
279
595
166
204
199
173
781
109
141
202
248
221
132
200
200
201
195
184
197
199
203
225
222
202
198
197
222
396
164
201
201
225
605
417
182
200
202
198
252
177
201
202
187
203
185
202
199
232
1551
799
161
200
242
552
129
202
200
201
216
223
199
202
199
229
221
202
200
201
203
668
537
131
198
240
230
156
198
199
201
216
312
182
201
201
247
208
198
200
200
185
240
156
200
200
203
465
123
199
201
222
773
148
169
202
201
202
259
118
202
200
242
1277
542
89
154
225
997
172
200
197
232
862
304
122
200
200
291
2428
1906
1037
171
195
1260
1159
226
203
259
413
87
155
197
331
619
492
163
153
197
280
796
319
117
150
172
1078
350
90
199
214
222
126
175
197
239
253
116
202
198
197
286
1006
222
187
199
230
1025
418
175
202
244
545
153
205
191
199
356
170
201
199
201
228
598
101
201
199
239
543
201
142
200
183
509
183
200
200
194
484
166
167
202
200
174
419
238
191
201
145
521
370
176
200
228
751
172
111
200
196
275
154
199
197
199
198
228
116
149
200
194
196
132
187
199
194
1518
1094
111
187
195
1115
277
167
200
202
211
244
87
155
151
193
212
102
155
208
230
650
267
151
151
167
1540
1405
529
113
147
204
1874
1064
445
117
196
458
125
203
202
235
1279
653
109
200
228
486
149
202
203
158
984
569
117
163
199
204
981
566
126
201
209
1070
93
199
201
204
1197
734
92
155
159
658
446
165
203
199
207
1303
728
130
204
214
1875
1297
349
128
180
2186
1397
434
171
195
2044
1073
613
236
218
214
1309
890
101
204
204
1804
1195
308
203
199
926
202
135
202
218
1541
800
87
151
150
188
2023
1364
482
182
208
1911
1306
696
123
163
2375
1472
743
118
159
2261
1372
499
112
152
195
2405
1886
935
130
229
1843
1102
398
136
252
2660
1752
995
129
228
1911
1323
511
196
198
187
1048
767
95
199
196
1102
451
162
199
218
1127
467
145
201
200
2123
1340
392
162
201
174
2154
1646
707
176
212
957
578
168
199
207
1067
718
102
198
184
1352
988
118
152
150
133
1631
807
129
152
192
977
501
115
153
187
2033
1170
208
167
379
1190
624
195
201
159
939
572
175
199
198
201
433
134
200
199
180
1413
1214
212
166
232
1195
1064
140
202
230
1288
1142
327
198
187
1526
1888
1306
496
163
200
273
113
206
202
174
745
122
541
200
209
1014
271
209
198
200
176
711
271
218
201
204
694
115
203
188
153
187
136
199
198
198
490
180
201
202
198
167
602
187
200
204
177
1342
819
88
200
249
1490
908
95
200
193
461
102
199
186
196
209
657
224
200
198
265
317
100
200
198
188
228
111
200
200
189
553
117
200
204
200
189
1673
958
111
150
221
758
276
186
199
224
1935
1113
249
199
254
2642
1902
897
183
209
200
2057
1574
577
104
203
1678
1681
760
128
202
1207
826
90
204
181
2136
1329
136
164
201
202
1397
764
144
201
222
1538
969
140
200
216
1403
946
77
197
198
1377
957
120
201
199
244
2100
1548
549
142
179
2563
1477
907
126
200
1264
688
86
204
242
741
260
198
198
173
641
86
200
198
199
202
833
217
200
201
225
313
132
201
199
207
477
119
202
200
218
1205
986
96
200
201
192
294
139
200
199
183
1148
355
114
199
193
296
153
199
199
314
880
91
199
200
203
273
368
83
198
197
244
152
182
201
148
177
557
130
197
199
207
406
112
202
203
199
210
537
122
195
200
242
1505
849
80
201
211
1468
771
207
199
167
1586
1091
139
195
196
209
1223
359
200
198
206
1166
400
143
198
214
652
101
201
200
183
1228
484
143
201
200
865
2182
1332
463
164
292
1594
1506
506
164
193
2048
1120
122
198
201
1284
1265
321
161
199
184
2350
1694
789
164
209
1247
883
82
197
162
1174
854
136
149
200
1152
936
81
199
196
229
1722
1438
437
165
202
1681
1161
314
200
198
1738
811
204
165
225
1394
769
129
205
258
483
99
118
198
196
178
1299
470
132
200
205
1285
537
201
201
207
845
370
117
197
244
204
102
195
195
194
219
289
181
148
202
311
182
141
201
174
186
235
115
149
148
185
281
198
194
197
193
257
303
199
199
201
208
242
135
147
149
229
259
117
151
202
174
200
81
199
202
201
188
1104
304
130
198
238
261
121
148
193
201
266
138
201
200
197
254
181
145
194
193
199
248
114
200
196
210
269
197
196
166
304
197
135
202
201
237
256
151
194
198
200
246
264
159
199
199
231
285
78
200
200
215
270
120
196
201
274
324
196
197
201
202
237
459
85
199
200
281
262
180
198
201
271
253
88
200
198
254
282
196
195
195
196
291
320
154
199
197
218
570
160
197
197
210
727
95
149
197
262
295
84
200
196
557
185
432
223
204
196
214
234
202
199
201
204
249
201
197
197
249
721
105
152
200
280
672
156
198
199
199
258
187
168
203
198
190
198
130
202
201
205
223
178
197
198
210
187
195
207
201
199
234
155
157
201
201
207
202
209
202
203
218
204
197
200
197
226
201
186
202
201
201
164
259
205
203
202
181
837
169
201
199
198
229
166
201
196
193
1126
630
202
197
194
229
1242
626
164
202
263
1400
634
175
199
230
1226
1125
119
211
227
198
199
200
200
198
225
251
205
198
198
204
1273
482
172
206
212
254
165
201
198
172
230
199
198
197
198
190
837
387
197
201
239
772
332
212
197
216
655
218
153
150
196
626
229
152
200
199
190
1136
665
177
199
197
1541
666
231
203
199
836
492
142
200
190
707
189
171
200
198
202
1320
811
91
162
178
549
111
170
198
227
705
144
201
199
186
1036
374
243
200
193
716
231
140
151
195
197
538
94
201
200
196
325
170
199
200
215
497
179
176
199
273
232
207
195
199
199
170
594
140
201
199
204
516
83
199
203
170
1677
1219
218
190
184
1302
635
138
200
199
184
536
182
201
198
216
618
164
199
197
190
1270
692
142
199
364
715
272
168
199
201
172
675
296
211
198
243
709
406
138
198
184
430
243
205
200
218
560
133
203
201
201
211
1493
1092
227
129
206
1461
1120
148
162
238
779
315
186
195
279
621
165
150
199
199
173
379
152
198
201
241
597
119
198
198
175
219
164
197
199
218
291
145
197
197
196
211
183
161
201
200
192
364
130
202
195
177
236
179
202
201
171
200
197
201
197
198
191
327
124
198
200
270
628
182
200
200
202
719
246
200
200
788
802
284
204
199
204
200
217
185
166
199
246
1271
1037
175
199
230
192
206
199
201
190
201
201
198
199
195
248
141
199
200
200
216
189
167
200
197
186
241
138
200
200
203
233
207
200
200
190
279
167
198
200
195
242
184
201
198
200
185
185
171
199
198
193
209
162
199
198
190
253
165
200
198
198
202
271
139
149
200
206
404
114
200
197
281
806
137
165
199
223
526
135
151
208
197
219
232
90
198
198
260
195
89
201
198
218
229
123
201
199
177
236
163
202
201
197
200
244
129
198
203
170
260
121
201
200
167
209
125
198
198
186
254
164
200
198
197
199
727
173
140
201
222
258
121
202
199
147
220
99
200
198
191
235
122
201
200
201
294
194
87
199
199
206
216
128
200
205
191
734
346
114
200
278
660
120
197
202
199
231
490
125
166
202
215
226
120
199
202
202
294
181
202
201
299
395
262
203
201
200
236
229
140
199
200
179
204
136
197
199
204
213
121
197
202
194
224
154
199
200
200
254
479
101
201
199
184
230
164
200
200
242
376
110
199
199
206
150
179
198
200
185
237
179
199
197
201
221
210
143
200
202
172
188
167
199
196
224
297
129
202
197
232
332
222
200
198
200
200
287
164
201
198
185
229
189
201
199
195
224
142
200
198
239
225
133
205
204
198
229
232
126
202
199
235
256
166
198
200
223
222
121
201
198
229
221
129
200
200
198
178
202
165
200
199
175
252
205
200
201
175
229
114
202
200
219
240
118
151
199
198
177
264
121
200
200
185
197
181
199
202
212
214
166
199
200
179
230
172
201
200
148
186
206
125
198
203
203
205
178
200
199
209
263
159
201
200
213
274
120
202
198
204
222
217
150
201
200
195
234
110
200
201
262
794
270
164
200
163
520
249
200
199
199
245
208
158
199
199
233
231
201
205
201
231
229
181
203
198
203
257
158
202
199
184
221
155
199
200
199
197
215
202
199
204
247
180
155
204
202
211
212
142
202
200
200
179
156
156
198
200
236
179
180
202
199
193
214
155
199
199
183
177
157
199
201
295
194
154
200
200
200
256
219
155
201
199
202
200
154
201
196
193
163
171
198
199
219
217
204
200
200
197
260
179
201
197
197
237
222
156
202
201
208
230
155
200
196
219
199
202
173
202
197
165
464
177
204
202
201
456
133
201
198
231
424
102
148
198
236
250
198
199
199
202
224
228
199
204
198
178
232
165
200
199
207
219
206
196
199
209
223
199
198
199
197
185
774
200
199
203
205
762
155
201
199
239
239
171
203
199
178
217
199
202
202
218
268
167
200
200
199
199
200
186
199
201
252
642
285
200
199
202
524
277
195
199
218
345
163
201
199
198
297
218
180
199
199
157
210
167
203
200
174
209
166
202
198
191
739
161
199
199
200
198
652
200
199
200
223
891
239
201
200
194
214
200
198
199
222
877
279
117
196
198
193
668
299
569
201
216
232
200
203
200
183
203
171
151
146
243
171
197
197
200
195
220
179
199
200
196
185
241
200
199
201
181
131
201
199
197
197
226
200
198
201
198
188
277
199
198
200
193
224
202
198
201
195
223
165
200
199
222
200
131
199
200
198
214
246
149
198
196
185
194
179
177
180
162
251
205
200
199
192
203
157
151
197
198
216
210
154
200
201
202
236
172
149
148
189
259
161
152
199
176
197
201
203
198
197
202
598
112
200
201
244
163
203
202
198
207
180
202
200
202
152
354
140
199
198
202
213
622
205
202
199
203
805
198
203
201
210
632
258
200
198
198
288
213
200
202
216
217
155
200
198
199
222
713
210
155
195
236
251
202
200
203
202
833
114
199
198
197
826
302
151
151
200
175
641
338
154
199
224
259
162
150
198
220
275
136
149
152
194
201
182
201
200
202
256
151
151
148
198
208
157
166
149
199
198
696
259
150
149
234
580
306
199
198
201
218
598
296
126
201
272
806
245
195
196
230
267
165
198
200
205
216
166
197
197
199
209
285
150
147
147
209
263
142
197
200
184
242
158
198
196
222
196
134
198
199
200
194
230
98
202
204
208
450
130
148
199
180
199
90
149
195
201
695
237
166
200
198
175
1585
970
138
195
218
1224
310
150
200
245
253
182
198
195
216
251
126
150
199
198
246
225
136
196
197
205
707
145
196
196
212
387
210
157
197
215
244
155
146
197
215
240
152
196
199
198
177
523
150
196
195
285
611
208
198
200
213
368
111
197
196
288
512
184
196
199
197
192
438
90
202
202
197
254
182
150
150
179
249
155
151
195
241
244
139
150
202
177
202
223
161
197
196
220
183
145
201
200
184
196
151
154
196
194
260
155
150
198
200
220
283
161
151
197
186
219
180
198
198
247
276
136
152
197
215
306
102
153
151
149
220
340
132
151
198
189
215
153
151
199
221
225
148
151
198
206
218
150
149
199
200
223
264
152
150
148
183
221
156
148
198
210
242
155
150
198
236
228
165
152
149
149
265
200
176
150
201
221
330
169
199
195
267
173
154
149
199
276
225
166
148
148
146
200
198
158
152
198
238
287
151
150
201
195
205
153
125
148
228
188
148
149
199
203
138
120
149
148
183
188
264
152
150
199
750
194
82
95
151
205
213
151
147
201
211
129
149
148
199
198
219
166
147
148
147
204
176
149
198
201
260
129
150
149
149
186
153
125
146
198
200
226
134
148
151
201
200
93
151
149
200
255
101
147
149
198
265
120
148
153
198
197
263
84
150
149
200
211
163
118
150
146
214
91
145
149
147
206
118
148
153
201
200
273
134
148
150
199
235
120
147
150
149
221
87
147
148
149
203
156
118
149
148
152
262
113
146
150
148
168
846
129
150
149
248
83
150
146
196
213
86
146
149
149
150
240
93
149
152
199
202
102
147
201
200
213
121
148
152
201
235
98
152
150
149
149
226
110
148
149
197
197
139
149
149
199
269
92
122
149
181
198
89
147
149
198
197
215
110
170
197
194
230
110
205
198
198
260
86
216
199
198
206
85
170
199
197
198
212
91
174
185
201
202
107
187
202
197
218
244
140
183
201
226
200
166
198
201
188
229
136
196
198
197
256
85
171
196
174
200
107
167
168
175
155
139
162
198
197
263
301
162
197
197
199
232
282
164
199
198
203
266
130
200
199
197
143
171
200
202
234
194
200
183
199
200
229
145
200
200
203
272
140
167
198
199
248
317
168
197
199
140
124
169
198
197
196
238
150
167
201
197
272
102
154
201
201
234
149
182
150
199
252
172
195
201
198
200
169
154
200
200
197
226
154
185
198
198
222
209
165
200
202
206
130
180
198
200
201
194
251
140
198
198
223
123
199
200
197
185
117
201
198
199
240
143
207
203
198
201
258
130
184
200
202
196
116
176
201
199
193
117
166
202
200
147
95
154
199
200
199
221
138
199
201
201
230
115
153
150
123
202
341
92
154
152
272
159
119
203
196
256
136
120
199
199
199
230
880
98
157
198
277
651
145
196
199
260
571
126
200
201
278
651
151
155
201
202
234
129
89
149
200
248
819
181
178
156
216
546
127
153
201
249
646
110
197
198
201
284
852
147
200
199
232
736
216
165
200
279
720
141
200
199
243
340
134
152
196
198
452
218
121
202
200
242
103
126
201
200
199
159
132
201
201
228
201
203
201
201
182
162
210
169
199
199
213
247
175
200
201
192
224
199
198
198
181
116
201
200
202
198
164
216
174
201
200
237
243
201
202
187
238
162
510
198
199
250
243
199
201
200
199
280
169
201
201
198
225
158
167
202
202
204
613
130
208
203
190
916
132
199
190
199
187
513
191
200
200
173
265
165
201
199
232
202
169
200
201
234
204
200
200
200
176
220
201
200
202
199
223
145
198
187
197
166
98
200
201
199
239
85
171
198
202
201
98
170
202
199
198
211
431
167
198
197
197
398
142
200
203
205
132
197
184
200
199
85
184
198
200
200
199
540
165
195
199
250
102
174
198
198
270
82
202
199
198
229
131
197
199
198
203
230
95
167
201
197
191
104
188
200
201
197
103
185
199
200
210
541
143
196
196
197
241
243
142
196
197
272
335
178
198
201
176
109
139
195
195
240
91
199
199
199
197
241
163
135
147
148
221
194
123
201
204
215
227
168
153
202
236
250
168
152
150
198
263
223
126
156
195
284
264
121
200
198
285
219
126
153
148
223
147
152
151
197
199
210
186
154
154
150
189
231
174
198
200
188
199
99
163
163
316
218
122
161
161
193
392
96
204
199
201
224
539
138
145
196
273
258
154
150
199
207
231
155
194
195
197
290
241
164
202
199
227
214
235
200
198
199
184
220
202
199
201
184
199
202
195
266
189
153
197
199
198
329
233
149
198
195
205
252
155
196
197
254
243
151
197
201
182
242
152
200
200
199
202
220
174
198
199
297
397
180
197
201
308
172
156
200
199
182
212
161
200
164
198
190
248
133
199
200
232
204
135
198
199
204
251
199
199
202
250
203
155
195
199
198
258
187
110
177
199
223
437
129
180
200
191
270
147
199
198
237
266
108
205
200
197
213
228
154
199
201
319
1896
331
311
167
234
704
313
199
180
162
146
192
171
200
201
210
658
132
125
201
192
498
121
202
199
266
195
157
200
200
207
303
156
199
198
197
214
215
179
183
198
253
240
156
200
200
209
159
155
198
200
230
234
168
200
201
200
170
208
104
200
201
199
1048
393
146
200
202
967
197
180
198
246
223
199
199
200
228
184
154
199
202
198
208
204
199
204
200
223
230
149
199
201
171
205
151
198
200
174
196
198
186
200
202
204
1168
453
186
198
185
714
88
199
201
186
877
153
204
201
235
212
113
200
201
200
194
590
123
201
198
206
504
147
153
199
230
191
152
199
535
173
186
169
199
199
198
209
402
140
200
202
233
225
200
203
198
205
235
198
200
198
173
178
153
199
197
197
214
209
155
198
199
238
197
181
198
201
197
347
178
167
202
216
240
127
151
198
199
247
172
127
149
202
187
134
170
199
198
204
216
171
199
201
288
281
129
200
199
199
223
224
152
200
199
218
209
154
201
200
207
204
162
200
201
220
163
198
198
197
219
225
211
198
199
199
200
246
201
201
199
202
209
156
198
199
183
210
157
200
199
178
228
155
201
200
203
194
230
150
202
196
200
247
156
201
198
187
179
200
203
201
164
206
202
202
199
199
187
251
156
200
195
174
265
152
202
201
199
212
201
199
201
159
217
203
202
201
199
228
197
124
198
202
187
196
200
199
199
199
208
154
202
199
182
238
203
198
201
182
151
1158
478
164
200
207
1056
336
166
198
222
687
102
197
201
237
536
152
198
198
197
217
230
135
200
198
228
192
159
199
184
173
204
140
199
147
218
270
159
200
198
198
216
244
123
200
203
169
188
116
198
197
177
196
139
198
202
197
191
118
202
187
200
182
265
121
198
200
217
297
165
200
201
237
234
139
204
198
218
247
134
198
200
195
263
217
119
197
204
210
231
164
177
199
210
251
164
198
199
222
244
131
154
204
187
306
120
200
201
200
195
228
121
154
198
203
216
155
198
203
192
218
202
188
200
188
228
166
198
196
169
158
211
199
197
202
229
201
200
198
198
193
180
201
197
199
203
185
202
198
200
199
217
552
192
204
205
238
430
193
166
200
201
185
165
199
201
185
212
166
202
199
199
166
147
166
199
201
213
204
166
200
201
165
145
124
201
199
213
179
166
201
202
198
161
176
192
200
199
233
173
165
198
199
194
207
169
201
201
234
205
167
201
199
204
180
215
164
202
200
174
175
173
202
200
202
149
168
197
199
242
203
171
200
201
200
195
188
167
200
199
187
197
165
200
202
178
108
212
199
199
196
99
198
202
203
201
221
219
167
200
199
209
182
120
199
201
188
241
187
200
202
187
212
164
200
201
198
207
207
163
203
198
195
221
166
200
201
187
155
141
150
197
218
243
165
198
201
201
160
201
166
201
201
188
194
174
200
199
152
157
165
199
201
204
247
170
202
199
176
807
104
164
197
200
289
274
177
200
200
271
221
165
199
199
210
230
215
197
198
249
185
163
203
197
201
229
226
164
200
201
187
239
165
200
199
190
235
166
199
200
196
253
167
199
199
200
189
243
166
199
200
256
211
147
151
199
200
245
166
197
199
185
194
165
199
198
200
232
232
203
201
201
200
216
334
118
203
201
200
200
176
197
200
613
238
120
152
129
149
160
198
301
119
119
199
201
197
189
418
142
132
148
199
191
234
163
150
149
153
207
218
124
199
204
259
269
151
201
201
211
215
148
153
199
198
293
144
203
201
199
205
216
120
149
199
197
219
120
200
200
245
243
123
198
202
245
172
163
202
199
208
216
159
147
198
197
277
248
181
148
199
218
266
126
197
200
248
227
157
149
199
291
268
141
150
200
201
299
284
125
151
149
221
241
116
151
200
268
271
133
152
199
175
218
115
152
151
149
232
219
167
199
200
193
213
201
197
196
258
183
163
198
200
200
228
133
162
198
200
204
291
167
198
199
227
252
166
198
196
190
219
163
198
201
229
288
202
200
195
197
221
210
204
202
205
167
220
164
204
197
192
180
117
199
201
201
239
166
199
199
199
181
234
197
197
197
224
109
165
198
199
226
182
214
143
197
226
709
106
196
197
198
219
795
157
168
200
244
252
175
200
195
196
223
203
198
199
246
147
149
150
150
151
177
235
124
200
200
223
312
118
149
150
180
227
114
151
149
238
287
119
151
201
192
206
121
200
201
200
256
234
129
151
200
221
293
117
202
201
186
234
117
200
200
248
203
117
201
196
198
229
204
119
149
150
192
269
120
150
197
1024
172
118
184
202
243
267
175
148
198
195
214
178
117
151
198
213
212
153
150
201
239
272
120
151
199
228
286
158
198
197
169
161
162
167
200
201
240
211
121
150
146
191
180
121
197
198
254
256
163
196
200
197
168
241
139
197
198
196
244
165
198
198
233
257
118
196
196
256
220
138
198
195
196
195
195
119
198
199
242
224
118
198
198
226
203
130
197
199
226
242
166
156
198
197
234
279
163
197
197
228
204
115
202
197
231
231
138
198
197
212
302
137
198
198
198
186
234
149
201
198
211
189
120
203
200
181
190
156
198
198
222
215
137
200
200
199
181
196
571
198
199
217
191
122
199
199
236
199
140
200
200
149
209
122
199
203
199
232
229
171
201
199
230
182
187
199
167
205
234
156
199
202
219
191
115
201
203
205
218
139
202
201
201
189
225
156
150
201
176
204
139
125
198
202
590
101
200
197
228
1439
944
244
176
201
255
281
132
200
199
234
248
203
200
199
216
224
149
199
198
216
202
163
197
198
197
190
279
172
200
195
215
225
153
195
197
239
254
168
195
201
208
224
199
198
196
197
229
263
152
195
198
242
260
153
199
198
210
212
154
197
196
233
249
172
197
198
196
238
189
148
196
196
193
239
152
196
199
199
183
198
195
197
212
210
119
200
200
203
259
853
130
156
203
239
217
167
198
198
249
1005
145
117
202
196
521
118
200
198
199
207
416
114
201
200
233
444
168
198
199
235
572
169
197
197
221
488
101
198
195
191
258
174
148
147
195
270
233
123
204
200
223
292
117
197
199
261
960
433
188
198
197
296
941
449
192
138
217
277
135
140
165
174
210
154
153
148
217
211
121
149
151
267
288
124
149
150
149
178
258
116
148
147
252
270
120
152
201
219
242
114
155
149
229
218
123
152
199
201
217
291
117
199
191
189
209
120
154
150
175
235
123
201
201
196
212
163
200
200
202
214
212
134
198
201
227
144
150
197
198
269
122
145
194
195
175
121
148
199
194
196
202
117
148
148
151
191
109
196
195
197
253
131
197
197
200
198
132
199
199
201
196
216
117
148
196
198
317
224
201
198
199
245
848
198
197
199
233
878
195
201
196
199
276
746
134
200
200
194
240
172
197
199
261
185
119
199
197
172
171
168
181
203
202
204
169
121
197
200
183
176
200
199
200
210
211
118
200
199
216
205
118
151
149
150
180
227
118
198
199
236
243
150
201
200
199
243
169
203
201
218
565
142
128
201
191
225
156
209
197
202
237
220
166
198
202
199
271
176
198
197
213
537
188
141
199
265
246
92
200
200
197
213
150
126
152
201
232
246
124
203
201
271
268
117
153
202
227
273
155
151
148
149
235
177
132
154
150
185
246
122
151
197
220
284
125
154
150
204
239
158
199
203
199
204
197
176
147
196
194
228
178
156
201
227
107
148
200
199
216
108
152
153
151
149
179
134
148
151
600
187
116
147
149
125
189
186
120
149
148
234
151
119
152
148
148
184
226
121
151
197
175
267
117
152
201
272
223
143
201
198
241
272
142
151
200
201
240
227
125
203
200
211
296
135
152
150
213
252
101
199
200
208
286
98
152
148
235
269
111
151
146
149
254
1325
661
98
199
230
1019
496
156
193
415
835
152
197
198
218
282
124
195
201
195
213
239
206
197
196
272
228
163
196
199
273
225
154
199
198
207
225
173
201
199
201
198
212
179
201
200
189
242
162
199
201
198
189
157
152
148
192
226
150
197
202
199
212
1062
277
173
198
288
1019
244
213
168
263
614
114
198
196
220
333
120
198
197
198
261
231
151
202
198
259
205
154
196
200
182
247
151
194
197
177
227
163
197
200
200
198
241
199
195
202
190
239
121
197
197
231
850
142
162
201
269
712
132
162
197
198
211
339
182
200
199
211
264
150
200
202
243
211
200
197
199
218
194
166
198
199
197
261
239
132
198
202
205
243
134
163
198
200
250
97
196
197
234
228
125
196
198
197
246
276
164
196
197
216
207
93
198
200
227
221
100
199
202
185
268
97
199
197
198
270
218
164
198
202
247
715
118
199
198
231
513
121
196
200
224
238
132
198
197
169
397
84
166
203
206
187
377
147
169
206
242
234
150
200
198
165
177
153
199
198
196
166
152
198
199
199
182
104
200
199
197
185
89
196
199
199
308
277
199
198
199
189
168
150
197
199
205
239
228
149
199
198
226
232
154
198
199
219
261
157
199
149
248
209
150
198
196
196
196
248
199
203
151
165
264
157
200
198
236
239
174
200
198
235
223
149
199
196
318
276
279
173
199
197
203
230
153
198
195
253
217
186
200
200
178
106
153
197
197
199
235
199
178
198
198
191
119
152
202
200
221
104
201
200
200
233
136
153
200
198
200
183
227
167
201
200
182
204
176
199
198
223
202
199
199
197
197
176
182
200
205
160
206
155
199
199
200
218
270
156
195
195
232
274
175
200
200
221
264
153
199
196
229
228
154
195
198
198
203
221
151
196
200
217
222
200
197
194
206
202
154
198
199
227
236
201
201
198
201
201
189
153
199
201
215
225
170
198
197
228
205
201
203
200
214
205
157
197
198
196
198
183
171
200
199
187
752
95
94
198
245
157
200
202
184
161
190
166
198
202
198
176
193
201
200
197
204
187
175
198
199
209
138
154
199
200
211
208
158
201
202
199
206
148
199
201
199
196
189
199
202
201
239
103
196
198
198
228
278
200
199
199
199
219
197
197
199
200
224
171
197
200
201
197
157
200
199
197
229
257
197
196
195
196
198
194
149
197
196
227
176
142
199
198
235
279
120
152
199
176
239
163
200
202
201
302
267
201
197
196
296
292
166
197
199
185
209
121
203
200
225
245
119
152
199
198
235
189
120
151
199
204
210
131
149
149
181
287
154
151
150
217
184
132
150
199
198
257
290
163
203
200
232
232
199
199
198
225
215
164
197
199
221
258
141
148
197
176
238
182
152
148
152
172
224
135
199
201
201
225
120
150
199
206
304
117
150
151
189
214
121
150
149
151
174
225
150
149
149
161
137
119
151
201
204
164
177
148
148
206
263
130
151
151
151
169
274
140
200
199
260
272
141
150
199
280
257
97
150
199
224
171
150
150
150
148
221
241
146
201
199
232
253
151
153
199
280
248
154
148
150
189
273
162
197
196
197
183
131
170
200
200
279
213
152
148
144
214
271
170
149
149
217
200
152
150
146
147
220
201
120
148
198
204
252
122
200
201
228
279
128
199
199
270
120
120
199
195
200
285
299
226
229
200
276
179
140
201
198
229
243
143
154
198
211
208
197
179
196
198
169
247
108
173
200
233
259
141
150
197
235
233
132
150
150
319
227
119
148
152
172
223
162
149
200
197
255
255
161
150
149
333
252
114
148
147
197
215
125
198
204
251
275
148
148
198
200
210
175
118
149
197
270
251
142
150
150
307
269
148
149
147
224
246
126
151
201
197
259
301
180
148
202
215
274
172
150
195
246
344
164
149
148
270
283
112
197
200
199
265
321
160
198
197
230
261
104
199
196
185
203
158
201
197
213
254
165
201
198
198
215
267
139
199
198
189
299
163
203
199
187
229
120
200
199
225
224
118
150
199
198
249
178
179
197
195
227
184
121
202
200
186
214
168
200
201
231
244
118
199
200
201
195
226
154
199
199
206
222
155
202
203
170
191
148
198
202
211
213
200
200
201
168
184
139
199
198
201
164
205
120
200
199
203
215
176
580
199
198
207
157
200
198
189
179
170
200
196
197
179
222
200
199
201
195
215
121
197
198
204
209
204
203
199
208
162
122
200
199
200
241
230
153
200
198
211
205
124
202
197
197
192
123
151
199
222
205
156
203
198
197
252
184
161
203
199
175
188
157
197
201
185
234
199
198
198
192
98
201
203
203
201
176
118
203
196
196
211
118
148
199
198
196
111
197
198
199
208
147
200
202
198
199
209
119
142
199
199
226
139
147
200
196
221
116
195
199
198
188
174
156
200
202
199
210
242
157
200
201
203
189
156
199
200
210
179
157
198
198
220
236
158
200
201
200
191
240
202
198
201
180
210
157
198
198
223
194
154
200
198
195
207
155
198
198
202
179
214
137
202
200
203
246
117
203
203
209
178
122
204
203
209
201
166
200
201
178
168
140
201
200
203
201
182
132
198
200
203
201
157
201
200
196
224
119
150
200
235
304
163
199
201
199
235
215
199
204
199
228
189
166
199
199
250
208
128
200
201
223
156
169
200
201
197
256
231
173
199
200
224
147
167
200
200
240
274
165
196
198
204
195
165
198
200
202
187
296
175
179
198
211
174
165
201
199
298
233
126
201
197
197
211
172
200
199
201
305
223
178
201
197
236
219
173
198
197
256
242
167
200
200
248
225
163
198
201
198
184
281
141
201
201
218
239
167
198
198
299
207
210
201
168
253
218
142
200
200
198
284
282
201
199
204
170
221
201
203
198
232
115
200
198
198
314
121
166
198
200
199
173
1016
227
202
200
253
187
125
198
201
196
174
143
196
197
224
130
148
193
198
200
258
866
124
129
198
192
756
153
154
183
295
108
149
196
196
237
109
144
196
194
214
104
119
201
199
198
210
88
150
198
198
213
82
148
196
195
328
87
145
199
201
262
154
147
198
200
198
239
143
146
200
199
312
158
150
179
196
182
115
149
150
199
212
90
132
148
199
197
207
106
124
150
201
275
103
131
150
198
206
110
126
200
200
247
197
197
199
197
198
237
93
181
197
200
204
141
169
200
199
211
90
147
197
199
306
102
159
196
199
195
232
150
148
196
198
263
95
175
197
195
240
89
156
196
199
265
88
117
164
198
195
284
131
146
195
196
213
92
172
196
196
231
136
147
202
201
750
100
130
174
202
196
256
199
199
198
177
191
202
203
174
201
235
86
121
202
201
205
88
200
200
197
203
254
129
189
198
197
224
135
171
198
201
185
133
202
202
200
256
132
199
198
199
201
209
138
198
199
199
249
144
200
200
199
205
115
202
202
190
176
172
206
196
201
242
196
155
149
148
148
188
166
201
200
200
228
95
200
198
198
265
107
194
198
198
221
119
198
201
178
199
177
120
201
199
198
209
139
157
148
197
216
139
197
198
204
218
123
150
151
201
199
216
83
198
197
197
225
88
198
201
198
213
83
170
198
199
260
93
167
199
198
203
182
86
194
196
202
254
114
197
198
198
209
82
178
199
199
202
90
192
186
199
200
224
83
175
197
200
214
92
199
197
201
272
81
198
196
195
227
111
201
201
198
202
190
120
198
197
199
221
141
171
197
202
207
146
201
195
197
225
99
198
198
197
199
246
130
204
194
198
258
123
199
199
199
217
128
202
202
200
269
110
187
199
206
212
328
119
118
152
201
202
150
201
197
198
239
138
152
199
202
275
143
149
151
149
149
216
135
153
148
199
202
91
148
202
199
186
172
151
198
196
199
176
152
148
198
178
134
155
199
201
197
220
148
151
148
150
183
168
150
200
200
198
112
127
148
200
206
131
151
199
198
199
190
108
149
196
197
240
127
150
199
201
198
154
154
197
199
214
146
203
200
201
200
269
133
125
195
200
224
123
151
199
198
251
696
114
115
147
199
633
208
195
197
199
249
644
179
200
197
227
691
151
195
196
593
156
154
198
198
208
418
200
198
198
199
229
554
177
164
201
244
658
167
199
200
1183
1035
213
163
200
220
640
107
197
195
201
223
783
97
199
198
221
829
87
163
196
233
784
106
186
198
213
249
198
195
198
195
194
212
198
196
197
198
192
197
196
195
184
213
196
199
198
218
222
201
199
195
232
223
201
198
198
200
196
226
197
196
198
201
218
197
197
196
213
263
199
196
196
167
167
198
198
197
197
212
230
198
197
198
211
173
168
197
194
231
284
196
196
198
212
209
195
169
197
198
194
240
197
201
199
215
218
199
197
198
177
131
199
199
199
233
153
197
195
194
196
207
179
155
199
199
198
224
153
197
197
200
210
152
186
199
196
161
544
199
198
197
190
262
201
196
196
260
133
147
196
197
268
144
150
153
200
215
116
168
138
199
197
256
130
119
153
196
235
98
198
154
200
260
145
199
197
197
313
115
147
147
197
199
274
96
146
195
195
234
111
149
149
146
254
263
177
197
200
266
232
173
148
150
148
181
163
153
202
198
219
222
158
150
198
224
201
155
148
199
238
303
157
147
201
229
265
162
149
197
197
198
205
151
198
199
206
181
156
145
197
268
220
200
200
198
201
105
149
198
194
197
232
139
151
151
200
238
87
148
149
196
259
119
149
150
199
207
109
150
148
202
197
207
109
147
149
195
212
107
151
151
199
274
132
151
154
200
293
103
148
199
195
196
241
202
151
152
200
230
278
202
199
197
250
302
167
199
197
263
200
156
156
148
202
265
275
165
200
200
281
115
150
150
197
243
263
157
199
200
245
261
157
152
198
202
230
250
202
199
198
268
224
159
152
149
265
246
163
201
198
237
112
154
150
200
196
239
233
86
150
147
213
194
153
152
200
337
263
161
150
197
263
261
164
150
198
198
252
218
163
152
200
199
208
158
201
198
237
271
168
151
201
220
250
155
196
198
200
225
1271
744
160
203
226
249
163
117
200
256
401
127
168
202
205
226
223
201
200
207
251
181
199
200
199
235
249
169
201
197
207
177
122
198
199
200
205
126
202
200
161
189
120
200
200
202
171
206
185
204
200
171
151
155
198
198
228
171
154
198
199
209
203
153
204
202
199
186
201
202
203
204
207
223
153
200
204
194
195
178
202
200
198
172
200
200
199
199
220
200
157
199
200
191
195
157
201
198
175
185
170
179
202
214
274
155
183
198
199
237
223
203
206
198
204
175
151
202
198
234
230
201
198
198
237
244
201
195
198
196
202
219
150
199
197
191
257
185
194
194
197
238
153
195
200
203
222
161
200
200
198
217
237
157
199
200
196
198
155
201
201
207
208
157
196
196
226
268
173
199
201
200
209
193
150
197
202
280
225
148
198
201
245
223
199
195
197
211
246
198
196
194
198
220
149
196
198
198
182
153
150
195
197
229
228
198
199
199
223
191
198
198
195
287
1419
579
191
197
197
384
635
148
208
200
320
633
194
200
198
435
586
226
199
196
222
212
156
196
544
194
236
202
197
196
200
237
195
155
202
198
213
215
130
149
201
184
202
154
200
202
200
186
214
199
200
202
245
191
154
198
198
209
209
178
201
200
184
193
201
200
202
202
207
251
201
197
201
206
216
158
200
200
170
196
198
201
199
240
173
158
198
199
199
210
208
155
199
198
175
194
157
201
197
189
204
159
199
200
196
166
176
200
198
189
175
192
157
200
200
209
183
164
203
199
194
151
157
198
198
228
220
166
203
203
199
216
199
202
201
199
211
200
162
200
191
169
187
201
200
198
240
203
179
201
202
199
212
218
155
200
200
199
211
116
200
199
207
200
85
131
198
247
232
162
207
188
201
177
207
164
200
204
180
238
168
200
200
208
192
200
202
202
203
247
201
200
203
196
195
201
201
199
201
227
165
207
188
199
241
249
202
200
198
206
183
161
152
149
255
233
163
200
202
198
266
247
175
152
200
206
241
168
152
198
243
206
168
153
201
219
218
159
154
201
197
206
250
157
146
174
297
283
132
177
178
276
223
162
153
148
189
239
168
152
199
199
194
269
136
152
199
234
269
155
199
199
233
271
130
203
201
220
247
199
199
201
204
283
170
152
197
199
203
218
202
197
196
228
230
163
201
166
177
183
164
203
201
202
204
207
157
198
202
217
214
151
204
200
223
181
199
197
199
232
184
152
200
199
202
165
161
159
200
201
205
233
198
200
201
161
171
199
202
201
178
191
201
197
200
199
187
183
206
200
196
186
164
199
196
196
193
129
197
198
197
180
163
199
200
197
197
214
199
200
200
202
191
188
203
198
200
193
203
197
198
199
170
165
207
197
203
197
1393
700
97
198
194
193
605
115
200
199
181
862
125
148
196
200
195
196
199
198
196
201
202
197
201
199
160
169
198
198
198
198
212
198
199
198
203
217
203
196
198
213
178
198
195
198
197
177
186
203
195
196
182
196
204
197
197
220
178
198
198
198
201
138
200
198
195
195
216
139
202
199
200
192
99
196
203
199
198
97
197
197
198
166
130
197
199
197
195
171
98
198
198
198
213
107
199
198
199
213
161
198
201
202
228
111
198
199
202
200
190
123
196
197
199
225
124
199
200
200
199
116
202
199
198
230
1199
501
162
200
198
260
573
81
199
198
703
797
161
129
201
176
130
205
199
199
182
204
163
199
195
238
155
199
197
196
193
184
168
199
198
196
189
152
165
198
199
189
190
163
201
195
200
219
163
199
197
198
205
203
200
200
195
160
196
164
198
193
184
195
163
197
197
204
229
200
198
196
194
172
224
199
197
196
181
149
198
197
197
176
207
97
195
198
242
190
201
197
196
196
185
190
199
198
196
174
183
209
200
197
180
223
196
196
197
183
214
197
198
198
198
193
202
204
201
200
194
238
178
198
201
205
193
207
200
200
180
175
153
198
199
197
210
224
97
197
200
170
189
120
195
201
225
229
171
193
194
182
208
204
196
198
195
191
185
200
194
195
213
177
199
197
198
212
187
202
197
196
190
202
170
197
200
197
212
177
198
199
200
209
202
204
196
197
192
201
201
198
199
175
199
198
199
201
179
199
184
198
200
199
202
145
210
197
196
216
174
171
199
196
184
182
169
174
200
169
210
164
201
204
203
210
219
165
207
201
215
205
164
162
198
183
213
199
198
200
181
187
168
194
197
193
207
186
201
201
198
223
206
179
196
197
188
159
201
196
197
193
250
165
199
195
194
220
291
163
195
196
209
193
186
197
198
290
219
152
198
199
192
212
134
198
200
195
245
243
203
195
198
207
198
197
200
201
264
285
149
197
199
230
211
169
197
198
199
236
264
196
197
199
209
223
179
155
200
219
188
132
200
197
205
222
154
199
201
200
179
223
199
198
199
192
226
156
199
200
213
255
158
199
200
250
211
166
200
198
202
217
205
119
198
199
201
185
132
199
203
225
229
114
203
200
215
220
167
200
200
200
214
144
193
200
202
170
180
132
196
197
172
114
198
198
195
182
133
201
200
197
197
126
151
200
199
198
186
129
152
200
196
224
268
150
198
197
192
189
200
198
198
202
200
153
195
196
196
240
200
154
198
197
198
205
167
197
195
246
223
154
195
197
205
112
153
201
200
198
161
142
151
200
197
222
106
151
198
197
220
101
199
199
199
216
184
151
200
203
199
208
123
152
198
200
209
98
151
199
200
201
181
151
199
199
214
92
151
197
200
197
183
146
175
198
196
204
117
151
196
197
195
122
131
198
195
219
165
156
199
195
197
181
201
154
200
200
250
203
557
202
197
274
226
155
200
199
262
246
155
199
197
199
271
109
149
199
200
237
334
199
199
201
243
270
167
197
197
199
274
197
198
202
199
188
217
200
199
201
183
254
201
200
199
232
100
198
202
198
182
143
197
198
197
235
298
201
198
197
196
202
250
162
195
198
226
188
157
198
197
296
173
148
199
198
229
139
133
199
197
199
215
132
201
196
198
210
143
152
203
198
235
86
199
199
194
206
127
198
196
195
197
253
107
199
198
198
211
148
146
197
200
193
117
150
196
201
178
184
151
199
200
196
192
189
133
196
201
223
189
152
199
200
211
205
137
149
202
181
236
139
202
199
202
180
161
154
200
201
200
206
179
203
199
190
209
121
198
202
211
224
179
200
199
199
147
196
154
200
204
166
181
154
199
199
226
197
119
148
199
193
211
121
200
200
202
181
159
120
199
198
192
202
119
200
200
234
187
156
199
200
189
185
133
201
199
203
193
183
170
198
201
201
195
119
204
201
204
147
153
198
152
159
149
130
175
199
198
224
214
121
201
201
171
221
170
199
171
177
153
95
199
197
186
98
153
200
201
212
119
153
198
200
198
203
104
198
199
199
187
103
198
198
200
158
170
197
200
199
210
156
198
200
198
199
180
163
154
200
199
225
122
151
201
201
254
102
155
198
199
179
212
200
196
197
198
244
219
153
193
196
225
866
192
108
147
244
294
131
199
196
218
769
239
131
198
198
230
249
122
199
199
265
205
152
197
197
191
199
154
198
199
232
246
153
196
196
193
302
233
197
195
200
301
246
179
194
199
217
230
153
198
196
286
205
147
195
196
196
244
210
156
168
196
253
156
198
197
195
241
117
198
197
195
200
84
198
198
198
198
250
152
196
198
196
239
203
167
196
199
185
112
196
199
199
167
172
201
199
200
199
229
107
199
197
200
237
114
189
197
198
233
111
201
197
200
200
140
119
151
149
151
214
105
172
201
198
211
92
150
201
198
252
122
148
198
197
222
177
150
196
200
202
131
198
200
200
199
228
114
148
202
201
186
153
152
199
202
179
183
201
199
201
191
213
178
203
201
201
220
211
164
199
201
217
229
166
200
200
190
217
208
198
203
169
204
203
202
202
199
193
183
159
201
200
178
243
169
201
605
196
162
149
202
199
240
152
198
198
197
200
201
136
150
200
202
242
94
150
197
197
213
154
151
198
196
242
133
153
199
199
202
221
109
151
201
197
228
129
151
199
197
274
118
149
197
196
238
161
199
198
199
198
204
111
150
199
197
220
180
154
199
199
207
108
155
201
201
199
221
276
93
181
195
146
178
149
219
242
87
174
198
128
199
203
183
201
208
211
192
176
195
163
198
210
283
214
104
145
150
167
196
200
180
133
198
199
174
197
195
201
86
180
196
197
206
147
153
200
198
197
181
195
161
194
196
245
194
152
198
199
254
231
174
200
196
189
203
152
199
196
198
205
247
199
197
195
198
217
152
197
196
227
167
179
198
200
260
215
157
196
199
197
214
237
159
196
198
239
247
153
199
200
202
255
203
198
198
210
216
198
197
200
197
204
165
156
199
200
201
224
156
198
197
201
268
201
196
195
197
197
155
195
198
202
281
221
204
197
195
273
205
154
197
196
218
216
174
198
203
240
87
141
167
161
162
246
166
163
164
175
245
139
149
197
197
223
101
194
204
200
252
151
199
201
198
197
226
151
149
198
199
245
108
147
198
195
198
102
147
196
198
244
144
148
197
200
197
257
135
196
200
197
190
145
151
196
199
266
122
196
200
195
264
141
148
196
198
197
176
106
194
195
198
245
126
148
199
201
177
229
153
196
197
238
106
199
197
197
260
248
197
196
198
198
211
178
202
196
199
185
271
198
198
198
197
212
158
201
196
193
201
156
152
150
202
145
189
159
199
197
168
225
150
197
199
224
143
151
202
197
279
108
197
199
196
149
209
840
136
80
246
185
835
93
203
198
251
770
159
127
201
212
208
196
195
202
200
226
182
198
202
198
205
241
200
197
199
219
235
157
146
197
200
231
201
197
200
196
191
195
182
198
201
238
208
150
195
197
204
210
199
198
200
213
155
154
198
198
199
235
208
201
198
199
243
197
158
197
199
175
186
162
201
199
211
210
163
199
197
196
197
219
158
197
200
209
198
153
200
198
207
178
159
149
196
196
205
162
198
197
197
152
223
156
197
196
226
164
200
200
199
194
219
154
152
194
185
206
151
198
199
269
236
158
200
200
197
183
246
162
203
198
241
195
156
197
203
180
707
108
144
199
232
217
175
199
199
195
175
193
167
198
201
189
201
156
200
201
176
177
155
197
201
223
195
151
147
196
199
168
176
197
200
199
239
220
158
196
196
221
152
165
199
199
210
207
157
200
198
197
194
224
159
200
201
139
172
204
200
197
200
220
202
201
200
219
181
164
197
200
198
216
259
155
196
199
224
175
155
197
198
206
212
199
200
197
196
200
182
198
198
199
172
210
211
199
202
219
189
157
200
197
202
182
161
200
204
185
182
148
201
201
200
183
836
152
139
198
240
819
184
108
200
242
616
107
200
200
195
108
125
200
201
197
181
164
151
197
202
201
149
149
198
197
221
124
198
197
197
185
107
197
198
198
200
212
125
198
195
198
267
88
149
197
197
252
142
147
199
198
225
104
150
195
203
197
211
114
199
198
194
295
90
195
197
194
255
96
149
200
196
172
107
195
199
199
197
135
200
200
199
200
267
115
147
197
196
222
735
111
202
200
200
1931
1390
512
212
252
913
243
143
204
167
222
228
176
166
162
190
197
200
197
197
194
662
204
118
194
227
258
121
195
199
201
168
195
126
199
200
263
286
158
199
198
229
237
160
200
199
174
200
174
202
202
197
190
212
154
196
196
218
171
157
197
199
233
229
164
201
196
184
216
144
198
197
196
180
257
164
199
198
222
179
125
203
199
205
127
129
202
198
221
266
120
151
153
199
177
142
180
197
197
204
230
192
202
198
276
226
120
202
200
237
208
152
200
202
196
202
240
128
200
199
191
263
143
199
200
190
164
176
198
198
214
234
116
199
199
196
143
117
153
200
198
175
227
183
199
201
191
102
195
199
171
193
270
140
196
197
196
187
189
156
199
197
210
215
156
197
196
204
217
154
201
200
245
235
204
198
197
184
218
154
198
197
196
186
180
200
200
199
200
227
200
196
199
217
233
175
201
201
199
169
154
203
199
200
179
189
153
199
201
196
160
119
199
199
186
201
138
201
199
199
219
125
201
199
198
210
188
134
200
201
174
182
160
198
199
199
185
176
197
201
302
275
198
198
200
199
177
233
116
197
198
182
233
125
195
196
230
151
158
197
197
218
282
199
195
198
196
201
212
174
199
199
242
200
199
197
196
223
202
204
196
199
206
277
135
618
194
196
243
252
174
197
167
192
590
156
114
196
237
493
165
127
195
225
484
115
152
198
198
204
587
188
151
195
274
218
158
198
199
177
179
201
199
196
206
308
198
198
197
216
234
139
197
201
194
209
216
198
197
201
266
220
157
198
199
265
238
173
198
205
259
245
124
166
197
201
248
218
144
197
196
232
177
124
198
201
251
799
344
148
197
273
769
351
201
198
198
253
480
132
198
199
231
271
198
198
196
192
212
174
199
201
192
219
200
201
198
200
220
186
178
199
201
240
1027
347
119
197
234
712
170
119
199
235
209
132
154
151
147
211
303
178
147
147
213
203
160
200
198
190
237
166
199
201
233
166
165
199
198
200
209
256
121
203
196
240
266
159
198
199
233
176
200
161
198
281
207
175
201
199
198
261
207
163
200
197
236
275
157
198
199
223
1292
819
152
77
277
716
127
198
198
200
201
827
134
131
197
235
788
140
149
153
211
636
175
147
153
258
778
156
122
199
199
192
264
151
200
199
195
265
118
198
196
188
173
153
151
195
233
265
154
148
197
198
229
199
159
198
197
197
301
134
151
199
263
858
101
127
151
177
177
119
125
150
242
309
150
150
199
199
210
205
140
150
150
193
241
122
154
205
200
206
116
160
202
165
178
156
148
201
171
228
217
157
199
201
189
226
128
202
198
197
244
166
149
200
234
213
156
199
199
199
198
263
170
196
194
204
111
200
197
198
226
203
179
199
166
230
189
176
147
146
148
198
195
148
144
196
200
384
95
217
198
221
279
123
120
196
191
121
152
115
197
200
216
230
116
198
198
219
367
117
154
198
267
227
129
167
198
199
247
103
115
148
199
183
228
119
113
148
226
243
160
201
197
215
254
199
198
198
230
184
128
164
198
196
177
235
146
146
197
221
229
124
150
201
179
173
153
151
199
217
237
129
201
199
202
211
252
118
203
197
209
1019
96
166
196
230
638
137
199
199
235
273
122
201
197
174
176
147
196
199
169
220
310
122
150
199
241
230
153
151
199
204
196
132
126
199
224
266
158
147
148
149
183
265
175
151
149
178
219
120
148
199
207
281
179
151
199
192
251
198
200
199
198
182
195
110
96
201
193
173
144
199
195
238
200
124
148
150
203
271
120
149
148
566
196
240
151
150
200
183
218
199
197
201
262
208
154
200
199
204
241
175
148
198
198
280
263
157
147
202
263
270
156
197
195
191
213
153
150
149
269
215
151
149
196
200
241
137
146
147
196
217
204
156
153
197
237
206
181
152
197
215
236
167
150
201
196
182
162
159
152
148
184
247
148
197
199
226
260
157
148
198
180
222
156
152
150
206
218
152
154
196
196
199
245
180
151
199
215
273
201
200
199
270
1129
219
143
148
196
229
656
146
150
197
207
618
124
152
149
239
110
151
147
149
200
149
150
148
197
243
140
154
148
197
199
234
117
152
151
150
222
161
196
196
194
239
171
118
113
196
246
208
205
202
197
203
239
893
112
190
203
238
223
153
201
196
271
182
158
198
198
223
255
156
196
165
198
225
194
160
197
196
174
227
154
197
199
259
125
199
194
198
223
220
201
196
199
199
203
232
200
196
196
198
218
155
198
196
255
267
162
165
195
271
209
198
199
201
201
225
596
142
147
194
201
598
101
92
176
220
658
121
166
198
186
663
122
201
200
196
174
219
153
199
197
180
215
173
150
200
264
164
199
199
199
233
211
199
199
199
196
166
231
199
194
196
223
237
197
196
196
208
275
166
199
197
235
194
199
196
199
244
175
197
195
199
195
197
253
197
196
199
221
267
196
196
171
237
263
165
159
163
205
271
161
163
160
197
231
231
168
195
197
276
183
196
197
198
223
245
198
200
198
216
197
199
196
200
198
177
195
198
198
198
248
244
149
165
198
176
222
152
147
200
192
269
135
201
196
197
239
236
152
148
149
215
225
154
147
199
182
187
134
149
146
183
162
107
148
195
199
201
235
157
144
145
165
234
151
146
146
171
179
201
201
198
209
230
199
193
196
199
210
1230
488
176
199
194
842
141
134
173
259
775
98
130
175
219
620
101
198
196
196
189
241
197
196
201
247
224
199
193
196
152
1089
255
132
140
263
298
197
197
197
199
193
839
190
195
200
210
889
175
209
199
192
723
156
150
147
199
705
148
104
197
258
286
195
196
199
198
235
208
197
196
198
237
191
167
197
198
204
247
197
195
198
282
307
201
196
197
200
258
218
197
196
198
263
210
199
198
198
186
229
185
172
195
199
190
202
196
196
198
233
842
86
142
196
233
189
124
147
196
196
248
154
197
198
265
296
197
198
196
197
218
178
198
197
200
246
119
174
178
195
188
271
199
196
200
239
225
200
200
200
200
216
270
157
148
150
206
252
196
197
200
298
300
200
201
200
189
209
162
211
200
203
243
1008
164
101
199
184
1047
203
165
201
233
803
201
145
197
260
247
167
197
195
199
210
182
191
199
201
253
97
176
176
199
270
210
164
200
200
193
170
181
198
199
199
149
118
163
202
199
220
178
165
200
202
235
255
163
199
200
221
101
164
198
198
198
221
303
167
196
196
214
438
218
200
199
192
424
163
163
200
199
353
194
146
200
245
271
154
199
199
196
235
249
166
202
198
268
260
165
199
199
176
286
192
199
201
216
228
163
197
195
199
205
176
165
196
200
225
244
165
198
198
220
199
117
204
199
249
225
114
200
196
196
168
261
126
197
200
220
167
119
202
197
181
233
118
198
199
203
208
122
202
202
199
248
215
177
203
199
176
169
114
199
202
166
258
120
165
162
205
214
122
167
203
200
158
204
116
197
198
188
237
199
201
200
224
910
107
154
167
217
564
140
152
199
196
214
661
102
202
199
218
223
201
197
202
194
220
165
162
201
206
538
158
200
198
199
187
171
198
198
204
147
171
131
176
200
187
253
153
197
198
224
233
155
196
198
201
241
222
199
194
193
232
247
154
196
195
199
246
154
196
194
247
269
198
197
195
199
267
233
199
197
201
191
180
156
197
199
256
213
156
199
196
231
264
198
196
201
196
258
218
154
198
197
269
247
135
162
196
216
232
198
197
197
202
201
154
199
199
246
214
159
168
198
197
225
121
170
203
197
231
248
150
199
201
220
217
201
199
199
217
282
149
197
196
197
212
194
119
196
198
174
282
200
199
198
252
195
166
196
195
250
247
174
198
202
199
184
202
197
163
195
242
229
197
197
199
253
201
148
199
198
202
209
154
200
198
197
226
255
158
199
197
270
265
153
198
203
175
236
136
200
203
191
180
134
202
202
199
199
238
140
199
200
210
193
159
202
202
172
167
154
199
200
184
224
121
202
202
199
222
220
159
201
202
236
222
154
200
202
227
249
198
198
199
256
225
158
203
205
200
187
197
153
198
201
229
195
158
589
200
210
233
206
204
200
227
203
202
197
198
194
233
170
199
198
199
171
205
156
201
195
204
243
170
198
200
208
185
156
150
195
197
244
174
156
201
201
214
196
178
200
198
203
233
181
151
195
216
230
201
203
196
216
181
158
198
197
198
207
246
153
204
199
212
216
155
201
200
172
213
154
199
199
197
177
155
200
201
199
262
181
162
201
202
204
1091
299
119
198
188
397
111
165
203
232
540
112
143
200
203
190
565
81
186
200
241
528
122
198
200
190
213
157
201
200
206
223
159
198
201
198
223
246
131
177
180
205
244
179
174
174
218
206
155
200
198
175
699
121
148
195
197
272
703
175
200
200
233
232
151
200
199
226
209
162
150
147
240
206
171
151
198
197
213
224
136
148
151
206
233
155
201
200
195
247
160
154
149
270
369
165
207
204
199
274
282
157
152
197
266
285
179
155
148
269
221
160
152
151
191
212
180
153
149
149
257
134
152
152
197
238
207
175
156
198
195
168
150
147
145
279
239
175
198
146
284
228
136
176
175
177
253
255
152
199
198
293
147
153
151
199
216
171
165
200
200
216
199
153
196
199
197
177
224
165
197
197
226
216
152
196
196
244
200
170
197
198
249
170
165
196
197
197
210
195
203
197
199
211
273
153
198
196
223
212
152
198
201
306
231
154
200
196
178
206
190
151
199
195
190
186
150
198
199
232
219
199
203
198
189
228
156
197
197
197
207
193
154
200
199
199
227
156
202
198
221
243
159
197
196
191
204
158
200
197
200
243
222
200
205
200
210
221
175
197
198
258
118
152
200
198
186
93
199
199
201
199
182
131
114
152
188
177
98
198
198
196
211
285
207
195
199
219
265
153
147
146
242
206
156
148
195
196
271
193
198
197
195
189
191
198
197
201
258
225
158
197
196
235
289
206
196
197
197
235
288
199
198
199
203
270
198
199
201
185
267
202
197
198
257
240
200
196
202
198
178
196
197
192
201
257
196
203
196
198
205
158
199
201
194
171
269
199
196
199
196
225
244
199
197
196
194
220
202
199
199
197
244
197
198
199
182
233
197
200
198
200
216
222
195
197
199
220
168
202
199
200
182
210
200
200
197
240
233
198
199
172
196
160
251
199
197
200
235
268
198
199
199
739
711
118
131
197
210
232
199
197
195
195
184
263
198
196
198
199
239
201
200
197
216
189
85
167
199
204
669
90
162
200
198
249
832
247
166
199
252
486
211
194
198
212
220
190
198
200
215
263
202
199
201
185
213
133
199
198
202
201
224
196
200
200
227
239
202
198
199
258
214
157
200
200
164
223
202
198
198
200
231
93
202
199
201
224
243
199
199
198
250
838
151
163
197
227
669
105
166
166
201
208
256
201
200
199
155
272
202
197
196
213
166
195
175
173
197
267
176
177
174
174
222
237
202
199
198
217
289
201
198
198
181
250
201
197
199
244
186
201
199
200
197
218
102
199
199
199
233
213
163
198
197
193
1358
623
198
140
259
2047
1004
149
197
196
213
261
201
200
197
135
234
202
201
196
268
85
201
199
198
226
234
178
198
201
198
182
224
200
200
202
198
261
129
199
202
231
260
130
200
197
276
296
158
201
200
181
240
219
200
203
199
225
217
195
197
198
221
179
198
198
195
210
237
199
197
197
195
223
217
163
195
197
176
271
165
196
198
185
137
165
200
197
209
249
199
166
199
199
226
189
163
197
200
206
178
166
198
201
194
237
164
196
198
267
1183
353
173
199
313
209
153
200
196
200
269
186
161
196
199
238
228
164
201
198
184
317
164
196
196
186
244
164
198
200
196
205
268
167
198
198
225
206
163
199
197
202
221
197
197
174
199
241
164
198
199
199
229
169
164
197
199
164
252
164
197
196
204
204
164
196
201
191
226
163
197
200
197
220
241
163
198
200
201
208
199
197
198
176
166
164
198
201
228
300
163
196
201
198
237
249
155
151
202
228
298
112
197
200
180
244
162
199
203
241
257
130
164
198
200
209
133
163
199
198
203
255
119
197
200
282
222
199
198
198
204
211
163
199
199
201
281
200
164
204
196
157
302
162
200
200
221
196
163
200
200
197
819
118
194
196
197
241
579
157
198
198
242
239
202
202
198
212
267
165
198
200
222
188
131
198
198
198
222
232
165
199
200
235
218
165
199
200
224
84
199
200
199
203
247
165
200
199
173
198
166
198
199
199
218
194
166
201
201
214
210
169
201
202
185
204
202
198
199
213
84
200
200
198
201
186
276
206
198
199
228
234
201
198
204
191
156
550
175
200
213
224
123
202
202
200
219
187
139
206
198
237
128
168
200
199
223
223
164
199
200
204
238
165
197
197
195
220
218
166
202
201
203
235
152
200
200
172
223
166
200
199
211
117
161
199
201
198
168
227
124
201
198
217
174
203
198
200
170
1382
721
80
188
215
790
105
148
198
201
189
855
129
131
176
227
623
133
197
198
207
639
130
197
198
235
126
198
196
196
196
248
129
197
196
200
187
143
196
194
197
270
199
149
198
196
223
243
110
199
148
199
290
161
147
194
151
224
229
127
197
199
277
108
122
197
196
318
1281
324
116
164
200
214
703
218
197
196
276
751
166
197
196
298
280
163
198
199
200
211
127
200
201
289
243
154
201
200
199
182
205
136
196
197
193
226
163
200
202
256
247
125
201
199
289
201
176
201
198
199
316
260
141
199
199
254
202
164
199
200
240
293
99
198
199
286
265
155
148
198
198
219
155
197
197
197
231
336
204
196
197
244
327
159
195
197
287
235
160
199
197
201
212
210
196
190
165
169
240
201
200
197
195
201
205
197
199
175
230
198
199
199
198
185
265
200
199
202
203
262
161
200
199
200
311
181
200
199
216
262
213
199
199
202
195
255
198
198
198
206
1194
407
123
171
265
235
211
197
198
163
321
151
197
200
199
176
213
166
149
197
262
138
197
198
200
231
257
199
201
198
219
226
199
198
197
283
265
150
195
198
198
239
145
200
196
199
194
122
196
173
199
204
127
199
197
200
210
145
196
196
195
198
227
136
197
197
197
230
144
155
196
197
300
271
150
202
199
296
261
207
197
199
198
253
145
155
194
200
242
223
166
147
150
187
205
169
196
199
274
295
157
194
198
199
246
260
158
197
197
185
239
208
198
207
199
86
149
203
196
299
283
197
198
197
170
284
269
160
194
195
206
253
154
197
197
260
290
203
199
196
197
232
197
196
199
199
248
127
152
150
196
205
252
165
199
197
192
194
159
202
200
299
245
157
149
199
198
222
270
153
199
199
284
220
152
198
182
224
149
174
198
198
250
279
172
197
198
197
228
239
158
200
196
249
231
151
196
199
266
278
152
197
198
225
270
213
200
198
176
210
124
199
199
199
224
190
123
201
203
212
224
168
200
201
170
213
149
197
627
187
175
164
199
198
203
168
183
152
201
196
179
192
95
176
198
154
178
209
202
197
271
126
198
198
196
198
237
109
148
198
198
204
87
150
200
200
208
87
150
199
202
223
115
200
200
199
200
224
141
150
198
199
273
153
165
201
200
223
109
115
200
196
192
184
161
200
199
201
191
123
175
199
199
176
102
114
177
201
187
138
115
201
200
238
161
150
198
198
198
194
98
150
199
198
191
97
150
199
198
217
137
133
200
199
245
146
197
199
197
197
198
226
116
201
201
215
264
166
199
200
225
225
119
199
198
166
236
120
203
198
199
219
83
150
201
202
310
220
164
202
198
245
239
177
199
199
229
278
121
200
199
198
183
136
163
200
200
224
131
114
197
199
220
155
164
200
200
259
228
138
197
201
213
650
135
195
194
199
236
691
140
198
197
245
203
203
196
201
206
225
128
198
195
257
127
195
196
197
194
206
235
154
200
199
252
301
127
197
198
254
192
156
198
202
180
761
149
128
196
199
184
162
149
197
197
296
166
163
197
200
214
265
118
199
199
175
204
91
197
197
197
192
175
153
151
199
218
266
127
193
200
201
265
154
203
199
192
130
147
194
195
200
271
281
152
198
199
252
240
120
197
199
282
188
160
196
200
244
237
154
197
203
196
177
204
177
196
199
180
187
147
196
203
268
205
155
195
203
346
281
154
147
196
195
313
247
153
197
199
324
300
172
196
197
255
228
155
195
181
274
184
155
198
196
197
307
256
152
195
196
282
246
119
146
196
208
182
149
195
192
276
202
172
194
195
197
227
293
187
198
196
221
238
96
201
196
217
1081
301
157
222
303
168
120
195
199
283
161
149
198
196
198
191
111
147
197
197
321
122
156
193
193
175
104
196
200
195
210
169
197
196
201
198
206
158
198
166
200
201
153
198
196
197
278
136
148
196
195
200
109
147
200
198
200
188
175
149
195
198
210
134
146
200
196
306
140
148
198
196
192
132
147
197
200
201
228
131
149
199
195
210
159
169
197
195
233
107
197
198
198
199
117
201
198
198
200
176
110
198
201
177
200
79
197
197
200
246
95
199
198
198
239
109
171
199
198
199
181
125
149
197
200
225
172
150
199
197
244
103
148
202
200
189
128
156
199
198
199
781
599
79
80
196
292
290
120
196
198
629
1041
187
148
196
296
94
150
197
196
196
269
156
146
195
199
218
143
119
162
193
284
175
147
201
200
266
140
168
199
195
193
298
128
151
195
199
302
145
150
196
169
218
150
150
197
198
233
144
200
197
199
206
209
148
199
203
198
205
122
168
200
198
252
1306
487
181
199
185
1062
323
158
198
339
495
192
211
198
196
208
167
177
195
198
181
101
198
199
202
228
166
175
203
205
241
120
198
197
198
201
245
136
198
200
201
219
168
202
209
204
239
118
198
205
201
177
128
200
196
198
197
245
200
198
201
204
239
213
200
196
196
172
187
198
199
198
257
121
195
197
197
198
253
131
122
126
150
161
1893
929
82
139
240
114
118
148
201
239
126
200
199
202
198
209
123
201
202
198
184
141
155
199
198
192
107
201
200
200
214
168
199
199
175
198
248
158
200
200
201
215
140
199
198
199
291
139
200
200
198
205
137
202
200
196
196
126
159
152
149
149
259
130
155
156
197
227
165
152
143
176
251
149
131
201
201
288
173
155
148
197
197
301
191
156
152
150
294
136
151
195
196
229
119
152
199
204
285
140
148
198
197
197
240
165
148
200
196
281
156
150
194
195
256
138
148
197
195
265
138
153
199
201
198
210
183
131
174
200
287
161
154
200
202
204
138
152
198
199
204
122
151
198
198
200
259
166
202
200
199
201
143
153
199
201
226
129
124
200
199
225
99
198
198
194
196
263
128
199
197
200
237
101
196
199
197
199
112
195
199
200
189
147
196
197
201
198
259
96
163
197
197
213
129
197
200
201
228
115
147
195
199
1244
185
146
148
197
170
236
238
154
198
196
254
225
152
197
199
247
123
149
199
199
264
224
201
197
200
199
208
189
200
198
197
195
201
200
198
199
203
272
199
195
200
190
293
200
198
201
218
113
195
166
197
198
169
247
171
196
201
243
240
150
199
197
271
305
170
197
197
227
296
171
145
197
198
222
204
149
196
198
225
153
150
196
199
249
226
158
198
199
286
262
155
200
199
202
183
217
177
198
200
254
218
154
198
198
217
259
201
199
198
183
106
199
200
174
200
221
209
205
199
200
260
141
198
198
197
196
123
198
198
196
193
229
198
197
199
198
208
216
600
197
198
200
262
197
199
198
209
252
198
199
197
196
196
199
198
197
197
216
267
197
196
198
201
222
199
201
199
186
190
198
201
200
194
252
197
199
199
182
198
255
196
194
200
169
220
198
195
198
169
203
195
196
197
225
247
199
198
199
195
202
214
199
182
198
165
202
196
195
196
166
200
179
270
197
162
195
194
197
184
211
145
169
206
172
197
170
211
121
163
199
195
197
201
197
158
236
125
197
196
192
193
177
268
235
196
169
199
197
199
229
235
115
150
114
199
196
198
264
178
198
123
194
194
167
201
196
178
216
194
197
198
195
201
213
155
197
197
201
279
199
197
196
223
281
199
199
200
197
245
111
198
199
201
194
97
149
199
198
192
109
198
200
201
201
131
153
124
200
199
211
127
201
200
201
183
116
150
202
201
225
103
149
197
196
186
115
174
199
198
197
226
149
146
197
196
302
121
197
196
197
212
117
199
196
202
199
119
149
196
197
200
309
224
117
195
195
206
1212
455
104
198
234
639
104
197
196
204
183
199
197
195
198
212
127
198
202
200
217
152
155
198
194
248
200
199
197
197
265
614
120
85
199
200
190
289
81
158
200
216
216
134
199
200
200
202
203
201
194
197
258
158
197
199
221
114
151
199
197
198
191
119
149
198
198
230
113
148
201
198
218
156
198
199
199
214
159
152
198
197
198
205
155
199
199
199
204
136
150
196
200
194
89
149
200
200
198
133
152
200
198
199
258
143
150
199
201
208
171
196
200
197
190
206
154
200
199
239
148
200
199
198
198
202
141
149
196
200
224
135
154
197
200
225
125
152
197
197
223
115
128
199
202
200
243
156
126
197
195
173
141
129
198
196
203
146
124
197
196
179
81
135
199
199
198
259
105
179
198
197
256
103
133
198
201
193
137
178
198
198
200
143
131
200
191
199
213
111
127
198
199
259
93
133
199
199
209
100
178
198
197
229
109
162
199
198
198
229
113
170
196
195
261
229
156
178
197
280
100
198
198
195
169
92
168
199
200
225
88
175
199
198
197
206
133
172
197
198
238
113
176
201
199
200
84
116
167
196
216
87
168
196
198
198
245
126
190
196
195
204
189
118
136
200
233
190
199
179
198
252
195
201
198
200
199
178
226
159
200
593
186
187
203
201
202
180
188
150
202
201
221
244
197
202
206
203
208
82
148
198
198
220
85
153
201
204
226
143
154
175
201
195
172
177
200
199
175
210
123
148
198
199
262
128
176
196
200
205
119
176
200
195
237
105
180
201
196
199
168
143
125
186
196
214
124
127
198
199
203
88
151
196
199
241
89
175
198
198
201
197
255
160
197
203
216
178
149
200
198
204
114
149
198
201
194
195
201
204
198
195
206
215
177
196
198
270
231
158
197
200
230
232
159
201
199
196
231
140
195
198
198
280
184
201
197
195
255
311
199
197
198
280
289
177
200
196
211
214
198
194
198
199
203
234
157
152
149
256
246
157
151
147
298
299
117
151
146
247
217
122
199
199
225
244
120
152
151
150
187
174
126
153
198
202
238
148
151
200
250
198
117
127
198
217
301
145
148
150
147
162
216
123
149
200
262
250
123
200
200
255
228
158
197
202
233
215
199
198
196
201
276
269
164
151
149
248
815
400
134
196
290
277
158
199
199
189
274
198
143
196
199
231
214
154
201
200
209
218
180
201
200
246
258
180
176
188
198
214
175
200
198
198
189
179
201
199
200
251
241
202
198
196
230
203
152
199
198
190
222
155
198
198
197
209
220
201
194
199
201
219
156
202
199
222
224
152
200
200
209
207
175
201
200
197
206
251
158
201
197
251
169
159
198
199
206
239
159
175
194
219
197
163
151
151
204
216
155
197
197
197
199
196
172
199
201
207
233
153
198
196
170
211
167
142
195
276
216
136
202
199
196
208
199
156
197
201
244
263
130
151
202
272
269
199
198
199
236
226
133
199
200
267
249
177
174
197
197
219
124
188
198
200
260
551
532
160
197
262
145
161
198
196
198
311
160
182
196
198
200
1083
349
146
199
318
250
157
195
200
240
253
193
197
198
193
252
163
177
195
197
253
232
201
196
200
208
297
151
198
193
200
196
196
202
201
198
203
286
197
197
197
238
124
149
196
198
261
192
134
177
202
227
190
198
198
196
201
226
267
215
196
198
229
287
121
162
201
267
179
186
148
197
196
203
195
198
199
199
209
276
90
197
195
236
247
131
200
196
220
175
155
197
196
292
234
163
162
202
201
196
300
176
198
198
176
210
153
198
198
206
756
145
140
202
204
152
153
196
168
212
131
151
198
197
201
266
106
199
195
198
267
161
151
199
200
138
87
171
200
199
252
134
149
197
195
200
191
130
197
197
200
197
132
199
198
200
244
122
196
197
198
213
101
196
197
201
201
204
153
149
199
203
277
125
150
162
196
218
130
152
196
195
270
152
198
198
200
200
248
221
154
196
197
200
156
151
196
191
180
142
154
199
199
251
167
195
197
195
201
214
149
198
198
199
207
122
155
198
200
206
110
198
196
202
280
130
154
200
201
199
243
173
150
199
199
195
147
150
200
199
276
137
198
197
197
196
138
152
198
196
198
266
139
152
194
195
218
154
196
191
198
252
199
152
197
196
231
159
157
195
196
196
199
162
151
199
200
222
136
155
196
202
225
132
148
201
196
210
119
150
172
198
200
264
93
150
198
203
246
108
199
201
196
211
97
118
198
198
220
107
148
195
197
252
170
149
196
195
196
259
131
151
150
202
299
167
153
200
200
185
152
152
148
198
228
139
151
149
200
198
294
174
127
127
125
223
206
130
147
196
244
151
137
149
199
168
136
151
149
197
198
259
121
149
200
200
220
124
127
128
198
191
189
153
150
149
160
194
204
197
201
198
271
97
175
201
172
197
139
203
199
199
217
183
195
197
198
243
148
196
197
196
198
213
188
196
197
201
249
132
196
201
196
215
162
168
198
200
281
160
199
200
200
200
208
181
197
199
197
241
115
165
195
198
239
144
198
199
197
199
130
201
198
199
201
219
162
166
196
199
216
94
148
148
149
205
111
147
145
145
196
106
150
148
199
194
193
147
154
147
148
233
123
154
149
200
218
151
152
176
197
232
292
150
150
198
199
211
178
200
201
198
191
218
199
213
202
240
228
164
198
198
230
200
198
198
201
198
185
196
198
194
196
211
265
197
198
199
255
250
216
198
197
220
271
196
197
198
201
256
164
199
201
196
271
178
166
198
198
246
247
198
196
199
169
216
161
196
201
236
169
180
204
198
198
214
260
197
197
195
216
238
178
199
200
256
283
124
149
154
232
220
152
150
200
200
236
307
118
146
198
261
275
141
152
201
192
210
115
149
195
212
262
139
151
198
199
256
208
149
148
198
226
206
153
201
200
211
261
157
597
205
225
247
152
149
200
202
238
265
192
195
199
207
198
168
204
199
236
208
97
200
197
220
252
159
197
198
198
237
252
168
197
198
228
279
165
197
201
221
216
198
200
198
253
251
196
201
197
211
300
167
200
200
199
217
187
195
197
201
217
244
171
196
199
220
231
201
194
193
194
205
220
164
196
198
199
218
131
167
198
206
203
197
199
199
206
250
197
196
197
222
251
200
197
195
200
188
237
176
199
197
221
193
173
196
199
244
247
163
199
197
201
226
158
196
197
197
216
212
164
198
200
197
227
197
198
200
217
256
197
195
200
203
250
197
197
200
200
219
262
165
165
201
187
124
197
195
196
216
273
197
198
194
186
206
207
200
197
204
262
206
204
201
199
252
232
190
199
201
205
182
198
201
201
194
114
198
200
200
200
192
176
199
198
197
224
248
197
194
194
175
211
170
196
198
257
283
211
201
198
198
190
180
160
199
200
203
112
195
196
196
228
223
134
195
200
168
198
162
199
198
197
212
228
173
197
196
244
221
161
148
175
191
217
139
165
177
228
127
198
193
199
234
225
195
195
201
199
264
176
163
194
198
269
276
163
196
197
177
222
199
197
202
200
242
166
197
199
200
228
208
148
165
201
183
261
162
198
201
184
291
161
195
201
250
187
199
195
196
197
195
250
126
198
200
166
185
164
194
195
163
190
199
197
197
189
209
200
198
198
197
259
290
154
194
197
224
250
207
196
198
226
207
200
197
197
201
245
212
198
197
200
193
222
176
197
196
186
255
198
200
199
203
253
201
201
201
180
258
200
199
202
198
176
230
200
199
199
233
130
199
199
172
251
170
149
199
198
212
209
203
199
198
202
197
182
149
197
199
254
173
158
200
201
238
224
169
165
174
391
1006
219
156
197
199
299
319
137
197
199
221
404
132
193
195
268
124
149
195
198
255
227
196
169
200
198
185
108
199
197
197
213
119
169
198
196
214
189
198
199
199
279
171
197
201
200
241
254
198
200
200
198
303
171
150
147
202
224
264
152
197
199
259
239
146
196
198
202
177
197
197
177
200
208
252
205
199
200
250
315
203
199
201
196
960
200
213
195
275
595
125
175
197
198
190
210
198
163
199
239
292
229
177
199
270
360
335
163
198
770
769
107
144
199
198
178
628
133
182
196
252
259
201
198
201
265
121
203
198
196
262
259
200
200
197
198
290
305
202
198
197
219
252
201
203
201
270
183
200
198
197
224
240
197
197
198
198
191
150
201
198
197
296
221
177
199
202
236
270
189
199
201
223
141
145
201
200
200
185
222
202
196
201
236
238
199
196
197
208
168
197
199
202
278
263
200
195
203
201
212
242
163
199
200
236
200
198
198
199
255
254
245
199
199
277
224
196
198
200
207
85
197
199
198
198
294
97
199
199
197
218
191
199
198
200
255
200
156
196
197
250
211
158
195
200
198
234
214
180
194
200
268
246
164
193
199
247
286
155
200
197
209
249
167
166
197
198
204
334
293
164
195
239
313
151
199
201
236
289
165
194
197
287
295
196
196
199
200
339
304
200
197
197
283
206
198
198
198
234
260
200
197
198
216
264
198
198
200
199
259
271
163
194
198
170
221
197
195
197
213
306
154
150
158
266
240
155
193
196
193
314
337
155
193
196
222
207
151
196
195
212
271
114
112
160
237
201
150
115
145
145
177
167
184
151
201
202
295
161
149
201
161
244
155
149
150
202
211
160
146
150
150
246
282
166
151
200
246
179
165
201
199
246
275
167
151
199
270
289
165
149
201
201
229
234
158
150
151
258
286
174
151
148
271
260
182
199
200
250
284
126
151
148
148
231
270
160
150
198
228
225
159
198
201
208
268
155
148
148
267
268
160
149
195
246
1117
187
124
152
196
333
286
152
150
198
174
840
137
200
199
323
277
156
150
198
255
221
132
148
148
147
235
276
161
148
198
268
126
152
152
196
198
232
82
198
196
231
261
156
149
197
200
252
269
179
151
148
213
343
150
151
198
266
311
156
149
199
226
761
168
201
195
199
233
893
96
175
201
215
650
142
177
202
207
127
196
198
196
253
157
164
165
200
197
287
96
199
196
200
227
99
148
201
200
272
252
155
198
199
198
173
155
202
201
204
263
239
198
198
200
171
210
154
200
200
251
221
156
192
200
193
117
197
196
201
198
218
237
153
195
199
243
251
148
199
201
217
229
156
197
201
237
264
198
168
200
241
261
154
196
197
200
229
202
154
199
197
227
216
152
198
199
218
222
151
198
198
283
229
594
195
196
198
289
297
202
197
193
183
227
154
196
200
201
197
156
195
199
278
233
178
196
199
199
169
237
201
201
198
227
280
201
199
200
255
216
168
202
179
199
195
152
197
200
203
244
244
179
195
197
179
239
150
196
199
311
209
156
195
198
226
206
153
197
199
200
266
220
123
197
195
257
834
164
198
196
193
720
179
153
198
272
784
192
116
197
195
202
691
168
116
196
251
641
143
113
198
257
703
133
113
197
252
687
128
127
198
195
203
286
197
199
199
218
227
167
164
199
232
272
153
197
199
227
220
203
199
198
198
242
215
118
195
197
213
252
154
199
199
281
245
152
200
200
175
251
170
148
197
199
272
252
153
198
202
273
221
156
198
200
225
281
154
197
198
223
194
167
160
200
258
182
173
201
198
202
250
234
157
195
197
227
238
151
148
198
203
287
158
150
147
206
200
171
150
149
147
242
151
152
150
145
233
242
148
148
146
210
290
152
151
146
197
356
120
195
197
197
272
365
143
151
200
224
288
118
152
148
309
139
150
84
128
239
297
119
160
163
198
263
267
151
195
199
240
233
111
147
199
283
279
120
196
198
246
303
155
196
199
199
168
133
150
199
199
272
288
123
150
195
307
293
151
200
201
192
257
155
196
199
197
191
300
160
195
195
197
271
134
150
196
415
144
148
198
177
302
295
154
197
199
201
231
229
169
197
199
245
1105
308
152
195
221
781
141
152
202
221
300
82
188
200
195
278
349
94
196
199
237
234
120
127
197
209
298
166
198
200
224
269
150
198
203
200
272
289
198
199
196
222
244
199
196
200
220
237
197
197
198
226
241
200
198
199
248
261
198
195
198
202
272
231
165
200
199
260
267
173
199
198
256
244
164
198
198
277
244
163
198
198
199
204
313
130
198
196
208
275
202
201
200
243
214
163
198
201
235
232
163
199
198
199
215
226
187
201
201
172
205
163
200
200
253
181
130
199
196
302
276
163
213
201
200
232
343
162
198
199
200
181
164
197
173
307
280
199
197
200
236
194
198
199
198
198
299
196
199
196
201
245
217
182
202
202
207
220
197
200
198
318
240
199
196
198
200
313
206
196
195
198
268
249
197
193
198
202
200
168
197
198
217
218
197
196
197
199
249
629
104
654
195
257
892
209
196
196
264
204
197
194
195
289
240
165
197
199
196
183
190
202
199
198
239
190
197
197
197
232
230
199
196
196
205
530
88
170
201
199
218
588
137
168
196
208
639
78
198
194
301
631
134
170
196
297
248
197
197
196
278
247
164
196
198
197
292
256
199
200
201
258
104
146
196
200
316
207
196
195
200
287
269
154
195
200
199
205
300
154
198
200
203
183
149
147
198
208
266
152
199
200
221
81
196
197
199
201
233
182
159
197
199
255
284
199
195
177
298
166
169
196
195
289
267
197
194
195
194
249
246
198
195
201
248
154
195
197
197
314
235
199
197
198
301
252
195
197
198
199
236
253
151
195
198
277
251
148
194
196
239
428
310
164
196
498
266
324
207
195
199
252
329
225
148
200
295
251
199
198
197
236
887
204
130
198
277
933
201
164
194
196
280
278
197
195
200
242
231
201
198
197
244
259
199
196
198
273
221
170
195
197
270
290
181
199
196
197
190
302
152
197
199
303
190
176
148
196
284
252
153
198
197
148
258
339
118
163
175
244
241
175
116
196
259
285
162
195
199
295
236
154
195
202
238
244
154
145
199
199
274
248
156
197
199
245
285
159
198
200
247
999
186
135
195
267
948
298
157
196
197
329
268
152
149
200
307
289
158
194
192
286
220
154
199
197
321
179
197
194
195
199
207
1077
369
176
198
294
277
199
177
199
233
237
198
199
199
361
251
203
194
194
196
218
229
199
200
200
234
231
200
197
197
225
269
199
197
202
171
194
196
203
199
201
232
234
201
197
200
233
199
200
197
196
205
275
200
197
151
218
243
199
197
198
198
175
260
195
199
199
214
266
198
193
197
187
209
197
195
197
276
225
198
201
195
196
192
310
123
146
197
325
279
155
148
197
328
243
149
198
198
210
277
161
199
197
343
273
153
148
196
198
211
85
148
202
201
219
273
158
147
148
222
227
150
151
198
219
287
158
147
145
143
205
289
157
147
195
202
231
134
199
199
288
146
153
200
200
218
271
130
149
201
196
165
251
153
147
198
211
187
156
195
195
244
275
198
196
199
257
339
203
193
198
197
217
161
198
197
201
220
287
200
195
195
296
247
196
197
198
294
279
154
198
197
197
234
265
199
197
199
809
743
115
165
197
234
132
196
201
198
254
268
189
196
200
197
200
236
199
167
201
288
243
212
198
201
229
230
201
196
202
204
272
197
198
198
203
246
238
199
195
199
220
240
198
197
199
205
244
199
200
198
224
230
197
195
197
197
207
262
197
198
200
358
228
167
168
196
246
228
199
201
198
225
228
199
195
199
223
248
200
196
196
198
198
189
198
198
197
244
211
200
199
199
196
239
198
200
202
198
238
254
198
194
195
219
272
199
197
199
256
267
198
196
197
252
233
156
194
199
240
249
201
195
198
198
332
270
197
167
203
242
226
200
200
198
234
260
198
194
197
212
253
200
197
198
201
207
204
198
197
197
207
284
199
200
196
324
259
164
200
196
237
247
196
211
198
198
239
268
201
200
194
286
231
198
196
200
231
266
197
193
198
227
218
198
198
200
201
238
280
199
197
175
228
241
199
196
198
235
276
199
196
200
225
266
198
200
203
204
298
226
200
196
195
196
260
149
198
198
273
235
198
200
199
268
221
198
196
197
201
260
249
138
165
174
181
291
162
175
177
216
199
197
198
197
254
248
198
194
199
197
230
136
199
196
199
217
289
164
196
200
156
194
199
197
200
225
214
199
197
199
258
267
201
197
199
201
149
206
197
196
200
224
85
197
199
198
269
235
198
196
199
206
281
198
199
197
198
255
235
198
198
198
282
269
199
196
169
178
270
154
194
197
243
129
145
194
198
203
237
285
166
196
194
214
258
199
198
200
196
180
198
200
199
202
218
199
199
197
196
246
270
199
199
194
348
100
196
198
198
223
248
197
195
199
271
237
198
195
194
194
254
272
129
161
197
271
246
197
196
198
215
319
198
197
197
218
99
195
198
194
193
249
290
187
163
196
231
280
198
198
196
274
210
198
196
197
213
213
197
196
200
193
290
220
197
199
196
226
202
197
195
198
287
242
173
196
200
239
174
198
196
198
198
249
281
198
197
196
295
282
198
196
198
223
299
166
164
204
273
211
195
195
195
282
214
198
198
199
200
225
249
197
160
198
236
230
200
199
198
210
253
199
197
198
197
258
208
200
196
197
214
873
112
111
198
298
252
199
195
199
268
243
197
196
196
187
194
197
199
195
194
213
159
138
193
194
206
261
656
197
198
184
244
198
198
198
376
252
168
197
199
197
273
302
153
195
197
229
292
118
197
198
214
238
220
163
199
258
228
165
200
200
199
224
262
163
197
196
290
215
150
146
148
329
484
132
151
148
232
260
135
201
201
196
232
1243
637
152
149
268
320
157
150
146
216
263
150
196
198
213
194
129
148
201
196
318
308
135
150
199
201
311
153
150
201
252
265
151
196
196
221
234
169
151
203
199
201
230
172
195
197
221
240
154
197
198
185
282
157
199
194
276
270
149
155
199
200
211
246
153
148
197
242
191
150
147
196
222
280
156
147
152
239
236
172
149
150
150
259
258
133
175
199
309
291
156
148
199
266
175
150
145
146
201
84
146
198
197
199
235
225
153
147
148
289
407
84
195
195
253
279
195
197
198
237
312
199
197
199
255
290
164
201
201
197
236
252
121
147
198
242
360
199
196
200
346
239
166
195
198
248
239
162
198
199
197
200
268
198
200
196
239
239
198
199
198
286
120
194
196
195
305
253
198
196
197
198
239
213
171
151
197
316
256
84
114
116
268
254
166
197
198
197
254
197
198
198
200
247
200
156
198
199
299
246
134
126
148
237
272
159
147
199
252
285
177
150
198
199
220
222
123
146
193
269
148
146
146
194
207
221
164
150
148
188
200
153
151
148
147
279
207
159
150
148
194
240
152
145
195
214
255
199
195
197
188
262
198
198
196
195
299
279
196
169
197
268
251
199
197
194
250
252
200
201
197
220
218
198
197
202
197
250
212
170
199
196
191
220
197
196
195
209
248
199
199
200
225
222
199
201
198
326
210
196
195
200
198
248
300
200
194
200
221
222
146
198
199
229
249
147
195
198
259
310
200
201
199
200
254
205
204
196
199
283
249
196
197
200
189
174
198
198
196
222
266
167
194
198
197
244
250
196
194
197
222
233
201
199
198
282
209
199
166
153
293
200
151
149
198
200
222
274
150
145
201
160
206
204
201
201
239
262
200
206
197
306
288
198
196
197
197
269
269
197
195
198
244
231
165
196
199
290
236
202
197
200
242
221
195
174
196
197
254
191
148
197
198
242
144
199
198
199
207
216
197
198
198
282
257
166
131
199
195
261
240
197
198
198
261
249
202
195
195
209
102
195
195
677
270
268
197
198
196
200
203
232
198
198
198
249
257
198
195
199
254
209
204
198
198
256
243
199
197
190
212
83
194
201
199
203
205
136
201
195
201
215
239
197
197
200
173
1109
381
163
197
291
266
201
202
202
197
220
276
198
196
197
274
165
197
195
196
286
237
199
154
201
275
245
199
198
201
199
294
203
198
195
198
280
251
154
151
159
181
242
150
153
156
199
103
114
196
198
204
281
229
154
199
198
344
236
202
196
199
275
285
202
201
202
229
254
200
198
198
199
232
258
197
198
199
199
235
182
200
199
224
261
202
197
197
261
231
199
196
202
198
247
304
200
195
197
296
228
170
197
199
209
209
179
197
196
242
261
162
197
198
199
281
275
196
198
200
244
252
205
153
197
238
290
200
197
197
246
282
197
199
200
202
261
181
198
196
198
205
253
196
199
196
230
178
198
198
198
270
276
169
199
201
242
216
152
195
200
197
214
303
198
195
198
308
191
172
196
200
223
218
169
119
201
220
307
170
198
201
197
252
185
173
202
198
179
259
177
153
199
212
235
166
197
197
264
213
174
197
200
197
241
214
198
195
198
232
269
198
195
198
296
240
164
197
195
229
251
197
196
197
203
242
295
166
201
198
242
197
197
196
201
223
260
197
197
199
258
251
200
199
198
200
249
257
200
198
200
264
252
198
197
200
292
310
198
196
197
192
239
199
199
200
200
254
151
197
198
196
241
289
157
196
200
273
284
199
199
197
209
216
168
198
197
198
269
289
199
195
195
254
177
199
198
198
245
282
199
201
199
268
224
136
196
198
199
259
1031
117
165
196
285
1164
194
163
228
157
207
199
199
199
183
750
148
166
198
255
676
110
176
198
199
296
858
106
165
196
227
174
198
197
202
258
231
201
200
199
271
267
167
200
199
201
231
182
200
201
201
186
222
202
198
196
211
197
100
176
199
203
187
201
197
201
201
207
259
204
200
198
213
202
191
196
197
245
225
118
197
198
179
202
120
197
198
200
267
203
115
197
200
174
195
89
199
197
230
195
87
198
198
197
189
369
163
199
201
189
936
197
164
202
212
218
178
194
200
203
176
151
201
201
205
179
162
201
196
196
212
185
163
196
200
196
180
198
201
198
181
192
172
205
199
226
1107
662
128
200
195
214
865
127
114
198
204
683
154
118
198
229
1042
322
148
198
205
1049
217
163
199
202
214
1247
880
94
199
176
733
150
141
197
218
756
145
149
202
162
593
89
200
201
198
200
191
164
198
202
200
180
199
194
196
173
226
200
201
203
194
118
201
202
197
166
196
179
204
201
202
198
180
198
201
175
195
174
201
249
204
149
200
178
179
200
197
206
181
199
198
197
198
199
231
191
104
196
198
197
198
193
253
224
201
198
196
206
195
202
197
209
212
105
156
150
123
148
207
199
199
197
196
207
232
201
200
197
207
238
200
200
197
197
222
258
199
203
198
198
175
200
199
196
225
