258
369
175
315
175
289
135
324
171
109
301
124
255
124
388
226
178
421
77
386
132
347
180
168
259
261
149
336
78
321
178
287
173
260
126
358
224
214
307
168
341
168
374
112
173
165
324
90
212
359
124
237
256
167
381
117
338
349
169
337
68
202
314
174
251
208
166
312
172
290
119
170
345
170
334
244
324
223
350
168
289
218
273
214
346
119
289
172
429
178
342
196
220
305
124
293
152
277
76
290
126
305
121
285
121
295
103
268
120
326
183
409
94
1289
220
265
217
347
203
209
204
186
238
157
386
167
402
205
187
338
126
405
167
164
158
210
71
388
218
309
171
291
180
194
181
124
290
125
371
185
348
233
216
289
306
133
290
126
351
169
328
388
157
357
170
279
182
185
267
99
220
321
165
316
167
288
197
121
217
81
261
74
366
150
303
216
332
195
248
282
115
220
363
176
195
292
162
331
148
325
178
331
216
229
305
175
363
232
128
521
319
220
344
173
78
359
216
244
205
92
303
216
201
293
221
141
220
341
130
318
203
156
297
223
361
235
127
450
221
364
210
93
346
172
252
174
223
150
326
175
111
312
132
250
300
222
377
185
88
356
128
278
173
237
87
306
217
238
262
73
310
171
251
359
171
296
172
99
290
226
218
128
300
196
111
269
218
310
176
190
151
141
284
76
269
77
299
171
292
168
135
309
188
105
288
80
333
172
323
168
317
195
146
235
106
371
232
329
185
238
198
289
217
311
170
308
172
244
174
165
389
181
397
133
355
222
267
173
171
196
235
74
350
129
286
169
285
329
125
330
172
262
172
315
186
210
167
211
77
307
124
244
168
262
204
169
302
138
327
123
291
172
298
170
291
185
181
190
329
149
275
205
114
335
84
388
197
279
172
330
181
302
173
166
331
162
223
334
173
234
172
317
151
160
271
202
446
156
374
313
136
367
113
402
137
188
369
157
106
301
140
312
144
394
149
375
164
140
246
145
379
78
394
169
407
176
218
127
272
219
303
186
147
287
99
279
100
295
139
304
180
261
244
109
222
273
230
300
170
237
170
291
207
143
339
161
339
103
360
171
354
367
228
170
299
172
263
196
142
228
137
291
95
244
174
280
170
291
200
155
221
113
170
323
136
296
178
312
231
189
241
144
273
172
270
202
260
175
161
391
88
346
177
219
365
172
302
247
111
346
225
386
130
294
171
354
174
271
198
227
365
81
217
320
208
81
320
81
346
175
273
172
277
208
127
271
137
285
223
146
219
344
149
164
322
168
365
177
179
318
183
348
106
217
156
176
286
170
237
80
320
187
175
353
212
170
172
275
173
251
188
263
110
178
299
168
276
118
192
309
171
286
226
270
204
265
293
171
275
135
170
200
286
171
303
142
290
270
167
372
81
279
341
169
329
144
187
281
119
315
338
165
343
129
179
254
174
164
251
197
168
362
130
308
318
179
345
209
189
286
127
356
165
178
353
226
312
342
168
325
94
195
283
87
168
229
325
173
307
124
245
296
172
400
169
176
307
74
271
351
167
270
86
209
290
173
304
169
168
313
102
230
280
132
168
185
295
170
1025
664
166
146
168
317
168
385
87
180
137
174
287
175
394
75
303
162
188
273
216
221
241
230
170
323
126
269
85
214
275
211
265
183
364
76
275
100
182
277
135
262
80
308
149
182
166
311
171
156
268
168
381
198
292
112
174
310
168
299
101
253
92
270
157
187
356
202
340
73
244
176
168
167
336
100
235
105
166
274
216
328
147
209
130
184
287
232
407
180
197
332
220
200
188
320
185
219
217
334
178
361
170
340
121
224
352
224
329
193
339
148
181
307
172
272
77
304
118
167
321
179
216
230
75
192
299
177
256
74
289
133
206
334
166
274
136
317
99
285
274
166
313
125
263
159
172
408
184
217
190
177
168
295
122
326
214
316
122
227
160
166
305
177
316
74
243
127
218
350
220
292
75
214
225
301
169
273
94
188
301
120
268
74
204
155
334
157
229
303
171
366
156
226
88
168
295
169
214
213
272
174
321
91
310
137
231
335
177
284
108
304
74
235
269
216
386
180
272
72
267
127
223
216
337
132
282
116
179
272
212
271
75
358
120
372
184
370
241
339
174
251
124
356
97
404
211
226
257
166
276
158
297
220
272
168
330
169
234
200
270
89
297
182
335
79
433
75
220
356
210
282
121
364
98
253
78
341
142
283
168
369
129
316
176
308
123
321
130
218
372
177
263
127
339
120
276
80
327
125
268
169
312
101
288
150
285
179
320
145
266
215
217
280
210
303
121
302
171
327
170
303
175
232
122
325
177
331
184
249
130
245
91
221
301
179
330
125
288
180
306
168
313
222
358
129
328
204
329
123
288
121
285
172
219
323
124
314
89
313
77
355
74
297
74
298
122
296
77
275
76
281
220
317
73
220
308
124
284
94
279
79
367
102
302
73
299
99
349
128
373
149
337
78
312
89
287
205
221
330
165
362
245
307
185
312
168
339
237
321
73
331
73
296
133
290
76
272
146
167
335
121
304
122
301
73
313
231
287
173
342
201
419
241
362
237
373
214
398
172
218
357
174
336
273
379
266
407
230
442
245
386
215
481
244
394
235
427
241
392
218
219
343
273
348
221
375
134
358
120
405
138
349
120
356
189
285
168
380
169
342
167
349
124
223
377
205
332
250
336
181
321
176
390
171
355
168
319
120
377
121
329
228
346
120
183
306
169
332
169
344
166
358
199
343
150
365
263
374
218
444
230
350
122
331
122
411
213
223
369
168
363
168
337
582
332
167
318
143
365
186
337
267
321
168
363
213
226
388
170
360
175
379
217
394
134
485
185
349
185
423
199
324
174
340
183
369
251
346
194
228
365
167
302
175
367
188
328
133
354
141
360
175
375
120
322
125
338
118
349
213
234
374
168
468
230
350
170
353
170
334
265
356
167
331
168
352
176
357
169
322
202
377
124
228
394
167
360
168
335
219
361
124
360
120
380
122
373
121
399
241
404
231
457
246
233
415
241
365
167
324
132
331
134
343
148
348
168
383
172
365
216
340
133
362
122
215
394
167
340
170
388
262
314
172
352
167
344
122
400
167
357
176
372
236
379
212
371
262
219
368
174
314
173
328
181
367
122
403
244
390
172
416
206
409
238
397
240
354
169
220
322
169
355
215
330
128
382
227
411
247
369
226
374
238
416
229
476
228
425
234
217
343
167
341
179
365
120
353
170
367
120
394
175
375
122
360
126
383
255
318
166
222
369
226
296
166
327
166
367
242
340
166
331
176
352
167
391
121
380
127
369
126
367
121
257
393
168
394
253
343
182
366
174
361
235
309
167
329
186
318
172
326
167
352
123
220
485
175
340
169
359
236
364
169
303
166
364
180
326
196
355
127
379
127
395
137
119
424
104
306
165
259
120
315
123
294
178
288
120
324
104
327
167
320
232
303
103
219
399
180
308
73
325
108
330
93
313
141
360
235
356
72
351
137
311
72
401
97
371
245
220
385
287
396
260
304
74
347
176
383
191
305
87
306
91
332
72
312
171
277
186
221
374
170
356
175
339
105
330
74
360
229
371
232
343
178
335
74
367
117
328
170
220
336
220
328
82
361
219
328
71
321
75
296
72
336
211
367
148
286
72
314
98
317
120
218
344
133
298
120
292
77
358
73
1394
329
347
223
404
148
333
271
355
81
354
225
218
308
130
293
280
336
75
287
88
322
73
333
155
383
195
431
193
315
281
306
72
223
318
133
356
73
365
93
364
73
347
143
302
73
339
86
280
180
377
274
323
176
218
414
166
390
167
362
174
351
77
317
73
346
75
342
149
347
139
304
134
389
157
371
74
174
332
118
333
120
361
214
358
156
384
191
390
177
373
186
397
180
373
239
372
178
187
291
124
349
131
332
73
326
75
278
121
992
394
243
145
307
123
323
73
323
148
179
337
174
313
123
288
127
317
73
285
167
255
169
343
79
323
114
363
167
365
198
217
370
124
294
218
326
92
312
90
344
74
345
74
355
73
286
73
291
74
330
190
382
125
217
344
184
301
127
302
80
365
185
340
82
269
71
294
73
327
75
283
97
292
73
213
330
124
306
174
327
94
280
86
353
100
277
132
322
87
309
78
358
213
298
74
218
321
121
284
122
268
73
286
89
339
78
336
229
371
100
384
144
274
175
375
214
348
93
216
332
120
273
131
285
72
323
82
376
73
332
73
327
82
388
145
326
140
325
144
171
349
121
319
183
331
179
345
170
340
172
346
230
366
173
334
118
355
124
351
127
220
320
169
346
77
274
97
322
130
320
126
284
203
296
221
363
80
316
223
297
133
223
304
150
301
122
309
174
329
152
332
109
384
202
384
183
259
72
300
77
319
75
312
137
137
284
126
290
140
278
158
358
132
418
138
324
163
368
135
355
212
368
238
337
123
172
332
135
334
91
298
182
350
170
293
178
329
128
340
120
301
231
367
147
345
123
216
351
123
335
121
351
134
386
117
344
136
360
124
361
188
423
216
309
75
309
76
320
71
166
307
126
277
126
325
119
327
87
343
182
341
118
303
75
324
73
352
126
336
71
230
344
76
274
124
301
162
306
138
319
73
312
74
348
73
312
169
342
76
340
137
227
308
122
346
131
289
189
267
73
303
72
339
136
292
121
356
88
319
173
310
94
169
326
126
358
120
337
167
344
124
299
72
335
172
336
72
275
90
315
146
320
132
330
143
238
404
120
369
147
335
124
248
93
341
72
306
73
253
73
292
123
271
119
248
75
216
375
126
381
121
311
76
341
82
367
124
322
180
280
74
335
297
181
167
349
85
182
403
95
350
156
418
133
243
169
382
124
270
76
296
169
317
77
266
72
282
123
286
130
217
349
171
261
95
248
91
285
80
269
131
325
74
242
158
295
74
245
128
288
161
218
321
121
267
121
424
126
432
87
446
100
420
171
305
146
287
76
256
139
268
74
167
294
120
353
86
273
121
279
120
291
123
260
73
266
129
266
145
290
123
299
73
240
172
180
307
123
317
123
275
115
243
133
303
93
254
123
225
425
313
72
347
73
283
74
116
335
73
335
74
236
92
246
73
314
74
310
92
376
119
356
121
232
75
276
102
167
275
89
294
87
279
73
355
121
243
122
337
124
342
85
340
73
263
78
115
166
180
341
120
314
132
377
162
297
120
313
72
277
86
284
86
261
134
314
77
327
133
407
191
167
391
162
386
158
272
172
323
157
277
120
241
121
327
96
281
121
277
96
280
131
168
272
126
294
74
255
72
270
122
260
94
296
145
329
89
346
135
258
72
338
74
132
337
118
292
124
362
74
245
72
254
75
293
73
285
152
255
102
262
74
289
97
248
122
167
278
122
317
172
297
167
230
78
351
74
311
125
261
74
284
149
276
75
288
168
136
285
122
268
139
268
183
374
189
390
85
403
101
323
212
355
75
363
102
311
95
216
329
127
343
208
257
90
321
80
269
146
270
70
330
76
269
144
300
122
258
167
214
351
169
254
89
260
127
276
126
278
122
298
81
365
111
407
153
379
142
315
149
337
199
213
372
181
306
123
255
134
271
191
356
172
383
197
378
107
398
205
358
203
406
249
231
368
123
356
177
321
73
307
75
276
72
266
76
267
122
251
122
326
136
315
169
223
327
122
316
137
259
123
333
73
273
91
286
141
302
75
290
131
303
107
241
121
295
119
166
311
121
346
184
420
227
287
125
282
119
243
131
262
160
263
204
335
131
237
169
214
352
145
294
90
309
137
353
73
285
138
260
137
281
74
260
71
337
120
251
194
216
340
146
316
84
258
121
267
155
259
74
283
75
271
164
375
118
258
119
274
170
228
342
142
338
118
347
218
283
92
335
136
259
126
263
144
307
121
247
138
273
119
264
73
173
350
125
295
211
436
74
378
157
385
101
377
185
267
201
254
81
1113
362
272
175
167
378
158
331
119
287
194
259
123
286
134
261
73
375
79
251
171
301
121
261
184
221
337
167
149
166
266
177
252
123
285
218
304
176
278
120
338
237
311
73
385
123
389
129
170
148
123
221
149
279
220
351
217
244
174
160
218
319
145
309
169
288
217
314
173
217
227
172
334
175
363
166
278
120
313
185
301
233
404
129
326
183
304
175
345
183
218
147
168
232
174
332
168
233
127
280
137
388
169
437
123
252
121
363
121
990
212
152
167
164
199
164
325
172
279
168
310
214
276
218
381
76
291
171
332
179
271
90
300
71
180
162
169
277
165
373
153
296
221
315
173
359
127
333
121
352
124
247
220
318
171
217
153
170
301
185
296
182
329
219
318
122
310
183
319
172
382
147
329
206
351
172
166
131
169
260
181
330
177
243
139
283
184
238
73
376
129
266
81
313
125
381
179
287
82
166
294
169
323
181
351
119
402
136
306
126
404
134
335
171
140
170
185
123
267
170
165
288
166
313
173
353
170
434
129
372
120
381
137
430
98
381
86
390
97
404
87
170
372
136
304
133
398
141
277
171
294
188
342
171
297
151
352
129
376
124
400
123
253
78
165
328
184
282
123
348
129
258
143
319
172
280
170
266
173
297
175
269
167
348
168
168
365
184
299
166
372
121
297
179
344
168
298
173
353
131
288
176
334
175
325
142
169
142
165
229
171
259
179
309
172
286
173
301
167
358
122
379
124
301
167
299
175
294
169
166
345
168
309
167
269
172
320
150
287
131
323
133
295
70
272
169
342
129
300
119
181
308
164
267
168
302
170
301
170
317
125
279
168
376
126
254
171
297
167
197
169
224
173
171
324
165
317
84
328
74
308
97
368
75
445
142
262
74
278
74
264
72
281
127
217
328
130
304
86
304
170
265
83
308
132
236
132
264
75
304
118
362
126
417
173
169
356
129
309
177
380
195
392
167
292
225
334
217
342
225
314
235
288
227
280
226
217
298
174
298
219
310
181
261
124
323
183
286
107
356
183
310
184
328
194
270
183
181
315
189
292
137
87
137
123
134
293
135
244
142
302
77
334
214
320
198
368
233
342
217
218
373
135
351
199
283
178
271
128
312
177
260
84
367
228
258
83
310
74
269
90
286
109
260
305
71
280
72
323
89
248
180
256
186
314
169
341
168
266
167
342
222
216
301
218
301
166
281
186
264
191
278
72
280
72
310
194
299
169
302
136
316
212
219
308
204
302
143
379
73
338
136
382
149
342
184
273
136
373
203
277
120
303
124
293
134
239
341
136
314
224
300
233
334
217
320
197
329
81
482
130
381
187
394
246
294
216
216
395
241
384
213
320
218
329
177
258
188
272
174
335
118
279
198
340
202
412
204
221
975
384
300
182
321
234
350
188
331
189
272
72
388
98
402
250
399
247
332
258
285
135
215
362
170
291
167
281
185
314
82
330
171
268
141
302
201
290
87
347
121
314
73
231
348
169
269
169
308
172
299
100
315
144
316
167
318
122
317
176
349
71
329
113
265
96
216
335
166
293
190
269
82
307
113
348
148
336
278
297
178
286
167
312
90
288
73
219
217
234
340
167
191
295
172
221
217
330
168
216
258
220
251
228
232
289
104
216
315
75
182
341
186
227
282
217
233
301
216
242
123
215
333
71
218
302
71
228
216
190
345
221
317
66
201
284
170
232
255
189
271
174
306
84
294
75
293
71
347
226
235
317
168
366
220
346
167
291
73
293
131
283
107
315
217
353
80
293
122
290
129
277
78
179
362
190
310
170
350
181
320
122
276
75
297
80
292
98
275
93
259
132
328
122
169
313
119
267
129
288
83
291
145
297
121
323
75
280
121
322
120
286
88
380
150
381
197
167
280
123
321
87
303
73
269
169
286
70
277
71
274
93
277
92
253
130
306
88
169
267
122
285
214
297
124
283
93
285
198
395
83
387
104
390
106
379
135
281
92
183
310
127
283
125
299
192
323
95
290
204
290
75
257
169
292
85
272
166
322
171
222
361
126
404
85
368
106
314
169
278
74
261
180
317
84
279
132
287
128
407
217
298
80
234
314
131
333
122
405
144
291
122
274
120
274
117
302
141
389
74
288
75
293
71
220
310
123
309
159
317
110
327
78
305
144
294
122
307
170
325
174
367
119
379
218
235
322
172
315
166
371
226
322
80
370
199
376
90
369
74
349
144
369
74
466
152
232
487
122
343
171
272
76
246
172
373
129
226
145
276
170
258
170
250
75
326
71
359
126
167
318
122
321
249
99
117
332
122
322
121
285
223
394
150
321
151
311
80
277
97
171
317
122
332
203
289
172
312
133
326
142
292
200
312
121
282
186
286
97
253
178
312
124
260
286
180
298
120
342
173
389
150
328
117
349
246
290
169
287
194
354
171
315
168
215
301
122
261
130
319
94
296
125
307
83
303
254
337
148
344
129
297
132
378
122
172
296
124
313
125
378
176
270
167
387
80
321
167
291
205
261
80
257
88
268
85
270
87
218
1102
457
263
122
413
170
270
193
335
90
322
113
275
166
340
76
320
174
225
341
125
311
131
279
221
343
122
338
74
363
264
408
146
383
146
289
140
261
155
286
122
223
333
140
281
91
316
89
321
126
348
73
400
106
283
120
328
76
276
169
329
76
362
74
219
295
122
311
173
272
121
298
117
411
235
305
75
265
123
329
80
329
74
176
322
121
329
124
307
121
301
212
302
121
330
76
318
73
277
153
308
171
308
77
292
76
224
363
165
345
183
255
81
388
169
246
101
282
213
288
170
280
169
377
96
347
178
229
319
175
368
126
267
167
230
73
300
168
308
170
369
123
249
98
322
174
318
99
306
124
179
285
140
321
125
267
173
367
133
410
172
397
172
303
123
367
170
341
96
408
105
180
279
169
342
181
320
128
282
139
284
121
354
121
287
130
286
184
303
122
288
169
169
315
122
354
136
362
182
448
168
372
94
350
77
259
126
277
141
258
125
298
137
174
278
122
379
138
270
97
280
86
361
121
286
94
351
151
346
99
355
94
334
81
174
358
165
295
119
337
143
275
211
269
120
414
128
323
120
309
131
316
167
330
164
282
172
174
293
183
252
192
312
170
397
172
419
202
381
190
336
122
374
119
305
121
434
120
164
371
203
350
172
350
213
322
189
362
171
280
176
336
169
395
171
363
171
359
174
229
349
216
373
169
385
171
326
227
278
216
403
168
363
213
440
217
348
215
304
176
342
201
220
359
214
385
217
281
172
424
220
360
223
317
215
324
171
332
183
318
180
380
220
227
350
215
193
226
345
216
311
221
326
178
371
203
447
171
305
169
439
172
360
201
359
173
227
378
167
452
169
300
168
318
171
337
130
240
164
294
165
355
166
349
165
334
123
182
345
219
327
215
968
334
169
218
362
171
447
197
464
228
299
166
368
167
363
166
217
312
166
339
168
372
166
305
171
347
165
303
167
364
140
372
166
426
168
529
216
220
337
239
431
209
470
198
343
169
328
220
415
169
336
173
332
124
330
194
438
191
414
263
223
390
247
342
167
341
167
334
167
318
122
415
141
449
218
321
120
394
214
361
120
212
358
180
295
166
323
197
312
165
338
234
327
120
313
155
336
169
345
134
329
121
226
330
166
395
227
290
177
874
449
320
165
339
166
360
170
329
119
330
138
346
169
331
174
233
377
170
324
230
318
170
343
167
329
172
316
174
328
174
314
212
358
184
227
331
223
365
168
375
196
373
168
301
169
290
168
354
167
291
168
284
168
373
118
310
124
216
377
182
329
213
365
173
302
165
377
235
445
240
391
210
419
268
444
251
311
167
235
304
170
354
227
351
166
298
139
347
127
290
177
435
216
404
217
402
214
350
166
308
168
234
410
175
331
169
327
192
382
218
300
217
384
167
331
235
352
202
356
218
344
177
217
153
203
317
211
274
81
272
123
335
94
364
126
269
127
295
72
309
77
295
166
196
331
120
341
85
287
121
336
119
398
130
287
137
314
171
432
158
387
93
397
152
220
408
138
432
215
308
168
377
82
311
193
367
91
331
234
429
143
443
210
322
83
170
323
128
350
121
322
197
308
134
336
76
322
75
292
125
288
76
321
123
312
108
309
75
222
319
123
295
132
338
75
332
172
264
119
302
122
325
73
302
120
331
89
291
161
302
89
170
284
124
312
122
325
74
297
122
299
133
333
75
300
125
307
134
273
197
339
73
162
273
126
289
178
277
73
307
74
316
112
249
122
285
85
279
78
314
127
277
123
180
331
121
311
124
265
167
310
85
358
74
293
120
360
74
319
154
403
127
260
123
168
311
82
327
167
366
130
333
215
342
181
359
230
282
142
116
169
274
215
335
168
219
304
121
374
150
436
137
407
154
419
97
406
123
366
98
353
140
364
171
376
141
374
159
180
301
142
296
134
340
120
345
124
276
125
257
129
248
94
278
127
274
72
353
74
176
315
123
351
118
253
177
277
166
305
169
312
171
358
183
296
167
338
144
275
203
176
297
170
249
120
307
82
299
169
311
74
288
182
305
179
270
85
280
73
334
140
167
109
168
232
169
309
172
348
122
280
168
380
186
237
195
365
187
354
187
251
177
270
145
172
312
123
298
159
291
169
300
165
198
176
325
121
255
169
354
176
332
167
294
169
163
356
178
297
128
292
172
227
146
276
122
307
75
302
123
290
73
310
89
274
180
170
342
120
257
120
262
73
297
91
287
76
313
119
335
96
375
206
355
161
366
155
457
76
169
380
120
288
185
437
124
368
170
405
539
283
125
268
190
269
87
261
196
286
123
231
337
120
299
132
271
162
275
132
279
89
338
143
320
122
433
166
409
113
354
125
172
314
123
253
122
270
133
274
131
286
76
329
148
266
76
295
74
330
89
279
122
271
132
168
291
132
259
93
312
117
355
151
448
130
441
159
382
170
459
160
365
212
382
244
166
279
129
266
84
342
123
330
95
303
101
286
87
340
74
255
77
323
175
352
74
339
133
168
295
121
340
151
334
217
298
74
298
73
306
228
428
120
384
166
427
169
363
222
173
317
94
305
86
295
74
334
182
345
126
366
229
356
220
347
171
336
202
333
204
170
313
216
260
89
262
132
348
136
333
135
272
73
354
74
321
109
295
74
318
125
172
338
128
250
138
280
133
323
89
351
112
352
149
349
141
320
106
355
97
335
185
167
379
204
410
192
282
75
329
73
351
122
318
89
355
168
374
121
326
184
366
216
375
117
166
340
84
393
177
329
123
348
178
267
74
256
93
331
126
281
103
341
102
334
144
168
402
126
330
173
372
179
278
77
313
75
281
89
278
72
291
122
287
183
321
127
168
336
146
371
164
410
107
273
73
294
98
302
132
354
95
309
130
312
73
356
108
120
301
229
312
125
299
234
250
121
317
75
351
212
373
122
436
175
247
122
310
124
306
178
185
348
130
299
123
262
72
366
75
298
74
347
94
372
171
301
219
347
220
345
205
172
370
93
279
78
319
133
325
125
356
75
386
146
316
120
308
73
250
129
335
76
215
309
126
339
75
364
95
258
214
362
247
337
138
334
145
385
73
331
208
338
75
344
84
166
372
227
276
122
300
84
317
87
324
79
351
183
290
120
287
74
353
102
317
278
229
294
247
315
191
287
122
309
183
244
120
304
184
1164
153
307
175
363
191
333
191
172
326
127
293
72
305
70
290
87
306
74
340
71
312
167
303
121
307
121
302
75
212
325
179
364
87
286
71
276
172
282
219
307
71
301
74
265
167
291
169
343
241
278
148
218
323
126
272
167
283
165
306
124
279
72
295
73
317
172
341
292
286
214
285
168
221
321
138
331
168
367
82
364
124
312
168
299
129
280
122
302
120
318
126
274
204
486
250
237
334
166
334
187
336
214
376
241
449
210
490
170
1030
424
287
167
329
214
288
218
216
397
216
361
217
317
218
340
225
345
172
393
247
364
217
379
166
422
191
324
214
217
361
165
414
212
339
119
318
264
405
240
440
224
316
168
315
167
283
168
287
137
298
167
214
296
220
334
168
317
166
285
166
289
142
327
169
292
124
327
170
341
140
310
165
213
294
228
305
169
272
227
273
171
261
167
357
239
321
139
257
120
270
74
355
133
221
309
163
347
196
323
139
329
73
285
72
309
74
279
96
312
151
328
124
325
99
216
324
124
333
173
323
197
311
119
356
74
342
88
284
134
374
169
281
121
296
122
327
82
164
321
74
280
87
339
158
320
97
323
122
350
154
321
76
321
139
326
75
272
76
167
361
129
350
123
290
128
289
74
321
74
282
202
280
121
343
91
295
135
313
73
165
336
133
251
74
280
188
318
120
308
112
299
89
309
79
347
91
303
88
331
233
213
354
222
347
180
332
197
328
170
310
175
313
75
333
75
308
185
302
85
314
128
327
112
216
311
124
307
121
307
79
302
74
304
176
322
175
351
174
344
144
329
132
341
80
217
331
122
298
122
281
101
324
176
317
158
355
73
396
75
350
125
336
72
348
123
163
329
89
316
122
289
134
390
78
317
72
318
77
277
74
321
73
327
141
293
76
144
309
120
357
133
339
115
287
126
323
75
305
74
346
75
322
74
347
75
323
74
335
196
213
297
185
324
190
323
197
327
78
356
138
320
79
328
123
366
71
366
68
341
149
338
199
215
315
79
342
75
289
86
358
76
368
165
267
75
308
110
327
123
311
76
216
305
77
265
83
280
75
312
122
322
75
362
168
282
92
290
77
292
77
395
74
350
189
181
330
237
286
73
294
89
324
76
335
180
356
96
388
235
381
188
315
305
325
171
165
283
88
312
130
321
76
325
234
327
71
320
80
278
74
315
178
294
95
345
268
395
231
169
345
209
399
213
292
73
286
105
351
72
402
160
311
219
339
71
314
236
329
168
166
351
120
315
180
275
94
334
92
306
213
291
73
319
102
324
206
272
97
284
136
168
355
120
358
165
303
177
262
73
308
71
273
122
271
74
313
77
310
118
248
74
278
130
168
309
93
370
186
309
98
309
73
325
76
290
75
279
75
293
585
221
122
296
74
170
386
203
292
76
257
185
246
73
272
79
345
119
270
168
284
119
269
72
277
74
174
340
122
327
122
405
175
439
168
416
153
376
120
439
73
415
123
272
72
296
75
116
271
119
290
167
242
72
304
73
288
74
336
74
275
114
308
132
308
73
282
94
365
106
217
313
135
287
77
340
75
356
153
327
74
301
72
332
74
374
225
282
73
293
158
166
313
218
290
76
320
74
290
211
308
75
334
165
318
148
373
217
316
221
341
234
170
344
127
311
73
337
226
315
74
327
76
309
125
301
77
347
75
325
116
320
76
304
73
166
363
73
309
246
333
220
391
172
341
131
315
74
322
74
333
168
274
71
317
91
216
342
92
333
74
327
141
316
102
337
248
360
223
346
74
355
80
321
205
308
180
167
280
233
345
125
263
128
338
81
318
189
291
74
356
124
350
231
319
74
292
74
389
150
218
320
130
304
79
307
107
329
73
307
76
314
74
319
153
298
72
328
100
350
147
167
332
186
348
178
297
183
343
135
356
150
331
178
330
194
354
193
399
228
285
131
168
303
119
292
74
308
76
358
141
340
74
316
76
323
131
321
120
302
79
295
83
165
329
121
317
168
327
126
339
73
280
192
288
74
315
74
284
74
291
72
269
119
215
345
126
328
114
459
178
237
74
251
74
265
120
262
218
250
121
277
77
293
121
167
273
125
315
92
252
83
290
179
270
75
255
130
341
75
320
133
257
140
265
74
272
121
170
303
167
295
179
261
75
267
134
287
83
278
121
274
120
250
72
334
75
278
80
214
359
168
364
104
347
72
383
121
390
163
347
189
308
75
298
100
308
206
290
105
216
399
169
319
121
259
127
263
128
269
119
273
216
309
73
301
74
276
157
280
82
91
215
192
271
93
276
120
273
121
280
72
243
122
292
121
276
72
287
72
281
73
279
76
167
348
118
306
119
292
117
240
186
322
121
304
123
263
73
242
123
360
127
272
73
219
266
167
307
166
278
90
303
169
292
124
261
187
426
79
403
121
423
170
267
92
218
377
171
272
174
350
170
301
169
248
116
306
88
281
168
323
125
255
180
297
172
277
74
170
306
168
315
118
119
170
295
122
273
166
291
167
287
122
287
166
335
164
293
84
330
319
119
329
122
287
173
394
178
341
172
288
169
252
168
102
168
270
119
326
168
170
313
169
344
116
339
117
314
120
346
171
354
166
274
167
309
138
279
194
308
87
304
132
179
327
165
327
176
244
141
366
167
347
194
336
166
312
168
347
131
318
120
338
175
170
249
168
295
168
293
170
290
119
259
193
319
166
249
169
289
178
277
174
275
76
220
313
166
272
169
284
169
326
148
243
118
345
118
337
130
298
170
295
182
248
122
228
134
167
293
166
315
119
287
188
274
172
234
171
258
168
265
168
304
177
302
129
329
97
213
370
138
285
224
321
80
294
124
284
78
304
119
318
151
303
207
414
125
435
185
212
372
140
347
209
419
221
323
86
266
119
307
99
307
72
304
129
264
98
257
182
233
358
176
340
155
304
74
360
173
300
133
265
174
345
102
278
77
290
74
298
204
317
121
223
313
122
280
118
286
169
280
128
260
84
296
121
279
76
275
72
287
130
265
74
223
328
165
324
82
255
76
272
117
278
103
309
104
349
130
425
167
279
92
278
74
174
322
122
322
180
316
94
322
73
357
162
280
75
314
123
315
72
311
74
335
126
323
129
173
313
124
293
130
271
80
295
182
300
207
361
164
378
183
361
165
310
76
381
75
167
356
213
289
73
311
80
280
74
299
85
353
159
371
81
345
214
313
74
301
72
307
74
186
306
91
337
146
288
127
384
96
309
76
280
85
303
117
295
76
288
86
286
74
169
280
122
312
133
302
91
298
86
287
196
328
76
275
125
262
163
275
71
284
75
172
320
126
352
155
350
74
285
127
308
169
316
129
275
87
328
90
384
161
407
123
215
417
114
389
129
329
76
281
74
262
74
259
74
289
72
338
74
341
85
349
137
132
361
166
1039
303
170
254
75
247
80
214
102
174
112
213
94
169
182
173
322
172
347
175
166
288
169
302
183
302
142
75
155
76
197
83
201
85
186
88
198
114
194
109
168
176
256
171
212
171
267
174
240
139
313
173
239
189
407
176
308
186
158
169
270
173
310
172
235
258
121
156
168
334
170
289
171
332
168
319
167
264
171
154
171
130
162
124
135
130
273
171
277
272
219
231
104
184
265
174
231
173
285
79
263
83
260
73
289
73
132
286
186
1068
408
289
124
304
179
321
137
294
74
299
139
248
122
323
92
346
132
119
382
151
310
126
284
127
244
125
376
190
312
235
257
170
343
124
261
152
331
132
166
296
171
299
226
294
169
372
169
288
102
258
167
303
74
277
130
267
74
314
117
291
77
220
303
121
306
181
274
176
281
130
265
91
280
172
312
122
267
131
315
73
268
125
119
319
167
291
169
281
169
309
168
337
126
246
81
280
93
276
138
280
76
244
120
171
354
139
289
172
288
174
309
172
333
123
259
154
298
141
263
176
303
83
323
171
305
89
177
294
172
344
121
280
171
320
213
380
77
314
123
332
215
262
120
334
212
331
167
222
376
217
292
221
373
171
332
176
251
170
265
165
258
217
241
169
303
217
291
196
224
303
176
349
152
274
217
332
196
352
88
288
220
288
171
303
228
299
215
306
219
219
283
231
281
172
294
227
217
219
361
224
327
192
334
219
302
173
251
171
310
220
329
92
220
322
201
308
216
277
190
352
175
268
259
300
214
278
189
299
222
272
194
322
214
218
290
171
283
220
301
219
255
124
249
142
278
121
303
195
323
172
365
216
308
217
218
360
168
311
221
199
216
359
221
361
175
293
217
293
215
308
220
273
225
335
122
339
171
223
351
177
308
223
269
188
312
135
319
184
319
251
300
185
284
126
253
130
282
173
169
308
170
328
124
284
170
237
135
260
79
240
122
287
120
269
121
274
94
363
82
167
104
177
280
187
322
124
288
122
329
144
276
130
315
146
357
135
261
154
326
120
172
274
170
270
178
353
214
346
95
324
101
363
168
377
126
287
122
325
126
273
120
350
142
173
350
130
270
124
303
128
310
73
286
125
275
121
298
100
291
76
313
108
284
168
166
386
121
280
167
241
74
332
211
259
167
372
72
308
192
279
73
261
125
257
79
168
341
125
408
119
269
99
281
142
281
71
256
218
261
121
252
123
246
123
285
122
291
71
166
275
119
355
180
280
73
336
72
333
73
351
235
265
119
314
173
262
129
273
87
169
240
167
277
132
264
86
318
81
273
73
254
72
277
73
261
90
262
124
282
74
168
280
122
359
131
314
168
246
74
287
73
288
74
244
122
300
73
293
101
266
73
271
73
131
311
120
308
137
276
443
286
158
276
74
276
73
294
123
258
71
279
96
281
77
164
314
134
306
121
311
84
287
72
343
74
283
166
407
92
430
190
377
174
347
138
175
293
172
308
127
335
120
280
140
324
76
331
144
282
122
295
92
272
105
262
124
165
323
128
323
123
305
87
333
125
316
123
349
168
349
160
367
74
312
199
331
72
324
78
167
336
125
278
122
310
123
270
121
293
132
274
123
280
92
321
121
274
79
263
137
134
318
72
279
103
279
71
272
73
297
87
370
73
352
120
412
83
430
110
414
171
170
286
121
364
167
265
123
273
98
312
167
274
83
313
81
303
84
259
73
257
124
303
87
167
291
121
283
86
305
171
287
73
292
127
279
73
290
119
288
73
389
121
285
120
165
318
266
383
179
230
72
301
149
288
100
254
86
287
88
288
74
258
94
267
121
178
321
122
361
118
293
172
436
151
279
120
364
98
257
72
294
73
292
118
278
120
167
291
132
315
118
309
117
289
126
300
73
274
87
284
126
282
169
262
75
262
74
411
209
167
286
171
312
133
326
74
308
184
375
156
355
100
340
100
368
172
411
177
435
165
167
362
189
293
120
255
87
349
80
295
126
302
73
263
127
262
76
351
77
317
74
167
319
122
312
170
339
182
330
184
309
94
326
135
282
123
347
86
311
84
340
75
370
73
168
359
121
378
180
296
77
334
132
257
82
296
186
282
75
282
74
271
125
259
84
175
353
122
324
127
333
74
317
92
300
73
298
74
301
75
329
120
323
74
369
130
169
312
173
302
145
312
136
341
76
309
151
298
127
332
78
300
88
375
105
291
121
335
73
164
303
166
298
87
362
75
330
95
312
74
305
109
311
72
339
121
318
171
333
72
186
310
120
312
126
316
121
344
132
1119
286
219
167
316
73
312
77
250
75
335
135
167
319
119
279
120
307
73
268
72
325
72
361
73
265
72
358
164
341
134
322
169
167
304
121
319
179
298
122
346
81
310
161
379
84
402
109
348
138
350
129
411
165
388
115
170
264
121
331
186
309
100
295
96
309
74
324
121
334
75
305
75
290
122
287
81
164
346
123
305
145
305
120
269
125
295
83
252
120
264
89
321
206
256
119
310
73
165
282
120
266
88
278
135
281
135
283
74
999
386
289
173
283
101
300
76
272
72
282
121
167
308
128
310
122
297
89
259
121
276
73
263
119
268
125
274
121
328
151
266
120
167
307
124
274
120
359
108
265
89
319
120
351
75
326
120
290
120
326
120
335
121
169
272
198
326
128
324
87
283
87
314
74
382
72
366
119
420
114
360
179
323
178
164
346
84
351
185
314
173
360
201
301
119
305
130
322
137
280
126
312
83
317
155
353
138
169
294
139
333
192
314
75
335
124
319
151
363
96
361
189
320
124
336
133
302
113
180
356
122
302
123
314
179
304
169
296
121
346
73
293
73
280
132
291
120
337
74
167
309
128
320
91
310
163
302
95
278
139
302
157
316
78
324
74
355
174
313
114
315
91
180
325
182
326
125
277
129
354
130
306
74
343
74
350
124
328
121
310
119
321
75
173
308
122
329
126
327
124
324
134
355
199
258
75
295
120
352
144
345
95
286
121
167
310
90
306
123
301
73
316
122
275
122
301
74
317
84
262
75
313
119
367
73
165
361
152
321
121
286
78
300
76
352
75
326
113
310
74
315
120
348
80
407
226
262
72
168
346
143
271
166
367
75
294
73
358
76
280
95
325
141
446
120
372
156
316
136
171
323
168
320
182
309
181
294
74
328
101
324
177
293
74
235
77
335
121
350
127
167
280
170
275
79
273
84
320
77
308
73
333
157
386
74
319
73
305
75
306
118
291
180
171
278
121
297
124
351
128
262
138
367
72
457
127
390
173
276
122
249
120
318
173
168
286
173
311
118
240
124
257
102
279
173
424
130
378
144
413
131
347
134
412
161
165
290
166
312
88
336
81
310
77
292
154
298
120
277
138
314
74
296
74
256
72
280
85
165
278
122
300
166
323
156
354
156
266
122
268
74
315
114
258
120
263
100
274
90
167
323
121
282
147
260
166
271
122
283
80
264
73
290
152
288
72
286
71
294
75
167
296
119
334
119
337
170
329
110
339
179
317
213
287
74
312
164
315
90
352
72
169
433
174
334
189
275
133
319
124
251
118
279
73
272
144
281
77
270
73
264
73
295
73
165
336
121
343
152
282
172
289
145
286
105
289
83
290
81
279
73
329
72
337
74
169
315
120
281
123
249
119
243
221
269
94
244
103
815
236
321
75
233
94
289
74
167
342
121
337
169
412
220
351
126
355
166
289
171
322
167
359
165
390
227
329
170
309
166
221
353
235
257
87
326
124
344
74
290
101
295
151
317
71
311
136
281
72
335
72
215
334
72
446
124
362
72
371
75
313
214
354
109
380
279
363
286
353
155
376
207
374
146
213
334
91
339
265
303
166
296
75
262
73
286
169
382
130
410
99
232
110
167
308
171
344
110
161
168
192
282
139
348
81
168
274
177
291
154
166
360
126
171
286
168
280
119
171
273
71
250
170
195
351
130
279
94
176
174
212
116
170
265
168
279
318
168
296
314
127
264
271
123
143
301
92
231
253
70
278
202
132
345
74
202
251
206
214
244
262
81
120
286
73
286
122
258
92
298
125
389
192
377
213
352
186
371
251
363
203
224
352
253
334
170
312
83
286
82
277
179
354
121
313
162
366
146
481
162
425
189
217
393
128
343
154
263
74
245
84
285
120
322
141
343
171
301
72
293
74
306
122
165
280
121
273
124
307
95
295
146
271
75
301
75
289
79
293
82
281
133
345
138
324
126
167
277
144
288
121
279
125
324
97
292
86
291
72
329
206
349
85
291
83
294
74
233
310
203
381
80
277
105
289
91
276
73
308
124
321
135
369
253
331
76
293
73
165
264
178
313
144
364
147
316
180
347
131
321
232
343
111
438
146
433
172
392
204
221
323
133
255
119
309
96
290
74
277
119
312
123
284
72
309
86
295
119
330
130
268
74
218
313
137
320
120
326
106
293
175
329
164
394
141
415
178
281
76
266
75
299
177
167
301
119
292
120
352
78
293
126
291
122
326
166
341
74
312
83
287
172
327
133
232
296
121
304
120
328
120
274
121
266
91
298
123
277
127
308
126
1079
242
275
175
335
140
215
279
122
382
191
323
175
263
183
266
82
399
167
308
214
359
295
332
75
288
75
166
364
73
254
76
278
75
301
130
309
73
330
122
306
74
320
72
325
134
353
75
289
200
165
343
97
311
92
346
113
296
74
351
114
325
74
306
96
300
72
345
92
348
126
165
308
170
436
115
302
78
311
96
326
75
304
87
308
73
302
191
314
74
383
75
165
283
126
312
126
263
118
310
72
365
79
332
216
324
78
332
72
968
364
262
75
270
76
165
291
144
297
210
337
72
324
80
372
135
288
76
304
73
322
98
319
75
315
168
215
348
96
253
75
323
74
329
75
358
84
340
96
360
163
366
75
324
73
337
73
178
356
95
428
219
371
131
275
72
327
167
294
160
292
73
410
179
429
262
292
126
231
305
124
266
166
276
90
337
227
339
73
282
82
356
94
354
76
303
243
320
73
342
112
168
329
128
264
82
348
125
254
100
338
73
307
101
295
126
299
94
326
75
330
73
165
357
84
298
90
302
224
312
73
333
171
318
114
321
146
375
189
388
137
323
130
167
287
155
329
182
317
174
316
95
319
75
308
122
294
121
280
168
261
80
308
122
308
73
223
312
132
244
74
322
181
341
86
272
92
329
75
298
99
305
74
276
74
321
75
167
369
171
289
169
274
73
304
131
328
85
263
73
355
75
261
126
292
73
300
72
173
307
120
286
130
241
128
293
77
289
74
287
93
339
121
305
76
296
73
291
74
168
314
93
392
131
293
92
290
73
339
114
350
94
472
186
390
191
379
147
345
207
390
273
222
304
119
279
122
304
200
376
186
443
203
267
94
284
74
269
73
315
82
338
96
223
362
227
310
76
288
75
276
75
314
171
272
75
356
161
360
155
308
74
308
176
168
315
127
274
85
284
75
318
224
278
121
299
73
267
88
284
228
270
88
297
171
274
74
173
352
75
295
104
256
77
294
73
318
74
320
98
373
127
314
74
309
92
285
75
168
286
123
280
122
313
77
320
120
288
76
292
120
296
131
323
74
353
164
338
204
167
410
209
354
125
274
73
286
95
264
123
262
74
292
73
276
91
329
156
318
140
287
76
164
351
76
283
112
288
91
302
74
309
77
326
74
304
87
355
145
347
134
285
101
171
325
73
292
167
328
74
275
229
276
75
312
73
286
120
325
96
429
118
320
184
177
381
199
351
278
307
72
315
73
318
75
328
76
359
167
383
220
369
88
286
74
215
343
172
356
121
299
73
307
109
323
83
281
128
292
75
281
143
275
71
295
73
216
354
135
293
217
356
172
400
218
371
202
348
197
513
201
407
224
292
177
286
127
298
89
227
295
181
332
175
283
170
293
80
295
141
399
194
366
216
430
240
347
150
385
604
222
334
179
284
183
305
133
278
189
379
173
309
85
382
181
413
151
294
142
322
191
223
322
170
342
185
327
180
310
186
308
142
327
124
500
183
303
171
284
132
279
79
227
362
121
393
190
293
169
292
151
271
222
285
180
260
182
341
186
368
212
429
223
464
283
217
395
214
444
204
281
172
282
182
280
123
282
130
303
93
300
118
311
215
418
125
223
388
207
265
184
357
182
306
173
282
86
304
74
293
72
332
190
458
223
377
152
217
372
221
419
199
304
134
268
211
256
137
262
74
277
72
283
100
266
99
396
183
376
89
222
367
181
429
225
314
231
317
98
249
74
386
72
273
138
310
167
321
89
318
180
232
391
183
274
120
286
179
290
120
312
85
341
91
268
122
249
75
315
168
291
120
182
362
120
388
134
251
120
267
185
310
85
281
118
317
136
310
145
284
120
320
129
173
309
129
283
119
300
119
269
120
276
73
329
94
296
129
321
172
295
119
290
115
319
74
129
290
171
292
130
296
139
307
74
280
149
320
74
335
173
358
160
361
165
353
130
221
349
181
358
182
323
154
279
73
309
146
283
125
348
137
402
110
366
180
422
143
221
333
187
319
122
268
102
304
76
315
73
349
128
282
119
311
72
343
75
313
79
315
157
164
354
193
288
172
295
94
284
82
270
120
293
72
297
166
323
108
424
200
314
167
166
289
123
338
85
262
123
292
72
302
79
274
75
257
88
313
190
415
116
348
165
168
308
180
268
124
230
89
250
170
260
73
302
123
330
75
304
141
331
76
298
123
167
345
123
335
88
333
222
346
231
323
217
424
226
422
131
390
92
406
168
443
102
443
181
230
433
182
391
163
407
213
500
210
386
171
271
73
245
120
257
119
266
72
278
74
181
330
74
282
101
299
124
315
137
274
236
267
99
277
140
283
166
275
74
272
73
229
379
124
332
219
363
163
355
188
330
185
361
235
373
208
376
232
325
126
324
130
350
253
214
299
95
307
136
280
209
386
163
338
196
326
146
297
134
326
90
310
119
319
128
167
424
168
277
186
286
168
291
133
312
74
257
146
291
130
314
164
320
74
329
82
170
322
120
289
74
341
136
323
95
284
92
273
172
333
73
346
139
327
130
337
74
332
72
181
348
451
305
142
306
72
306
79
348
149
312
175
371
93
308
185
480
170
385
215
215
322
122
338
126
285
74
288
170
315
166
326
152
284
120
281
169
291
74
255
179
224
345
74
366
171
356
183
314
75
326
76
306
74
278
78
372
74
331
74
365
108
356
180
175
275
229
287
174
298
120
331
74
335
136
349
86
316
73
313
74
271
120
310
83
163
324
82
314
120
340
133
371
98
367
209
376
76
353
138
296
164
374
164
335
140
169
309
74
310
184
256
173
319
73
292
71
351
150
337
119
295
122
283
169
281
74
284
74
222
305
143
309
119
255
153
266
71
312
72
281
71
244
169
256
73
278
72
274
120
230
376
122
335
125
264
147
359
83
254
172
359
106
279
74
271
86
332
154
329
124
223
310
131
302
126
311
112
324
76
291
72
343
73
354
134
272
268
304
76
298
76
346
74
172
304
120
302
73
277
74
277
96
314
72
263
119
322
131
330
119
353
93
367
172
171
282
240
313
92
300
85
314
82
307
72
321
72
318
188
349
74
319
123
282
74
169
342
126
275
121
260
127
316
74
371
74
317
169
336
122
345
163
331
202
378
204
309
74
164
316
74
308
121
316
80
318
140
338
132
325
72
299
118
288
133
435
193
310
240
214
328
238
358
233
302
83
314
82
281
71
314
135
315
174
330
213
266
169
327
92
240
355
119
298
122
251
85
275
81
304
73
259
71
317
131
282
105
285
88
262
74
133
281
174
308
181
284
170
158
168
217
127
248
166
337
126
440
127
281
165
342
176
345
194
218
314
170
344
165
394
180
301
126
318
70
350
68
393
166
341
169
422
194
434
230
229
409
243
327
173
345
169
355
188
342
170
444
240
420
183
374
233
351
170
302
219
211
324
168
367
212
1043
382
216
341
306
298
465
209
446
176
459
188
369
213
421
167
220
418
338
376
293
418
216
347
171
478
168
446
170
297
305
423
216
336
217
431
236
597
203
220
475
216
443
213
445
216
358
174
353
214
306
180
431
220
301
215
436
215
484
172
221
437
305
426
218
306
227
298
217
346
170
396
188
328
168
332
175
307
214
365
213
219
368
215
325
222
460
172
477
168
397
177
363
218
370
219
350
228
361
156
360
175
225
387
171
455
217
362
191
942
454
367
202
385
169
293
217
341
192
369
178
486
142
333
171
227
351
168
381
171
368
195
326
120
349
138
333
142
358
165
365
217
387
211
341
170
223
331
193
309
168
405
127
370
182
387
118
354
166
298
120
325
122
363
116
370
120
357
121
213
368
167
348
165
326
128
405
120
369
121
433
133
358
122
360
214
468
206
214
489
260
388
168
443
319
322
171
363
166
363
116
313
172
371
121
446
118
443
223
484
160
233
358
166
449
167
365
260
496
129
478
125
351
164
450
178
365
124
497
228
441
239
216
370
127
448
219
316
134
485
136
448
136
375
136
444
119
365
169
353
131
449
126
166
367
186
449
214
454
249
489
132
447
120
475
167
450
119
442
119
322
167
356
139
442
218
219
365
217
336
172
442
182
490
120
420
172
473
121
468
184
411
258
445
173
444
273
217
408
215
416
175
358
132
448
123
439
171
343
216
463
174
443
187
465
229
452
167
213
439
169
439
206
320
178
460
119
445
203
444
121
605
213
446
243
435
242
445
267
578
214
228
427
235
446
134
439
149
441
264
448
165
465
196
447
171
438
167
436
165
440
215
228
441
205
449
266
447
175
449
166
361
217
436
121
440
168
419
169
419
221
559
175
224
434
166
446
173
441
257
444
170
435
124
436
165
443
168
481
121
446
166
469
172
222
440
169
441
204
446
166
449
119
383
121
435
122
446
167
441
166
451
121
347
167
316
166
214
441
172
458
122
436
170
502
162
415
171
347
120
305
166
355
120
328
120
335
120
168
403
165
408
246
445
167
440
133
445
166
445
119
438
120
438
211
434
166
440
165
216
431
166
442
167
439
142
436
168
438
244
440
240
445
272
443
249
446
275
437
244
442
183
214
438
168
348
166
446
136
439
121
330
316
414
168
423
269
396
167
400
169
402
167
216
318
170
329
186
373
187
360
182
438
238
345
171
303
201
368
167
412
128
464
139
216
398
169
391
165
336
172
379
167
353
168
370
146
374
185
407
168
401
199
538
216
231
393
185
479
202
405
168
398
169
426
170
398
167
408
173
406
175
405
169
410
165
415
166
222
405
171
406
165
400
169
403
167
468
187
340
167
320
168
359
242
346
168
352
168
123
385
122
385
157
347
168
336
168
411
548
423
170
405
171
404
128
413
170
401
225
218
537
204
404
308
320
168
411
180
398
189
405
129
400
169
404
139
408
214
396
135
390
168
221
400
193
400
171
394
188
401
170
395
197
394
167
402
173
425
172
397
173
404
168
229
404
179
407
171
344
188
402
168
403
189
400
185
408
235
380
203
415
219
470
216
218
357
167
360
166
464
223
385
168
354
166
307
136
344
180
322
179
371
181
332
139
233
375
195
396
166
371
220
348
194
421
214
488
153
379
170
396
225
316
188
356
134
307
165
218
426
166
381
209
373
171
392
167
540
172
533
211
539
220
372
206
431
212
402
168
217
514
174
402
193
392
256
402
168
404
167
423
196
403
168
401
167
408
168
408
170
224
402
168
406
196
399
168
407
166
398
170
395
179
408
169
401
152
405
144
437
295
473
184
230
398
165
536
167
406
170
397
176
410
214
408
218
389
213
396
202
390
184
400
194
232
409
169
404
222
405
169
404
164
546
172
425
167
403
138
398
142
408
124
399
168
218
342
170
353
169
317
170
304
168
438
120
427
141
382
182
353
164
461
118
405
119
403
120
171
391
167
397
168
390
238
378
221
376
131
452
192
344
166
379
177
467
269
380
179
233
355
225
423
216
299
175
316
170
349
171
328
169
328
221
335
178
326
222
359
121
222
398
169
361
173
373
234
318
169
306
226
343
194
362
241
360
198
329
143
375
170
344
137
231
376
208
365
170
309
172
323
172
336
169
298
169
467
135
311
167
393
224
354
176
230
406
170
354
208
352
120
345
121
383
121
365
140
305
122
373
119
325
131
328
121
220
384
176
379
182
358
177
330
167
339
219
329
129
358
170
369
120
345
190
344
168
220
322
225
382
251
347
168
390
172
349
169
375
146
1128
194
371
138
406
136
330
170
373
120
219
311
242
347
166
329
172
387
169
346
121
371
170
342
166
328
169
370
169
335
136
217
353
164
344
192
332
252
374
120
300
248
333
121
353
141
425
256
415
243
361
287
221
420
240
327
167
332
219
358
213
333
120
335
122
354
123
402
144
415
120
364
168
218
344
174
330
216
318
176
341
136
358
122
362
136
369
145
386
125
358
237
350
218
410
232
218
382
170
389
252
319
170
325
178
331
180
378
257
1041
508
311
174
351
252
363
166
219
363
170
360
168
333
290
379
125
342
123
321
148
370
140
350
176
346
121
376
210
215
371
213
407
170
344
192
403
215
417
252
344
214
452
249
407
249
387
250
511
201
346
222
182
403
204
333
120
321
136
335
169
343
169
373
207
377
199
362
217
330
119
346
203
217
366
167
336
232
337
173
358
169
304
205
347
175
362
166
317
167
359
122
318
167
223
358
168
343
167
354
185
319
119
370
154
316
118
383
120
394
125
370
120
344
129
323
273
233
405
165
331
167
272
167
318
174
361
193
328
120
302
170
345
191
355
129
350
119
215
421
245
335
178
364
168
348
170
370
121
409
129
394
254
399
120
331
119
398
123
219
381
187
358
170
416
169
417
179
351
271
357
223
354
268
358
279
427
243
391
244
216
375
245
389
165
331
192
345
132
341
124
355
216
326
169
391
244
315
177
342
165
332
167
220
332
216
319
166
391
262
376
133
339
247
366
124
343
167
323
121
335
170
351
217
229
406
168
375
166
433
225
368
200
399
238
376
257
411
249
369
272
496
255
393
237
214
378
230
314
166
333
174
337
167
324
167
355
119
349
198
384
158
394
240
377
273
422
245
217
361
239
348
170
306
169
329
168
370
190
350
176
327
219
337
123
374
173
343
167
218
339
167
360
213
327
167
327
171
311
166
333
167
348
167
368
168
356
121
323
137
227
357
168
337
168
319
216
324
171
323
128
361
168
368
188
374
118
382
167
374
161
221
363
172
351
166
366
221
425
121
363
270
389
241
347
264
345
216
310
166
347
140
369
167
219
352
199
313
166
347
167
402
124
359
277
366
173
363
124
323
120
348
120
342
167
218
330
166
378
218
345
167
370
258
407
251
325
170
375
230
350
120
342
382
392
239
218
395
247
317
253
390
255
361
272
401
242
363
292
429
218
445
234
410
265
371
269
414
272
220
385
240
416
244
387
250
407
223
346
268
422
245
327
135
324
170
322
133
355
186
219
364
167
351
208
337
175
342
170
310
143
336
186
393
216
347
278
399
198
415
242
218
379
260
315
167
338
151
379
210
338
217
331
263
374
168
329
169
336
125
347
121
322
138
221
322
167
343
168
374
201
354
168
374
230
329
176
325
120
361
494
425
217
347
167
216
365
168
303
172
336
139
415
239
350
179
348
120
385
120
373
168
310
255
335
120
219
365
168
334
169
318
174
339
165
381
167
382
165
377
212
407
247
440
244
434
260
216
398
247
354
298
323
212
326
179
342
126
362
226
384
210
394
239
415
241
343
257
354
190
191
363
190
348
124
332
120
319
192
401
220
372
220
330
166
331
252
345
167
342
212
217
342
167
367
184
349
210
314
167
347
167
322
180
358
169
403
197
401
127
405
244
218
393
244
344
166
332
166
332
138
354
126
359
218
373
216
418
247
393
228
373
194
342
167
217
323
167
327
168
394
252
338
167
379
172
336
120
359
119
338
193
329
121
344
168
218
371
174
350
167
358
169
353
167
340
166
352
170
328
171
338
142
358
121
400
169
165
359
169
398
193
338
165
331
170
330
167
357
122
312
122
337
169
364
167
385
169
218
312
166
395
233
437
251
390
233
414
250
389
233
344
122
371
120
366
147
357
168
323
167
214
377
169
396
240
336
169
384
170
344
187
403
167
348
167
365
218
347
168
300
166
217
346
169
375
220
355
178
376
221
359
122
375
223
327
167
351
169
335
167
342
167
220
360
166
321
169
352
166
347
143
377
137
416
265
437
221
327
147
333
184
337
120
339
119
196
334
167
312
167
353
195
402
277
413
251
389
261
437
246
464
252
318
137
335
117
215
371
222
325
166
400
160
403
212
436
262
363
279
355
274
399
241
443
264
414
249
216
310
173
453
221
355
176
353
140
363
252
398
161
326
166
404
208
329
169
352
166
377
174
217
400
120
314
176
354
118
387
167
353
119
386
120
346
143
389
121
356
120
388
120
221
376
226
323
172
350
170
342
200
365
226
346
148
357
171
351
231
330
132
963
219
224
361
166
361
181
366
170
344
143
354
171
337
218
418
213
344
145
331
169
349
138
216
356
175
331
171
370
223
335
168
350
168
369
186
378
246
377
213
335
220
337
167
334
221
218
349
173
409
218
333
172
333
167
369
131
345
165
355
169
333
166
334
168
346
180
238
338
170
334
168
315
170
347
137
410
261
352
168
335
166
321
139
356
169
341
149
219
354
169
384
221
371
196
361
121
331
120
370
132
408
215
322
173
360
121
395
235
1133
552
215
345
168
338
173
400
264
377
230
503
272
453
169
353
267
360
133
352
172
350
238
217
311
173
323
171
357
218
335
166
346
121
338
120
370
119
405
229
337
166
370
122
218
337
169
368
230
323
266
414
258
399
250
344
168
380
168
361
221
368
184
346
142
225
370
167
417
226
351
169
346
168
328
140
369
245
342
122
354
139
334
167
330
216
349
166
218
387
120
295
139
353
171
325
170
329
173
345
169
403
260
398
236
428
168
403
242
218
406
243
323
305
328
170
345
170
374
245
339
261
406
144
359
119
326
167
340
170
215
348
169
301
171
395
136
415
179
356
268
420
261
371
267
334
167
318
167
344
170
385
203
220
335
172
345
168
388
120
330
167
358
201
343
208
347
120
375
123
369
174
349
120
215
357
170
297
243
332
169
340
223
382
197
363
158
402
135
414
220
420
225
426
218
183
346
170
416
257
342
168
366
274
473
254
358
269
412
224
397
257
358
120
371
226
215
368
236
393
257
313
169
391
152
366
168
337
120
319
172
368
120
373
166
357
165
364
169
220
346
169
353
166
395
143
352
226
344
142
342
168
358
183
391
259
383
120
400
119
229
309
175
427
250
363
270
358
169
334
177
345
269
383
160
372
287
314
301
355
143
217
360
189
374
169
364
182
322
143
354
241
357
121
344
176
348
194
387
195
375
120
356
170
216
372
164
331
219
334
184
349
225
355
168
344
228
331
120
359
171
367
121
347
171
216
360
192
314
174
340
270
323
171
325
167
358
207
386
220
339
218
354
149
355
155
217
398
180
324
176
342
168
350
124
378
122
365
154
365
125
379
169
343
168
343
166
373
190
214
361
181
344
130
410
240
403
251
360
217
347
240
349
168
340
120
359
121
344
167
224
1126
289
351
218
303
184
323
167
335
167
362
166
306
177
334
140
371
167
337
305
219
344
216
339
173
328
186
317
171
309
214
349
166
384
168
344
168
330
170
312
167
190
372
166
314
169
332
191
322
241
366
168
353
217
355
130
387
120
379
119
350
123
326
169
222
378
165
321
170
379
211
358
231
368
178
492
241
379
142
449
120
331
121
422
128
216
336
176
322
257
377
178
432
184
369
144
338
169
392
174
418
122
318
218
370
120
220
345
168
1049
528
311
167
425
198
318
173
382
233
334
262
338
262
408
246
428
239
350
258
216
336
134
364
272
359
221
331
120
323
146
351
136
375
140
365
171
358
233
377
278
216
335
268
359
168
301
170
329
170
332
183
387
172
366
122
369
169
355
170
348
166
216
346
167
316
171
316
172
364
127
329
119
355
168
421
167
390
225
398
243
359
280
217
354
169
391
224
282
120
331
168
375
120
369
121
373
189
400
185
422
248
395
248
359
284
216
306
265
341
237
337
135
391
123
360
162
351
210
425
189
318
171
344
211
342
194
216
373
227
398
142
308
169
322
132
348
228
322
122
330
119
366
120
380
121
353
137
217
363
167
397
168
324
129
353
184
376
167
407
152
359
236
408
281
352
169
359
200
367
167
216
326
169
331
167
315
138
342
175
348
79
290
170
392
71
350
128
320
222
390
73
214
303
139
307
78
366
247
364
215
322
93
341
243
307
74
334
118
283
74
293
121
180
357
130
353
214
353
72
323
163
350
72
310
73
384
151
295
151
369
132
398
192
310
73
221
330
77
276
72
293
228
289
99
321
81
341
90
326
129
290
270
304
223
349
265
216
366
138
329
180
344
173
360
140
329
96
373
73
293
156
286
192
382
72
320
143
217
382
142
345
222
332
273
331
295
339
74
340
75
329
226
340
72
381
177
291
137
215
347
73
374
188
318
72
365
153
322
153
345
86
289
131
337
72
306
72
308
72
386
106
183
404
121
363
127
315
165
278
73
323
90
278
72
310
71
293
75
336
88
336
75
185
314
209
304
72
296
140
338
77
314
124
307
72
294
80
315
135
329
93
367
175
222
314
223
329
214
410
75
330
149
286
219
317
158
304
167
285
122
291
110
318
225
325
75
234
339
86
350
171
323
321
288
70
316
218
270
79
342
197
358
75
356
72
331
156
214
348
168
342
203
341
186
346
141
398
230
304
72
301
150
309
71
320
73
355
181
218
339
226
399
175
339
224
349
175
304
150
302
180
299
98
360
132
334
75
352
160
220
320
128
298
141
309
214
341
196
357
74
351
73
321
128
288
98
315
124
325
73
320
130
175
311
123
317
169
351
77
316
88
338
164
346
115
374
130
376
257
431
252
316
89
215
363
125
326
244
366
465
304
86
365
236
342
265
451
251
333
267
383
279
308
89
212
357
124
290
134
330
216
322
196
311
71
331
231
294
130
314
123
322
215
313
242
302
73
232
296
176
367
227
311
174
311
137
284
73
324
72
332
220
372
157
298
122
282
74
223
352
130
338
233
326
170
325
137
296
135
306
73
344
132
333
125
397
240
298
209
217
329
170
276
179
315
182
366
111
352
229
319
268
102
220
277
264
170
385
327
160
219
295
236
175
251
335
102
229
327
178
216
334
327
218
325
228
137
261
265
86
220
214
224
403
218
172
338
168
337
230
347
93
286
187
330
90
324
72
312
73
320
112
315
180
191
344
137
307
72
341
149
327
73
338
89
311
72
329
86
304
138
338
154
319
90
183
319
74
289
84
303
72
321
292
281
218
295
84
341
99
365
181
298
77
390
73
389
152
218
357
200
292
74
338
73
426
87
378
242
381
248
400
257
383
247
392
217
373
206
225
378
172
366
73
343
89
325
103
352
73
381
84
347
311
340
183
352
93
379
249
217
309
183
297
100
325
89
256
74
295
71
374
75
279
73
300
73
299
72
318
207
356
127
169
315
96
294
73
348
211
384
76
366
125
287
73
282
124
291
133
289
78
331
74
134
323
114
312
74
324
192
401
173
326
76
389
209
385
267
351
220
357
188
433
155
214
341
116
389
172
278
91
307
126
317
75
343
117
317
96
314
128
296
72
353
74
169
329
129
271
73
333
80
370
73
341
90
374
115
342
219
384
130
325
136
309
206
335
75
166
335
140
309
135
285
74
331
74
297
222
347
196
314
211
327
74
370
196
372
158
163
351
240
396
214
322
75
322
74
283
74
285
79
290
73
430
97
364
187
299
74
171
341
124
391
78
316
99
334
122
1161
309
161
169
328
93
368
271
390
246
291
75
388
75
218
341
123
318
120
320
131
347
133
318
76
384
197
314
278
399
151
376
267
327
72
167
339
131
331
76
374
128
271
132
395
111
279
72
276
182
288
73
279
120
345
95
222
335
120
344
179
308
74
390
150
350
166
442
199
350
186
366
196
433
207
276
74
171
328
121
284
122
281
73
278
73
357
130
320
122
279
73
257
74
347
176
338
122
313
129
216
377
131
294
146
289
125
337
159
1055
486
283
79
338
130
258
88
281
173
288
130
168
354
124
336
130
384
74
368
89
385
156
284
87
313
92
357
183
359
156
379
243
190
372
126
298
130
327
77
317
215
377
126
376
209
300
126
368
72
277
85
357
145
355
211
168
269
125
384
245
326
264
299
123
298
142
336
270
380
236
383
205
386
200
378
154
220
375
169
259
131
285
238
299
75
294
142
352
160
284
180
301
71
309
206
354
235
218
333
128
413
195
323
79
284
143
304
125
320
221
311
130
302
128
317
122
287
136
303
76
218
346
131
313
225
307
213
379
208
288
72
312
173
302
74
351
75
345
185
313
172
174
352
127
254
134
278
90
318
212
315
80
303
80
332
124
303
73
310
128
330
126
182
332
129
320
132
285
173
304
134
298
120
287
94
345
74
295
73
326
167
354
144
169
354
191
310
125
350
103
348
73
336
171
356
183
313
73
334
146
365
187
379
132
336
74
169
304
132
312
235
321
93
341
85
317
126
304
75
329
99
341
135
284
74
295
73
168
306
95
327
78
361
173
327
223
276
90
290
74
292
74
332
176
342
125
331
129
228
363
156
297
121
329
268
384
139
306
139
315
127
310
162
353
168
303
205
316
214
369
249
217
334
190
314
124
370
207
357
241
359
236
323
120
306
73
331
73
286
94
347
230
168
324
192
360
240
307
96
335
126
321
75
343
128
395
153
331
200
303
276
381
166
220
343
184
313
84
290
72
275
88
293
73
361
142
317
129
341
76
287
71
239
71
167
299
125
306
91
295
132
334
80
360
75
345
96
341
240
423
216
443
119
343
73
326
77
219
327
126
299
144
311
74
307
113
314
76
286
125
308
92
339
75
282
73
297
130
219
383
130
305
221
320
134
334
115
312
170
310
104
283
282
306
188
354
143
290
126
166
360
170
305
83
295
85
378
73
315
77
343
75
333
92
353
125
365
124
372
168
296
172
165
316
126
262
131
297
170
334
133
358
181
349
218
300
212
306
169
301
140
324
77
166
295
123
290
89
344
76
291
206
381
200
377
255
331
77
303
194
343
73
392
153
182
373
263
361
199
344
214
362
177
373
271
338
212
309
75
267
94
331
72
348
73
377
74
217
335
172
316
76
311
93
396
178
311
121
290
463
309
189
363
74
316
132
383
203
168
370
123
315
168
308
123
290
121
329
186
359
182
383
207
361
224
377
242
436
203
217
389
187
356
158
359
173
328
76
332
141
398
87
363
169
343
131
282
73
294
91
169
311
128
304
90
284
73
307
95
325
192
311
76
374
72
384
180
293
195
332
224
340
88
166
283
121
321
126
335
88
347
194
342
92
375
76
326
127
288
93
366
73
287
72
169
298
133
322
140
307
230
302
134
306
73
291
129
315
74
296
71
269
130
348
127
181
337
77
357
84
305
73
284
75
288
74
336
158
316
91
292
73
349
74
316
75
324
182
185
309
135
257
129
297
97
277
87
356
83
352
73
289
87
287
88
299
73
378
71
167
366
125
267
126
284
219
319
188
287
127
332
136
308
73
343
73
293
144
293
126
166
390
168
299
186
324
172
368
164
347
112
385
150
356
126
378
199
406
174
382
201
217
300
134
322
79
335
72
342
77
325
126
291
276
323
208
392
208
323
231
317
127
332
188
166
304
135
299
125
287
76
351
174
339
235
275
74
287
72
296
73
322
77
339
129
172
321
129
375
203
334
244
306
141
284
74
294
139
305
74
300
73
319
97
291
73
189
297
125
269
130
294
138
324
131
320
169
302
76
297
126
306
98
337
125
312
171
311
212
217
310
146
312
90
284
135
319
171
347
130
347
190
284
91
378
77
340
74
305
150
216
325
136
330
126
356
145
344
74
383
255
322
171
344
195
393
199
361
146
322
221
168
332
122
305
73
369
92
345
154
355
149
299
221
393
208
331
230
347
168
299
74
281
175
181
274
122
317
130
325
90
348
88
269
74
303
75
288
177
284
75
297
74
380
106
169
347
79
284
133
317
74
371
95
460
140
376
74
325
82
1129
137
395
188
331
227
168
395
86
285
202
336
76
379
125
304
133
359
74
292
76
357
92
314
126
266
79
168
278
121
284
89
304
135
381
116
280
85
353
73
356
89
369
72
327
219
276
78
365
127
123
317
123
288
126
321
174
327
95
301
168
271
72
402
75
301
74
293
152
338
85
167
377
132
314
183
349
197
352
226
365
77
355
177
376
225
269
177
332
74
283
145
170
331
128
277
74
344
78
293
76
272
74
290
72
282
72
293
72
1044
480
286
207
296
74
165
304
140
295
87
314
92
312
93
268
75
330
75
343
197
276
74
346
73
335
199
167
371
202
298
75
290
141
304
106
291
74
334
75
308
104
360
168
306
210
324
75
166
351
130
313
76
316
163
390
170
332
74
393
107
384
133
284
74
340
129
279
126
169
346
174
316
85
273
87
315
132
274
122
330
75
348
215
283
126
294
76
319
109
367
80
167
339
87
301
215
352
74
385
212
381
179
367
169
362
153
269
121
357
73
311
192
168
354
125
335
196
313
123
327
134
392
114
355
133
328
75
280
73
306
163
297
146
168
311
121
318
82
278
74
295
73
302
125
365
78
282
76
287
135
280
74
351
79
288
73
167
281
121
261
123
290
75
320
73
371
73
350
212
289
76
301
70
287
71
285
71
168
306
126
327
120
310
191
296
71
292
180
352
94
315
175
356
115
329
83
343
233
221
312
168
329
121
365
166
336
175
363
238
355
265
373
268
349
273
321
272
299
79
355
168
220
337
120
399
186
309
171
313
190
359
176
289
81
375
115
384
127
391
144
299
74
228
368
120
360
177
369
71
312
277
334
73
304
90
297
218
370
121
338
71
369
105
213
319
169
294
131
323
141
308
81
344
230
331
138
402
85
312
73
372
73
323
74
218
356
179
356
173
325
181
345
90
331
169
330
130
327
161
279
73
366
227
305
137
380
126
221
294
122
348
171
313
169
330
167
344
167
404
89
348
138
349
89
371
104
362
178
217
355
189
328
181
308
226
341
161
294
175
281
154
381
81
404
193
316
294
364
121
221
309
137
283
132
289
72
346
71
288
71
349
181
273
89
262
69
279
72
344
72
314
149
164
333
296
338
165
306
189
366
216
315
76
318
73
340
268
371
242
378
209
274
112
228
287
120
331
111
279
74
318
73
326
85
302
74
267
153
321
122
313
181
316
148
180
349
91
280
201
322
222
406
223
334
242
326
234
370
214
367
234
388
228
360
78
184
267
162
324
158
279
75
323
89
339
71
317
93
351
91
378
149
368
204
328
217
342
156
183
360
86
291
181
358
148
329
157
370
142
349
139
398
220
293
241
331
266
337
221
216
298
143
347
243
378
255
326
175
294
136
344
182
331
174
312
213
330
87
299
482
189
400
193
288
182
391
197
312
180
324
90
346
165
351
119
349
225
332
80
369
144
354
138
214
326
163
279
263
368
140
309
92
400
164
306
222
309
78
327
171
264
169
327
170
217
330
179
314
98
311
72
378
174
332
138
358
149
295
84
300
83
324
133
330
176
227
348
133
319
124
309
168
322
136
304
73
292
178
320
173
368
73
322
77
294
170
213
335
247
347
241
337
98
374
74
330
72
317
138
320
177
299
156
352
133
383
155
287
73
216
326
137
298
74
304
73
301
74
334
79
302
138
284
90
331
143
337
72
258
158
215
343
171
330
163
328
220
316
140
307
106
360
209
296
73
313
172
297
121
302
71
220
320
132
328
186
297
126
338
187
316
142
367
128
285
141
350
120
359
190
285
74
383
118
166
333
124
303
84
353
76
279
89
378
73
366
112
337
118
303
170
306
141
371
75
167
344
131
276
146
300
74
317
93
293
74
297
85
322
95
295
74
279
78
288
72
168
312
173
324
156
319
188
327
89
339
165
366
73
344
75
352
210
312
75
306
73
367
91
171
333
123
297
206
274
71
329
128
378
129
283
120
329
94
272
77
267
120
296
133
167
345
209
356
194
359
198
319
74
342
76
348
114
286
75
277
101
263
74
298
81
168
276
171
322
196
315
90
300
145
277
75
338
73
361
75
275
75
363
89
411
85
167
459
130
332
193
352
201
294
73
309
74
338
145
334
119
317
74
331
74
347
138
393
152
170
331
133
281
228
283
154
333
150
307
76
283
90
306
170
343
177
322
87
340
182
167
284
83
319
74
322
90
301
78
350
107
323
76
354
183
378
200
341
75
346
197
170
326
129
325
138
354
86
349
131
361
74
277
75
320
76
255
195
375
169
345
77
307
90
169
312
109
308
122
268
74
324
73
284
89
341
75
335
81
374
144
304
75
316
122
168
331
179
302
97
378
72
349
90
348
185
259
92
297
72
279
142
274
74
290
78
137
371
74
280
73
331
167
354
127
305
209
262
126
298
71
289
119
367
244
408
205
220
307
121
295
123
326
74
345
178
308
123
257
121
301
74
330
177
348
75
283
133
250
73
218
261
122
338
188
342
225
389
185
348
195
390
228
372
150
325
194
387
203
391
208
217
311
425
282
152
330
175
348
134
292
72
351
105
295
161
317
73
332
172
308
114
216
293
128
315
80
284
131
364
76
283
74
338
124
338
89
319
79
441
196
331
130
340
123
217
295
130
301
132
307
130
292
220
329
75
299
138
297
81
296
89
316
172
328
95
226
288
124
259
88
283
74
291
75
304
172
365
137
371
249
379
212
544
86
311
123
218
315
169
312
77
318
74
340
78
290
183
296
75
314
130
347
75
292
120
308
124
220
350
123
299
161
328
180
390
215
320
204
359
201
391
202
327
127
310
73
361
216
377
75
214
305
121
304
121
336
194
306
93
315
146
321
195
345
75
339
76
262
76
351
92
222
348
171
264
82
307
77
326
104
326
75
379
76
336
180
297
88
288
75
325
125
218
340
126
331
94
299
74
321
76
297
179
354
74
298
208
337
73
325
83
294
175
388
133
166
344
199
297
170
331
75
313
163
364
122
338
139
324
213
305
218
378
247
330
217
168
329
189
281
220
326
82
335
74
362
116
389
75
375
202
302
130
297
74
376
76
219
342
121
311
190
310
178
297
187
290
208
373
96
339
144
275
139
347
74
341
121
364
72
219
347
128
290
93
264
75
297
128
320
144
304
87
325
171
305
77
337
114
298
76
217
334
132
266
121
290
90
373
121
323
271
400
198
336
150
384
179
399
158
304
92
222
329
78
337
211
283
91
314
75
286
79
339
74
297
74
386
141
402
146
314
128
217
326
131
309
73
320
76
307
224
310
76
343
75
310
76
344
179
296
74
339
90
335
91
217
341
128
294
79
331
250
336
91
393
90
348
75
350
97
280
75
287
96
301
130
169
301
91
354
172
324
112
336
173
335
75
351
157
312
140
336
179
299
147
334
122
215
382
136
349
136
1329
263
291
169
328
230
391
134
297
105
320
78
361
173
304
77
302
75
242
323
136
319
77
263
135
325
138
301
76
405
139
309
93
329
109
384
265
392
252
220
373
187
277
208
291
184
326
185
325
76
296
75
359
164
336
218
292
125
293
75
215
301
76
355
92
273
79
352
160
298
90
300
91
368
92
281
125
329
76
293
77
219
320
163
286
78
301
75
369
77
358
145
327
163
296
160
370
161
292
91
309
78
364
176
216
331
144
343
75
1092
450
299
149
297
80
326
76
369
135
371
210
357
77
335
179
218
310
131
318
75
339
88
322
80
317
126
360
173
325
75
356
76
364
77
305
125
219
293
127
332
89
303
76
306
74
335
93
282
134
293
76
424
81
373
161
299
78
283
173
219
330
137
288
147
293
116
326
75
311
79
382
194
385
198
369
205
377
184
386
205
187
407
189
374
212
364
150
390
173
276
207
334
143
300
139
321
75
270
75
281
77
166
333
77
293
75
349
75
382
75
350
125
388
177
375
186
384
152
378
191
355
74
316
163
165
299
127
297
140
332
106
334
93
356
214
300
173
312
211
384
175
304
226
394
203
216
347
192
300
75
283
180
303
74
359
141
315
140
410
75
284
92
374
265
289
77
216
332
74
317
140
300
81
299
84
359
190
357
191
331
77
380
171
362
146
386
188
214
281
222
302
125
306
76
372
76
309
145
283
79
271
168
301
81
282
86
360
79
309
121
217
326
124
335
86
270
92
290
142
299
106
329
132
339
87
308
123
298
77
315
129
222
338
174
293
75
310
98
361
100
344
221
236
129
300
120
311
151
291
75
311
76
180
384
123
329
81
286
84
232
121
255
76
363
174
313
208
368
252
397
209
383
74
351
145
219
286
182
309
80
352
133
287
185
351
76
300
75
322
76
329
73
300
100
310
77
218
299
124
331
122
307
77
369
183
370
175
297
132
317
158
366
187
356
162
399
76
219
363
90
295
96
316
75
395
214
325
78
339
136
381
74
370
122
301
156
378
193
217
350
201
316
76
333
77
308
246
349
76
285
75
355
80
253
151
344
133
326
79
351
187
217
373
83
321
126
274
122
386
83
353
73
349
76
319
109
317
87
361
198
309
217
178
329
130
357
83
311
91
380
78
356
312
247
76
301
80
357
94
377
203
390
217
217
345
87
258
131
345
245
329
138
361
121
362
225
360
165
278
73
291
122
309
135
285
74
220
291
121
313
177
305
134
318
77
344
149
345
105
375
207
345
240
329
131
289
87
227
313
124
267
91
317
80
350
133
359
184
380
167
384
220
356
75
331
91
276
87
219
317
123
368
93
334
174
348
145
413
202
374
189
342
193
367
200
338
209
391
130
168
371
133
268
215
321
130
345
128
311
491
315
74
295
76
362
158
311
93
302
77
321
76
212
351
162
323
76
310
172
326
88
349
76
321
74
355
203
321
222
335
228
324
224
185
344
95
280
97
279
169
317
165
364
175
286
137
335
124
373
177
350
178
313
131
217
274
135
288
125
281
76
362
75
293
78
305
107
298
75
304
76
341
75
329
201
303
79
183
327
76
335
90
316
131
297
127
267
74
270
74
291
75
312
158
312
187
385
108
213
296
121
346
94
324
205
357
213
315
120
297
78
325
78
345
89
367
146
373
151
217
392
126
333
151
296
135
331
75
288
76
314
170
343
241
303
77
331
123
332
76
326
128
220
344
198
316
133
339
75
344
175
326
94
371
97
340
77
306
75
299
79
377
88
217
298
77
274
75
330
84
393
104
359
245
335
75
344
165
287
74
373
77
346
79
217
332
182
316
121
348
129
320
132
306
127
360
97
372
81
397
260
328
150
395
75
376
83
217
322
179
316
74
317
91
320
235
372
80
405
90
312
79
361
76
302
147
315
80
218
317
78
304
77
298
74
354
85
414
138
386
178
395
82
320
74
356
202
404
243
340
232
216
313
160
343
83
321
74
327
213
375
199
373
243
372
212
330
81
330
77
308
218
222
365
257
368
210
362
160
267
75
283
86
325
195
282
75
328
133
313
75
356
75
215
302
175
283
144
362
81
345
92
378
186
359
102
370
190
357
151
352
233
362
91
217
326
85
374
194
298
188
326
77
332
164
364
135
303
138
332
76
310
77
328
75
215
327
126
318
260
320
80
331
77
308
75
424
155
295
80
287
203
295
76
296
166
285
85
221
295
76
262
171
357
217
391
114
294
92
292
75
308
137
315
100
311
75
293
78
214
328
93
284
121
310
75
306
158
299
107
1197
143
271
75
329
176
287
92
360
78
395
86
214
282
77
316
83
323
70
412
79
326
76
321
75
298
78
303
75
310
103
270
78
216
313
74
312
68
331
76
355
70
273
135
352
74
285
153
335
77
266
77
319
95
220
305
136
314
236
354
75
334
173
386
253
338
76
311
132
315
145
324
84
395
76
219
350
85
309
173
302
76
327
78
304
97
339
110
374
71
397
203
313
131
370
176
218
352
125
311
216
339
76
351
85
400
213
324
213
1132
450
282
126
361
101
306
76
319
74
220
304
74
314
122
341
180
340
77
334
171
273
126
270
74
372
146
286
87
311
75
236
325
75
231
88
329
78
342
74
344
77
366
223
300
79
308
157
302
189
405
126
222
340
88
300
94
356
175
286
74
308
130
325
75
402
170
379
78
309
74
322
150
323
77
167
356
86
314
141
343
78
346
93
309
77
312
167
285
75
305
78
319
133
312
73
214
414
88
311
78
298
78
343
94
294
77
309
94
338
93
369
76
371
76
347
75
326
104
181
306
91
292
96
286
90
335
73
359
92
321
78
296
73
240
76
359
74
217
317
76
308
220
370
180
333
75
337
144
357
110
380
84
422
97
375
267
283
79
298
95
217
295
204
308
74
310
93
318
130
366
119
275
79
353
181
333
73
315
91
316
75
221
320
78
299
136
363
103
312
80
335
75
322
75
331
74
374
118
298
76
276
76
214
337
182
259
75
259
75
362
79
274
73
325
77
317
135
319
126
313
79
296
76
317
202
222
313
76
301
143
303
74
330
182
295
80
292
137
293
300
366
88
378
92
419
101
183
313
110
313
88
316
81
328
82
416
228
319
75
354
100
334
92
295
77
356
179
221
330
83
307
144
315
77
351
75
286
77
361
131
286
76
277
190
336
102
292
92
216
328
77
323
125
294
78
359
75
303
216
345
98
357
96
329
76
296
76
285
140
383
231
182
376
81
333
98
316
75
370
83
296
75
372
79
298
88
352
75
328
199
368
187
353
125
216
324
79
300
77
324
79
432
87
311
77
313
75
356
131
311
73
316
80
217
303
76
328
92
326
75
316
78
334
76
321
77
293
75
353
78
303
83
327
74
327
79
218
312
77
318
133
333
144
264
127
432
88
305
75
273
75
281
150
331
120
316
101
219
316
77
282
75
331
128
323
74
333
182
362
78
289
75
314
77
313
77
303
96
219
362
78
311
177
337
85
328
88
309
77
289
169
325
75
358
83
309
76
317
173
217
301
78
309
80
293
77
362
76
301
75
302
75
354
177
310
152
353
102
314
265
393
78
216
321
75
332
90
352
95
376
79
334
75
350
76
311
78
307
76
353
150
394
285
287
171
169
307
90
316
122
305
72
316
81
309
81
337
136
385
596
325
73
306
75
220
359
81
315
90
304
74
329
141
298
97
300
72
306
75
302
75
321
123
314
96
339
75
168
315
148
328
190
384
173
322
232
307
77
327
74
358
78
317
75
287
76
292
75
170
331
74
328
91
334
193
358
93
403
91
341
238
360
87
330
88
365
103
289
76
169
343
103
322
100
352
239
354
171
335
94
348
75
343
190
315
76
305
96
309
166
335
78
216
355
92
355
103
313
96
396
93
309
187
314
187
287
94
304
172
326
194
378
91
216
323
96
319
75
328
77
353
76
295
140
334
75
327
72
371
76
303
90
317
179
164
290
77
320
97
366
76
337
76
291
74
266
104
326
74
348
172
357
79
315
76
281
132
166
335
75
286
77
378
174
285
76
306
73
401
75
307
168
415
187
371
86
354
171
169
319
92
305
76
335
129
299
123
330
211
302
76
343
97
382
74
426
89
367
189
169
302
146
282
130
276
90
354
136
278
74
342
77
319
87
293
74
322
74
315
75
170
320
81
322
175
327
135
372
83
372
218
352
177
285
74
299
88
383
76
284
75
346
142
167
339
85
201
351
182
172
290
366
133
174
277
249
170
343
285
89
392
207
427
138
172
311
79
358
77
372
75
327
224
332
87
343
190
355
149
348
226
407
102
438
83
287
77
168
291
76
313
174
306
77
325
79
323
75
295
94
353
77
322
76
376
76
168
351
81
306
174
351
96
349
83
353
105
437
106
316
93
303
178
372
108
285
218
300
77
168
287
75
294
181
284
204
338
76
361
76
357
132
301
74
328
96
358
110
286
96
181
345
93
270
74
327
177
289
75
284
185
308
76
301
76
338
112
291
74
279
123
220
343
81
296
233
331
85
376
128
387
84
292
169
312
75
357
169
305
128
1287
360
452
128
217
315
89
336
77
282
72
333
72
318
98
364
187
338
85
290
78
310
132
333
116
166
345
215
317
103
295
75
316
72
285
73
301
74
279
90
363
75
300
124
290
73
165
331
74
319
91
342
131
406
74
301
78
306
83
281
74
321
125
297
75
278
133
163
308
74
289
74
299
189
337
109
345
212
430
100
352
98
399
95
389
91
296
73
304
87
172
301
87
255
130
309
129
371
77
364
73
364
86
316
84
361
97
318
213
1075
501
170
291
74
297
75
308
80
301
96
352
170
284
74
289
74
300
92
341
197
294
74
215
323
93
310
141
344
163
379
211
350
182
266
172
337
76
300
95
366
149
355
171
302
235
173
378
160
265
125
334
210
319
73
308
127
304
102
320
123
313
91
339
73
328
194
169
325
149
368
202
354
207
352
91
300
74
361
115
378
118
366
180
620
78
325
75
166
326
162
293
75
281
76
318
135
285
128
305
75
345
99
317
142
392
211
378
179
372
152
170
342
85
310
216
289
125
306
131
307
83
288
134
279
74
320
75
324
154
368
139
166
340
172
317
176
399
139
335
75
269
74
291
73
315
75
301
127
280
74
306
76
217
316
76
290
76
271
157
370
124
363
99
284
78
323
133
391
74
320
75
324
75
164
314
74
336
227
279
129
325
71
396
172
284
108
370
116
374
141
376
207
324
226
374
208
166
330
169
349
204
337
98
378
75
341
132
361
79
309
196
333
94
313
109
334
190
167
293
76
313
75
345
173
359
103
349
174
274
158
409
158
376
171
357
232
391
211
218
361
95
358
203
286
215
288
74
325
115
292
76
323
73
374
81
286
145
388
77
322
133
213
330
82
295
126
357
76
313
124
308
91
275
126
336
73
334
93
338
172
323
115
218
369
74
281
75
352
75
352
170
278
125
263
169
297
74
283
128
395
124
354
126
217
316
84
320
96
316
73
294
132
358
124
369
163
393
204
390
288
385
172
312
229
170
321
105
284
73
331
75
308
74
344
168
377
195
294
194
335
219
361
140
373
147
332
176
215
308
76
308
73
335
75
279
74
354
115
279
73
362
75
361
74
292
76
311
75
307
197
215
320
125
282
127
289
74
344
114
358
108
332
230
337
79
313
74
333
127
303
74
312
296
168
321
73
305
125
313
74
243
76
389
73
406
224
405
169
365
81
357
88
219
304
170
272
132
317
75
373
126
391
75
300
118
314
90
316
98
365
75
303
79
133
296
74
363
88
347
76
385
72
333
74
248
171
327
73
303
92
335
76
326
126
220
301
125
291
161
348
73
335
75
295
141
339
73
310
79
344
176
295
74
360
82
307
185
216
318
75
353
77
251
146
311
74
310
75
341
77
344
146
335
75
374
76
313
71
217
1069
498
255
134
284
118
322
99
253
77
381
78
328
74
303
109
292
252
326
198
377
95
213
327
110
340
103
322
89
351
76
329
74
379
173
391
181
316
78
326
239
405
86
216
353
77
314
188
311
109
280
93
393
74
338
76
322
74
300
111
304
77
344
92
167
402
76
311
75
308
217
405
75
347
87
316
74
319
113
300
170
324
73
375
187
510
75
215
383
77
276
79
330
184
417
82
371
109
414
88
357
152
326
77
306
76
329
75
168
335
76
294
74
298
77
289
75
322
153
275
72
349
78
314
76
303
117
361
95
220
328
74
363
89
314
75
251
129
295
169
277
86
357
115
404
119
358
84
402
105
227
356
104
322
99
291
74
301
85
325
215
292
91
306
73
297
74
296
74
300
95
419
110
217
339
85
296
78
290
74
319
91
367
90
357
83
390
85
308
73
319
78
287
79
222
339
117
261
73
279
74
307
74
270
133
352
82
353
129
290
74
339
126
314
87
168
305
76
289
74
281
98
353
128
385
127
272
74
338
75
320
152
269
75
280
75
294
74
168
329
75
383
118
288
162
391
73
311
89
297
73
338
76
369
89
303
180
294
85
166
314
74
335
76
286
75
303
144
328
96
324
140
357
72
312
74
312
124
328
74
170
287
90
331
173
311
156
283
126
374
84
298
72
335
71
307
74
390
129
315
86
215
311
185
309
156
318
139
345
74
311
122
333
111
330
296
378
188
299
277
317
169
213
348
120
324
93
362
254
354
75
288
74
287
219
307
72
393
94
330
97
387
84
308
168
166
319
73
306
168
356
71
342
112
295
102
300
75
307
74
329
74
332
140
301
74
218
345
73
344
265
358
89
306
95
299
165
316
74
324
140
365
75
323
217
240
77
292
71
217
317
77
301
284
305
128
287
238
363
72
419
85
310
69
343
73
284
71
296
170
220
330
73
333
77
356
255
292
72
332
73
315
126
371
110
286
216
324
86
275
101
215
315
73
352
151
299
72
284
239
326
72
358
143
293
73
285
75
323
72
336
212
308
73
182
334
150
337
131
297
200
308
77
382
87
332
92
291
87
317
73
323
99
295
73
215
322
183
312
97
364
79
423
160
282
209
290
221
285
73
359
73
313
196
424
72
218
306
87
297
545
318
72
351
172
289
73
290
73
388
75
305
73
345
72
327
129
171
317
97
311
75
326
72
310
85
357
73
280
73
287
121
397
72
376
186
358
99
413
174
223
322
74
331
76
274
73
315
75
365
166
327
72
352
77
362
78
421
76
398
99
181
376
90
363
80
277
256
317
82
305
92
333
73
373
79
305
84
340
74
318
72
214
314
219
310
75
299
76
324
90
310
72
390
192
373
247
320
238
372
191
297
75
213
309
151
343
110
384
262
389
96
372
74
294
76
312
153
325
282
319
74
305
136
375
123
213
293
214
355
73
309
75
341
192
357
73
343
107
327
90
317
72
314
73
314
72
218
362
73
293
73
274
77
354
74
319
72
282
216
356
74
346
136
353
167
296
71
220
387
139
361
93
337
176
371
82
278
73
324
76
326
133
293
74
259
82
312
72
386
223
216
338
72
281
148
352
68
421
72
361
72
301
73
305
73
307
68
285
79
314
76
216
349
73
340
76
325
269
403
127
350
85
378
83
389
103
385
94
352
74
381
74
264
336
81
341
72
272
133
291
74
329
224
310
90
325
74
304
78
335
74
274
70
261
74
220
331
100
311
151
359
114
287
96
367
75
318
73
304
122
380
74
409
76
337
94
167
303
74
372
75
272
175
318
91
373
82
380
95
391
92
367
99
288
77
310
75
117
386
77
356
148
388
69
314
76
271
73
398
77
288
130
400
175
423
190
395
113
167
309
91
370
83
280
75
253
75
294
76
325
96
394
74
313
180
315
185
298
76
304
100
168
334
89
334
243
341
75
311
74
303
224
405
105
398
146
412
79
432
95
348
93
169
310
82
341
76
281
72
336
74
302
118
357
73
233
76
377
151
334
74
327
74
125
319
75
297
76
310
76
1318
286
360
215
317
77
314
124
364
76
313
73
307
74
309
137
167
288
89
281
73
275
110
381
100
316
74
323
75
334
74
300
129
309
96
343
81
166
336
73
283
109
306
182
354
145
287
171
289
74
296
76
322
179
344
127
326
79
166
281
76
273
76
355
75
274
78
350
75
303
73
330
162
316
77
300
75
325
215
329
78
215
333
100
299
77
340
189
325
76
397
103
360
160
402
111
345
87
300
88
307
75
170
329
74
293
74
319
76
863
509
288
129
353
90
291
82
392
192
404
110
351
99
165
303
83
306
71
281
128
288
77
283
88
380
83
324
74
313
80
259
138
300
101
165
302
73
291
75
314
74
276
147
271
74
338
75
346
91
378
76
445
190
310
75
300
74
164
336
97
338
173
409
130
378
99
347
90
347
84
324
84
368
98
359
96
367
73
132
324
152
348
84
264
76
463
83
327
76
309
141
295
168
372
152
321
74
306
75
176
282
78
356
197
301
75
285
83
256
73
319
171
341
119
415
88
331
77
320
75
285
174
216
375
174
330
94
357
92
323
159
392
75
314
82
440
150
312
75
338
199
323
107
168
319
76
297
74
362
76
373
69
333
77
292
74
364
75
379
75
288
72
332
74
167
286
74
297
74
370
78
398
99
407
172
404
94
382
97
390
74
325
114
335
189
252
242
167
303
99
325
98
337
170
356
103
317
84
301
74
309
131
306
78
371
90
363
93
167
393
76
303
77
263
75
393
145
371
72
353
96
309
81
317
76
330
74
378
94
170
361
74
307
172
280
218
428
152
334
74
359
75
327
141
351
123
336
131
402
89
167
347
89
297
75
269
75
367
69
288
74
339
78
323
75
288
74
320
165
287
74
310
101
171
300
121
313
