353
367
121
300
185
338
106
499
81
113
333
333
82
345
138
124
387
326
80
270
96
271
265
331
100
383
121
302
174
320
171
288
82
214
275
143
310
374
77
352
73
258
345
107
296
166
135
401
95
296
289
91
239
270
133
330
85
324
333
208
158
301
171
494
368
189
313
338
271
335
157
290
79
345
286
311
165
307
180
357
93
276
266
345
191
286
170
253
72
265
319
306
161
288
176
406
90
326
324
127
263
88
736
264
397
401
89
372
84
283
66
269
291
79
330
67
430
121
355
296
86
447
90
587
343
401
346
97
337
68
374
124
371
346
100
430
70
361
71
269
332
121
326
69
328
307
75
349
117
321
70
322
317
106
294
91
299
68
364
342
67
338
170
311
71
435
301
105
419
69
657
248
283
318
94
274
94
354
68
371
324
116
262
95
344
90
432
332
111
335
93
365
122
356
341
81
306
71
373
68
286
311
141
322
70
279
84
378
311
77
312
72
288
71
315
286
80
259
80
272
92
266
334
97
353
71
328
79
351
303
83
306
70
350
92
648
1058
1126
1523
1023
637
268
270
347
93
347
89
314
75
532
901
546
315
74
347
135
286
327
90
295
73
647
484
339
345
79
383
73
346
71
343
362
117
1012
298
88
144
376
320
220
852
338
340
160
359
317
195
285
164
328
170
292
349
166
254
169
359
174
329
346
78
376
109
355
89
373
377
84
296
90
322
94
625
774
529
318
117
328
114
287
298
118
308
152
290
127
441
339
83
298
70
435
309
99
281
76
336
88
252
363
76
312
77
296
77
286
309
99
253
96
613
579
330
340
82
344
96
293
79
372
319
89
398
68
277
88
430
792
683
309
82
241
69
316
291
103
333
117
344
113
277
338
115
343
115
257
114
329
333
79
365
67
348
71
352
329
78
384
97
334
74
356
329
79
393
72
366
72
352
283
90
275
95
639
554
350
385
90
370
83
386
76
321
353
84
396
75
311
87
334
266
70
399
95
320
77
349
393
86
401
73
268
112
582
520
636
298
79
336
77
355
393
98
388
92
351
86
342
377
109
396
63
379
79
426
316
89
401
111
332
124
338
298
82
355
94
329
79
347
373
104
341
385
286
79
334
358
104
342
76
353
69
308
344
80
363
68
354
72
325
278
66
295
71
302
68
320
369
106
391
73
303
349
83
467
112
281
86
300
372
125
346
112
315
70
279
376
89
379
95
392
77
355
362
78
341
145
435
93
333
300
96
384
79
274
73
352
357
87
329
71
326
124
347
342
82
362
70
397
89
417
395
162
356
151
281
79
361
374
128
384
78
398
93
412
366
136
406
86
314
75
317
345
104
320
88
524
330
338
302
112
313
90
349
93
316
285
76
341
98
659
293
344
290
97
338
75
396
97
337
351
103
320
91
381
89
351
369
125
346
68
325
69
351
367
84
314
125
369
78
328
374
78
333
92
325
69
273
350
69
343
73
337
95
333
310
102
316
84
349
70
358
321
109
333
93
502
81
367
347
115
357
74
380
104
372
363
84
400
95
503
300
330
335
98
312
70
348
108
423
383
155
439
104
356
96
470
572
396
266
79
398
91
335
361
111
360
70
345
331
84
323
69
356
72
372
367
102
319
116
377
112
271
344
100
286
88
318
86
283
285
87
322
94
514
356
272
338
83
351
94
326
93
382
423
141
333
69
330
91
384
393
109
346
71
341
79
321
306
75
289
75
349
88
339
313
92
349
95
333
78
369
321
91
326
93
357
97
388
299
105
488
280
1059
312
88
259
75
312
109
301
111
332
327
82
317
87
307
86
233
337
85
283
95
304
113
262
338
85
268
91
245
83
288
305
80
264
107
326
99
320
286
71
330
91
445
83
293
337
99
298
92
496
382
388
332
91
302
75
357
76
271
275
75
298
74
279
101
281
312
78
270
87
361
76
280
319
68
283
95
336
74
276
302
104
253
97
331
71
268
301
89
313
81
343
91
267
763
785
288
74
297
82
351
343
81
378
100
412
86
314
291
91
401
106
371
333
113
351
86
321
74
416
327
111
338
74
415
65
371
353
71
297
105
276
184
354
310
87
382
83
624
486
370
326
79
362
77
264
82
313
292
99
349
78
525
332
332
312
87
330
70
335
75
349
305
72
294
71
328
72
304
285
77
353
70
310
85
312
313
79
347
74
361
69
353
386
77
329
81
361
78
359
263
88
396
84
368
83
327
344
90
331
67
300
96
506
806
1077
1567
1434
995
678
273
388
98
308
90
380
71
340
345
84
349
91
347
99
311
391
75
324
72
374
84
315
377
80
296
88
302
70
286
359
92
356
71
316
87
322
368
92
353
69
393
74
320
327
102
322
85
311
95
582
521
638
338
93
313
70
284
386
92
332
106
363
73
295
332
87
289
74
318
77
284
245
90
352
85
380
69
351
327
81
315
70
286
357
92
291
88
289
84
331
407
99
317
71
325
89
371
358
94
262
89
390
143
276
389
85
297
101
452
89
355
305
82
312
74
326
103
307
359
101
414
127
269
82
486
469
576
309
92
316
83
332
389
80
312
90
300
89
299
350
93
379
85
306
73
277
351
86
312
91
286
103
279
373
90
335
69
342
94
274
557
779
295
84
306
69
363
397
94
293
131
286
69
354
354
91
384
93
313
74
345
353
85
318
71
299
103
360
341
104
342
70
310
72
369
357
94
373
93
289
79
350
390
81
320
79
366
89
375
335
114
296
98
362
88
312
362
103
308
69
302
74
497
853
618
347
77
290
76
346
351
115
304
68
350
71
362
279
136
343
87
366
74
322
357
87
292
77
359
72
301
378
83
355
72
339
70
355
322
116
319
74
392
122
268
329
126
355
93
328
319
95
346
87
328
69
375
350
76
283
85
267
69
293
364
98
277
89
332
91
1031
569
315
386
159
262
95
344
364
102
310
87
517
349
366
277
98
357
96
575
563
307
301
92
362
70
354
80
365
307
69
330
91
426
376
372
411
82
363
112
300
68
360
391
92
322
118
294
90
352
349
114
323
89
359
78
327
348
84
322
102
309
397
341
358
104
315
69
314
73
313
312
96
350
74
303
89
325
279
144
372
72
327
93
336
276
110
347
79
384
76
377
318
80
796
624
292
151
346
371
128
348
149
375
94
353
394
85
253
72
379
80
354
298
68
365
76
275
80
362
342
84
312
68
362
89
309
361
151
334
160
354
144
341
372
84
267
72
431
70
324
342
95
269
95
344
95
333
328
93
442
69
330
79
386
426
95
313
80
404
398
81
325
157
334
76
315
365
80
343
80
334
70
461
404
81
415
92
308
65
574
362
727
279
93
271
67
293
312
97
227
284
312
67
334
281
72
363
73
278
78
295
349
66
323
71
321
69
285
285
66
316
70
332
74
295
292
123
347
86
315
123
275
274
122
291
124
365
74
301
316
85
332
75
348
99
493
841
585
340
76
311
74
385
392
67
389
96
339
66
345
331
170
308
138
326
79
417
396
111
324
76
285
68
336
288
98
320
76
274
303
342
304
76
332
66
328
78
561
858
768
332
91
307
121
277
357
67
277
73
311
73
325
316
141
327
97
283
86
512
835
809
280
77
374
88
311
365
75
286
99
397
112
292
436
104
302
163
295
72
284
290
121
312
123
287
121
278
323
127
329
126
289
92
279
299
133
380
125
292
75
368
355
122
346
124
362
171
140
175
121
242
121
329
396
150
235
122
304
121
255
384
169
294
160
356
102
321
317
72
284
66
380
74
672
873
224
328
122
270
78
272
289
86
282
66
347
65
355
342
68
306
68
302
76
338
271
100
332
66
289
86
292
331
94
324
124
248
67
285
285
124
1007
66
899
117
904
890
125
962
92
953
94
990
1095
110
1015
127
973
121
1100
1186
167
965
121
972
67
999
848
103
957
83
930
77
932
1138
148
980
88
957
96
1068
1190
197
993
133
985
87
1017
1120
121
973
131
961
97
1046
1131
123
971
73
1041
88
984
1099
90
967
92
989
70
964
1130
128
953
85
990
77
1034
1101
143
1008
94
973
90
1015
1080
127
997
83
980
88
1098
389
112
680
97
982
84
1028
1198
179
1000
123
991
130
1081
1132
112
989
133
997
92
1033
1130
100
1035
127
1029
1231
220
992
118
685
64
987
1061
75
966
77
957
82
998
1146
115
981
79
1021
106
1054
1111
98
1602
587
1079
103
1052
1099
128
959
113
1604
582
1000
861
152
1044
152
1616
623
1093
1098
136
979
70
973
93
1013
1099
132
986
81
952
93
992
1102
104
997
115
1005
68
955
1142
145
995
124
1662
722
955
1165
167
971
99
988
73
1027
1139
135
1023
82
983
101
1008
1152
195
1002
67
1023
74
1039
1135
150
1012
77
965
89
668
1163
114
1034
99
1041
94
1045
1172
188
1117
123
1057
136
1064
1184
200
1038
104
1080
90
1104
1195
208
1119
123
1138
140
1091
1180
181
847
132
1074
86
1107
1207
245
1052
89
1089
91
1813
1868
1393
2149
1140
1666
666
1085
1203
227
1057
72
1091
95
1098
1215
223
1082
135
1056
70
1131
1188
191
1071
148
1071
103
1211
1287
300
1075
107
1069
106
1058
1151
160
1021
78
1050
89
1064
1182
183
1053
100
1047
1151
192
1069
109
1125
131
1084
1204
205
1026
68
1068
82
1110
1192
189
1054
71
1033
88
1065
1224
223
1027
80
1032
84
1033
1152
161
1038
78
1021
73
801
1184
187
1024
81
1043
102
1070
1179
175
1027
70
1026
81
1118
1182
200
1052
76
1030
72
1049
1157
154
1021
70
1047
76
1081
1168
165
801
84
1027
79
1036
1171
167
1048
83
1029
76
1107
1222
218
1028
78
1025
76
1067
1167
169
1018
69
1049
63
1107
1160
179
1022
95
1049
91
1048
1173
169
1038
76
1018
102
1081
1186
186
1054
127
1020
73
1130
1181
177
1029
90
1040
65
1112
1197
192
1029
119
1033
81
1065
1210
70
1041
85
1025
68
1075
1170
168
1042
82
1030
80
1054
1204
204
1018
73
1046
82
1123
1180
189
1022
78
1048
91
1068
1211
209
1174
180
815
78
1081
1163
165
1054
97
1055
83
1137
1163
173
1041
91
1050
95
1043
1168
187
1035
70
1024
71
989
1092
95
971
72
1026
1099
133
686
113
980
97
1018
1094
127
978
116
986
121
1468
1673
642
977
82
1048
84
1010
1130
168
952
91
986
80
1006
1099
124
989
69
979
78
986
1122
137
970
92
1003
86
1013
1173
173
971
68
980
73
1018
1125
130
1026
110
985
118
1011
1143
146
1452
442
947
115
1116
1152
80
1075
83
1004
105
1019
1100
92
960
168
979
81
1437
1722
731
999
75
960
91
1040
1099
107
949
70
959
84
1004
1087
102
964
88
640
95
1026
1091
94
771
72
962
69
955
1095
124
968
62
987
96
1043
1110
124
1036
68
1393
373
1037
954
100
1674
664
980
65
967
904
196
1023
71
1024
68
1073
1183
185
1043
86
997
80
1144
1115
132
960
76
943
80
1001
1164
182
1038
85
1030
80
1069
1168
170
1048
85
1045
105
1062
1163
161
993
73
992
70
1039
1163
163
1034
93
1024
70
1060
1143
185
1021
75
1106
1199
214
1030
87
1025
87
1059
1154
82
1005
86
1033
74
1847
1832
884
1009
85
1076
90
1004
1168
169
1029
95
1037
61
1086
1149
147
1031
99
1044
91
1061
1163
163
1067
85
819
70
1059
1194
197
1053
90
1041
90
1063
1187
188
1048
78
1064
74
1096
1206
206
1030
86
1032
88
1041
1172
170
1015
84
1012
75
1085
870
159
1002
73
1003
80
1108
1040
154
1023
115
1059
103
1088
1164
164
1031
111
1038
111
1078
1174
175
1027
69
1044
64
1079
1168
166
1038
72
1024
81
1047
1183
194
1736
741
1021
96
1017
1194
196
1034
91
1013
94
1065
1182
191
1041
91
1021
93
1093
1167
174
1035
105
1031
98
843
1152
185
1008
87
1017
83
1065
1177
178
1029
64
1042
95
1124
1182
193
1021
84
1031
103
1050
1185
188
1030
67
1039
87
1047
1177
182
810
89
1036
80
1063
1170
167
1047
86
1019
79
1063
1194
205
1046
92
1023
80
1119
1185
188
1044
81
1036
1167
178
1057
72
1023
91
1062
959
183
1017
77
1047
74
1059
1170
180
1042
75
989
78
1041
1157
155
1039
63
1029
81
1023
1170
180
1061
75
1008
69
1066
1152
153
1034
73
1010
86
1024
1150
132
956
98
946
57
996
1100
114
936
80
961
75
958
1115
105
938
78
955
86
970
1087
102
956
91
946
82
722
1080
108
944
101
952
83
1016
1116
148
940
69
990
61
1007
1103
116
934
89
945
77
1030
1087
95
974
99
981
53
1016
1110
132
596
75
971
113
1059
1110
114
951
64
982
65
1008
1109
106
1005
68
998
92
1076
1140
160
1083
76
1015
67
1055
1093
106
958
72
1083
76
1005
1084
120
953
82
1070
80
1047
1114
131
1593
583
942
82
1034
1062
97
1016
98
1027
72
1031
1099
105
975
104
952
78
1001
1074
93
954
90
957
97
998
1125
127
984
90
1002
103
972
1148
147
924
96
916
1079
93
973
75
995
78
1007
1122
122
974
90
988
90
690
1104
116
965
81
940
82
975
1096
135
1020
138
949
94
1036
1127
112
977
103
945
91
1015
1090
102
947
96
946
85
981
1088
106
651
74
963
84
966
1116
117
956
63
682
70
950
1172
156
964
100
958
68
1037
1088
104
964
92
928
75
1019
1100
113
936
86
956
73
919
1096
110
282
101
358
85
271
367
164
325
93
320
82
303
333
97
270
442
307
89
252
317
100
286
92
264
73
302
262
95
261
71
248
71
266
276
168
309
82
290
96
297
282
122
334
70
315
75
327
295
120
328
73
304
80
372
368
178
231
99
349
86
375
357
149
351
82
275
82
813
709
797
256
89
286
87
378
291
140
411
97
328
67
337
343
118
320
87
341
83
326
362
113
295
70
329
68
234
422
193
278
129
295
115
285
304
110
335
94
344
299
131
349
88
488
83
274
313
113
278
90
288
79
299
328
107
300
72
271
98
277
276
111
274
67
285
116
284
263
113
290
86
263
85
284
304
89
303
92
303
76
303
330
73
304
92
296
72
301
283
105
335
107
301
83
378
282
87
331
84
294
65
391
308
78
287
98
344
70
258
926
1133
643
1147
280
79
331
431
97
290
80
369
60
325
264
89
306
83
368
85
293
377
103
291
104
338
69
295
277
142
337
66
307
67
316
294
67
312
77
290
77
267
304
79
271
97
277
74
301
297
114
320
92
319
73
358
334
163
273
126
312
74
273
318
116
341
84
272
70
350
361
157
353
125
285
106
332
334
121
294
70
324
72
336
353
127
336
88
377
83
335
342
126
397
89
318
100
302
313
93
295
112
297
85
247
904
609
273
109
276
84
294
296
98
261
91
319
357
108
352
73
265
95
263
331
105
327
66
319
107
356
307
137
355
86
340
88
279
312
113
337
64
311
63
264
395
106
274
115
285
93
275
306
102
252
102
265
64
287
325
78
272
74
276
98
360
370
255
260
77
277
82
315
350
135
307
81
306
77
319
324
83
323
79
293
72
306
364
87
322
72
297
84
317
316
93
285
89
329
80
300
339
92
305
80
290
69
313
287
101
342
97
285
80
319
265
114
310
98
288
84
245
303
85
314
107
300
102
309
280
113
333
84
277
100
262
315
100
267
107
279
94
298
311
102
303
72
280
66
276
336
94
261
81
291
102
275
326
90
321
85
262
108
337
346
162
292
90
286
70
299
359
109
321
75
346
99
299
364
128
302
71
271
143
302
271
88
302
79
288
72
299
305
111
300
77
373
330
289
321
80
302
78
281
299
84
305
70
318
75
305
331
109
310
78
304
72
293
325
87
329
70
295
78
279
385
112
330
75
318
129
306
284
83
300
74
293
89
333
325
106
266
107
308
99
326
319
110
295
106
301
93
309
301
113
345
91
263
85
313
371
132
327
95
269
79
279
336
101
318
78
294
63
324
301
117
375
84
301
99
322
304
117
329
65
317
75
306
323
102
321
73
301
80
310
298
114
296
70
296
97
281
305
111
273
79
298
115
312
273
107
315
77
279
106
305
283
118
329
83
299
68
293
348
116
313
82
312
65
277
592
596
309
78
284
69
259
318
91
277
96
291
105
282
294
78
305
92
263
77
323
345
139
271
71
249
92
267
373
111
317
77
307
85
293
301
116
328
86
312
72
294
281
107
276
84
307
94
324
281
89
315
89
316
371
114
345
73
302
77
347
345
132
327
93
349
77
310
303
87
284
72
305
78
289
261
93
296
89
326
65
301
311
105
312
81
314
96
304
312
97
302
76
340
101
314
295
99
322
72
294
75
295
273
94
297
94
249
91
281
322
85
264
77
276
92
322
326
79
388
105
247
606
310
344
108
297
71
328
79
307
337
100
311
76
318
76
249
371
127
284
67
331
61
266
320
104
336
319
81
175
313
93
161
315
89
151
326
333
335
74
327
327
182
384
226
171
280
368
332
98
215
814
961
362
301
84
151
330
421
338
72
292
271
90
216
307
69
163
372
364
362
66
300
87
184
295
68
181
386
287
302
73
271
86
423
132
252
356
594
321
82
318
66
337
319
137
414
66
292
98
267
353
102
291
160
264
66
284
262
77
272
96
277
289
66
271
101
273
74
288
369
139
279
78
316
68
282
351
114
282
71
302
90
350
327
70
269
80
310
69
267
329
102
340
107
329
84
310
292
114
317
81
245
80
277
337
102
237
76
316
90
290
353
127
268
74
346
93
244
296
81
352
104
275
68
322
327
124
293
83
266
78
316
318
98
301
101
301
79
312
287
95
270
102
319
93
317
270
77
282
105
287
78
304
351
90
347
107
343
73
308
305
98
325
92
343
77
327
360
85
387
103
309
79
307
409
98
269
177
295
93
449
447
120
499
120
339
95
294
343
83
322
80
380
1085
254
310
91
363
71
347
81
286
400
96
302
93
349
69
298
300
85
244
291
287
88
312
294
126
330
95
452
111
312
360
75
291
106
429
98
280
857
677
303
111
334
75
340
265
69
293
65
329
69
306
348
74
342
81
369
358
91
345
103
327
67
311
334
82
297
67
330
97
308
378
81
308
107
327
83
350
279
80
305
66
390
72
314
324
80
342
69
298
72
338
371
67
305
73
304
70
325
306
87
306
91
278
77
330
280
85
304
118
307
67
254
307
106
341
72
296
65
299
303
91
267
102
266
72
315
342
86
366
78
349
98
367
361
86
346
119
341
83
323
320
121
266
82
320
73
346
283
141
348
101
350
127
269
309
129
376
82
338
88
308
365
126
338
87
302
116
258
579
698
273
78
323
108
339
306
113
280
502
311
73
339
268
129
326
97
251
77
307
316
129
314
78
318
81
262
295
115
292
86
353
88
270
648
737
271
94
309
77
341
358
116
321
75
342
73
341
317
100
320
89
257
88
273
311
127
354
77
261
93
320
363
68
310
96
335
71
320
292
143
337
95
258
348
129
389
75
334
68
332
273
93
333
78
330
110
340
377
133
337
72
337
87
361
330
90
333
87
334
80
313
298
97
258
84
330
76
328
259
141
319
83
325
83
339
350
139
372
85
316
90
324
309
125
262
86
333
72
311
364
100
255
66
298
83
266
320
173
345
72
339
79
353
326
149
391
86
292
69
291
326
163
286
75
295
77
355
276
226
314
104
304
82
303
338
178
318
83
319
96
326
344
89
322
69
290
100
298
402
100
286
87
317
79
322
334
74
299
82
299
78
347
335
121
326
90
300
75
281
373
114
352
83
332
77
343
269
123
283
81
320
93
304
317
141
312
95
272
90
318
277
122
362
77
331
71
318
363
170
306
90
329
91
323
310
156
289
89
303
88
300
341
134
331
85
290
90
276
324
117
300
76
334
330
104
336
72
298
81
302
293
103
370
77
304
110
317
298
99
334
90
302
99
313
333
172
334
82
308
83
262
322
164
303
105
279
117
319
269
174
250
86
303
71
306
354
166
266
78
290
73
283
335
174
384
81
329
87
290
302
90
287
106
275
79
295
282
160
266
90
273
120
347
333
174
361
82
251
104
278
1306
70
288
95
309
77
324
324
175
260
73
331
77
308
354
153
375
76
304
108
314
268
165
394
84
316
84
281
257
178
337
85
295
91
310
295
189
291
116
329
92
380
293
141
376
91
320
78
272
309
192
373
117
358
73
281
306
167
280
83
336
115
258
357
208
352
89
277
74
262
300
163
295
76
336
80
284
282
152
281
434
370
112
303
278
153
299
84
270
76
341
380
142
280
62
304
111
341
351
176
395
98
272
137
331
341
162
257
80
323
356
191
322
82
363
94
299
251
171
290
87
329
80
335
352
171
329
123
253
70
310
302
169
330
80
396
86
370
335
169
293
93
274
88
278
302
164
329
82
334
75
306
366
199
338
107
284
117
227
309
169
277
106
289
86
264
293
177
321
83
264
93
245
274
150
311
86
262
89
335
344
161
309
91
293
92
293
260
159
400
93
312
89
339
377
169
347
70
352
86
277
308
177
272
111
303
91
330
353
160
357
75
299
78
316
354
161
361
83
306
115
329
291
166
302
82
290
90
327
373
173
359
77
329
85
295
333
148
309
90
375
75
310
318
184
270
87
288
83
290
285
163
264
83
374
89
330
298
188
266
76
320
81
292
371
167
254
104
308
80
289
331
209
427
97
298
94
293
346
153
359
120
276
74
316
355
150
237
110
310
308
143
316
81
273
118
332
355
173
371
77
282
90
298
278
108
323
81
313
91
301
274
94
326
75
338
79
367
379
105
307
96
287
94
311
300
120
313
101
315
84
312
290
74
369
67
328
88
301
369
75
321
90
330
76
277
369
74
419
85
293
79
351
269
91
340
87
345
83
385
324
90
337
69
319
91
377
363
82
349
89
300
99
270
286
69
282
94
388
77
308
289
79
291
66
334
87
288
355
88
327
91
315
68
271
703
836
304
85
451
105
402
373
69
338
91
295
70
367
323
81
354
97
342
141
358
366
66
283
81
291
77
346
297
101
326
77
336
78
289
374
79
271
75
353
66
283
318
89
355
79
328
71
319
377
130
310
97
329
76
308
299
76
395
91
349
70
280
325
75
281
73
341
98
353
373
67
300
74
319
68
305
257
95
359
68
358
347
67
246
134
332
85
354
347
66
236
88
362
77
342
345
88
307
90
295
69
292
370
98
1183
226
332
81
409
389
121
291
101
250
394
347
371
82
299
93
287
411
317
330
90
283
85
310
79
319
267
80
279
91
307
77
229
344
82
309
77
307
116
317
283
76
372
103
233
390
353
323
89
328
84
347
67
366
360
93
275
67
293
76
347
304
74
306
76
337
67
307
338
130
249
79
351
77
397
325
82
361
89
368
91
228
570
717
345
80
282
76
326
291
78
323
80
369
68
344
287
76
302
76
376
129
334
317
99
356
96
312
76
376
337
124
317
90
371
83
310
333
73
280
87
269
112
323
406
158
309
77
321
74
364
346
62
486
79
357
67
393
395
123
344
90
291
87
317
309
71
302
108
273
106
311
361
78
307
83
333
343
63
340
109
389
134
307
323
97
275
73
338
72
330
317
85
279
66
348
91
305
295
69
342
71
340
79
342
352
96
348
86
328
65
276
318
77
329
91
303
67
276
286
75
342
73
272
73
271
357
84
274
80
277
93
321
344
90
280
67
293
105
304
345
77
269
76
313
68
310
332
78
353
106
323
84
341
284
101
308
89
323
92
286
275
89
254
88
330
68
334
326
80
313
77
279
85
292
330
86
354
73
335
87
353
335
111
371
100
311
70
361
368
88
281
66
340
99
344
296
76
341
73
326
66
332
391
71
394
124
323
101
322
248
88
336
79
282
79
339
381
74
342
93
340
72
273
337
78
313
94
324
78
312
352
99
270
438
295
87
338
262
80
290
68
320
104
352
369
75
315
77
262
113
284
291
77
323
97
264
90
404
395
104
433
85
305
295
80
321
114
466
288
264
385
99
327
70
282
78
320
279
98
349
69
317
85
286
338
98
344
80
362
98
324
391
87
339
94
331
85
349
263
82
363
75
337
74
338
251
89
334
88
309
74
287
345
89
331
67
324
91
326
283
103
435
88
341
109
348
328
96
273
182
364
98
322
385
95
352
67
249
596
264
294
87
263
68
274
67
367
371
118
280
115
270
92
326
367
77
336
81
268
73
297
333
71
286
75
338
112
254
364
97
310
81
286
69
369
395
98
316
71
315
94
254
565
797
264
105
343
64
299
357
89
327
72
322
72
243
986
1001
498
135
373
67
356
320
80
363
88
376
112
318
369
76
346
110
342
65
313
290
93
1168
292
76
368
89
278
108
318
89
330
81
255
457
149
340
66
317
83
358
358
200
283
71
431
98
315
346
125
300
73
364
425
170
341
78
311
91
286
588
786
325
82
290
77
334
384
129
430
79
341
84
269
444
187
324
80
377
115
326
320
112
336
81
262
572
424
559
663
350
64
316
63
336
334
144
291
97
274
82
293
363
130
305
110
297
101
329
301
105
353
76
343
71
359
835
847
330
92
353
79
276
291
152
366
78
272
76
293
293
154
303
86
301
85
313
336
122
298
89
334
79
360
358
144
358
80
298
73
302
360
126
352
74
311
66
298
350
124
304
116
317
77
373
358
180
353
83
344
86
372
318
123
372
83
371
87
345
367
79
303
109
298
86
322
337
118
336
69
306
83
358
355
150
288
85
349
71
339
371
108
350
80
319
79
250
344
155
326
72
324
90
363
373
122
297
112
339
80
329
367
143
367
84
291
70
337
295
125
387
71
306
360
132
318
81
316
81
305
371
127
283
98
301
69
336
351
157
329
117
361
99
326
273
136
373
80
324
67
291
352
148
427
79
296
86
315
288
131
342
100
324
87
328
276
159
315
94
304
102
308
280
138
329
94
316
102
303
304
152
295
90
293
71
300
348
153
304
96
308
86
374
321
90
331
93
278
107
286
320
103
387
100
263
65
336
260
132
358
97
324
92
336
317
114
323
80
328
83
374
299
132
355
76
321
94
315
368
140
392
87
370
108
349
333
122
356
92
349
73
294
313
135
294
91
354
85
338
282
113
313
91
335
95
293
341
118
361
81
335
90
263
270
109
319
71
278
80
322
326
119
326
78
331
78
271
290
105
409
87
319
92
338
325
125
363
78
337
71
351
299
135
318
83
334
77
347
319
123
352
79
345
82
279
314
154
326
82
324
308
123
314
105
307
72
324
287
77
339
84
308
89
355
260
163
302
75
380
80
308
307
164
305
109
335
109
300
343
116
331
114
338
93
322
271
134
333
109
316
75
322
348
148
319
91
301
95
329
364
119
323
100
315
111
315
286
98
365
100
293
93
326
346
94
262
111
298
127
308
348
83
328
110
299
101
309
333
99
401
101
268
100
394
379
146
383
66
294
74
309
268
99
279
101
283
83
315
323
92
272
93
1198
347
194
272
82
246
111
250
74
337
259
161
336
77
354
70
277
345
151
326
79
258
78
327
283
181
316
107
346
84
353
322
144
329
88
345
86
286
285
174
316
80
319
77
363
291
158
283
85
286
76
348
393
190
415
77
287
112
243
298
179
312
88
338
90
281
334
185
288
82
241
77
319
281
159
325
76
335
334
176
318
79
368
99
246
305
169
403
73
317
113
267
285
148
855
749
386
110
348
304
176
300
88
302
88
338
345
98
324
102
310
71
305
333
144
259
70
326
79
273
337
123
303
121
285
75
300
320
160
419
100
354
94
314
356
108
332
99
341
108
326
342
115
337
96
338
87
339
263
109
324
89
285
393
321
306
130
351
86
274
92
309
331
122
354
74
330
68
294
348
136
365
86
311
94
276
260
143
316
91
287
74
343
368
108
353
85
336
84
334
346
95
328
99
274
69
322
267
138
397
78
341
100
329
302
118
326
88
341
100
331
341
150
344
91
319
161
292
261
151
380
67
343
84
271
835
991
298
77
332
79
334
328
128
327
100
309
78
277
314
137
332
79
304
81
320
379
85
304
87
344
90
326
339
144
289
99
351
85
278
276
126
270
77
254
314
121
356
84
269
74
319
318
113
269
88
291
82
311
370
127
324
106
308
121
363
298
126
315
102
316
87
352
376
131
342
75
303
76
326
298
137
401
122
337
84
314
297
124
362
84
344
81
317
296
101
319
101
280
72
333
278
153
310
90
279
86
288
378
146
358
93
255
509
313
373
137
367
96
309
74
355
314
191
360
95
389
83
353
329
183
344
82
267
420
277
349
117
341
81
334
70
306
326
115
349
79
275
79
333
260
73
276
100
276
76
336
339
103
338
90
341
97
322
334
104
267
73
331
83
331
315
130
280
103
342
66
337
310
110
357
64
354
76
320
334
121
307
92
329
105
292
262
133
319
89
260
66
333
323
168
308
84
279
79
315
372
118
326
87
323
75
314
323
115
346
80
255
84
341
289
83
326
80
301
63
310
326
104
307
76
324
344
133
338
70
342
75
294
332
114
334
80
336
115
321
343
93
320
86
327
81
303
327
108
299
78
303
67
305
310
88
289
78
337
75
302
386
91
330
72
295
111
299
289
92
251
104
323
76
1157
308
87
266
88
245
89
306
279
114
298
69
353
107
314
334
87
390
86
362
77
333
266
131
370
104
439
108
367
300
114
325
88
302
373
309
284
126
332
82
320
95
278
372
110
315
69
320
92
322
309
109
314
76
303
77
325
286
104
293
75
334
115
305
380
84
333
76
312
83
309
263
91
300
73
327
77
340
331
82
281
81
321
105
322
307
99
315
117
298
96
290
270
94
868
778
336
83
303
332
112
294
90
305
90
337
298
112
288
73
319
69
316
341
97
313
98
329
81
315
338
109
313
66
314
92
309
304
120
300
81
307
320
109
264
73
321
74
335
284
109
333
87
311
85
299
295
99
315
115
310
72
258
323
81
332
113
319
82
337
281
91
314
112
316
84
321
334
102
307
78
344
80
317
296
108
319
79
325
72
296
273
89
385
58
306
66
301
314
103
305
86
317
122
309
253
125
311
68
328
108
310
315
96
311
80
312
76
322
318
86
323
74
318
92
312
349
150
278
108
318
68
305
338
89
348
74
329
80
292
352
111
334
110
302
100
293
330
115
294
88
340
60
291
341
115
322
87
360
81
328
339
92
338
79
294
105
310
319
124
299
71
298
72
302
287
89
303
86
328
77
321
348
96
286
76
314
69
290
380
94
331
84
312
77
298
389
130
302
73
288
72
340
291
135
310
63
292
97
326
343
99
304
86
309
72
294
351
101
275
75
252
86
364
332
86
320
82
348
270
134
322
82
312
96
315
284
96
292
98
321
89
318
289
128
310
116
344
118
306
346
87
315
86
313
70
251
276
131
280
88
311
87
318
272
97
309
86
288
60
313
354
99
267
109
294
100
345
320
96
305
89
318
110
284
286
100
281
105
257
74
317
236
92
306
69
319
67
279
282
100
305
86
311
76
315
295
153
361
74
355
76
367
298
186
318
78
384
98
365
315
164
373
85
349
78
343
362
203
366
73
346
76
258
378
195
278
126
362
73
309
379
161
368
102
311
81
292
248
174
287
88
297
81
307
254
160
358
91
290
73
335
263
165
342
87
328
80
300
355
88
278
84
250
69
276
322
172
289
91
338
77
315
341
197
331
78
316
106
270
317
183
384
110
298
81
252
431
257
315
78
284
81
337
310
138
282
105
369
299
1212
349
140
347
78
338
322
132
320
105
283
78
334
347
160
291
97
332
81
300
372
145
299
73
282
90
283
384
148
306
83
323
89
365
356
143
260
113
272
79
375
282
142
326
78
296
113
347
377
127
357
112
276
89
304
360
141
318
84
349
69
336
267
137
306
88
319
114
300
357
119
299
72
305
90
293
305
126
284
91
305
100
295
339
83
315
73
294
90
349
284
135
351
72
850
697
274
337
123
441
82
350
82
333
320
118
352
100
342
93
359
292
124
355
82
355
66
311
275
156
280
84
350
72
289
326
147
359
72
347
90
275
353
135
271
91
348
104
273
347
129
337
66
307
82
336
315
138
327
129
257
95
274
300
137
286
90
359
87
272
292
132
278
85
338
92
267
312
116
257
72
270
92
331
316
100
374
74
290
114
322
309
114
295
77
284
300
144
278
103
269
109
279
344
137
354
99
341
64
354
302
88
300
85
332
73
315
334
85
261
85
235
87
348
314
107
350
68
248
71
334
300
122
266
87
285
68
347
300
144
365
74
353
67
256
267
117
287
78
349
72
325
414
182
303
83
318
71
263
272
104
301
75
333
79
320
373
130
307
87
304
76
313
327
109
320
85
346
81
297
309
115
319
83
321
101
370
291
180
332
92
300
94
338
381
128
287
469
358
77
329
385
129
321
88
281
84
364
258
143
269
125
278
78
260
351
101
334
85
302
79
309
336
115
324
88
326
105
287
277
144
349
74
275
71
262
384
160
342
72
285
98
399
362
108
282
78
269
77
279
350
93
335
108
321
113
308
249
102
311
92
334
71
311
291
105
316
84
314
84
277
331
121
315
87
297
345
151
272
89
342
161
334
372
157
312
88
349
87
344
271
127
318
82
327
89
322
299
141
311
87
351
84
310
288
128
342
83
283
90
273
373
122
266
80
359
83
301
371
142
302
98
267
78
305
276
141
314
104
347
75
322
350
131
270
123
289
94
354
315
147
302
102
327
75
298
317
105
299
109
379
84
263
350
167
286
93
332
94
314
271
134
338
78
294
74
325
359
111
344
89
328
87
336
330
112
304
91
317
74
360
267
143
298
81
343
115
309
358
132
303
101
304
93
335
291
126
329
82
333
76
284
342
105
313
100
335
77
293
308
1163
273
261
322
93
294
359
132
262
107
319
81
306
286
171
357
110
318
76
315
298
180
378
81
296
74
330
281
157
300
72
262
111
305
243
127
344
90
305
80
310
302
164
278
76
333
74
287
274
91
298
73
295
306
169
315
74
286
81
318
274
184
302
79
357
86
316
326
211
380
124
364
77
363
302
171
344
83
296
95
300
311
159
391
88
268
91
354
306
183
385
79
376
81
878
804
877
290
84
310
73
319
368
155
278
79
290
76
299
317
146
270
91
319
84
271
257
149
361
86
301
80
324
298
124
361
72
310
93
315
276
102
294
91
334
79
329
293
133
354
96
334
76
317
337
101
326
81
321
75
289
317
144
354
77
341
77
328
366
130
359
84
350
74
251
260
114
368
84
350
74
317
334
86
304
76
336
80
313
260
124
252
85
281
92
291
314
139
309
108
304
83
304
340
105
309
65
306
76
323
349
129
264
117
324
66
318
311
119
292
73
299
81
253
345
127
344
93
288
83
299
330
82
312
67
297
71
353
276
84
342
113
307
83
338
280
109
349
91
251
1646
1690
692
808
311
102
295
371
103
274
88
315
98
332
327
87
295
84
312
82
294
304
87
260
89
334
146
269
528
667
312
72
310
72
268
368
114
259
104
311
83
402
350
172
289
117
317
94
360
303
114
297
101
294
432
237
313
85
410
95
295
89
284
304
107
271
70
284
65
277
873
888
262
72
265
71
292
345
107
296
62
318
86
327
276
113
328
83
355
79
313
308
74
319
84
312
89
352
341
125
311
115
310
62
305
284
82
320
116
262
124
371
368
96
397
75
274
66
328
324
124
336
130
369
69
318
345
78
309
69
347
72
344
379
79
299
69
366
71
315
311
102
317
75
313
89
306
279
105
340
171
325
99
292
290
86
346
84
382
83
296
273
74
360
135
524
342
388
413
69
331
86
289
97
322
298
105
288
83
497
524
279
348
116
320
68
337
337
89
277
68
338
90
303
306
70
319
83
314
73
313
366
79
337
68
371
70
310
327
85
359
90
441
131
353
274
93
336
81
317
73
551
464
613
327
84
308
71
352
317
80
277
71
545
524
293
367
78
315
72
329
68
366
330
102
318
124
344
97
352
324
114
348
77
245
70
321
330
76
353
226
94
338
136
72
963
269
305
125
116
342
83
329
72
92
726
148
248
121
123
398
169
337
96
285
238
88
364
328
294
174
317
167
356
136
170
380
130
239
99
307
71
216
290
186
417
77
290
109
181
265
176
363
358
181
311
172
353
161
258
338
75
351
127
301
80
306
288
82
349
89
290
71
256
365
100
366
116
287
96
923
951
754
296
281
123
305
133
274
266
125
281
124
351
302
125
311
124
325
123
276
243
81
311
70
308
741
308
341
98
434
142
169
246
149
384
327
214
332
152
308
168
304
385
125
352
167
360
79
270
346
75
246
97
201
399
170
349
124
209
982
207
300
126
273
290
82
288
93
334
91
173
349
188
128
238
123
254
123
346
340
126
289
125
256
124
344
308
81
315
123
290
124
282
337
91
299
126
327
70
278
307
110
310
69
182
154
129
256
181
148
192
131
308
125
338
300
126
373
160
321
184
469
335
154
372
116
352
116
350
321
87
311
117
295
77
338
336
95
341
92
154
267
170
328
281
153
288
153
386
80
353
293
151
315
182
297
90
351
380
85
314
70
266
92
214
356
181
194
200
169
311
182
339
354
175
322
170
264
77
361
351
160
313
162
262
185
359
289
85
311
126
295
100
254
315
80
227
104
131
291
123
255
311
123
234
132
320
349
78
278
131
319
160
296
378
85
375
89
371
110
259
303
119
174
124
200
308
182
383
340
172
289
183
373
162
352
334
161
323
173
311
160
467
392
177
361
177
340
158
337
372
74
338
71
265
97
193
340
134
255
139
190
394
186
323
243
173
353
161
365
133
283
1114
1673
847
659
310
93
342
1169
991
916
916
436
316
80
237
364
263
92
285
74
336
259
152
306
278
82
263
324
167
281
87
382
359
151
319
133
292
116
314
287
79
252
128
321
78
327
306
93
331
402
321
68
253
276
115
274
152
322
86
349
390
79
332
68
298
150
368
336
82
332
85
408
76
366
413
94
305
72
278
74
339
284
94
274
69
320
92
370
310
90
450
83
379
71
411
750
460
314
150
308
169
252
309
126
360
122
287
77
359
375
74
368
74
289
70
366
280
73
361
73
319
360
77
392
82
322
172
339
346
182
410
170
311
69
468
390
86
333
102
325
150
335
358
127
437
93
398
282
325
176
376
161
322
91
337
323
93
367
170
266
151
282
362
68
257
84
359
352
67
301
273
114
327
75
355
88
284
292
118
357
75
392
75
306
371
93
359
93
320
96
312
339
119
342
69
376
79
338
293
83
283
70
365
106
290
295
88
355
83
304
85
304
316
101
314
68
356
76
283
296
76
319
93
307
71
352
321
88
344
70
317
79
314
347
76
411
87
342
75
330
310
96
424
101
331
105
366
300
90
301
125
310
160
250
347
106
301
81
283
81
409
436
87
285
68
308
74
296
268
83
320
72
351
76
291
323
70
279
97
341
82
286
362
197
305
173
316
166
315
307
176
331
170
337
70
296
359
80
390
69
358
294
94
417
69
243
82
377
440
96
280
91
302
170
330
303
91
366
184
312
109
323
334
86
333
78
413
68
367
277
71
298
67
409
74
308
342
99
386
85
317
71
432
413
174
373
127
268
130
286
298
100
326
93
402
95
448
434
526
350
101
283
79
290
327
68
287
81
269
75
598
412
549
327
124
319
126
361
285
136
276
123
273
83
265
374
128
324
170
417
108
297
276
104
251
78
391
81
286
343
84
292
154
365
98
345
344
176
420
170
301
143
392
380
104
303
81
367
73
313
258
99
277
82
639
343
293
352
82
259
139
163
127
338
310
123
92
163
305
125
367
298
124
319
126
326
96
261
270
169
211
236
122
346
93
290
349
67
330
68
330
102
217
279
80
230
80
274
83
355
310
101
247
69
195
338
117
219
102
126
230
122
309
298
124
315
125
262
126
294
364
81
302
119
302
68
247
286
79
295
69
299
105
169
353
313
94
258
152
136
401
82
226
337
301
77
405
262
135
392
79
287
359
306
96
277
96
136
350
138
321
317
171
189
447
78
344
191
138
260
308
129
210
915
320
303
104
313
923
510
184
261
84
320
69
320
336
70
293
90
345
82
307
357
71
289
95
176
339
83
277
261
340
81
307
102
277
76
270
343
109
322
115
325
94
290
373
87
350
82
301
93
382
278
82
312
85
300
92
356
309
96
255
78
297
73
285
280
104
305
69
314
76
311
348
68
369
83
430
488
300
369
120
235
141
305
127
310
328
119
284
96
394
103
340
411
81
305
92
333
72
279
329
81
340
78
379
218
335
83
276
152
304
203
363
157
253
281
82
337
89
320
329
83
338
90
339
81
376
133
254
108
191
323
88
307
94
299
72
331
272
80
278
91
107
81
279
69
283
83
282
83
303
277
85
279
83
312
92
334
316
201
199
137
354
135
344
282
231
150
173
333
122
373
108
352
139
282
123
289
333
107
193
111
164
119
338
102
300
85
198
78
190
363
87
346
71
274
77
160
382
138
206
93
226
97
338
309
174
348
136
345
128
262
414
137
268
135
362
361
362
271
84
332
89
386
94
315
310
83
77
82
191
91
326
105
369
81
280
82
304
202
136
75
93
70
90
266
84
355
87
278
88
359
336
90
390
92
268
90
237
333
91
258
92
246
89
340
92
312
92
302
85
341
212
179
72
176
100
85
400
83
257
100
351
100
297
348
90
314
87
284
85
318
367
87
279
70
85
94
234
306
79
361
75
278
293
96
263
68
199
87
143
353
81
150
123
144
328
91
363
178
89
115
89
252
90
335
355
91
261
91
252
69
90
293
278
91
356
67
299
77
85
268
347
92
290
93
208
192
84
276
294
66
336
87
190
261
84
298
352
100
317
80
126
221
100
302
329
104
312
76
121
338
134
278
361
123
145
322
127
295
88
152
316
389
122
325
102
366
100
323
1101
841
769
1033
958
1029
575
587
674
290
86
345
97
346
330
102
320
99
426
68
327
296
101
268
103
391
96
301
271
76
346
101
374
70
328
308
79
270
82
232
93
299
311
83
402
445
293
105
384
370
77
317
94
422
92
378
372
91
290
68
360
69
361
439
95
367
87
294
88
430
419
104
368
86
287
89
342
360
77
394
92
317
104
247
444
531
342
90
367
93
355
317
98
305
102
307
68
266
347
78
317
79
306
68
367
339
78
404
125
349
329
88
332
74
509
277
370
384
86
327
79
348
88
319
360
138
265
99
674
427
348
321
101
416
69
309
91
369
339
68
320
67
352
68
548
586
585
281
73
304
94
262
320
70
322
173
362
79
348
385
96
297
90
248
89
337
270
87
329
102
298
92
288
292
83
329
84
393
68
313
362
70
324
69
335
83
262
754
1024
990
775
563
763
285
363
73
377
68
290
82
280
351
115
310
66
299
79
265
279
79
253
79
273
96
358
123
503
338
324
156
338
259
181
110
169
94
162
350
78
349
67
374
76
279
409
97
456
97
376
159
428
450
94
287
124
275
126
284
97
212
86
205
92
306
358
113
382
100
327
123
221
402
96
330
67
297
88
271
295
100
266
168
291
157
432
428
165
146
208
98
295
649
711
342
68
349
69
285
305
84
324
122
265
324
132
245
124
190
134
380
92
287
99
326
73
329
350
69
347
68
340
137
340
316
125
153
122
197
187
358
412
184
227
196
290
177
359
248
152
88
181
105
250
312
96
375
130
218
85
212
381
176
271
172
320
122
254
142
265
70
281
76
175
291
68
337
124
308
129
266
368
132
218
132
324
122
276
178
245
94
174
91
331
328
133
296
131
337
133
400
327
185
170
114
289
134
317
155
165
147
143
176
142
343
96
301
93
136
69
167
327
77
347
117
327
134
321
199
189
88
170
149
120
235
225
202
79
152
85
138
360
95
354
83
328
92
287
364
89
274
132
378
135
313
177
272
104
235
136
134
392
84
290
76
323
121
317
320
134
265
123
382
135
326
283
129
108
142
184
132
290
91
317
68
228
345
124
186
121
235
122
316
96
247
73
263
83
243
321
85
268
133
304
69
295
292
132
227
176
400
170
336
153
164
105
158
88
280
285
87
288
173
350
93
373
359
82
332
177
333
159
320
338
169
321
173
338
183
303
328
170
390
172
347
170
298
267
401
69
298
70
329
388
86
358
170
271
170
358
440
102
299
173
391
122
275
355
156
167
123
121
145
324
89
292
96
301
99
335
325
167
136
175
243
191
290
131
269
89
180
372
172
365
215
293
801
70
107
146
371
85
313
98
263
94
223
255
72
279
176
371
159
311
196
212
72
199
84
182
378
73
259
90
220
98
234
298
73
319
87
214
849
189
337
67
366
91
384
144
269
210
231
88
152
84
126
288
88
267
92
324
96
287
325
175
273
171
286
176
319
353
203
199
128
264
79
347
77
335
90
323
110
216
78
221
80
218
287
92
259
137
317
122
361
354
162
263
180
401
180
335
250
158
187
187
287
172
297
353
205
174
175
68
230
328
72
300
113
370
633
103
346
65
240
328
149
191
312
265
86
247
373
173
351
104
349
1078
977
675
339
74
194
301
169
283
310
135
300
95
294
399
157
249
320
94
321
71
173
317
169
262
293
90
326
421
170
275
74
158
258
859
586
296
75
282
78
135
312
346
133
323
144
253
77
123
334
358
123
340
95
322
77
122
257
337
98
290
130
317
85
131
343
309
96
274
122
326
66
168
274
172
137
320
120
260
68
264
359
266
171
312
148
344
272
176
344
278
113
354
97
180
310
617
794
898
773
170
156
134
343
136
282
296
147
169
328
157
286
62
169
385
359
175
353
92
160
248
167
324
297
101
315
79
167
369
130
262
328
93
383
84
138
395
334
151
333
168
325
77
184
298
333
144
259
97
334
79
337
262
80
335
72
274
78
310
358
92
361
94
269
69
307
353
94
341
86
448
603
384
367
97
292
86
479
476
337
359
88
327
80
254
70
303
391
99
341
83
310
98
426
345
91
379
95
322
91
369
421
66
387
74
339
77
360
360
76
401
634
285
70
458
403
84
342
104
310
90
333
372
107
381
100
246
74
298
881
1066
937
976
543
352
399
381
140
338
105
338
90
366
440
71
327
104
347
67
402
397
92
448
100
286
168
283
292
74
316
72
321
76
377
410
93
352
68
357
94
331
384
78
279
73
306
78
351
326
95
330
98
445
106
268
455
246
248
87
296
78
294
351
101
401
113
318
71
402
360
74
387
70
345
94
340
312
108
388
84
310
71
242
501
652
302
112
398
120
287
295
92
280
94
323
367
68
286
114
370
101
294
348
111
354
106
321
106
264
386
598
348
99
289
80
299
368
140
295
66
355
75
351
274
105
308
68
307
108
335
325
84
343
76
268
111
385
369
102
306
96
427
99
290
267
92
275
69
308
94
342
276
93
323
70
278
69
271
262
97
312
69
311
96
325
355
94
395
69
314
68
311
360
86
363
101
396
78
351
368
82
337
70
310
75
360
296
83
326
76
260
95
299
390
74
323
90
316
89
362
340
81
287
91
313
78
231
590
720
278
86
311
93
315
260
71
328
69
312
73
261
328
66
311
76
354
92
261
322
108
325
97
308
90
435
419
139
318
86
351
97
253
912
687
277
71
301
77
319
274
89
280
70
272
69
382
300
84
341
69
356
70
280
337
85
300
69
344
92
247
594
678
397
81
337
327
130
344
84
237
431
69
313
98
274
89
339
73
299
345
77
316
78
267
71
299
293
91
276
88
314
91
319
346
78
296
68
318
89
309
388
95
359
104
337
75
351
324
99
305
86
308
101
352
354
68
314
97
321
99
374
355
98
372
78
390
79
305
285
95
304
71
339
68
384
310
92
341
78
381
105
320
257
101
282
80
290
105
404
349
78
320
68
382
67
346
329
69
367
71
328
103
302
887
799
301
109
304
112
280
855
1199
848
1237
609
494
265
245
113
344
70
358
97
304
299
93
299
150
357
77
309
323
81
360
74
353
78
304
282
83
305
84
390
68
345
328
81
372
86
356
69
324
373
93
321
94
254
87
257
348
108
324
86
290
93
318
413
86
327
103
300
81
254
881
617
336
94
415
83
326
339
82
302
76
311
67
312
358
84
269
126
311
370
73
326
63
301
80
433
333
76
299
74
398
100
519
425
710
324
89
345
132
294
333
86
310
65
327
366
319
309
99
323
67
283
73
267
266
122
323
71
320
85
372
401
93
337
86
423
95
262
529
700
257
102
272
69
305
282
93
282
121
325
127
271
348
93
299
91
301
70
368
316
73
321
118
428
90
287
285
108
320
85
381
95
309
270
94
319
77
294
79
337
322
67
364
99
358
68
297
287
78
386
97
377
98
301
348
66
409
94
320
76
435
334
114
333
65
320
70
288
290
77
359
68
272
107
319
319
112
316
90
313
68
322
274
92
322
75
349
103
350
349
90
302
68
261
91
317
388
94
283
86
291
168
358
319
88
303
94
435
96
320
386
72
381
96
311
79
290
354
84
300
106
315
80
349
309
74
388
95
359
80
279
350
100
384
96
341
355
113
501
573
256
116
260
288
105
284
335
384
113
276
306
67
336
93
298
91
317
365
91
265
80
284
92
331
268
108
314
93
272
83
364
431
95
271
401
331
82
286
312
85
258
67
430
402
378
265
63
371
103
335
414
299
344
78
319
127
288
68
230
351
90
275
67
288
76
331
330
82
306
79
269
102
507
579
752
323
93
343
78
281
303
78
312
67
266
117
332
341
73
299
67
358
123
277
321
78
330
70
257
65
242
300
100
301
90
268
89
279
337
99
347
68
503
278
259
322
86
370
77
299
99
280
344
102
340
75
183
268
185
320
187
354
85
302
91
303
304
96
272
658
364
67
320
379
83
270
99
323
123
264
356
73
328
68
285
108
316
261
102
330
77
349
72
309
302
113
266
74
262
78
312
294
71
263
68
302
282
100
309
169
310
72
322
355
110
305
94
378
76
332
269
92
321
107
427
119
590
564
703
361
68
333
67
270
352
77
316
77
264
124
264
333
66
349
76
320
68
317
234
76
740
691
281
88
278
288
86
304
83
415
68
413
602
758
372
90
288
75
288
317
82
368
94
395
69
262
318
85
414
69
322
90
364
356
137
426
92
275
69
276
296
96
374
70
378
66
316
317
81
326
91
316
107
399
569
756
313
68
296
76
291
249
78
333
75
327
69
323
301
91
344
99
324
68
246
313
69
308
71
300
97
295
340
80
278
68
309
81
298
346
91
274
69
406
69
300
298
93
351
98
395
390
369
303
75
287
67
314
66
280
350
68
296
122
338
75
286
348
84
677
94
325
97
304
267
98
320
85
258
76
348
347
83
300
98
336
86
307
298
79
347
99
418
417
98
303
652
362
101
352
326
84
357
107
392
100
281
335
95
380
98
391
92
378
295
88
300
70
323
93
453
343
92
291
74
334
96
476
307
536
263
102
325
95
292
317
76
328
83
307
100
254
277
93
355
84
308
95
532
867
551
329
84
357
90
308
366
92
279
95
370
91
266
340
86
265
73
299
74
536
489
613
380
92
424
96
312
336
119
382
101
565
412
351
262
71
326
121
307
85
331
317
97
486
439
352
105
287
313
86
268
92
315
76
371
319
86
338
70
332
89
294
313
96
330
82
360
95
343
354
71
340
87
369
83
274
342
71
314
101
337
72
357
376
107
360
95
431
113
374
424
112
334
82
395
550
285
305
87
319
82
303
79
307
325
92
295
78
345
78
321
398
106
317
76
318
77
300
262
106
330
73
344
313
75
254
77
272
83
278
315
89
302
71
324
86
297
304
87
290
96
316
98
349
339
77
324
71
314
72
304
311
103
325
103
360
70
337
267
88
294
70
273
100
350
267
76
281
83
283
80
410
373
92
349
86
374
69
318
325
81
419
75
371
95
378
322
84
312
75
378
96
325
371
69
376
116
251
75
317
357
72
428
662
376
65
151
341
247
326
118
272
98
263
293
88
386
120
318
95
411
377
96
416
93
548
586
321
313
91
279
92
315
80
328
271
93
291
105
280
86
335
341
116
334
78
351
70
247
299
67
343
75
347
94
267
325
80
554
823
290
71
541
408
540
368
87
322
93
299
333
80
295
89
325
95
287
330
115
324
70
323
76
278
344
81
204
94
262
90
319
341
101
147
91
237
70
409
263
123
990
182
275
75
326
318
98
275
88
377
335
79
332
73
340
74
316
339
71
267
78
297
71
312
319
82
316
77
307
71
330
356
83
315
73
277
75
299
334
82
314
83
306
99
301
323
70
297
100
321
103
303
274
93
319
77
319
71
327
336
112
308
70
269
81
324
335
81
366
87
358
70
343
343
107
367
93
285
108
333
292
77
279
117
298
100
322
337
104
278
71
323
74
410
309
72
318
93
312
87
390
328
83
308
88
305
71
308
370
101
319
97
293
95
376
331
76
282
71
361
70
348
331
94
429
68
327
73
560
920
942
443
92
334
71
309
352
82
318
74
371
72
310
340
77
253
72
287
100
426
375
118
353
80
301
100
372
350
80
290
85
226
98
369
307
123
320
87
303
80
357
317
91
275
118
303
80
344
348
107
343
70
262
84
389
411
100
393
112
270
96
289
318
79
324
83
414
372
85
266
81
601
112
306
309
82
260
82
353
99
327
367
71
326
80
307
86
444
377
533
304
81
346
69
259
340
76
279
92
292
79
312
281
82
370
82
344
71
329
278
80
340
75
415
89
348
305
87
362
92
285
71
285
368
97
377
127
318
73
333
350
85
292
71
429
102
297
358
80
325
71
342
81
394
419
95
261
85
361
104
279
271
81
370
89
318
87
300
397
70
321
69
239
79
349
368
126
338
136
340
83
373
324
113
270
73
400
94
302
372
109
528
538
322
84
358
310
96
282
86
252
83
606
782
522
305
96
290
83
282
328
103
335
75
612
740
306
327
95
294
75
283
70
285
280
91
339
103
346
72
297
300
70
368
82
336
79
365
384
81
279
86
305
77
403
428
84
403
70
398
77
339
451
87
422
90
395
336
100
285
84
388
97
373
365
83
284
98
414
109
275
348
81
356
79
333
78
295
308
71
268
95
384
86
374
381
291
311
146
316
69
301
317
79
392
138
355
86
361
313
70
356
117
364
86
281
381
92
271
69
334
84
285
334
90
305
95
321
79
303
269
81
316
89
259
76
317
373
79
284
129
256
109
303
283
89
385
70
348
77
337
296
86
401
94
283
99
309
361
99
294
89
317
81
320
357
94
322
121
290
90
356
321
115
368
79
325
78
308
322
97
306
84
292
92
315
363
90
296
107
783
707
325
332
93
290
88
274
82
344
370
129
258
69
297
68
298
330
79
301
112
395
105
463
305
109
342
74
287
114
293
353
98
407
101
408
86
330
380
93
292
112
315
75
367
342
116
297
82
304
65
318
294
85
298
107
271
104
328
343
87
357
80
278
295
73
294
114
294
99
292
306
84
312
129
324
66
291
296
97
286
78
275
67
435
380
104
367
85
285
79
272
360
75
260
91
320
96
315
339
95
296
89
288
69
284
370
100
295
87
325
89
242
369
111
327
75
288
90
272
324
101
286
111
352
97
279
357
75
288
80
295
97
375
268
76
340
72
311
88
305
306
76
353
75
269
81
317
320
97
444
338
302
63
338
297
102
292
88
281
85
435
375
105
314
74
261
72
295
326
94
307
77
336
92
310
331
95
301
111
317
66
335
288
94
347
86
296
73
302
326
81
314
89
260
78
319
261
85
303
70
462
555
337
321
72
325
103
301
111
273
263
70
303
78
359
69
264
294
67
281
64
533
338
381
391
141
335
96
412
67
401
360
122
342
101
342
79
304
288
79
341
86
299
289
78
327
66
358
67
311
264
97
347
107
363
116
268
328
85
286
69
282
68
340
282
116
348
77
302
100
349
335
94
286
89
282
68
332
425
92
363
71
312
71
333
331
80
268
72
313
76
302
328
90
293
101
299
70
299
312
86
280
95
308
82
255
327
101
314
131
241
431
293
369
76
304
105
310
113
299
413
100
253
391
313
73
319
304
74
330
92
312
88
323
320
113
335
90
304
72
277
320
115
265
68
302
76
262
339
105
315
90
306
81
282
294
72
323
69
281
99
323
304
85
309
97
338
68
292
368
109
313
79
345
78
330
351
95
314
86
348
74
322
360
84
293
122
274
88
340
273
111
280
64
300
76
267
346
88
250
90
316
74
261
293
1083
348
91
290
72
295
328
92
333
82
356
96
303
361
134
312
117
338
92
293
347
116
224
840
323
256
127
295
75
264
66
312
329
86
312
95
306
87
275
319
76
310
82
315
86
305
348
134
296
79
248
84
314
312
122
286
79
307
69
382
387
143
485
82
367
91
311
284
70
314
78
403
419
306
405
99
261
92
320
96
267
326
132
364
69
378
99
354
319
118
415
99
267
83
873
723
793
294
77
266
86
248
344
89
320
80
295
110
296
312
102
335
78
289
67
298
292
92
290
90
313
74
312
283
136
324
92
281
80
274
331
87
298
71
315
82
287
327
107
316
86
294
80
284
325
87
306
102
307
101
284
313
88
312
67
283
82
285
330
87
295
84
297
81
286
297
159
261
102
303
74
323
340
79
283
80
301
108
279
330
130
326
69
307
81
291
317
105
268
97
280
92
332
291
89
304
68
230
86
276
316
135
344
71
289
337
99
376
73
313
76
269
302
156
325
106
329
108
378
404
173
324
82
307
110
432
475
138
313
84
286
66
268
379
116
333
71
290
93
254
931
1337
1047
891
423
109
336
346
113
284
69
334
80
309
284
69
262
83
326
92
355
360
92
310
89
334
69
303
276
85
327
99
286
69
346
374
97
282
108
523
636
327
324
77
306
94
498
589
341
309
72
318
84
295
88
294
376
71
535
369
441
82
314
372
74
266
93
260
85
280
311
105
311
116
314
77
338
333
92
368
72
332
104
233
273
82
286
68
367
98
281
334
89
318
75
374
86
299
341
85
308
103
374
104
324
374
104
279
103
324
95
308
309
111
335
110
314
90
287
337
121
355
89
316
104
268
330
107
487
532
294
81
312
327
88
266
94
286
101
269
273
99
293
72
305
84
389
310
102
316
115
286
919
649
310
93
289
76
343
301
69
272
101
325
75
326
325
75
340
112
224
442
339
367
81
257
70
320
83
312
370
101
319
81
338
100
307
278
105
298
110
313
127
407
322
144
322
67
329
86
293
306
77
363
85
282
102
304
340
112
301
83
347
78
300
279
92
310
72
281
110
346
394
93
248
112
295
90
314
334
76
330
98
354
88
274
327
66
298
74
298
103
287
389
100
315
87
239
110
291
261
98
275
77
304
68
342
347
89
292
1178
345
87
369
356
70
292
108
443
150
311
359
94
286
86
333
68
328
340
66
296
73
324
78
272
318
93
285
92
309
97
400
373
139
332
95
283
91
304
388
79
309
83
290
76
343
250
99
373
78
349
91
369
318
111
295
69
471
90
343
296
92
282
85
333
98
381
350
82
279
91
258
88
341
327
62
313
76
339
317
99
322
73
354
73
306
304
104
308
68
292
111
224
544
1007
759
1041
553
311
300
320
87
389
95
309
103
315
367
78
319
92
392
83
266
901
521
284
71
292
72
293
874
1205
653
1041
1175
933
537
587
398
265
107
295
70
288
311
83
243
83
306
70
285
300
90
277
69
290
69
395
351
105
292
79
278
78
252
299
74
275
90
365
83
237
323
89
410
87
330
73
260
301
85
322
71
332
73
294
279
93
314
71
361
72
633
610
604
305
70
295
90
374
409
80
286
78
326
73
293
327
80
313
69
286
88
412
340
75
339
91
319
83
330
286
83
286
84
347
85
411
354
84
296
85
152
84
320
340
78
304
99
387
68
356
321
79
399
100
278
93
284
323
103
290
67
270
113
652
286
654
295
89
321
73
312
286
112
269
72
253
524
595
338
75
330
74
338
280
69
361
74
326
75
294
253
89
461
434
344
82
319
356
72
285
73
288
93
302
384
90
310
73
297
70
351
346
83
272
76
301
69
308
360
102
321
97
293
133
328
322
143
444
115
267
85
300
337
78
314
96
440
73
339
355
83
323
70
262
82
312
610
735
313
103
295
79
338
372
77
258
149
319
107
292
338
79
309
106
370
93
298
318
99
310
92
422
846
307
243
106
349
91
261
77
311
328
85
329
89
319
79
292
292
237
320
85
347
130
322
275
117
294
100
287
84
281
254
88
290
93
291
65
274
326
99
279
71
333
81
297
371
94
317
82
257
84
304
332
103
320
89
290
78
304
384
81
301
130
237
86
315
382
104
272
85
284
108
305
285
97
297
94
270
70
309
328
115
269
82
307
98
275
272
109
322
88
304
276
104
288
137
295
64
287
359
114
312
83
284
83
281
255
88
321
89
326
75
311
352
108
297
80
280
80
311
263
89
323
74
286
82
303
279
142
282
108
315
83
327
352
88
248
91
301
86
331
261
99
295
80
305
1086
263
361
76
296
68
389
91
335
344
90
309
98
316
82
287
303
96
340
75
286
104
346
377
141
348
152
285
80
318
392
165
390
86
305
86
330
407
151
255
71
254
98
274
287
105
265
82
292
75
462
582
687
257
92
269
86
296
290
94
318
82
289
84
290
291
117
325
77
270
87
320
346
116
261
124
355
106
304
328
104
265
82
293
98
311
353
114
314
101
295
78
289
389
594
301
122
302
82
306
310
117
304
122
275
100
292
338
113
273
81
287
112
262
344
112
260
74
298
70
309
400
74
300
79
341
331
121
282
67
285
99
273
395
94
297
69
276
80
277
336
94
287
81
306
65
299
348
95
320
85
275
76
312
340
94
346
103
273
87
295
270
91
303
68
291
87
287
290
89
335
75
336
67
278
295
85
312
94
274
106
278
337
100
262
84
281
75
289
325
134
280
89
299
90
294
351
81
312
93
398
89
309
355
94
322
92
274
109
271
300
98
267
89
289
94
300
317
85
226
105
283
84
241
306
117
271
85
296
116
295
298
131
282
99
315
88
258
356
139
256
92
274
85
273
356
127
285
122
283
73
271
344
100
277
112
376
82
266
321
113
248
74
285
86
273
255
100
304
73
314
69
255
381
83
283
82
312
111
294
259
73
328
72
317
227
82
316
127
85
300
325
366
68
293
100
70
368
364
334
93
290
122
94
327
96
70
298
266
329
84
310
98
235
302
73
269
313
316
78
173
295
68
219
289
88
285
322
309
90
69
298
68
168
313
98
197
349
311
98
180
320
98
253
141
86
267
349
310
87
271
77
249
69
258
321
104
307
114
324
73
295
334
150
332
107
274
103
339
313
116
309
95
366
99
305
353
89
298
74
295
85
400
406
169
251
70
269
82
262
317
101
339
92
251
86
288
343
100
269
91
299
80
309
325
86
276
122
276
74
297
320
132
389
66
301
94
300
287
81
312
94
287
78
321
321
101
307
101
310
93
311
319
95
306
98
293
94
297
396
145
306
76
273
73
325
302
77
291
69
283
107
313
299
120
299
73
295
87
316
356
92
266
98
284
90
288
322
124
317
77
236
104
298
285
109
257
69
269
72
296
334
84
300
73
267
95
254
289
115
308
80
258
112
232
360
106
327
117
304
70
200
316
69
297
93
267
290
114
245
94
336
68
269
332
122
250
78
277
106
315
371
87
249
94
310
82
277
346
76
312
80
431
91
227
948
1176
793
695
293
88
249
308
94
254
70
264
116
246
924
946
338
111
310
84
282
264
92
277
76
287
117
274
332
83
317
102
271
76
312
368
78
307
82
290
73
280
273
127
301
85
248
109
329
279
108
255
94
325
94
318
347
102
294
81
348
78
324
374
112
368
84
494
87
285
303
75
321
107
341
82
311
288
79
337
68
317
68
300
425
85
272
83
258
80
317
343
128
302
91
263
95
291
312
94
335
89
300
104
286
293
88
326
100
287
78
273
358
89
297
92
352
69
350
321
79
289
69
271
72
492
630
657
297
92
311
110
298
310
98
300
95
283
97
324
363
135
392
113
306
340
74
317
71
323
94
285
301
76
410
97
377
69
301
273
87
303
72
335
108
370
345
85
344
91
324
70
346
302
78
276
85
292
81
267
283
87
328
68
300
81
338
302
82
246
70
337
73
343
309
82
296
69
358
79
289
331
73
267
80
316
76
286
316
77
348
70
323
70
265
366
83
271
73
312
82
291
381
75
287
69
365
69
331
323
117
247
71
276
69
353
306
71
302
69
328
85
343
325
74
402
77
497
353
322
275
78
269
83
268
77
284
341
77
268
69
323
76
315
328
70
323
68
304
97
355
356
70
340
71
282
89
280
297
75
274
71
328
98
278
331
99
349
74
264
75
231
299
76
327
75
291
98
252
285
76
377
69
299
78
316
320
98
289
74
296
113
339
319
78
373
104
382
99
304
381
89
423
100
273
74
383
368
89
271
91
274
312
111
351
95
627
556
252
362
77
380
82
263
533
342
267
110
377
101
345
80
536
853
580
294
81
322
83
571
490
687
328
125
306
134
326
367
98
410
77
560
346
425
1195
1018
500
483
256
101
340
282
79
279
89
290
88
257
307
71
261
75
313
95
364
435
115
386
82
238
73
270
347
88
280
83
285
76
311
327
90
248
80
679
362
388
370
82
287
87
410
112
396
286
94
346
82
347
128
339
350
116
400
117
286
105
532
880
1160
1225
1219
968
661
366
415
71
334
88
279
110
320
340
86
289
86
384
96
321
336
80
309
80
341
78
414
74
397
138
175
312
137
323
346
79
340
77
283
80
620
764
748
323
106
346
77
340
386
75
313
102
305
84
324
291
78
376
517
356
79
363
319
84
303
84
375
85
301
343
77
310
134
279
372
89
418
92
307
82
334
379
123
287
121
328
136
372
292
98
298
134
314
144
322
344
75
272
100
691
313
391
423
83
380
89
425
75
371
356
87
298
120
348
138
318
393
122
279
136
299
662
829
600
722
315
81
279
76
286
292
81
297
80
326
79
343
206
184
90
322
76
258
304
191
187
95
246
82
334
360
81
250
95
333
83
349
382
138
299
138
365
100
294
307
78
388
94
252
117
164
365
207
194
311
341
121
220
274
205
205
202
135
334
136
294
347
118
287
130
340
103
357
372
76
392
87
361
77
412
413
106
317
114
373
76
327
298
235
136
126
345
131
385
370
123
339
129
391
132
337
362
80
371
114
347
80
376
305
92
293
116
375
97
326
363
93
359
123
407
118
416
378
105
373
96
311
89
277
388
84
350
100
282
79
444
429
76
275
82
315
311
89
343
83
267
79
349
285
84
158
94
287
92
401
347
84
313
81
305
83
265
351
83
308
96
286
97
335
378
96
280
82
300
84
261
343
85
289
281
79
362
262
146
103
226
99
255
353
145
367
133
337
132
350
78
315
114
92
146
302
117
335
114
166
121
330
112
309
114
80
310
344
85
343
113
396
112
336
91
279
147
134
184
144
287
81
343
82
219
99
249
384
76
325
101
324
76
269
346
103
88
205
146
163
350
138
208
171
136
338
131
287
315
128
317
118
303
115
262
328
79
330
96
318
77
206
357
306
118
335
77
339
97
210
712
566
448
354
132
95
295
79
349
375
357
80
300
98
263
137
93
253
349
114
308
197
96
314
94
340
286
288
226
227
119
309
76
339
315
102
423
112
374
91
361
338
93
300
98
373
296
130
352
76
285
99
327
311
83
281
78
397
92
283
351
76
369
83
366
82
354
346
85
334
94
253
91
261
300
96
325
95
357
78
255
325
94
257
82
372
175
361
317
83
169
95
320
83
277
326
89
325
75
447
70
278
321
96
307
98
300
85
406
371
89
362
96
290
77
294
402
104
547
572
280
118
303
324
77
303
72
371
76
342
329
73
174
351
75
113
264
305
119
307
74
332
83
259
373
122
266
73
421
78
331
364
80
375
84
275
91
308
316
91
279
84
364
96
280
371
95
408
101
269
91
275
342
72
322
114
414
75
339
421
120
304
110
412
886
279
285
112
353
82
344
97
390
362
134
251
503
359
73
398
356
118
282
111
320
83
338
338
133
332
74
382
108
266
373
74
354
119
249
540
316
308
90
289
91
295
74
360
319
114
282
74
357
337
91
287
91
462
90
457
313
77
317
82
395
92
425
346
83
332
87
340
97
288
328
106
460
737
270
73
315
288
75
354
98
292
75
355
293
95
285
93
316
82
527
326
188
317
75
353
77
267
369
90
313
80
305
98
277
334
103
316
70
324
93
298
315
114
281
73
256
98
265
331
88
335
92
354
120
390
387
140
379
104
273
91
332
331
103
312
77
325
73
227
532
646
308
89
307
76
260
281
102
252
74
245
122
286
345
86
250
112
317
114
275
256
95
249
86
266
122
262
325
123
297
90
290
91
307
293
114
318
85
270
78
310
287
101
294
96
328
112
298
278
93
334
115
345
71
253
619
676
304
102
328
83
376
362
135
324
106
303
100
370
382
147
306
74
286
98
277
379
104
309
95
384
94
410
362
105
325
85
383
397
98
332
80
394
77
332
358
121
467
98
287
423
327
298
100
282
89
377
74
278
345
121
278
82
465
104
307
307
88
346
84
230
374
382
343
92
295
107
370
77
284
316
133
293
82
334
70
354
304
77
337
73
385
78
308
315
80
336
96
466
585
294
346
101
350
75
302
74
307
382
83
359
107
322
547
368
336
151
330
105
391
97
322
362
73
351
88
350
102
313
319
148
353
105
511
383
298
343
118
319
95
367
74
344
357
117
328
107
306
74
351
369
119
313
85
286
101
262
345
97
292
95
391
114
345
327
85
252
73
287
82
320
315
123
341
100
310
122
380
364
105
310
74
342
85
315
288
92
358
85
336
79
387
342
108
319
75
295
74
317
337
132
296
99
366
109
314
337
85
296
126
247
223
370
304
97
314
81
333
106
300
356
109
342
74
387
373
103
387
93
312
101
347
327
98
326
130
307
78
375
384
115
333
87
328
96
241
520
588
348
77
298
92
296
372
85
368
97
189
334
212
349
104
330
76
309
88
316
297
118
268
72
268
74
285
324
73
330
73
391
71
316
350
126
291
125
341
75
311
337
117
320
73
388
93
274
329
112
291
93
326
88
320
265
104
335
79
313
91
303
268
119
279
71
297
90
268
391
84
292
80
310
75
311
322
137
315
86
315
86
283
289
95
321
74
325
84
315
337
115
284
94
390
96
319
394
98
291
109
422
93
377
849
738
314
87
320
76
334
383
95
330
86
281
85
322
342
84
357
96
401
104
546
539
1125
749
1079
770
1168
583
1459
1540
884
1992
1074
1106
1613
1083
1558
1363
1217
1125
994
1487
1722
1178
884
1555
1120
1009
1158
960
1101
661
1160
800
898
379
317
83
392
77
297
341
114
276
86
261
84
330
328
69
259
80
308
79
286
351
90
328
88
308
74
300
344
90
267
75
336
100
272
308
75
300
75
304
82
276
310
85
304
92
298
115
348
308
76
295
75
320
82
321
386
83
318
94
357
85
299
311
85
334
72
397
75
424
375
90
500
563
324
73
264
358
98
326
86
426
110
301
284
103
290
75
356
77
296
291
100
282
92
419
95
300
328
100
291
68
288
95
276
295
119
285
92
280
101
318
373
86
258
91
288
80
317
329
104
268
78
301
77
323
360
133
387
106
338
85
306
323
104
444
114
431
84
273
383
99
449
97
274
72
343
444
128
303
76
294
84
415
427
94
329
86
286
75
346
344
80
429
102
294
93
267
342
89
545
358
300
76
267
298
98
365
83
315
93
377
387
85
312
91
329
319
100
302
72
268
79
283
372
101
408
105
363
76
331
310
77
365
75
374
76
339
283
108
320
78
351
82
234
333
647
295
74
297
90
282
284
90
286
87
274
73
255
347
90
326
85
322
74
402
363
97
537
406
302
83
317
296
86
292
73
277
74
365
348
114
288
84
286
86
300
319
104
281
104
240
414
278
338
117
272
378
313
86
298
344
82
338
93
315
95
288
310
109
310
90
330
74
325
324
84
340
73
397
72
346
284
118
314
74
351
76
314
334
99
315
81
324
92
517
882
591
289
77
373
90
303
321
97
304
95
320
122
446
436
226
364
83
313
86
286
318
75
290
76
267
74
334
350
76
299
87
307
86
317
313
70
315
102
310
66
309
307
128
324
76
178
402
74
280
108
318
93
306
85
306
300
91
357
96
329
65
307
287
77
334
95
303
369
121
309
88
336
86
303
362
114
380
64
312
69
431
428
156
275
72
335
88
305
325
93
279
74
258
78
281
301
79
314
80
287
100
260
312
127
287
115
330
77
304
296
110
307
94
279
74
298
282
109
300
75
270
87
325
308
96
289
73
280
95
306
335
92
318
83
314
83
296
299
94
876
710
320
72
317
282
105
280
87
324
75
347
345
162
296
93
286
105
270
331
83
337
120
277
97
274
341
115
269
83
316
74
292
331
96
315
95
272
105
447
388
130
302
96
447
122
319
317
108
313
115
317
83
297
319
102
367
93
309
99
435
367
130
310
85
307
76
245
582
680
302
112
311
82
355
346
154
272
75
359
76
338
321
73
309
87
439
101
345
303
80
313
75
349
76
415
424
96
354
107
398
77
275
347
99
390
91
279
102
478
395
621
320
78
364
297
103
295
72
328
74
427
430
102
322
91
300
84
263
325
110
313
99
343
570
351
403
120
403
163
374
114
301
347
92
328
80
378
79
353
293
82
301
114
276
73
388
303
124
285
107
306
106
319
406
99
341
98
296
85
284
355
88
302
85
405
95
444
630
643
333
74
305
90
311
298
112
330
124
351
87
322
307
79
317
73
321
76
375
306
85
346
89
324
75
355
343
81
333
72
355
88
320
312
115
312
86
322
106
385
309
110
354
83
319
75
313
297
91
314
95
282
87
374
396
118
336
115
399
83
312
274
78
310
95
398
95
361
326
103
355
74
330
82
324
397
83
372
99
337
79
340
345
97
319
87
339
110
371
346
79
304
74
365
110
388
305
103
353
102
385
88
272
496
569
307
81
494
573
289
275
90
279
75
359
319
91
285
73
294
74
371
338
75
239
74
345
77
287
308
75
303
75
343
75
276
306
88
279
76
520
106
353
298
91
307
104
307
78
346
351
92
353
90
289
96
315
315
93
277
76
369
87
300
279
104
342
74
352
75
282
327
75
273
79
303
84
281
318
116
311
94
369
98
354
302
82
339
81
323
110
385
347
117
290
86
284
80
295
343
90
278
98
285
94
345
280
101
320
70
293
99
297
355
115
338
130
321
88
279
427
121
338
93
310
94
1103
368
95
418
611
351
77
341
304
110
301
117
317
101
304
318
109
318
82
222
917
380
332
97
263
75
248
76
305
349
101
324
94
257
77
249
270
94
294
83
290
94
302
311
114
263
89
304
91
298
267
96
334
95
265
630
316
272
136
272
81
429
80
267
321
143
350
130
305
85
419
403
149
454
111
464
1486
1445
785
892
381
84
301
346
115
313
93
307
92
305
358
105
324
95
802
705
264
283
98
314
84
266
91
347
331
69
337
95
330
93
331
392
90
387
104
310
121
384
288
91
337
82
288
75
323
368
68
314
78
285
114
326
311
93
312
73
342
109
406
380
138
341
77
379
102
411
303
103
365
86
285
98
357
319
77
317
86
288
107
324
352
105
429
74
366
74
350
296
77
307
110
385
97
314
369
118
257
180
419
120
334
308
86
301
87
357
96
457
385
166
395
101
271
105
390
367
148
289
74
300
110
362
353
168
308
131
333
97
294
267
115
377
109
409
99
330
357
91
330
78
335
84
366
381
99
350
93
319
70
333
310
114
402
70
292
103
329
366
102
332
84
327
92
296
337
77
363
79
363
81
370
370
114
314
89
321
352
92
320
93
315
85
254
261
96
320
92
311
80
412
425
155
315
91
309
78
319
315
92
360
128
325
72
234
478
747
285
101
312
90
331
347
142
312
90
310
93
338
336
96
424
80
325
92
260
249
93
327
90
311
78
383
327
135
338
94
463
93
364
386
119
311
83
357
97
334
364
86
266
71
318
81
252
496
719
278
72
278
95
268
367
105
322
97
255
113
313
281
112
252
74
296
86
285
308
111
307
112
309
95
278
267
108
297
88
293
86
313
291
80
282
86
311
106
290
296
97
307
74
287
80
308
279
105
322
84
303
87
308
328
109
328
91
307
68
300
333
98
324
106
290
93
323
330
102
258
87
308
82
286
305
90
305
77
297
96
325
262
106
322
87
269
89
305
273
102
317
78
306
94
273
282
82
305
66
306
112
293
381
115
314
85
294
335
85
309
94
302
82
316
359
92
299
74
258
89
273
268
106
258
73
271
101
310
295
102
302
122
337
76
287
273
104
331
105
264
93
327
357
107
319
87
287
65
357
415
185
329
100
302
90
294
295
99
371
102
308
91
317
374
200
365
314
333
84
238
322
112
416
84
302
82
241
549
761
283
86
308
70
309
319
103
243
99
273
83
294
276
102
265
82
294
82
267
254
108
267
106
300
82
267
275
95
269
81
279
82
278
349
107
273
94
264
92
269
286
98
278
94
299
83
291
342
88
250
92
314
77
296
372
89
297
90
316
114
317
316
101
293
94
299
69
480
417
155
271
85
279
88
277
269
106
329
84
835
723
309
337
99
330
104
301
74
271
390
114
299
94
275
104
272
269
101
284
89
313
100
284
317
97
251
83
275
85
308
309
79
323
93
274
407
82
269
93
311
77
303
363
82
268
86
312
77
314
274
102
327
84
305
96
252
281
96
275
80
286
100
297
268
85
275
110
325
99
363
325
109
347
76
294
104
364
417
151
285
110
448
91
313
348
113
322
73
272
93
265
401
114
309
107
298
73
291
329
84
288
88
328
72
318
312
121
289
96
294
99
278
329
187
389
114
380
147
343
324
144
328
119
338
106
335
371
141
337
110
337
107
334
367
117
326
96
320
123
328
372
136
319
113
314
119
331
446
131
326
145
325
92
330
436
100
316
103
265
94
277
364
125
306
73
283
102
343
299
105
320
74
324
86
307
353
102
316
106
280
85
333
323
108
293
109
263
91
318
380
101
250
95
346
105
315
332
77
307
87
263
92
325
333
102
280
91
282
95
321
265
102
306
103
304
328
85
299
85
349
76
285
356
118
242
82
273
101
314
331
76
330
75
275
67
281
293
87
298
80
280
103
297
321
97
282
74
272
79
332
346
87
242
86
248
101
311
281
104
254
81
294
72
341
320
149
352
87
318
95
351
304
115
297
110
267
134
330
450
103
322
134
258
68
283
280
87
295
79
306
77
272
321
97
295
89
295
91
291
343
96
324
84
302
88
271
345
87
994
90
952
129
713
986
118
1002
131
1048
75
1066
1077
116
1380
394
1048
114
1035
1090
108
977
114
1031
114
1129
1188
183
988
145
1094
205
1112
1195
238
835
96
1106
104
1112
1071
120
973
78
926
76
1029
1105
104
947
106
986
87
1019
1047
101
950
84
984
105
1066
1129
124
1048
101
1009
99
1131
1212
193
984
97
999
90
980
1019
98
973
94
1116
87
1728
2321
1324
1590
622
952
91
1034
1047
118
946
81
1007
1079
136
966
1045
314
1253
542
915
113
966
76
964
79
948
1099
167
980
70
981
69
983
1081
157
947
109
962
88
952
1034
124
979
96
987
67
731
1073
109
979
84
990
98
1037
1135
153
951
79
916
72
1006
1064
125
965
112
974
82
1026
1051
125
976
89
997
87
1038
1061
116
680
119
962
96
961
1045
158
954
78
926
110
950
1084
166
1025
108
886
90
902
975
75
866
73
934
90
894
1020
93
759
73
855
90
1627
1767
786
838
89
879
96
825
1023
93
823
73
845
72
878
1013
73
845
73
882
74
883
938
74
885
84
874
71
845
992
98
853
89
934
77
1065
953
96
1029
82
856
86
862
1000
89
930
84
879
88
1510
1664
682
832
72
852
73
1001
1005
87
863
73
642
94
1398
1640
608
867
78
950
82
897
979
90
939
87
902
78
1025
1025
85
898
85
1019
969
84
994
88
896
86
1023
1094
112
754
87
1101
183
966
1135
157
928
83
900
160
1085
1142
164
943
191
1020
167
1053
1021
179
904
164
962
142
1092
1052
101
871
91
1551
334
868
977
68
841
83
867
76
1657
1666
756
820
95
892
94
1502
1675
708
818
76
1382
443
911
1057
117
871
76
862
96
838
968
112
840
83
882
88
911
965
82
899
81
839
79
1089
994
107
998
101
1032
101
973
1039
92
902
73
891
91
921
976
90
1061
107
1007
351
878
978
91
876
72
985
98
1501
1639
644
951
106
879
71
908
971
84
871
75
867
86
1038
1001
93
894
95
873
73
963
646
78
871
73
915
71
939
961
67
913
90
989
102
929
978
90
889
80
887
76
861
977
101
882
74
924
74
1783
1787
799
974
81
882
173
976
1016
158
988
167
872
85
1026
991
119
1604
681
889
93
315
333
91
333
89
369
378
78
330
74
340
74
372
308
93
318
98
351
72
368
295
91
355
74
415
105
367
354
104
364
88
429
74
280
932
628
284
102
329
77
324
297
85
268
72
330
84
271
363
89
280
75
288
74
283
349
87
298
93
501
325
315
282
95
263
91
315
74
333
334
83
284
75
277
75
294
354
75
285
89
294
73
277
287
98
292
92
305
75
281
298
92
302
97
325
92
323
331
119
387
80
353
94
359
321
91
355
129
333
75
315
356
77
339
74
297
74
878
996
129
897
98
846
80
929
990
108
896
77
1556
586
878
1015
100
953
86
969
84
1217
1650
638
932
135
515
89
900
1094
159
969
91
963
111
976
1002
76
948
69
935
96
957
1052
92
928
70
938
79
1008
1015
85
683
71
950
70
971
1027
93
952
88
952
88
990
1057
104
956
98
1011
1076
99
932
87
947
88
948
1022
85
948
111
937
89
1032
763
80
970
98
964
104
948
1038
122
963
77
952
77
963
1036
99
962
119
947
117
992
1067
97
934
86
937
87
970
1064
98
957
73
953
96
959
1075
110
1103
96
941
66
980
1054
87
987
97
951
95
931
1060
98
943
72
948
95
997
1089
93
964
69
978
70
594
880
112
934
113
929
99
994
1097
99
954
91
940
76
1025
1100
135
1000
112
985
104
1018
1049
110
976
81
949
105
1013
1084
114
676
107
1004
86
950
1034
100
973
78
951
94
996
1067
95
970
71
961
73
995
1029
113
941
77
960
92
946
1041
110
961
79
963
75
959
1031
89
920
85
939
69
1029
1080
93
965
88
980
78
1007
1019
96
914
91
948
94
1004
1062
137
951
86
963
96
999
1108
83
949
71
963
70
976
1021
77
946
92
991
91
971
1081
134
917
89
997
1059
107
969
87
959
97
987
1050
92
953
75
974
72
697
1031
89
974
64
952
91
996
1063
134
995
96
949
111
1020
1025
122
1064
104
1096
91
1037
1041
151
970
64
947
97
1033
1090
112
655
80
935
74
944
1068
119
955
106
945
72
999
1024
87
995
102
970
70
967
1080
117
966
68
944
90
1023
1075
104
943
77
955
83
967
1046
112
954
90
926
82
1022
1109
194
943
84
970
120
961
1126
154
926
72
966
70
975
1029
89
933
98
946
87
957
1048
72
956
90
966
80
971
1084
102
916
68
966
99
984
1067
239
949
91
962
101
1108
1088
130
969
110
1619
653
956
1112
115
949
73
646
77
1606
2481
1481
2715
1754
2731
1776
2975
2487
1509
1405
1155
2121
1386
1889
2260
1280
1296
428
966
80
935
1044
111
973
75
984
86
981
779
111
973
101
968
84
965
1040
113
960
109
980
85
990
1036
105
949
79
1049
1080
117
980
80
966
89
1054
1051
105
951
76
992
79
1045
1090
131
980
77
975
76
1028
1123
146
1003
108
976
90
986
1038
104
961
82
972
100
1033
1100
127
973
95
963
96
987
1073
93
963
88
993
70
1087
1091
113
973
98
1003
164
1122
1093
124
1077
91
959
100
956
1037
83
954
102
948
76
992
1016
95
948
83
547
95
999
1066
105
970
77
2018
776
1375
999
298
998
76
949
78
999
1081
93
965
74
932
76
995
1077
84
967
71
978
70
1002
750
75
945
78
1012
81
1023
1092
117
995
89
972
70
989
1146
169
967
114
981
84
956
1056
120
955
64
1078
93
964
1126
140
1071
85
981
77
1384
1853
824
917
82
975
74
954
1026
82
940
71
947
80
971
1053
112
956
71
966
101
985
1086
135
939
84
1033
89
732
1007
96
1098
90
1015
72
1727
2044
1019
1953
936
1459
1611
635
967
83
953
91
991
1039
94
939
116
948
91
981
1121
153
959
89
714
117
1534
1628
674
1017
117
965
89
939
1053
126
968
71
958
108
1004
1046
103
968
85
946
112
988
1024
94
949
121
956
74
1004
752
97
977
90
958
82
999
1068
110
981
74
994
66
996
1087
152
980
95
994
102
974
1042
109
975
106
1050
94
1021
1024
102
965
91
999
97
1012
1035
118
973
81
992
69
975
1027
92
963
93
965
91
952
1035
103
949
72
924
77
948
1104
112
928
78
980
101
705
999
149
994
103
985
120
1063
1063
115
974
85
977
76
1001
1024
93
959
77
979
102
1050
1070
83
973
87
950
76
953
1048
103
678
98
964
84
1015
1129
132
973
76
980
100
1062
1107
130
961
101
954
77
1047
1098
122
916
85
938
75
959
1082
112
1056
141
923
140
1000
1059
99
960
110
1074
128
1017
1079
91
922
70
1594
77
1098
343
83
837
100
82
638
890
85
110
465
94
1191
380
82
833
819
96
1201
414
82
1008
176
83
791
1050
253
85
606
74
1210
393
134
1030
1295
448
88
955
169
133
719
101
186
592
800
67
1218
114
135
741
98
145
505
781
149
1227
397
117
1079
289
133
903
1038
93
1038
126
974
85
1044
1119
178
968
112
934
112
1001
1019
121
566
112
950
97
1065
1087
113
923
116
1052
80
983
1109
129
1045
144
1043
85
1005
985
103
944
81
1036
97
908
1007
88
863
74
879
92
974
969
83
829
73
867
69
850
964
112
872
73
904
88
1021
1024
93
939
73
1018
80
920
1004
101
921
85
1019
76
1003
1066
74
917
82
896
92
983
982
80
1641
712
837
77
935
984
93
828
83
818
89
858
978
99
904
73
903
81
942
930
91
909
86
638
78
1532
1746
748
787
71
861
1002
107
864
72
998
97
836
987
96
846
76
844
72
952
973
70
935
94
1037
103
1515
2210
1191
1803
1039
1581
618
929
979
92
897
90
859
71
1877
74
1106
220
135
791
74
1000
968
83
881
103
1384
438
884
1012
78
826
88
828
92
886
934
79
825
73
856
72
891
971
83
845
94
781
94
741
545
142
715
97
787
108
764
540
148
453
141
842
78
954
861
158
110
130
360
136
900
879
97
577
108
756
91
828
648
90
650
92
843
73
846
982
68
894
77
896
94
950
999
104
915
93
583
71
865
942
72
1477
530
850
92
987
946
107
837
88
1052
85
954
983
86
886
93
923
73
891
912
94
796
72
844
85
826
607
92
757
91
1011
103
871
995
74
856
73
1358
390
819
960
70
868
79
1304
329
919
1025
90
1321
314
803
78
853
944
84
809
92
971
95
909
979
68
788
90
808
873
82
794
72
796
91
906
952
91
861
72
907
91
893
966
111
884
75
881
94
922
969
79
820
85
954
81
1030
954
79
888
89
882
93
836
957
84
1550
570
870
94
983
827
121
885
85
1485
546
952
961
75
862
71
514
98
836
911
84
817
71
830
73
859
975
73
815
74
824
90
818
946
72
965
88
964
81
1034
1061
113
1027
91
985
86
890
524
93
923
80
995
110
982
1038
93
943
105
995
97
858
855
74
876
72
1046
75
951
960
100
958
99
858
71
921
946
72
850
126
857
78
1582
1671
704
876
73
814
73
806
976
91
899
90
1341
353
862
945
93
839
74
833
72
874
967
92
828
94
832
80
506
563
72
903
116
983
68
913
936
80
812
74
830
82
861
945
76
921
96
1077
90
864
975
106
853
94
693
75
886
971
90
540
129
1075
1046
117
901
70
904
106
906
1003
89
934
95
1059
98
919
977
76
848
71
1571
618
883
911
76
821
72
806
72
816
618
86
818
74
815
78
846
961
94
846
86
1029
102
909
942
96
928
86
898
90
1025
981
78
949
88
1022
86
990
1005
103
884
140
927
87
926
938
70
995
105
852
70
1618
1726
710
781
83
818
73
948
961
85
854
72
875
92
853
952
64
733
72
962
74
728
1058
124
931
82
990
70
953
1076
122
946
74
978
87
980
1040
103
966
91
983
108
965
1056
115
997
78
995
84
958
1041
107
659
90
936
74
1054
1075
115
986
106
991
111
998
1070
138
973
86
1008
70
1052
1082
134
999
91
971
67
971
1064
111
982
102
959
87
1015
1050
106
962
91
1012
85
1036
1003
92
971
87
991
72
2005
73
1243
441
112
873
73
914
972
99
953
94
807
72
866
946
72
810
75
1232
1114
503
741
148
731
74
1555
1564
633
850
96
939
76
838
901
79
1003
71
870
87
1312
1612
644
849
77
938
82
1123
1081
623
743
89
821
73
761
924
86
841
75
1300
367
944
930
113
884
93
646
73
697
852
91
913
75
829
90
890
945
85
534
119
1023
73
947
959
86
1062
103
892
78
1647
2586
1596
1582
592
873
91
1052
977
104
1000
109
733
91
1623
1724
726
808
90
812
92
662
852
84
797
73
786
88
831
1010
83
768
72
833
116
894
922
84
822
90
846
72
880
932
71
808
72
1492
550
895
983
95
776
74
799
72
895
903
87
785
72
821
75
889
973
67
1339
352
1001
106
1003
977
127
927
91
815
89
897
983
73
865
72
562
88
1485
1615
613
781
86
823
75
813
997
105
810
72
820
73
836
917
92
807
74
848
95
818
801
91
795
80
845
74
890
572
95
779
84
909
958
67
796
72
840
70
845
969
73
697
74
811
74
852
881
81
804
73
759
71
816
1029
74
787
77
733
76
835
958
69
777
73
828
94
811
970
83
880
91
840
90
938
968
83
812
73
843
71
1967
2630
1612
1501
762
804
74
977
996
90
814
97
1469
514
894
961
91
863
75
897
88
1323
1950
955
1333
484
846
73
925
972
83
861
69
873
82
828
1020
68
862
72
687
74
805
969
72
803
72
820
72
1033
1061
134
985
138
950
75
969
1088
86
1021
92
929
107
1032
1034
80
933
100
901
86
1497
1362
548
802
77
1388
489
905
930
89
837
93
835
92
831
1010
67
849
71
1015
72
883
964
94
1045
105
1023
98
962
951
64
1321
141
837
108
886
970
105
848
72
861
92
891
881
85
869
92
801
73
863
1067
126
1079
87
1000
84
1069
1065
116
1014
104
1024
1059
75
966
83
990
106
984
1087
142
957
68
975
101
897
1084
103
943
100
985
97
882
1097
151
987
72
980
74
962
1010
95
952
93
691
106
1082
1149
175
1080
84
961
69
973
1012
94
961
95
937
73
978
1055
120
952
76
933
86
822
1078
111
947
77
949
70
1033
744
103
958
99
950
93
929
1056
119
947
78
955
66
1006
1122
129
982
75
938
92
951
1035
120
939
93
943
72
1006
1117
141
960
79
941
96
985
1051
101
974
68
940
89
974
1057
125
961
85
849
72
1003
1059
121
163
852
251
128
912
944
108
962
97
966
74
1182
1596
933
933
80
957
111
1006
935
84
690
74
693
73
661
791
90
712
81
813
76
932
1011
146
809
87
745
75
568
758
91
390
94
706
73
800
674
75
932
91
720
92
857
720
93
926
71
987
65
983
780
114
809
95
848
86
973
985
100
856
101
723
488
108
742
92
794
87
822
954
90
815
98
985
79
897
1006
85
1061
145
875
94
851
1776
869
901
70
933
77
1006
1051
93
871
110
896
113
378
367
132
406
82
366
97
356
329
79
414
73
353
136
471
348
146
308
197
434
184
294
399
202
435
207
426
178
364
363
195
394
80
360
73
292
329
84
307
74
317
79
297
346
75
321
73
355
75
276
368
94
395
89
360
82
282
318
74
325
148
371
91
427
420
114
320
81
443
84
283
359
72
360
87
450
101
283
354
73
290
79
374
90
328
382
100
380
81
260
111
318
277
100
419
574
303
76
288
265
79
304
75
269
91
270
426
72
271
73
328
87
401
377
76
381
84
943
275
374
