196
1482
1304
1457
1255
1408
396
213
331
223
1485
1575
2269
1602
1455
744
136
339
187
184
1408
1289
1350
2012
1905
711
276
370
189
1215
1370
1278
1177
1697
1544
921
68
125
200
189
2041
1289
1580
1638
881
1537
1548
800
374
509
313
269
177
1186
1106
1158
1413
1191
1259
366
480
380
183
182
1428
1079
1165
1153
853
1493
493
293
148
160
1471
1160
922
1121
1344
1142
481
503
394
184
186
1493
1324
1254
1275
1545
1256
560
300
250
157
1153
1165
1276
1136
869
1385
320
221
245
190
1055
1051
1107
1475
1445
1135
567
638
481
131
184
1579
1280
1513
1549
1480
1674
681
453
360
179
1458
1084
1303
1267
780
1684
679
378
223
187
182
1273
1022
1384
1577
1221
1258
241
462
410
156
1573
1323
1393
1482
1514
1624
649
164
157
179
183
1137
1017
1457
852
1284
1502
597
511
476
191
1501
1132
1358
1369
1291
1390
378
640
131
119
180
1462
1234
906
1600
1353
1080
111
453
340
191
1118
963
1214
2151
1445
1268
296
608
451
160
182
1027
1092
1286
1463
1337
1468
481
286
156
161
1215
1008
1091
1700
1155
1271
304
264
587
167
183
1260
1131
1978
1482
1064
1121
311
401
214
193
1436
1104
1007
1075
1288
1054
452
184
520
182
196
1692
1123
1186
1504
1560
1405
751
385
259
184
1305
976
1159
1447
2143
1166
1097
94
118
140
186
1432
987
1254
1829
1222
1510
1110
98
694
129
1351
1177
1433
1569
1793
774
1048
297
274
174
186
1331
1618
1267
1371
1735
1252
563
531
483
528
1232
1069
1266
1221
1549
1229
617
338
169
123
176
1461
1479
1570
851
1544
1104
1159
148
366
184
1355
1528
1177
1736
1583
1754
721
87
469
320
179
1692
1082
1253
1184
1443
1770
754
562
554
328
1552
1239
1341
1367
1413
1491
1280
268
319
307
184
1735
984
1225
1102
1405
1355
351
225
133
226
1410
1297
1322
1017
1288
787
137
584
140
155
182
1268
1147
1540
1912
1175
1179
332
345
250
191
1725
980
1364
1200
1487
1662
651
401
459
184
184
1510
1383
1309
1072
1232
1280
152
426
269
202
1267
1136
1335
1046
1151
1434
512
415
317
172
204
1449
1118
1316
1549
1210
1493
421
284
313
250
1196
1014
1691
1885
1976
1759
1070
273
287
168
199
1360
1162
1362
1720
1431
1910
982
77
390
163
1516
1233
1418
1414
1278
1382
579
235
200
431
1236
1129
2047
2142
1465
881
924
242
485
474
185
959
1030
1121
1702
1483
1511
528
213
137
187
1439
1075
1435
1285
1303
1318
306
446
324
134
184
1506
1174
1203
1151
1479
1189
530
570
399
195
1402
1444
1226
1442
1208
1408
416
214
486
186
182
1694
1058
1188
1092
1646
1449
470
276
560
186
1577
1235
1304
1670
1456
1578
605
202
192
177
177
1189
915
1057
1172
1324
1133
140
631
227
177
1180
1194
1325
1371
1142
1299
321
609
422
180
179
985
1074
1524
1506
1834
1559
560
536
486
210
1318
985
1129
1227
1108
1381
413
469
443
184
196
1304
1333
1550
1305
1657
1634
682
317
277
176
1552
1195
1350
1620
1675
1495
829
303
301
157
183
1277
990
1360
1212
1546
1560
617
361
515
127
1257
989
1729
1120
1471
1734
722
505
566
387
183
1439
1163
1468
1538
1651
1323
726
288
196
440
1272
1338
1104
1349
1551
1657
522
606
256
184
181
1505
1135
1197
1425
1714
1523
845
363
316
183
1771
1199
1144
1368
1723
1430
520
211
296
197
184
1335
1108
1735
1218
1747
1188
173
350
342
241
1544
1406
1193
1025
1684
1390
229
495
515
295
160
1540
1505
1373
1455
1337
1336
349
595
479
496
1164
1319
1317
1426
1173
1283
90
266
378
403
188
1426
1113
1267
1295
1566
1726
729
682
642
370
1397
1044
1676
1708
1432
1758
789
222
229
130
181
1661
1107
1203
1623
1534
1357
638
155
197
186
1175
1175
1656
1547
1347
1628
629
186
549
152
186
1258
1245
958
1256
1621
1519
517
233
214
146
1404
1132
1008
1246
1518
1314
541
518
418
140
181
1585
1011
1555
1750
1431
1727
731
486
527
351
1442
1156
1661
1332
1706
1535
562
315
261
185
183
1521
1102
1129
1466
1177
1554
591
577
556
575
1662
1054
1212
1313
1174
1193
513
481
356
349
166
1539
1211
1419
1268
1755
1564
605
519
533
179
1898
1284
1238
1329
1136
1230
228
613
569
416
185
1112
1268
1212
1474
1728
1519
963
180
277
158
1198
1253
1705
1515
1803
1573
892
343
258
188
1015
1412
1094
1087
1538
1245
394
338
312
359
132
1214
1130
1416
1388
1216
1477
494
264
249
133
1231
1333
1523
1580
1260
1676
674
427
353
299
177
1244
1045
1198
1024
1597
1138
678
508
366
348
1397
1157
1297
1225
1502
1134
498
313
295
133
177
1085
1138
994
1595
1231
1469
494
322
323
335
990
1101
1351
1029
1040
1141
401
149
578
131
177
1264
1000
1387
1393
1608
1441
469
477
469
526
1276
1075
1041
1840
1500
1056
1143
344
205
178
176
1352
1045
1520
1179
1624
1478
478
234
155
186
1034
1070
1236
1611
1607
1428
462
435
351
398
289
1389
1405
1334
1875
1032
1392
1257
269
253
182
1476
1103
1233
1186
1778
1048
1214
231
376
184
185
1275
988
1373
1952
965
1586
1326
241
352
220
1435
1249
1061
1422
2060
1042
1065
329
125
188
193
1241
2084
1282
1206
1049
1296
289
338
165
201
1541
1189
1452
1572
1528
1616
607
198
518
170
360
1189
1416
1092
1401
1835
1444
475
484
803
450
1814
1753
2199
1949
1650
1212
258
568
446
477
661
1419
1630
2342
2101
2476
2394
1438
457
163
303
1887
2084
1712
1729
788
1344
1058
343
358
440
353
1802
1002
2472
1450
2072
2007
1358
397
581
512
1117
1846
1886
950
1080
1294
282
505
222
398
286
1389
1373
1508
1497
1568
1500
513
444
293
302
1935
953
1066
1461
1329
1119
460
345
211
145
182
924
1325
980
1600
1459
1425
457
608
447
179
1242
1076
1084
1166
1531
1589
589
593
467
182
197
1140
898
972
1139
1703
1280
604
418
263
116
990
1085
1195
1021
1235
1311
407
371
253
118
180
992
1057
983
1157
1369
1275
618
192
639
128
1415
1054
1143
919
1071
1263
316
218
508
177
176
1321
964
1069
1649
1185
1404
375
323
214
346
1667
1015
1109
1397
1189
1240
1198
225
411
190
181
1039
1296
1339
853
921
1078
781
185
198
134
1932
1007
1060
1373
1165
1262
264
440
460
419
1088
1823
1030
1963
1332
773
864
141
467
166
187
1178
1224
1083
1072
1397
1547
700
121
150
195
989
1238
943
1189
1206
1192
178
201
575
581
183
1440
1278
1030
1667
1463
1794
903
223
196
116
1137
1204
1043
1906
1450
1594
906
173
297
238
177
1159
1230
1415
1213
1753
1445
467
372
234
437
1550
1095
1252
1245
1547
1776
678
88
535
128
182
1487
1181
1110
1855
1718
1519
519
257
276
317
1776
1262
1068
1290
1185
1396
370
149
226
133
181
1605
1312
1058
1114
1133
1499
316
409
422
127
1483
1218
1568
1818
1510
1937
911
212
543
135
182
1310
1139
1224
1474
1692
1638
635
395
388
251
1165
1158
1299
1209
1842
1627
661
322
470
117
184
1019
1140
1149
1696
1567
1755
789
225
323
131
1315
1113
1235
1726
1685
1662
624
249
138
156
181
1302
1363
1082
1527
1767
1618
403
193
313
204
1461
1182
1481
1302
1697
1624
592
351
365
150
187
1497
1215
1527
1357
1516
1454
781
319
339
213
1269
1060
1230
1180
1253
1234
253
405
320
262
185
1524
1458
1340
1406
1626
1397
380
376
405
231
1043
1360
1056
1798
1519
1383
413
820
107
300
171
1303
963
1497
1783
1316
1282
692
156
495
177
1666
1214
1398
1193
1640
1511
689
638
503
171
182
1128
1494
1360
1358
2364
1370
1429
323
160
136
1279
1013
1194
1359
1150
1020
254
446
419
134
197
1098
1089
1512
1144
1788
1197
579
600
444
176
994
1170
1187
1254
1632
1274
424
553
409
177
187
1252
1170
1172
1317
1638
1212
1069
335
116
182
974
1203
1168
1143
1375
1151
559
312
266
163
188
1208
967
1105
1633
1686
1460
737
430
280
182
1250
1747
1195
1164
1472
1316
407
196
563
184
182
1389
1094
1221
1315
1197
1309
571
566
401
176
1211
934
1317
1062
1212
1487
565
566
304
187
967
1295
1179
953
1354
1358
406
682
256
254
187
1560
1273
1467
1212
1322
1138
522
370
291
161
187
1016
1184
1479
1292
1150
1328
617
222
274
144
1217
1040
916
976
1509
1280
275
493
393
330
1156
1091
960
1303
1257
1405
251
717
288
131
186
1517
1206
1308
1143
1537
1279
729
174
615
161
1049
1026
1336
963
1409
1237
618
196
166
166
188
1315
985
1095
1135
1578
1577
619
439
343
183
1068
1122
941
1296
1244
1405
345
276
303
195
180
1284
989
1485
1154
1158
1100
98
282
190
129
1277
1142
941
1233
1005
1367
367
609
487
434
182
1336
1058
1208
1226
1268
1509
504
218
135
128
1171
1136
1145
1086
1391
1227
240
388
343
257
186
1241
1226
1086
1291
1656
1660
753
123
506
160
1320
1566
1741
1753
1422
1826
846
318
225
191
136
1340
1458
1137
1348
1214
1547
546
409
397
265
1283
1015
1576
1374
1652
1529
519
255
139
245
194
1120
1081
1158
1800
766
1591
1264
335
550
180
996
1542
1138
1409
1675
1510
376
118
143
131
182
1328
1017
1264
1244
1580
1809
799
119
557
477
1526
1286
1446
1520
1884
862
995
256
175
132
128
1866
1055
1402
1322
1596
1617
615
343
468
321
1011
1141
1644
1702
1284
1384
730
432
339
280
136
1325
1047
1366
1701
1464
1800
791
106
401
117
1835
1048
1797
1885
1278
1755
779
199
204
202
183
1328
1152
1322
1351
1711
1559
568
442
341
410
1325
1078
1244
1646
2009
1740
754
73
309
122
181
1378
1036
1363
1954
975
1233
1208
213
389
183
1559
1423
1358
1337
1322
1303
315
493
357
300
185
1383
1101
1278
1266
1599
1695
741
76
480
134
1212
1036
1175
1640
1802
1833
872
134
122
122
142
1381
1284
1638
1654
1826
1646
707
270
304
174
1061
979
1168
1354
1684
1533
816
250
228
184
184
1279
1456
1505
1603
1196
1149
219
450
374
252
1342
1172
1260
1395
1277
1180
187
271
583
508
183
1319
1141
1275
1422
1466
1749
764
210
372
447
1222
1185
1319
1543
1673
1485
911
126
279
184
185
1340
1130
1290
1319
1313
1360
381
439
345
398
1310
1100
1865
2287
1303
1034
1274
292
185
275
1153
1089
1264
1619
1739
1732
777
742
148
162
183
1198
1049
1630
1588
1545
1506
824
274
192
179
1250
1118
1226
1574
1406
1482
1003
341
128
183
197
1294
1188
1403
1439
1170
1584
557
322
292
115
1170
1122
1642
1532
1399
1325
669
267
392
183
184
1346
1114
1367
1260
967
1376
268
482
179
181
1254
1251
1421
1478
1154
1194
240
513
360
184
185
1320
959
1130
1209
1074
1515
524
590
327
181
848
1350
1086
1245
1141
882
171
342
429
184
186
1251
1013
1114
1207
1416
1522
533
535
362
189
951
1063
1154
1006
1075
974
228
554
424
185
183
1137
895
1044
950
887
792
664
422
401
370
1516
920
1372
1721
1380
1286
222
185
305
416
162
1274
1212
1168
1194
1190
1066
75
697
179
209
1545
1284
1129
1387
1538
1574
346
385
491
351
184
1520
970
1329
1098
2089
1077
1145
152
263
180
1345
1020
1187
1213
1549
1586
802
136
213
246
186
1044
1161
1445
1207
1381
1473
650
266
199
529
1073
1285
1081
1302
1687
1502
463
270
252
168
176
1426
1211
1022
1481
1222
1476
467
324
318
329
1288
1300
1571
1779
1354
1101
728
323
182
183
185
1204
1064
1210
1162
1463
1614
599
84
486
174
1323
976
1135
1110
1362
1621
657
106
642
450
177
1312
1073
1431
1245
1277
1265
393
199
334
229
1471
1146
1260
1175
1628
1419
418
233
190
217
183
1257
1029
1495
1274
1573
1560
555
340
438
288
1473
1320
1105
1317
1320
1491
506
311
367
280
138
1235
1008
1231
1251
1535
1527
539
357
442
264
1240
1035
1486
1395
1204
1538
583
352
263
287
129
1308
1089
1242
907
1471
1342
430
474
462
433
1411
1117
1553
1523
1316
1400
381
307
225
325
1542
1338
1087
1468
1735
1378
899
316
271
155
182
1124
1247
1590
1120
1361
1702
608
269
295
198
1286
2214
1514
1729
1658
1607
590
565
460
119
182
1442
1315
1108
1393
1721
1494
505
137
193
563
1557
1216
1486
1598
1646
1568
660
128
547
131
183
1349
1099
1401
1148
1478
1256
613
132
166
553
997
1182
1471
1386
1641
1749
744
372
367
377
194
1036
1276
1424
1353
1569
1506
514
194
180
151
976
1529
1268
1352
1130
1270
301
419
297
172
176
1084
1127
978
1212
1669
1408
437
143
230
244
1471
1261
894
1350
1724
1509
529
125
489
128
188
1207
1113
1734
1221
1385
1513
542
430
520
426
1383
1095
1406
1299
1596
1818
820
111
608
420
189
1174
1620
1598
1425
1937
1295
967
225
346
129
1717
1029
1538
1792
1520
1726
969
227
278
130
183
1310
1102
1306
1314
1309
1650
624
342
254
242
1555
1720
1405
2165
1165
1601
1574
864
298
198
182
1360
1163
1581
2192
1187
1386
1526
525
523
131
1373
1219
1310
1886
899
1334
1073
81
575
252
146
1869
1077
1250
1580
1715
1505
615
178
597
164
1081
982
1088
1317
1675
1336
752
547
325
386
184
1454
1106
1152
1303
1717
1667
964
270
229
192
1944
1135
1216
1239
1551
1759
755
296
354
306
183
1343
1081
1411
1390
1238
1356
427
305
293
385
1358
1165
905
1021
1550
1526
544
589
385
190
189
1205
1032
1287
1520
1720
1094
960
200
589
183
1145
1395
1326
1425
1238
1596
600
179
236
275
130
1079
1018
1200
1568
1815
1681
699
181
215
194
1019
1373
1218
1077
1388
1601
633
183
268
243
187
1362
1162
1602
1637
1610
1441
441
558
480
587
1392
1084
1239
1251
1316
1606
589
285
514
183
186
1225
1249
1383
1866
1275
1051
1184
79
115
197
1124
1238
1348
1315
1736
1480
558
117
188
327
184
1197
1118
1245
1946
1802
1654
657
254
399
261
1480
1429
1253
1135
1802
1278
677
645
658
639
184
1388
1159
1129
1439
1496
1434
766
78
579
471
1463
1312
1256
1100
1429
1670
718
683
442
138
188
1092
1207
1586
1324
1777
1603
616
473
407
414
1574
1363
1147
1113
1551
1424
802
152
296
232
1169
1074
1294
1249
1815
1468
543
521
324
274
184
1152
1466
1140
1127
1904
1273
1032
80
273
155
1178
1650
1447
1338
1241
1633
646
458
477
338
184
1435
1098
1303
1134
1464
1942
961
244
449
147
1120
1110
1379
1236
1481
1563
695
176
146
190
189
1008
1222
1600
1987
1472
1674
691
624
230
317
1069
1212
1597
1662
1430
1526
1173
415
168
185
180
1497
1430
1064
1534
1350
1657
654
514
674
615
996
1285
1267
1106
1391
1766
788
290
299
339
130
1610
1153
1439
1585
1304
1405
1026
235
226
356
1248
1198
1258
1423
2055
1565
1944
231
679
429
168
1357
1438
1366
1176
1196
1401
394
188
320
364
1298
1394
1360
1329
1232
1409
212
221
190
280
256
1352
1125
1054
1387
1316
1738
792
594
589
545
1383
1246
1358
1185
1160
1378
359
347
407
406
186
1488
1229
1122
1407
1954
1489
726
549
565
513
1423
1227
1059
1506
1303
1305
623
410
548
432
155
1360
1195
1598
1977
1003
998
915
126
376
390
1078
1296
1104
1279
1585
1505
740
213
316
188
187
1291
1400
1390
1283
1373
1463
463
523
531
174
1564
1026
1312
1403
1321
1482
573
221
624
388
186
1185
1077
1413
1544
1131
1253
597
354
292
381
1618
1190
1173
1242
1863
1094
1100
293
115
180
176
1254
1074
1520
1290
1992
994
1042
241
118
184
1024
977
1103
1179
1818
1084
1691
689
428
178
189
1450
1154
1568
1839
840
1231
999
270
263
399
1374
1299
1215
1177
1236
1374
412
173
153
140
175
1445
995
1004
1308
1403
1383
412
183
309
325
1205
1034
1281
1141
1186
1430
439
238
267
289
181
1106
1044
1327
1159
1408
1310
694
615
668
629
1346
1271
1210
1643
1239
1202
89
425
322
410
1382
1242
1583
1433
1320
1610
632
560
555
577
184
1291
1161
1306
1530
1706
1579
714
162
218
341
1034
1034
1290
1364
1952
1327
660
282
262
182
192
1458
1262
1021
1437
1528
1325
435
169
626
187
1322
1280
1083
1834
1222
1418
558
249
315
362
712
1358
1163
1259
1458
1426
1596
607
350
320
374
1262
1179
1156
1140
1152
883
99
346
226
590
186
1493
1021
1415
1419
1356
1138
520
286
250
185
1400
1325
1365
1282
1194
1460
471
178
180
192
182
1175
1103
1529
1295
1860
1311
702
230
233
384
1622
1038
1308
1669
1728
1366
395
152
323
265
167
1239
1237
1275
1325
1753
1606
619
241
285
413
1603
1220
1252
1509
1243
1383
391
356
264
155
193
1375
1058
1724
1226
1763
1575
528
207
379
259
1479
1240
1244
1221
1262
1329
320
181
687
559
179
1228
1324
1373
1568
1348
1514
554
195
184
473
935
1484
1402
1316
1625
1633
684
180
146
186
182
1966
1140
1331
1293
1454
1771
788
222
358
182
1418
1149
1462
1307
1682
1519
530
257
200
192
177
1305
1149
1371
1181
1494
1735
748
127
546
417
1972
1187
1196
1365
1618
1495
506
244
315
205
188
1274
1438
1166
1803
1694
1578
955
239
405
188
1442
1128
1585
1248
2319
1317
1033
276
245
184
193
1509
1994
1352
1706
1956
1259
739
212
657
129
1519
1172
1195
1260
1839
935
1211
181
178
182
183
1392
1134
1160
1511
1378
1246
576
468
565
194
1414
1184
1384
1203
1208
1252
366
315
429
161
182
1303
1450
1878
1771
1623
988
212
559
159
331
1884
1537
1447
1274
1732
1591
594
660
647
143
183
1184
909
1194
1099
1359
1227
264
689
677
179
1364
1198
1506
1359
1419
1480
474
214
534
335
152
1538
1105
1260
1450
1507
1460
445
684
538
231
1207
1138
1208
1331
1091
1216
192
136
561
495
506
1319
1036
1171
1496
1397
1670
734
451
374
123
1155
1200
1515
1341
1504
1476
841
292
483
409
185
1401
1487
1163
1479
1400
1584
543
232
173
150
1647
1417
1165
1597
1899
1189
689
282
330
184
182
1202
1067
1613
1293
1305
1557
973
287
475
168
1104
1300
1518
1355
1598
1469
1028
354
552
488
1204
1159
1067
1627
1325
1544
850
142
613
202
186
1019
1063
1182
1025
1346
1550
546
397
147
303
1134
1205
1203
1989
2147
1118
1020
405
371
295
160
1421
1318
1165
1330
2125
1103
1337
319
147
169
1572
1629
1252
1382
1358
1198
1334
108
153
171
184
1308
1324
1256
1516
1740
1848
863
436
297
203
1528
980
1196
1386
1356
1213
1390
404
241
183
185
1348
1499
1521
1413
2164
1189
852
316
167
161
1079
1371
1315
2067
1080
1335
1397
427
245
184
181
1232
1262
1641
1604
1449
837
1071
101
155
182
1146
1185
1379
1945
959
1227
1171
390
249
186
185
1110
1079
1663
1587
1322
1108
1272
328
277
181
1568
1081
1463
2061
1080
1114
1289
307
158
140
144
920
1242
1426
1481
1210
1147
363
571
440
178
1044
1125
1159
1042
1236
1053
295
192
530
182
180
1058
1180
1409
1253
1125
1517
530
553
417
129
1349
1155
1342
1503
1146
1087
339
328
227
181
182
1542
1249
956
1089
961
972
248
252
575
131
1236
1167
1119
1457
1630
1504
506
180
287
495
161
1344
1517
1671
1422
1637
1581
604
586
752
418
1779
2507
2426
1512
1864
1619
1144
129
173
381
600
1197
1619
1235
1664
1947
1407
376
396
688
766
1911
917
2307
2018
1361
1837
862
132
500
191
212
1533
1006
1315
1496
1282
1435
422
366
327
645
1321
1208
1331
1176
1148
1015
442
402
334
268
151
1143
973
1084
1068
1228
1386
410
746
165
153
1040
957
1255
870
1201
1275
306
561
538
321
178
1327
990
1188
1176
1226
1492
491
196
141
148
1188
1325
1276
1008
1108
1219
227
472
385
325
185
1577
1293
1246
1569
1288
1475
995
136
493
459
1223
1402
1232
1434
1726
1549
1027
336
306
190
180
1578
1281
1103
1755
1748
1384
475
527
480
119
1543
1311
1090
1638
1380
1470
772
363
278
118
186
1264
1492
1343
1262
1422
1615
693
168
279
151
1630
1254
1402
1478
1604
1750
759
252
174
189
1293
1379
1289
1622
1927
1282
667
249
184
131
139
1370
1675
1401
1254
1485
1390
390
169
221
185
969
1134
1546
1703
1420
1616
546
136
156
225
181
1230
991
898
1388
1229
1291
298
645
584
460
1253
1019
1243
1241
1054
1315
667
210
151
115
181
1354
1474
1072
1420
1655
1395
398
167
183
158
1709
1188
1064
1361
1136
1032
248
267
220
235
178
1179
1157
1095
1476
1601
1359
379
483
504
415
1347
1445
1466
1122
1493
1344
352
580
520
438
182
1091
1138
1247
1660
1514
1812
815
314
420
355
1310
1072
1228
1768
1472
1773
877
131
326
335
177
2032
1206
1308
1257
1133
1635
712
303
258
120
1300
1579
1892
1340
1673
1933
951
309
274
175
192
1369
1106
1294
1620
1599
1726
707
299
239
130
1859
1130
1237
1752
1453
1949
975
83
516
371
178
1919
924
1338
2071
1070
1323
1263
573
114
118
1397
1052
1628
1692
1580
1226
1436
395
221
128
187
1269
1209
1227
1179
1393
1663
657
503
468
120
1601
1027
1231
986
1543
1563
572
114
410
181
186
1504
1167
1403
1057
1252
1332
649
527
369
181
1491
983
1001
1615
1309
1288
777
106
457
177
175
1021
1052
1162
1113
1735
1367
388
269
179
155
1323
1017
1220
1386
1090
1155
154
395
272
188
188
1308
1025
1324
1153
1340
1133
477
427
482
187
1313
1016
1105
1282
1385
1236
234
534
397
143
185
1101
1014
1344
1073
1196
1391
713
458
245
182
1329
977
1096
1633
1913
1568
568
318
259
121
182
1265
1045
1255
1524
1703
1387
430
171
536
180
1109
1368
1519
1544
1588
1807
1178
181
385
128
184
1082
1028
1491
1193
1824
851
938
153
307
187
1067
1071
1312
1640
1739
1487
843
84
335
188
179
1076
1147
1550
1341
1294
1116
442
329
411
179
961
1004
1291
1494
1662
1469
475
155
516
182
180
1148
1110
1264
1500
1596
1725
752
248
254
181
1206
1279
1548
1644
1902
1276
621
161
294
181
1251
1006
1074
1690
1418
1714
736
480
372
184
187
1002
1214
1371
1597
1190
1235
241
330
394
434
1031
1072
1176
1620
1464
1630
649
223
430
442
317
1317
1035
1304
1312
1209
1294
321
368
439
583
1362
1274
1138
1675
1691
1438
440
158
175
288
161
1366
1117
1330
1377
1380
1310
95
646
330
584
1205
983
1208
1012
1529
1478
496
307
308
465
181
1255
1365
1369
1524
1376
1346
723
466
504
498
1309
1162
1765
1592
1561
1766
467
95
803
190
118
1369
1180
1092
1647
1546
1468
482
329
408
417
929
823
1384
1215
1165
998
188
579
716
176
184
1239
1225
1282
1244
1528
1311
891
158
178
287
1063
1346
1021
1833
1155
1209
666
146
165
169
133
1611
1337
1439
1523
1342
1458
1633
218
368
565
1484
978
921
1060
1325
1172
333
290
295
274
186
1298
1278
1172
1426
1482
1518
535
635
655
134
1060
858
1221
1131
1310
1301
312
147
169
168
184
1460
1173
1391
1317
1665
1433
1204
208
185
193
1505
1303
1088
1376
1861
1558
553
275
159
123
193
1096
1305
1239
1122
1439
1575
584
179
633
146
1376
1362
1304
1495
1433
1766
1490
897
279
524
272
677
491
156
2041
1393
1668
1111
1708
1579
1696
1103
1623
1053
402
257
549
394
270
116
181
222
1795
935
1161
1607
1595
1683
957
216
252
140
1192
1141
1175
1596
2030
1276
1101
333
325
175
189
1525
1195
1720
1356
1783
1461
1187
541
344
184
1144
1077
1184
1284
1914
917
632
134
583
132
184
1601
1317
1624
1884
1452
2261
1256
359
565
525
1164
1144
1518
1488
1530
1095
1223
215
304
191
181
1272
1093
1884
1364
1679
1323
327
207
576
176
1029
908
1059
1193
1416
1461
424
550
491
150
183
1062
1156
1321
1449
1375
1531
529
277
260
165
1335
1108
1770
1057
1687
1415
377
333
280
187
1245
1076
1398
1188
1179
1647
650
681
667
177
191
1292
1437
1283
1264
1691
1357
341
260
598
184
925
1116
1955
1216
1528
1286
333
673
191
149
179
1039
1245
1079
1281
1324
1385
401
253
290
232
1112
1223
1006
1321
1118
1299
299
678
612
122
188
1174
1355
1398
1500
1257
1594
578
141
615
225
1139
1252
995
1314
1609
1598
614
211
180
117
181
1020
1163
1528
1412
1288
1144
377
375
340
365
1196
1522
1178
988
1324
1571
568
453
450
187
179
1030
1286
1073
1126
1418
1241
248
499
396
458
1297
1002
1258
1112
1527
1478
470
160
177
167
186
2029
1230
1431
1236
1168
1435
441
279
227
174
1418
1137
1349
1730
1783
1655
655
519
412
471
184
1502
1140
1535
1936
963
1125
870
149
419
183
1802
999
1277
1055
1561
1365
366
128
519
136
182
1379
1303
1244
1468
1752
1583
527
286
308
275
1299
986
1304
1729
1557
1636
683
162
226
246
187
1543
1119
1133
1525
1869
891
912
178
143
163
1380
1163
1627
1397
1322
1529
546
326
281
317
186
1278
1496
1305
1801
1745
1686
625
234
533
172
1150
1139
1202
1189
1357
1356
369
560
489
505
182
1164
1307
1235
1443
1653
1644
647
176
446
446
1253
1288
1632
1789
1851
1588
613
575
554
127
183
1385
1640
1037
1765
1544
1701
697
215
285
139
1516
1136
1261
1943
899
1340
810
267
230
116
193
1534
1177
1516
1301
1634
1782
824
291
663
109
1148
1300
1368
1588
1989
1770
802
233
564
194
185
1227
1196
1247
1818
1644
1793
757
159
163
565
1608
1423
1086
1557
1491
1608
852
304
539
83
184
1470
1143
1420
1351
1729
1422
655
463
438
219
1218
1238
1568
1767
1819
1902
893
153
405
428
183
1295
1134
1695
1358
1412
1718
722
345
600
156
1360
1117
1176
1593
1575
1423
774
354
381
203
200
1653
1325
1582
1776
1940
1437
863
93
459
495
1348
1044
1235
1529
1597
1715
726
387
165
216
1070
1040
1371
1206
1045
1235
231
425
492
447
186
1369
1125
1251
1158
1602
1785
787
81
378
126
1661
1487
1720
1827
1857
1233
947
441
264
207
178
1283
1356
1675
1999
1585
1454
734
501
509
405
1399
1139
1399
1280
1696
1443
437
265
468
182
176
1388
1109
1209
1346
1315
1474
225
254
221
146
1260
1284
1533
1570
1421
1622
901
195
165
131
197
1352
1500
1371
2091
2166
1167
1320
577
334
335
1307
1010
1102
1272
1715
1368
161
314
226
178
191
1351
1015
1324
1472
1612
1574
527
482
321
177
1430
1118
1312
1378
1233
1044
535
325
445
422
183
1243
1059
1523
1635
1481
1258
480
241
249
266
1455
1042
1525
1667
1201
1096
452
233
352
355
119
1319
1420
1453
1518
1349
1413
413
157
159
158
1569
1048
1440
1239
1115
903
128
435
498
496
131
1835
1388
1185
1117
1353
1668
651
504
678
151
1283
1209
1224
990
1168
1154
164
187
219
231
184
1674
1116
1121
1572
1477
1690
682
230
363
354
1389
1727
1202
1754
1597
1408
422
504
143
635
117
1434
1227
1087
1416
1432
1400
716
671
685
153
1471
1323
1266
1107
1549
1602
570
670
655
149
181
1191
1233
1274
1504
1479
1704
688
265
315
338
1323
1357
1289
1095
1558
1441
484
267
266
300
122
1460
1213
1144
1276
1410
1715
717
733
183
197
1441
1337
1178
1043
1586
1518
532
298
306
302
115
1642
996
1209
1868
1766
1302
671
436
544
650
1427
1202
1506
1060
1561
1652
684
421
346
294
183
1395
1307
1464
1345
1558
1462
907
184
482
472
1638
1047
1403
1207
1298
1327
348
680
744
215
124
1004
1304
896
1573
1308
1549
574
328
354
398
1314
1028
1047
1283
1034
1411
407
570
666
643
147
1366
1131
1322
1401
1369
1662
634
375
580
560
1212
955
1725
1456
1926
1639
643
600
572
495
186
1126
1021
1047
1717
1535
1908
920
460
335
131
1171
1498
1647
1775
1589
1950
969
225
546
251
177
1104
1770
1630
1647
1534
1403
763
250
186
326
1581
1232
1332
1262
1340
1333
667
126
272
275
1177
1146
1550
1634
1384
1797
1109
105
379
295
184
1459
1965
1317
1141
1644
1908
932
170
534
113
1250
1301
1107
1660
1513
1718
1026
325
336
126
183
1264
1458
1285
1093
1251
1318
447
594
582
180
1602
1290
1476
1267
1344
1261
251
541
555
130
188
1069
1164
948
1209
1569
1293
345
565
513
120
1266
1309
1343
1624
1733
1747
756
327
459
128
182
1953
1157
1528
1344
1624
1609
639
459
372
118
932
1394
1162
1346
1379
1184
235
496
529
332
181
1355
1159
986
1201
1142
1115
128
374
300
238
2128
1330
1564
1307
1204
1387
383
670
582
190
176
1135
926
1138
1435
1224
1059
83
467
402
309
941
1189
1438
1139
1461
1565
561
362
302
112
184
1341
1643
1359
1258
1371
1823
878
126
373
283
1698
1073
1544
1473
1602
1581
545
386
405
508
192
1161
1400
1151
1708
1740
1233
596
215
416
394
1130
1153
1508
1835
1206
1048
1073
256
177
142
182
1102
1018
1325
1945
1254
1392
1383
389
132
182
2058
2051
1446
1487
1287
2026
1081
1144
407
202
184
1257
1286
1080
1168
1406
1446
466
194
215
271
1466
844
1002
1113
1004
1122
325
454
360
326
136
1109
936
1124
1397
1256
1122
127
437
149
290
987
934
809
1434
1135
1267
325
658
160
136
129
1009
995
1208
1413
1490
1302
371
556
566
349
1184
1228
1165
1379
1217
1041
88
495
345
476
187
1006
1282
1105
1347
1465
1247
178
497
417
341
1106
1301
1127
1281
1141
1240
304
673
157
172
142
1180
1097
1662
1374
1550
898
1267
222
247
188
1442
1019
1192
1089
1540
1430
945
333
300
136
190
1321
1050
1180
1212
1548
1667
962
239
142
186
1240
1018
1166
1622
1785
1591
491
466
148
249
147
1027
1141
979
1479
1553
1388
384
228
169
140
1356
1065
1256
1684
1322
1416
500
269
166
182
1263
1000
1140
1268
1607
1680
704
115
309
178
179
1560
1206
1239
1600
1633
1764
767
275
238
253
1265
974
1759
1685
1588
1502
824
176
589
137
186
1400
1174
1007
1300
936
1154
192
415
349
274
1767
1173
1431
1242
1526
1271
614
501
374
197
176
1094
1109
1113
1233
1494
1349
810
199
146
122
1207
1148
1191
1410
1285
1365
441
166
476
182
187
1416
1177
1110
1286
1106
1209
256
495
606
177
1496
1238
1158
1266
1204
1240
256
584
537
180
181
1359
1069
1497
1258
1080
1033
213
455
568
170
1340
1079
1267
1148
1505
1352
370
459
505
175
174
1415
1203
975
1215
1188
1175
206
421
319
205
1617
1270
1062
1146
1351
1074
333
327
191
127
139
1547
1137
1143
1395
1607
1436
986
159
363
178
1306
942
1069
1627
1242
1654
701
268
189
227
130
1561
1163
1252
1437
1501
1594
604
199
156
128
1449
1200
1276
1143
1306
1540
648
268
187
128
176
1120
1376
1182
1719
1701
1559
532
532
225
531
1654
1024
1240
1787
1314
1430
754
280
130
182
186
1406
1122
1303
1748
1521
1617
652
203
568
519
1104
1176
1427
1444
1515
1232
580
593
509
299
183
1003
1115
1281
1018
1365
1932
901
305
180
155
1281
1040
1136
1124
1468
1609
671
138
580
119
185
1045
1160
1571
1225
1184
1398
550
460
513
231
1226
1085
1308
1067
1666
1318
297
411
198
263
182
1530
1114
1234
1115
1434
1576
861
121
651
179
1560
1329
1629
1801
1737
1419
953
219
427
161
185
1309
1254
1313
1167
1426
1753
820
155
267
149
1507
1194
1507
1705
1559
1346
471
585
577
233
187
1014
1275
1015
1227
1688
1723
753
312
387
249
1280
1038
1499
1736
1492
1908
904
175
351
289
182
1274
979
1110
1712
1547
1580
956
83
340
198
1380
1494
1166
1331
1455
1001
885
321
403
276
204
1307
1132
1241
1943
1013
1450
1434
428
262
182
1225
1147
1394
1268
1544
1126
1437
438
139
181
200
1169
1148
1519
1987
989
1407
1181
212
358
182
1154
2194
1570
1616
1634
1462
1384
394
315
127
1630
1252
1597
1700
1694
1137
1016
257
350
116
182
1473
1285
1252
2172
1216
1286
1356
291
353
252
1489
1299
1461
2037
1429
1037
1308
313
274
189
187
1038
1484
1580
1903
1020
1374
1239
206
217
184
1151
1257
1190
2095
1125
1360
1401
408
280
483
170
2280
1483
1680
1946
2261
2313
1322
319
246
442
1615
1041
1486
2011
2025
1480
802
374
611
624
597
1297
1348
1067
1498
1432
1851
884
95
539
449
2180
1403
1227
1791
1218
1262
1237
262
128
183
183
1062
1137
1275
2045
1382
1108
1308
285
160
188
991
1268
1388
2214
1240
1403
1153
146
255
155
183
1519
1402
1450
1841
972
1352
945
191
668
178
1310
1109
1681
1417
1871
1361
991
335
696
190
456
1430
1504
1399
1264
1372
1656
720
558
153
519
1281
1030
1114
1787
1407
1642
613
481
561
207
179
1337
1075
1366
1481
1363
1462
480
486
511
483
1135
1130
1116
1371
1966
1238
1151
390
124
190
157
1223
1052
1025
1490
1411
1033
1019
263
125
186
1317
1028
1564
1586
1524
1627
632
193
367
500
117
1358
1416
1331
1247
1203
1699
698
280
182
486
1261
1120
1235
1523
2071
1462
809
374
484
709
634
1547
1007
1524
1311
1373
1418
498
357
485
589
1603
1407
1050
1728
1802
1568
537
399
323
647
698
1772
1234
1381
1724
1404
1666
636
109
601
642
1493
1066
1220
1249
1600
1734
760
285
168
210
181
1392
1086
1204
1639
1513
1828
812
403
600
389
1185
1138
1261
1662
1350
1686
986
264
489
342
176
1137
1052
1569
1312
1664
1621
637
224
556
138
1273
1068
1234
1930
1812
1736
739
484
480
448
183
1565
981
1190
1575
2040
1230
414
279
467
524
1181
1274
1301
1294
1194
1429
541
253
350
345
350
1419
1223
927
1344
1185
1246
277
162
228
253
1099
1060
997
1317
1193
1136
455
592
291
236
1376
1203
1204
1097
1111
1356
353
625
644
628
117
1241
1043
961
1062
1496
1561
192
454
644
137
142
1354
1041
1265
1261
1332
1341
336
202
558
512
1485
1248
1207
1617
1652
1455
742
469
407
371
1107
1053
1081
1093
1314
1320
234
395
531
278
131
1428
1106
1288
1359
1029
1428
459
334
367
371
1320
1287
1023
1453
1746
1623
872
242
267
272
118
1010
1176
1031
1573
1519
1250
460
330
350
460
1072
1035
1377
1667
1466
1854
919
202
152
243
184
1115
1016
1198
1677
1686
1719
757
147
723
184
1284
1151
1108
960
1952
1835
1020
295
269
262
194
1262
1197
1325
1618
1800
1677
770
319
219
166
1237
1079
1215
1489
1684
1496
956
280
347
161
176
1712
1017
1160
1450
1212
1796
722
260
478
395
1412
1127
1116
1741
849
1041
1104
163
550
238
186
1518
1125
1496
1641
1537
1725
739
801
269
273
1642
1131
1476
1462
1580
1100
1176
206
191
180
177
1185
1026
1312
1286
2074
1071
1447
412
314
177
1191
1481
1233
1278
1658
1553
839
194
293
298
120
1267
1295
1148
1485
1532
1583
952
234
266
286
1278
1021
1228
1706
1656
1622
848
297
276
213
191
1286
1066
1564
1666
1023
1200
1414
438
681
131
990
1099
972
1585
1176
1658
579
163
155
542
128
1258
1241
1258
1050
1272
1479
758
68
427
119
1446
1182
1309
1289
1378
1308
810
225
239
278
185
1391
1083
1426
974
1726
1482
472
442
565
613
1165
1009
947
1273
1082
1201
297
663
643
132
177
1489
1421
1166
989
1196
1413
440
371
570
594
1132
1040
952
1285
1309
1444
1372
389
289
193
299
1290
1401
1537
1525
1311
1422
854
149
134
250
1332
1112
1092
1416
1318
1557
571
522
619
535
184
1248
1706
830
1340
1451
1457
875
152
273
272
1493
1413
1104
1539
1453
1674
709
258
280
152
192
1122
1192
1091
1462
1276
1583
605
641
669
147
1238
2277
1460
1473
1417
1291
710
271
313
506
1313
1184
1085
1480
1300
1538
551
626
656
140
195
1214
1033
1192
1312
1847
1733
761
80
467
547
1414
1484
1241
1297
1275
1444
450
527
505
558
189
1393
1267
1098
1766
1659
1542
577
342
315
354
1114
1034
1163
1500
1580
1600
1043
437
508
510
161
2045
1250
1234
1620
1840
1469
797
459
424
413
1262
1105
970
1512
1791
1651
1009
307
481
332
170
1217
1306
1218
1738
1616
1641
715
215
654
188
1896
1066
1642
1704
1449
1355
669
420
413
450
159
1914
1673
1520
1113
1328
1538
531
452
671
598
1484
1312
1223
1076
1517
1453
820
297
311
304
186
1066
1442
1297
1145
1173
1451
407
481
499
375
1253
1299
1185
1207
1093
1576
709
573
551
548
180
1434
1579
1539
1318
1306
1225
243
560
189
425
1432
1135
1166
1654
1640
1341
311
595
469
376
143
1253
1179
1272
1477
1543
1762
789
315
246
183
1349
1181
1340
1600
1277
1283
964
247
406
184
183
1544
1184
1662
1242
1973
1018
1392
380
312
183
1411
1036
1639
1458
1567
1555
634
120
289
191
204
1380
1032
1693
1347
1542
1365
394
211
287
163
1557
1165
1183
1241
1335
1594
595
539
402
179
183
1265
1148
1597
1450
1730
748
998
323
111
180
1199
1134
1336
1248
1306
1502
726
189
373
181
175
2000
2046
1818
1136
1416
1516
1188
528
383
333
1346
1150
1263
1594
1785
1404
555
257
254
180
184
1328
1075
1150
1462
1441
1543
545
263
462
137
1387
1223
1293
1504
1155
1344
496
230
124
180
175
1074
1157
1504
1187
1490
1584
620
322
365
131
1217
1092
1113
1293
1588
1380
437
594
227
190
178
1747
1117
1304
1503
1666
1305
344
283
317
191
1406
1130
1126
1164
1406
1629
906
127
323
184
182
1242
1403
1156
1239
1521
1622
388
118
439
177
1500
1133
1355
1289
1649
1363
322
475
382
177
182
1528
992
1539
1658
1836
1572
570
645
504
181
1437
1150
1169
1305
1322
1406
65
135
483
185
1276
1155
1318
961
1124
1325
356
273
544
204
190
1518
1178
1251
1101
1474
1647
604
647
490
194
188
1337
1209
1324
1269
1309
1053
402
705
191
180
508
1150
1693
1765
1166
1387
743
96
515
186
1262
1320
1600
1679
1252
1462
453
176
506
642
224
1401
1605
2154
1795
1661
1467
685
614
139
363
1441
2338
1321
1483
1061
1340
626
680
264
420
625
1839
1462
1433
1231
1779
1822
832
336
342
485
1074
1180
1099
1431
1314
1144
378
326
590
584
268
1433
1063
1086
1587
1704
1447
458
171
131
186
1040
1075
1559
1597
1577
620
747
212
244
184
189
951
1056
1092
1775
1310
1573
578
449
366
179
1204
1178
1076
1305
1219
1298
387
200
741
273
315
1091
1189
1280
1363
1270
1406
426
547
632
216
1792
1374
1532
1501
1661
1580
581
174
635
556
630
1364
1053
1338
1690
1436
1722
766
113
458
128
1189
1161
1302
1379
1409
1443
401
589
594
201
209
1525
1208
1233
1464
1836
1690
674
157
463
584
1611
1313
1663
1401
1844
1674
827
224
314
312
183
1354
1361
1571
1636
1623
1536
536
268
165
192
1141
1262
1150
1133
1370
1780
726
705
180
217
308
1319
1254
1230
1038
1402
1269
205
114
302
170
1278
971
1622
1530
1298
1523
510
299
298
261
181
1397
1218
930
1329
1608
1751
1127
194
194
184
1112
1183
1206
1448
1397
1105
1320
336
154
184
191
1620
1074
1284
1395
1240
1216
595
630
184
134
1813
1242
1092
945
1757
1316
425
478
598
578
184
1131
1347
1208
1460
1900
1678
640
599
630
521
1572
1110
1441
1232
1168
1529
555
383
427
539
115
1508
1569
1122
998
1527
1697
714
189
657
179
1487
1309
1115
1515
1490
1693
673
178
187
209
193
1500
1135
1238
1659
1316
1289
618
637
681
625
1449
2283
1544
1407
1413
1275
774
74
524
566
185
1701
1155
1005
1274
1585
1541
555
513
779
183
1338
1012
1566
1592
1419
1635
949
103
464
178
1386
1619
1843
2315
1299
1156
154
466
204
275
163
1502
1327
1115
1093
1845
1050
1285
211
241
186
1425
963
1475
1842
1091
1318
1267
165
216
173
185
1821
1737
870
1237
1761
1022
1350
335
194
183
1352
1609
1094
1291
1470
1558
497
427
462
181
181
1423
1391
1538
1180
1027
1240
156
293
132
186
1825
1354
1081
1130
810
1323
195
281
419
183
184
1565
1151
1209
1418
1291
1205
509
337
179
182
1726
1091
1273
1004
1115
1269
402
202
578
178
178
1237
1142
1088
1202
1486
1663
670
190
226
184
1273
1357
1501
1238
1462
1096
94
496
347
188
186
1193
1072
1033
1194
1502
1616
641
164
191
203
1560
1215
907
1461
1683
1534
581
499
396
184
201
1454
1070
1433
1237
1115
1547
535
500
471
193
1302
1387
1719
1101
1099
1078
355
473
474
208
198
1511
1365
1211
1164
1377
927
197
334
427
438
1219
1233
1051
992
1018
1020
328
483
475
501
189
1453
1157
1126
1078
1007
1269
227
373
778
566
1975
1864
960
1163
1373
1331
399
243
204
206
189
1418
937
1190
1012
1045
1189
195
438
606
574
1662
1034
1355
1173
1209
1421
438
271
644
344
179
1573
916
1038
1118
1570
1204
261
245
382
616
1819
1266
1203
1077
1026
1388
392
456
499
515
181
1352
992
1278
1185
1587
1421
414
431
170
172
1247
859
1377
1539
1462
1349
395
532
467
544
162
1110
1146
1026
1220
1641
1435
490
206
278
265
1373
1115
901
1493
1593
1860
911
283
450
186
190
1507
1265
1022
1228
1235
1512
609
228
392
376
1394
1095
1375
1170
1143
1256
290
132
332
323
163
1298
1047
928
1558
1294
1373
463
592
220
214
1509
882
1270
1419
1405
1036
172
306
510
453
194
1317
1355
1471
1530
1418
1438
581
75
398
310
1290
1346
1439
1311
1158
1372
216
268
292
236
184
1459
1080
1312
1441
1417
1730
725
189
408
494
1264
1043
1071
1290
1528
642
164
525
269
217
1332
1101
1603
1721
1536
1518
314
332
182
187
129
1201
1012
1212
1132
1254
1313
1254
261
232
266
1333
1364
1673
1652
1438
1610
864
100
268
151
178
1441
926
1475
1689
1798
1273
907
267
286
549
1236
1278
1540
1895
1481
1434
749
251
201
153
183
1458
969
1085
1192
2079
1141
1009
180
180
186
1549
1049
1057
1413
1836
1450
739
284
333
191
183
1453
1246
1127
1593
1319
1553
538
232
295
308
1071
1110
1541
1616
1516
1479
524
471
395
419
291
1397
1094
1441
1503
1194
1621
586
353
401
380
1195
979
1140
1498
1684
1282
946
126
581
555
181
1521
1225
1661
1706
1901
1980
994
229
411
381
1103
1093
1128
1258
1087
1262
617
388
321
183
188
1416
1191
1413
1194
2081
2084
1100
348
253
265
1250
1076
1317
1514
1371
1367
274
228
304
162
178
1126
1116
1267
1454
1874
1614
855
541
448
179
1001
1068
1466
1147
1342
1451
435
391
410
183
183
1565
1117
1285
1123
1061
1240
245
205
565
183
1163
994
1064
1412
1535
1265
580
477
432
192
182
1210
1139
1256
1044
1828
1436
464
226
179
184
1172
1234
1061
1190
1457
1493
550
417
422
182
181
1343
1049
2038
1263
1107
1223
227
220
593
182
1430
1020
1091
1481
1275
1303
295
538
428
194
196
1290
1359
1099
1539
1405
1462
406
191
137
182
1310
991
1964
1109
1538
1228
134
360
603
178
177
1409
1412
1163
1173
1233
1179
193
453
260
181
1596
1166
923
1455
1756
1302
1072
195
322
182
186
972
1717
1033
1216
1853
1683
608
160
330
180
1156
1240
1005
1281
1630
1618
608
482
358
183
184
1274
1376
1103
1242
1341
1265
308
512
323
181
1405
1892
1136
948
1070
1375
389
182
169
188
183
1180
1211
1040
1172
1162
1201
198
543
537
597
1433
940
1162
1372
1269
1145
134
275
276
185
183
1802
909
1387
988
1383
1502
483
626
633
158
1246
1766
1280
1209
1227
1015
136
286
504
462
177
1010
1327
1200
979
1295
930
211
310
320
296
1840
1448
1105
949
1703
1167
516
776
254
158
1177
1427
1165
1332
1297
1576
537
249
249
333
177
1279
1330
1275
1457
1371
1470
491
260
405
277
1619
1612
1410
1494
1514
1510
520
235
573
262
188
1585
1346
1083
1177
1256
1686
1277
203
236
188
1035
963
1387
1303
1906
1577
975
197
214
184
183
1462
1094
1214
1211
1339
1254
150
204
404
413
1236
868
1221
1527
1896
2012
1138
97
232
152
188
1409
1043
1139
1630
1695
1621
644
460
519
211
1682
1077
1493
1367
1185
1367
1334
265
668
545
198
1649
1067
1139
1882
1342
1537
481
161
157
182
1113
1667
1597
2123
1517
1213
486
224
266
200
176
1410
1184
1052
1269
1287
1410
421
186
206
257
1351
924
1464
1532
1490
1695
675
609
636
650
180
1439
1194
1097
1442
1630
1829
822
163
201
179
1142
1064
1093
1423
1327
1698
742
263
307
296
188
1381
1222
1520
1586
1516
2015
1077
103
169
160
1459
1195
1082
964
1934
1275
645
449
372
622
182
1347
947
1317
1110
950
1356
405
299
413
490
1123
1264
1035
1312
1242
1699
759
274
224
494
183
1462
1335
1341
1105
1769
1424
1136
205
160
171
1477
1193
1052
1515
1440
1674
629
585
599
734
156
1106
1188
1267
1126
1342
1703
585
446
455
328
1239
1389
1341
1154
1707
1420
354
454
254
198
183
1331
1351
1504
1348
1721
893
948
193
436
136
1166
1672
2180
1562
1203
1449
1845
835
133
262
192
1416
1196
1106
1409
1331
1190
313
121
205
237
1062
1208
1276
1455
1232
1091
422
590
605
181
188
1404
1204
1098
1425
1300
1309
318
628
153
175
1655
1239
1237
1173
1464
1753
546
70
617
554
185
1415
1104
1025
1253
1151
1515
614
639
594
618
1448
1481
1337
1020
1408
1252
274
342
487
524
177
1349
1134
1087
1481
1883
1178
529
295
394
413
1272
1430
1368
1472
1202
1131
543
517
659
139
1397
1108
1047
1275
1306
1632
638
356
257
186
190
1312
958
1611
1375
1286
1399
633
189
153
219
184
1095
1030
1339
1466
1588
1297
652
456
515
600
1529
1365
1449
1344
1294
1396
384
125
670
624
1496
1349
1258
1284
1279
1032
139
377
433
401
322
1448
1204
1023
1382
1360
1393
389
152
228
215
1301
1142
926
1111
1298
1545
678
220
287
167
187
1237
1240
1173
1383
1024
1313
360
366
276
400
2043
1127
1056
1733
1704
1553
863
291
283
301
187
1511
1199
1012
1684
1329
1531
921
227
134
129
1267
1127
1183
1479
1346
1412
929
121
586
179
184
1577
1204
1492
1452
1544
1461
791
260
271
295
1349
1113
1475
1256
1033
1173
678
607
567
591
183
1364
1329
1220
1676
1685
1576
485
428
690
615
1334
1306
1239
1512
1032
1421
381
593
527
531
180
1140
1203
1084
1466
1648
1545
482
294
380
425
1245
943
1318
1409
1740
1566
582
222
282
341
162
1097
1430
1424
1495
1307
1293
380
104
146
212
1267
1257
1142
1694
1918
1642
655
251
310
261
161
1219
1109
1761
1156
1536
1398
369
422
185
567
1638
1028
1402
1560
1338
870
276
469
611
650
179
1675
1517
1461
1853
1806
1020
225
146
533
196
1218
954
1728
1340
1211
1166
305
486
579
177
158
1158
1333
1127
1058
1205
1079
397
446
476
457
1487
1864
1772
1404
1798
1490
608
201
274
506
127
1439
1799
873
1395
1322
1444
513
253
287
389
1275
1000
1421
1117
1475
1347
349
346
356
353
162
1201
1174
1051
1269
1168
1536
703
303
612
741
1201
2029
1608
1275
1379
1176
742
178
221
211
185
1442
1329
1254
1280
1172
1348
295
505
522
613
1060
1067
1594
1511
1875
1335
862
174
497
163
194
1784
942
1448
1420
1181
1183
172
565
578
701
1369
1165
1104
1581
1770
1506
542
237
241
265
179
1455
990
1300
1781
1171
1569
604
386
401
424
1934
1112
1347
1302
1258
1661
622
221
214
189
182
1432
1209
1331
1288
1004
1366
286
481
530
597
1502
1030
1531
1121
1840
1176
931
214
175
169
2230
1374
1527
1612
1677
1595
945
135
378
258
187
1411
1348
1119
1074
1330
1680
717
101
172
682
1437
1090
1365
2012
1004
1407
1358
363
246
184
180
1443
1096
1391
1236
1894
948
1213
254
397
184
1442
1017
1487
1078
1859
1173
975
140
137
159
160
1135
1181
1417
1746
1555
1555
570
568
470
162
1193
1125
1166
1096
1563
1259
570
227
144
180
189
1565
1099
1502
1305
1119
1156
147
176
546
181
1248
1181
1189
1474
1516
1180
178
161
580
181
179
1147
1162
1202
1016
1245
1167
518
367
340
185
1395
1139
1109
1056
1038
1232
194
253
247
157
176
1302
1350
1071
1693
1496
1436
734
502
175
178
1107
1399
1144
1657
1586
1595
575
475
340
180
177
1021
1041
1229
1227
1314
1251
252
603
564
584
1203
1095
978
1810
1194
1476
391
564
466
187
178
1569
1233
1448
1396
1333
1327
356
179
216
227
1271
1092
1718
1778
1315
1197
215
379
327
304
122
1282
1347
1224
1730
1532
1767
779
507
225
188
1243
1018
1191
1281
1770
1495
510
446
404
424
148
1451
1071
1258
1248
1233
1489
457
319
180
200
1118
1228
1487
1705
1728
1578
559
401
571
582
180
1575
1172
1234
1275
1169
1323
760
102
420
149
1745
1085
1235
1199
1594
1460
477
176
176
212
182
1487
1265
1143
1030
1766
1518
307
494
534
488
1437
1103
1021
1468
1727
1781
793
639
262
269
132
1053
1242
1285
1039
1471
1418
501
307
328
339
1851
1291
1214
1455
1720
1440
115
339
531
542
178
1655
954
1099
1490
1403
1453
515
158
353
672
1487
1003
1324
1172
992
1224
191
562
686
178
131
1077
1165
1115
1279
1320
1153
231
265
388
386
1774
1124
1027
1451
1270
1483
495
589
639
725
114
1185
1287
1039
830
1236
1505
653
300
255
243
1099
1261
1243
1214
1216
904
249
552
515
542
132
1212
1012
1608
1332
1488
1732
722
80
579
617
1336
1442
1327
1241
1320
1551
539
375
552
450
143
1452
1081
1381
1382
1628
247
340
293
210
205
1179
1355
1130
1135
1524
1277
254
444
400
240
1142
1281
1531
1328
1669
1049
647
189
488
187
183
1213
1159
1729
1669
1407
1657
972
200
334
181
1051
1523
1643
1742
1477
1549
611
258
242
121
184
1529
1139
1195
1382
1718
1197
603
519
419
189
1182
1209
1278
1518
1237
1387
937
373
303
180
196
1572
1429
1559
1493
1657
183
191
1795
1383
1722
1029
1432
840
1947
1203
1563
795
411
289
136
178
191
949
1713
1826
1199
1577
1977
1379
1606
1013
769
177
596
446
128
184
178
176
179
1539
1614
1544
1783
1192
1683
1430
1546
497
492
514
177
1153
1150
1377
1236
1200
1503
531
233
218
211
183
1552
1183
1284
1137
1457
1579
579
195
155
180
1280
1006
1545
1429
1477
2058
1377
377
184
401
185
1531
1159
980
1860
994
1263
1318
322
383
179
1474
1080
1376
1193
1908
1125
1370
378
171
172
171
1423
1368
1366
1597
2167
1203
1549
564
340
186
1120
1071
1244
1246
1993
1055
1372
378
359
189
188
1095
1076
1424
1206
2061
1071
1289
305
274
180
1140
1149
1533
1880
1084
1553
1322
320
231
182
187
1139
1818
1061
1360
1384
1430
946
478
435
187
1126
1203
1433
1587
1146
1277
426
517
642
176
328
1167
1009
1552
1397
1418
1502
524
516
577
652
1208
1328
1181
1718
1554
1668
707
608
352
197
161
1624
1063
1089
1763
1782
1391
1149
136
258
615
1158
1086
1157
1207
1166
1254
223
184
523
170
183
1963
1140
1237
1081
1691
1326
276
355
206
179
1437
1152
1064
1407
1427
1410
448
254
290
330
331
1594
1457
1461
1393
1500
1010
279
155
268
275
1888
1081
1281
1654
1546
1584
1191
195
453
624
158
1459
1285
1198
1112
1058
1003
230
523
529
558
1326
1027
1008
1680
1408
1790
786
294
464
306
2132
1320
1228
1289
1215
1269
579
314
357
343
230
1082
1036
1224
1702
1188
1485
1085
285
213
407
1496
1463
1343
1305
1300
1211
212
249
303
417
205
1232
1274
1304
1471
1916
1833
821
157
198
382
1194
1137
1598
1728
1532
1250
557
378
113
541
227
1217
1328
1161
1542
1797
1513
781
129
310
178
1242
1245
1052
1401
1338
1674
674
454
473
392
177
1514
1047
1260
1111
1965
1584
954
307
325
325
1099
1272
1594
1384
1504
1629
627
221
204
161
160
1271
1131
925
996
1623
1461
565
384
485
558
1671
1055
1126
1219
1393
1397
482
226
187
185
184
1402
1203
1088
1754
1843
1390
977
157
275
569
1444
1223
1312
1066
1735
1556
578
459
596
541
177
1361
1191
1102
1678
1376
1502
566
317
253
226
1333
1334
1065
1377
1581
1536
500
452
322
419
179
1375
1452
1953
1282
1615
1670
731
190
598
166
1086
1073
1296
1065
1491
1809
843
279
373
160
186
1191
1389
1260
1552
1470
1436
416
658
344
371
1260
1461
1324
1480
1622
1622
687
333
307
172
161
1525
1139
995
1480
1405
1367
459
253
295
312
1308
1381
1209
1322
1095
1211
209
311
591
566
175
1444
1098
1485
1483
1667
1538
428
355
399
233
1411
1127
1242
1178
1009
1549
535
76
411
183
192
1082
1081
1279
1109
1133
1390
306
148
344
309
1277
1171
986
1676
1502
1640
783
319
188
180
180
1283
1014
1132
1163
1538
1420
510
256
188
298
1153
1283
1184
1178
1274
1264
276
458
368
178
182
1143
900
1291
965
2463
1541
1112
71
131
176
1051
1279
1178
828
1708
1228
679
197
181
174
180
1227
1751
2178
1475
1347
1300
1518
577
422
401
1052
896
1263
1759
1583
1257
1249
304
270
178
182
1433
1140
1815
1080
1204
1323
304
159
637
181
1047
981
1264
1282
1228
1029
611
254
152
176
178
1194
983
1142
1049
1323
1362
439
255
538
186
1131
1328
1075
937
1014
1253
267
149
543
162
183
1388
1348
1130
1268
1301
1350
522
490
381
422
974
1018
1241
987
1349
1120
135
565
565
697
976
1118
1021
1375
1181
1043
335
633
648
161
181
1497
1234
1324
927
1143
1190
269
163
163
191
1273
1091
1108
1219
825
947
287
370
478
474
178
951
1132
977
1484
1355
1343
480
297
340
364
1219
1187
1201
1375
1636
1071
597
346
371
388
179
1400
1064
1667
1432
1749
1574
670
564
601
206
1195
1190
1177
1209
1547
1795
821
226
270
268
182
1204
1379
1406
1767
1442
1124
356
275
289
390
1465
1039
1016
1739
1345
1425
870
359
197
265
201
1709
1034
1335
1154
1656
1202
316
198
126
443
1136
1185
1170
1038
1046
1309
343
575
566
493
149
1145
1037
1210
1155
1493
1621
647
110
242
187
1076
1172
1119
1743
1762
1641
630
259
234
267
177
1055
1341
1723
943
1232
1253
810
327
325
247
1408
1068
1133
1122
1424
1329
670
533
639
542
177
1657
1018
1149
1702
1708
1307
658
528
475
469
1216
1166
1568
1205
1780
1352
1166
164
299
215
177
1292
1350
1059
1180
1956
1537
564
443
408
543
1472
1322
1063
1218
1608
1357
347
293
198
522
176
1081
1779
938
1673
1384
1731
773
79
411
176
1164
1005
1055
1396
2018
1035
833
113
316
177
195
1164
1179
1184
1299
1250
1114
401
302
143
195
1309
1580
1124
1144
1333
1567
914
477
482
538
186
1214
1098
1231
1096
1383
1523
581
409
553
161
976
1381
1282
1419
1490
1464
443
233
313
460
162
1740
1395
1246
946
1249
1244
411
134
179
1281
1371
1520
1690
1322
1111
1062
492
471
625
558
177
1396
1082
910
1207
1304
1410
555
161
212
212
1706
1398
853
991
1081
1427
495
227
359
191
195
1389
1164
941
1548
1171
1082
132
584
595
700
1468
1010
1584
1747
1867
1663
664
117
542
678
181
1666
1089
1224
1443
1756
1533
546
324
218
286
1672
1165
1096
1291
1595
1767
776
229
627
555
178
1076
1407
1323
1227
1475
1759
703
69
508
167
1542
1446
1379
1134
1638
1429
526
189
644
514
1232
1166
1521
1184
1547
1428
451
106
536
291
169
1331
1101
1531
1719
1588
1517
550
293
192
471
1507
1143
1458
1308
1492
1095
1113
87
134
178
147
1440
1307
1683
1595
1544
1236
1009
236
489
184
1353
1218
1112
1476
1422
1715
691
645
158
942
263
1059
1115
1318
1431
1574
1641
627
389
411
196
1170
1016
1431
1448
2035
1086
873
310
216
179
177
1566
1184
1367
1551
1212
1698
722
177
262
169
1479
1087
1043
1189
1845
1196
975
210
180
180
182
1220
1176
1254
1668
1820
1583
779
73
441
177
1304
1045
1325
1656
1600
1740
796
281
449
179
182
1630
1198
1223
1684
1525
1534
902
95
264
179
1435
1026
1486
1511
2047
1095
972
164
275
182
181
1577
1193
1681
1190
1539
1316
713
377
530
167
1549
1129
1109
1194
1807
1085
1164
201
216
176
181
1183
1227
1408
1299
1532
1557
861
95
473
179
1062
1168
1389
1128
1311
1428
455
479
131
197
177
1562
1200
1000
1289
1459
1575
547
314
202
177
1476
1220
935
1095
1317
1432
437
114
476
193
175
1601
1195
1491
1684
1480
1463
526
106
279
116
1544
1056
1042
1533
1062
1517
523
532
490
189
175
1138
1237
1072
1160
1283
1441
455
162
474
170
1168
1201
1405
1163
1260
1361
111
190
274
182
181
1425
1384
1299
1414
965
1441
463
224
125
118
1367
1019
1344
1606
1219
1380
396
427
323
177
179
1005
1223
939
1621
1270
1183
368
238
131
178
971
1223
899
1190
1061
1042
280
183
447
191
177
1522
1129
1102
999
1214
1463
486
199
263
178
1330
1016
1247
1342
1157
1024
279
242
591
196
179
1407
993
1514
1287
1405
1298
686
131
522
133
1551
1304
1345
973
931
983
221
570
454
132
177
1594
1101
1176
1294
2028
1283
990
271
173
158
1161
1481
1241
1454
1485
1629
906
287
193
183
178
1258
1056
1179
1245
1822
1522
908
184
264
160
1592
1097
1240
1476
1243
1258
608
359
344
173
1542
1207
1258
1160
1838
1542
872
145
477
197
191
1461
1229
1023
1541
1316
1219
575
541
424
177
1156
1659
1052
1202
987
1183
507
209
171
176
180
1208
1133
1275
1467
1160
1733
145
139
283
175
998
1058
1284
1532
1805
1470
489
540
455
178
191
965
1159
1286
1516
1043
1239
333
613
517
175
1537
1574
1344
1084
1521
1378
719
127
403
180
176
1762
1135
1227
1532
1166
1305
254
675
482
160
1263
1248
1197
870
1281
1243
255
425
302
174
169
1222
1181
927
1071
1694
1369
365
581
417
160
1110
1223
1068
1203
1004
1166
209
372
214
176
177
893
1158
1577
1271
1441
1289
646
257
190
162
1280
895
985
1142
1138
1189
215
454
389
161
180
1221
1024
942
1182
1341
1155
182
173
294
312
1248
1094
1173
1367
1426
1522
534
149
611
225
179
991
909
1425
1123
1377
1360
394
328
331
394
1120
1704
1422
1532
1858
903
1122
156
207
175
177
1392
1823
1023
1758
1567
2142
1156
126
468
211
1440
1026
1400
2064
1041
1553
1420
424
241
176
175
1084
1394
1512
1617
1352
1051
1342
335
375
177
1138
1510
1306
1972
976
1583
1302
294
339
194
181
1057
1372
1480
1529
1989
1002
1372
472
229
175
1481
1104
1376
1939
908
1399
1141
623
530
182
180
2162
1359
1351
1882
1101
1511
1291
286
225
178
1262
1220
1537
2031
1037
1240
1457
482
303
177
177
1176
1075
1480
1696
1241
928
1217
248
593
243
1847
1085
1610
1546
1703
1979
1012
333
276
602
358
1546
2121
1202
1503
2062
2393
1442
441
468
693
1536
1045
1348
1681
1836
1420
891
233
202
267
661
1652
1192
1089
1200
1335
1390
680
373
575
157
1525
1023
1460
2767
1780
1389
948
889
443
527
236
1922
946
1343
1757
1492
2330
1377
372
326
256
1288
637
1253
1500
2140
1182
1088
81
435
483
342
1472
1293
1455
1143
1836
1122
999
212
179
182
1293
1038
1528
1195
2115
1140
1035
277
178
191
181
1230
1141
1060
1229
1303
1832
844
203
183
175
1085
1333
1202
1288
1125
1345
646
146
130
177
1261
1105
1199
1022
1697
1367
408
539
465
178
176
1553
1207
1046
1613
1453
1222
553
332
208
183
940
984
1320
1121
1203
1407
433
320
217
176
182
1553
1157
1336
1121
1522
1456
484
142
269
182
1290
976
1252
1238
1044
1302
820
279
207
178
176
1400
1017
1381
1396
1312
1042
354
337
243
176
1515
1160
1371
1200
1044
1360
373
440
179
182
189
1148
1109
1217
983
1146
1312
312
376
370
175
1447
1177
1546
1458
1527
1154
520
131
601
161
179
1560
1212
1012
1223
1348
1258
637
200
431
180
899
948
1082
1730
1133
1405
408
142
484
178
177
1392
1076
1071
1271
1576
1269
262
413
442
177
1580
1287
1427
1491
1427
1344
710
451
121
185
179
1523
1094
1328
1116
1183
1326
340
420
488
177
1299
993
1834
1571
951
1422
659
328
232
176
178
850
1022
1157
1250
2183
1191
204
468
285
180
1090
955
1121
1385
1127
987
437
324
230
185
177
1674
1131
1247
1010
1197
1249
265
271
270
182
1448
1200
1312
1538
1451
715
449
523
401
178
178
988
1224
1007
1150
1246
1052
86
109
112
128
1517
1430
1148
954
1185
1245
193
516
400
179
181
1645
1175
1166
1195
1503
1227
497
432
333
178
1276
905
1468
1596
1372
1826
873
119
540
129
181
1234
1481
1226
986
1037
1435
425
154
472
106
1295
1030
1183
1526
1696
1142
710
288
250
170
184
1298
1265
1476
1503
1527
1721
778
266
194
171
1267
1103
1161
1483
1575
1426
737
75
146
177
174
1203
964
1046
1225
816
1736
816
71
301
135
1480
1181
1930
2655
1602
1533
2164
1076
95
248
180
1057
1184
1212
1335
1692
1437
1223
214
249
129
1068
976
1161
1770
2370
1502
1289
354
340
129
130
893
1060
953
1263
1224
852
133
298
176
183
974
1172
1329
1086
1155
840
273
186
521
178
1291
1209
954
1266
810
1105
266
531
561
127
128
1036
1033
1299
1214
1159
1686
713
242
182
177
1390
1068
1251
1393
1479
1341
454
271
189
179
176
1201
992
989
1509
1111
1316
613
487
478
127
1191
1267
1057
1160
1463
1636
644
501
376
177
181
1030
1071
1129
1184
1082
1227
550
420
509
161
1542
1128
1202
1101
1596
1485
505
406
136
178
181
1318
1035
1339
1185
1066
1744
745
602
471
190
1176
1202
947
1197
1464
1462
466
519
523
133
140
1566
1185
1405
992
1493
1428
456
244
214
166
1582
1225
1200
969
1282
1101
395
295
334
186
182
1579
1160
1294
1056
1336
1286
324
597
488
140
1435
1091
1996
1204
1026
998
223
145
143
133
128
995
1041
1018
1263
1775
1395
319
294
308
313
1357
1117
1220
1226
1102
929
243
292
289
482
113
1433
1831
1042
1521
1867
1315
630
564
628
595
1412
1467
1285
1117
1379
1326
723
245
345
285
189
1252
1325
1010
1710
1062
1492
496
371
170
177
1679
1915
1130
1039
1455
1383
505
320
477
377
192
1521
1054
1211
1534
1675
1597
971
342
368
213
1126
946
1218
1064
1010
1419
428
262
420
257
179
1803
1336
1490
1549
1274
1295
695
489
325
407
1356
1452
885
1390
1552
1366
382
610
523
228
178
1060
994
1053
1138
1487
1497
501
304
187
176
1953
1129
1097
1178
1556
1744
767
229
193
264
182
1558
1145
1253
1403
1264
1690
722
189
166
340
1208
1543
1549
1422
1681
1750
777
88
346
111
180
1250
1298
1395
1283
1779
1471
462
116
487
217
1226
1276
1405
1584
1271
1869
883
206
542
168
217
1875
1294
1376
1705
1693
1580
912
214
259
165
1258
1240
1249
1507
1889
1296
630
516
576
567
127
1498
1085
1493
1385
1639
1482
503
346
385
534
1296
1122
1508
1583
1405
1592
598
186
146
593
204
1170
1365
1576
1604
1382
1458
740
371
362
501
1483
1416
1259
1542
1867
1636
636
149
179
164
160
1362
1043
1266
1246
1602
1886
915
226
662
467
1276
1060
1505
1586
1454
1569
570
321
176
197
1341
1212
1100
1545
1274
1261
658
350
312
312
177
1176
1424
1304
1303
2115
1119
989
218
131
127
1171
1203
1099
1331
2046
1047
979
336
114
146
140
1178
1003
1168
1220
1523
1305
735
141
177
183
1138
992
1454
1190
1231
1224
216
438
420
177
128
1477
1110
1277
1200
1201
1311
325
535
454
126
1380
1551
1226
1556
2050
1585
1146
917
131
188
181
1476
1392
1370
1870
1046
1118
1282
85
244
179
1472
1304
1728
1566
1345
1361
1472
466
337
179
174
1071
1094
1329
2176
1196
1475
1402
402
317
178
1404
1133
1155
1405
2000
1007
1427
202
381
177
174
1548
1088
1358
1330
1911
1087
1387
392
279
177
1564
1207
1153
2023
1034
1306
1322
435
302
160
164
1081
1602
1262
2094
1063
1498
1258
479
544
1321
1558
1231
1537
2289
1339
1553
1446
462
700
274
514
1339
781
1120
1704
2233
2558
1581
1404
427
814
1480
1477
1505
1953
1643
1325
1497
731
100
166
549
2307
1336
1673
1881
1752
2121
1537
904
214
194
1525
1624
2220
1245
1505
1828
1770
758
645
282
620
1563
1644
1553
1687
2193
1985
1222
210
193
362
1228
1994
1624
2253
1269
1375
360
754
415
602
811
2366
2725
2402
2254
1249
1470
1260
1012
216
495
1431
1038
1043
1602
1471
964
440
442
381
394
265
1500
1096
1601
2261
1243
1552
2068
1556
498
279
1675
1122
1100
1276
2012
958
1135
222
143
182
176
1276
1355
1155
1091
1723
965
1117
156
130
176
1135
1252
1204
1232
1931
1189
1297
294
142
177
179
1402
1646
1364
1816
1422
1447
1301
322
466
177
1201
1343
1194
1835
2071
1299
1160
163
165
178
182
1187
1127
1168
1821
1074
1227
1248
229
133
177
1402
1112
1469
1472
1947
1502
1341
325
185
197
178
1048
1141
1355
1641
1218
1328
1331
318
705
218
1197
1663
1749
1328
1449
2111
1080
158
555
662
1984
1555
1707
1871
1650
2162
1186
655
531
654
266
1507
1508
1510
1476
1710
1762
777
748
273
484
1722
1264
1062
1596
1701
1694
1195
253
390
278
257
1474
1361
1099
1746
2106
1176
1486
483
662
594
1235
1136
1277
1072
1546
2110
1095
88
556
501
177
1478
1047
1298
1951
927
1231
1488
500
254
177
1318
1141
1400
2021
1034
2538
1875
383
130
179
181
1455
1335
839
1547
1984
1173
1067
169
271
344
1181
1281
1540
1696
1850
1787
791
136
287
494
171
1388
1536
1704
1592
1994
2003
957
300
180
440
1792
1433
1883
1120
1210
1489
509
378
538
517
514
1490
1246
1086
1337
1616
1391
915
142
590
475
1595
1162
1145
1641
1428
1491
792
301
221
176
183
1058
1631
1230
1601
1801
1578
682
598
442
232
1555
1236
1259
1168
1383
1574
637
568
546
134
178
1073
1063
1227
1241
1571
1856
915
153
289
177
1161
1809
1122
1373
1155
1577
584
369
269
175
177
1281
1076
1174
1337
1457
917
964
223
273
174
1176
990
1063
1623
1337
1553
510
556
462
171
180
2001
1177
1369
1807
1638
1749
785
156
289
178
1212
929
1050
1564
1564
1252
342
408
606
129
158
1393
1135
1325
1817
1138
1573
1351
352
153
134
1812
1490
1392
2073
1112
1365
1241
269
269
177
182
1358
1070
1310
1885
887
1425
1349
358
355
196
1087
1086
1392
1328
1955
975
1364
417
599
130
178
1443
1179
1399
1955
914
1637
1361
629
576
160
1071
1100
1307
1811
1063
1457
1348
350
317
184
174
1563
1088
1420
1290
1904
1392
1191
333
253
177
1472
991
1155
1393
1853
1214
1363
347
185
168
181
1153
1170
1170
1828
1781
1620
588
182
288
474
1353
934
940
1361
1362
1643
636
592
667
492
293
1013
969
1236
1445
1640
1262
285
310
583
187
1599
1316
844
1257
1415
1592
664
415
181
431
741
1458
1534
1928
1513
1686
1406
1118
107
461
357
1549
1037
1449
1664
1403
1453
781
734
398
595
743
1308
918
1188
1535
1562
1667
680
671
158
399
1259
804
1260
1183
1021
1151
531
540
261
585
178
1433
1109
1043
1488
1677
1434
436
267
453
524
1464
1049
1138
1586
1635
1249
585
633
147
602
1176
925
962
1062
1434
1299
280
598
220
339
396
1399
1000
1044
1152
1091
1295
555
234
132
174
1108
1071
1302
1260
1045
1349
658
265
550
181
176
1307
990
1271
1135
1421
1446
460
450
162
288
1349
1105
1226
1747
1727
1465
355
542
545
512
177
946
1372
1324
1026
1232
1280
249
631
712
148
944
1171
882
1760
1387
1198
196
653
476
692
185
1063
1008
997
1372
1406
1505
518
347
437
516
1017
982
954
1321
1285
1221
222
652
527
537
200
1257
1012
1241
1190
1181
1152
229
565
538
579
1210
1094
1565
1516
1334
1466
478
533
472
200
128
1318
1105
1375
1616
1440
1571
567
231
223
143
1600
1007
1194
1185
1136
1788
567
284
223
179
178
1206
1255
1630
1634
1625
1586
604
121
379
328
1283
1037
1294
1290
1635
1466
535
192
216
199
182
1404
1218
1671
1366
765
1131
509
705
136
605
1133
1130
1051
1392
1441
1701
700
531
411
426
177
1236
1186
1302
1266
2018
1907
952
198
610
318
1243
1318
1160
1927
1440
1193
761
278
261
182
179
1159
1326
1271
1701
1653
1782
797
378
592
514
1451
1204
1103
1576
1775
1243
235
199
243
254
180
1291
1085
940
1390
1069
1337
317
684
130
161
1349
1401
1199
1525
1306
1296
655
532
636
589
175
1532
1309
1378
1355
1242
1484
493
201
606
237
1732
1317
1227
1458
1941
1738
752
204
257
240
264
1061
1127
1627
1115
1181
1530
513
406
413
538
1247
997
1255
1299
1395
1855
918
165
514
198
177
1272
1482
1559
1324
1682
1854
890
138
514
159
1416
1450
1399
1629
1675
1619
1528
533
478
347
181
1181
1347
2059
1800
812
1185
1245
631
516
537
1026
1348
1338
1661
1211
1471
1157
126
115
146
1088
1083
1371
1480
1105
1371
705
133
205
184
177
1119
1156
1234
1063
1350
1556
572
410
317
181
1339
1145
1283
802
1365
1160
547
474
390
179
176
1248
1261
1525
1536
1201
1661
671
189
550
169
1251
919
1175
1258
1117
1326
693
130
368
226
178
1162
1069
926
1156
1426
1678
631
161
498
162
1335
1059
1124
1220
1547
1634
629
277
276
184
175
1119
1028
995
1469
1089
1355
718
225
667
140
1189
1262
1201
1579
1337
1830
833
69
548
177
178
978
1096
1222
1121
1569
1398
392
154
644
183
1232
1181
1004
1588
1333
1286
639
452
312
179
182
916
1865
1264
1418
1546
1483
452
270
389
176
1263
1054
1183
1736
1585
1581
563
460
171
177
181
1287
979
1345
1111
1165
1378
305
422
540
177
1021
1830
1550
1254
2118
1100
969
166
245
178
186
1372
1163
1087
1740
1880
2020
1030
730
782
433
1656
1274
1379
1616
1935
1483
476
844
152
396
295
2212
1464
1101
1535
1760
1389
389
507
441
652
1576
1246
955
1706
1860
1353
357
422
518
585
258
1264
793
1326
1438
926
1424
389
182
134
617
2071
1298
1214
1470
1936
982
1080
361
137
149
195
1272
1197
1079
1611
1433
1629
628
528
473
354
1289
1298
1011
1216
1629
1787
799
541
515
177
181
1373
1096
1259
1448
1310
1058
143
363
261
335
1039
1187
1052
1272
1218
1380
324
261
289
348
179
1203
1031
1280
1091
1565
1363
373
541
448
159
1243
1282
995
1298
1134
1131
980
243
469
510
178
1054
1053
1355
1091
1201
1137
545
137
406
178
1322
1630
1298
1615
1362
1389
433
116
569
315
178
1215
1287
1202
1410
1277
1592
614
131
277
311
1205
1357
1189
1855
1707
1570
871
76
310
178
179
1702
1021
1493
1293
1579
1601
565
186
488
189
184
1603
1424
1063
1330
1608
1540
594
392
291
262
1198
1076
1275
1300
1629
1578
573
553
601
493
1393
1179
1036
1245
1621
1409
439
294
514
235
1232
1113
1536
1369
1707
1455
791
408
340
177
182
972
1047
1440
1117
1368
1219
241
514
446
457
927
1073
1330
1164
1812
1239
520
301
513
163
187
1177
1097
1314
1094
1373
1229
249
504
571
214
1323
982
1231
1610
1575
1310
612
598
557
179
196
1065
1294
1047
1305
1459
1838
890
662
400
233
1290
1031
1296
1208
1592
1597
651
429
330
299
180
1118
998
1281
1157
1520
1655
790
239
342
310
1247
972
1359
1235
1592
1676
782
553
460
465
178
974
1168
1513
1666
1616
1334
481
287
172
358
1204
1000
1639
1654
1583
1667
1010
196
150
182
181
1609
923
1050
1759
1264
1017
850
362
321
142
1220
1167
1177
1348
1183
1328
547
455
422
179
183
1219
1111
1424
1177
1223
1481
412
592
493
196
1156
1050
1470
1449
1384
1086
272
277
217
243
177
1328
1490
1226
1612
1656
2064
1012
129
483
272
1346
1003
1329
1266
1451
1853
874
125
442
333
178
1118
960
1131
1298
1854
1401
603
155
522
419
1334
1424
1586
1662
1693
1915
922
128
546
531
179
1085
1151
1358
1260
1551
1581
581
241
222
181
1193
1056
1297
1358
1221
1231
444
331
284
180
177
1411
1330
1236
1396
1671
1759
716
267
378
321
1251
970
1255
1664
1346
1489
540
557
432
458
178
1231
1031
1095
1731
1162
1098
530
267
218
233
1113
1253
1476
1260
1838
1751
757
282
210
132
181
1299
1292
1091
1244
1269
1096
430
136
162
183
1267
1356
1103
1305
1199
1381
405
185
151
200
176
964
1310
1189
1499
1851
1512
652
369
461
400
1619
1053
1269
1252
1589
1854
907
110
356
339
185
1548
1254
1430
1412
2006
1018
835
325
327
116
1226
1085
1311
1279
1538
1713
765
288
316
225
177
1228
1095
1368
1116
1639
1751
766
146
585
182
1342
1290
1074
1444
1292
1659
718
288
210
160
181
1425
1154
1264
1633
1485
1561
870
545
519
162
1554
1131
1354
1897
1050
1151
1227
272
127
176
175
1329
1102
1844
1172
1387
1810
844
163
379
327
1246
1384
1237
1634
1328
1679
654
263
279
289
178
1035
1089
1368
1241
1840
1731
692
116
199
178
1387
1027
1137
1386
1867
1507
501
233
171
209
1177
1321
1177
1203
1242
1273
287
413
323
363
189
1128
1241
1125
1773
1710
1607
574
296
376
320
1266
1167
1270
1311
1767
1737
712
157
160
177
183
1328
1073
1312
1278
1639
1641
682
276
272
266
1195
1296
1056
1357
1898
1666
685
202
581
195
183
1249
1937
1331
1161
1843
1331
1523
229
353
210
1334
1185
1013
1194
1423
1301
405
199
287
240
180
1580
1278
1125
1145
1811
1342
625
280
152
199
1477
1407
996
1304
1627
1601
588
132
400
232
177
1368
1302
1116
1371
1634
1433
434
263
402
225
1603
1276
1073
1936
1386
1615
608
552
546
218
180
2046
1257
1021
1810
1459
1864
872
270
283
181
1582
1323
1187
1154
1647
1419
501
135
755
455
180
1246
1137
1366
1185
1350
1581
597
92
164
308
1929
1139
1398
1399
1278
1502
569
311
282
199
176
1347
1225
1687
1683
966
1361
1068
333
304
192
1261
1206
1335
1342
1462
1784
862
159
161
132
179
1621
1017
1300
1183
1359
1283
298
425
347
301
1182
1219
1646
1659
1507
1752
744
214
507
414
177
1579
1321
1138
1789
1551
2724
1751
759
612
194
1244
1022
1361
1880
951
1293
1551
531
298
177
178
1439
1092
1343
1488
1305
1492
477
298
220
169
1485
1233
1395
1507
1780
1351
384
272
161
180
175
1253
1233
1342
1049
1172
977
199
631
514
160
1350
1051
1082
1337
1628
1577
612
520
349
178
176
1263
898
959
1145
1437
1470
472
498
247
201
1337
1010
1449
1266
1429
1134
220
115
431
176
182
1074
1128
1270
1521
1685
1480
505
318
237
175
1580
1267
1516
1330
1221
1362
392
462
321
177
183
1526
1073
1280
1312
1109
1411
386
174
176
219
1312
944
1083
1255
984
1113
350
273
153
181
1242
1113
1209
1501
1677
1322
268
409
432
178
177
1228
1222
1390
1225
1307
1513
509
701
137
177
175
976
1027
1393
1142
1780
1403
384
343
338
190
1334
1066
1121
1286
1737
1428
419
548
176
177
928
973
1221
1065
1511
1516
606
677
507
176
176
1032
1132
1226
1358
1249
1226
226
375
243
179
1038
1083
1556
1323
1505
1519
468
303
535
177
178
1182
1231
1007
1131
1498
1287
604
117
293
193
1255
1148
1225
1517
1608
1300
229
708
577
177
184
1129
1108
1233
1055
1020
1308
246
294
369
179
1477
823
933
1099
1332
1499
420
224
150
177
176
1155
1305
1406
1105
1279
876
204
505
375
131
1107
1223
1332
1088
1311
1358
128
375
280
178
176
1676
1082
1170
1167
1362
1084
240
500
344
114
1037
989
1157
1388
1179
1426
459
487
371
180
178
1055
1067
1204
1662
1830
1557
725
305
185
142
1338
964
1118
1263
1757
1500
957
192
337
180
183
1295
1489
1714
1522
1601
1601
603
348
362
116
1136
1156
1301
1293
1700
1479
713
142
166
170
181
1170
1110
1151
1626
1599
922
1074
72
122
179
1611
1183
1299
1453
1512
1699
1010
277
310
177
183
1450
1122
1260
1044
1342
1494
468
194
573
179
1596
1231
1212
1860
1171
1488
847
238
125
183
179
957
1190
1055
1705
1879
1620
632
154
248
177
1300
1034
1231
1356
815
1135
424
153
527
137
176
1120
1104
1255
1319
1068
1323
317
318
198
117
1189
1149
1311
1472
1537
1515
537
623
432
178
179
1210
1211
1457
1408
1215
1294
681
378
286
183
1122
1249
1052
1146
1361
1516
488
345
256
177
181
1423
1307
953
1518
1589
820
155
254
400
111
130
135
178
1425
1208
1616
1345
1233
1392
1522
1148
434
399
302
508
223
116
161
1146
1479
1789
1057
1769
1092
1484
1473
826
150
253
227
172
171
935
965
1953
1130
1518
1252
324
220
149
182
1499
1259
1543
1209
1810
1247
681
123
451
168
1295
940
1070
1629
1607
1418
731
243
158
179
177
957
1087
2438
2138
1820
1862
942
175
715
543
1104
1111
1175
2388
1325
1581
1418
401
243
176
183
1157
1092
1626
2062
1062
1381
1214
225
261
178
1176
1261
1102
1973
934
1147
1370
382
405
184
177
1180
1477
1247
1985
987
1669
1439
448
281
184
1169
1416
1400
2048
1065
1405
1259
286
176
192
178
1130
1329
1504
2174
1197
1429
1381
380
255
182
1204
1146
1473
1225
2068
1072
1304
345
202
177
177
1232
1236
1249
1540
1435
1124
1421
405
306
176
1723
1874
1211
1536
1853
1379
1005
193
360
162
178
1270
1207
1192
1317
1864
967
1371
379
367
177
1612
1338
1105
1260
1390
1790
751
315
264
160
178
2289
1398
1316
1159
1908
938
1299
336
231
178
1666
1266
1286
1504
1812
1083
1127
390
250
176
180
1530
1276
1254
1371
1409
1058
1359
349
226
179
2268
1459
1399
2160
1655
1247
1139
111
313
463
162
1445
1680
1812
1767
1966
2109
1083
144
679
207
1646
1728
1418
1241
1292
1320
898
233
209
381
264
1599
1128
1347
1708
1784
1482
1379
317
292
430
1621
1750
1325
1649
1580
1304
689
139
198
245
322
1380
1385
1478
1291
1204
1378
481
701
223
484
1452
806
984
1468
1739
1541
621
359
367
481
421
1214
1478
1009
1153
1638
1400
656
77
283
319
1224
1276
1238
1084
1740
1502
508
467
394
167
180
1076
978
1325
986
1905
958
910
199
134
181
1271
900
1004
1537
1719
1095
853
114
174
179
175
1186
1234
1533
1480
1330
1771
834
292
423
204
1579
1328
1325
1391
1369
1479
502
297
375
664
322
1360
1148
957
1200
1193
1561
570
517
115
166
1285
1099
1143
1099
1453
1508
544
339
692
169
160
1344
1003
1101
1579
1431
1708
742
539
174
146
1415
1037
1203
1649
1586
1704
721
209
293
159
177
1404
1228
1551
1446
1322
1335
670
571
379
592
1412
870
1282
1165
1129
1270
267
159
206
215
2076
1141
1727
1117
1450
1475
566
557
685
381
336
1280
1166
1263
1423
1742
1448
454
536
271
223
1165
1290
1599
1373
1344
1582
595
128
192
172
178
1187
1285
1282
1107
1528
1401
718
446
509
498
1228
1323
1232
1301
1321
1467
493
340
806
354
347
1007
1269
1106
1064
1704
1596
640
448
483
530
1392
1330
1165
1360
1233
1337
380
536
378
284
176
1349
970
1562
1226
1907
899
809
290
189
188
1142
809
935
1822
913
957
400
581
181
524
148
1139
1104
1292
1227
1103
1317
322
128
173
207
2148
2032
1354
1544
1942
1373
328
771
355
335
178
1672
1252
1100
1441
1458
1408
415
273
337
410
905
1139
1246
1163
1253
1262
285
271
178
418
276
1443
1325
1476
1627
1535
1468
1259
284
467
188
1841
2087
2131
1565
1429
1398
1672
920
63
147
179
1072
1068
1201
1269
1860
871
1135
375
115
182
1332
1466
1574
1422
1434
1248
525
169
396
500
161
1325
1042
1395
1315
1291
1092
300
357
443
245
1261
1250
1553
1580
1361
1699
904
160
136
176
184
1364
1181
976
1232
1018
1529
512
412
601
506
1617
1024
1257
1651
1611
1764
684
469
505
186
178
1279
1380
1170
1062
1247
1677
655
135
208
562
1254
1276
1108
1066
910
1521
550
288
374
302
178
1390
1048
1540
1683
1616
1568
581
271
506
484
1324
1082
1313
1819
1777
1431
419
293
313
137
177
1354
973
1366
1627
1183
1110
1187
191
262
184
1760
1199
975
1375
1436
1718
709
472
524
492
176
1289
1132
1419
1241
1200
1344
411
473
618
543
1655
1075
1486
1094
1508
1570
583
283
228
252
279
1351
1087
1389
1350
1249
1330
615
533
697
219
1542
1004
1167
1193
1598
1614
612
450
542
398
178
1516
1099
1281
1507
1369
1621
622
329
337
304
1129
1252
1720
1124
1365
1363
369
302
250
555
185
1206
1009
1127
1345
1487
1725
689
562
185
335
1475
1286
1337
1289
1704
1433
478
219
174
189
1229
1181
1031
1392
1293
1552
559
413
535
476
178
1015
1094
1245
1206
1343
1315
551
452
493
336
1212
1298
1421
1506
1501
1500
847
321
311
277
179
1481
1034
1419
1101
1297
1389
737
187
397
368
1101
1057
1445
1454
1512
1672
673
385
391
525
451
1276
1182
1520
1271
1192
1218
611
250
303
216
1243
1003
1411
1725
2231
1543
840
335
259
179
177
1359
981
1364
1356
2223
1608
925
114
138
178
1394
2334
1562
1351
1612
1508
844
383
369
189
174
1149
1372
1166
1132
1069
1454
468
189
319
196
1397
1251
1083
1436
1415
1366
653
566
559
543
192
1956
1235
1629
1831
1341
1610
659
280
351
291
1189
1261
1525
1697
1408
1641
624
170
275
116
178
1260
1051
1245
1726
1613
1557
572
186
210
156
1993
1216
1237
1279
1278
1266
277
743
178
178
121
1344
1349
1169
1547
2014
1480
937
432
414
425
1209
1106
1310
1160
1405
1344
673
517
682
151
177
1640
1131
1545
1579
1319
1404
1395
452
438
455
1534
1074
1193
1544
2007
1672
680
218
200
154
118
1768
1057
1506
1508
1127
1358
369
140
603
501
1501
1166
1173
1121
1448
1288
646
183
185
222
175
1658
1384
1370
1384
1479
1616
630
346
312
395
1154
973
1083
1264
1838
1559
568
151
705
442
187
1385
1159
1059
1460
1858
1590
582
334
618
636
1631
1022
1186
1567
1496
1623
630
418
417
119
171
1128
1195
1318
1566
1778
1568
953
202
305
171
985
1281
1533
1299
1807
1429
499
209
829
233
177
1330
1442
1241
2040
1044
1451
1424
421
251
177
1090
1308
1540
1969
979
1055
1063
68
385
193
176
1525
1405
1238
1081
1271
1347
598
747
227
167
1388
1228
1098
1179
1217
1426
440
147
129
712
94
1708
1128
1310
1246
1339
1373
388
418
710
240
1884
973
1331
1046
1541
1613
635
410
412
495
119
1335
1222
1104
1457
1331
1736
721
182
192
181
1512
1048
1070
1631
1198
1293
839
589
338
389
1728
1306
1131
1450
2018
1755
767
270
235
182
181
1217
1077
1451
1397
1830
1151
1114
109
301
177
184
1250
1330
1726
1399
1475
1644
462
610
584
575
1306
1469
1685
1447
1483
1681
720
144
606
127
1216
1222
970
1662
1705
1681
925
235
569
127
176
1270
1409
1287
1488
1238
1577
298
226
209
543
1560
1478
1345
1280
1043
1398
330
194
625
129
174
1216
1276
1372
1296
1425
1632
656
431
388
537
1490
1100
1423
1540
1852
1324
352
473
501
635
361
1325
1392
1090
1195
1702
1655
659
544
497
405
1438
1129
1113
1403
1621
1220
808
345
297
178
182
1326
1234
1553
1722
1423
1445
794
362
363
130
1300
1204
1038
1500
1819
1635
640
381
373
488
177
996
1138
1301
1214
1486
1706
719
535
573
128
1671
1324
1186
1733
1508
1049
691
488
514
498
179
1289
1015
1241
1601
1910
1740
763
484
463
126
1221
1318
1371
1647
1928
1614
639
588
612
190
176
1353
1257
1145
1813
1539
1568
587
201
584
562
1446
1175
977
1453
1293
1438
462
230
267
447
178
1447
821
1042
1504
1277
1113
117
281
269
248
1617
1271
1439
1500
1060
1562
550
163
541
242
182
1317
1006
1390
1661
1433
1726
717
171
229
127
1448
1046
1209
1504
2300
1343
785
290
294
187
181
1585
992
1369
1384
1226
1844
827
164
182
201
1290
1449
1557
1400
1316
1664
740
132
561
127
177
996
1179
1072
1539
1140
308
371
295
392
450
1554
1126
1385
1088
1119
1490
475
339
416
431
174
1508
1037
1099
1551
1576
1621
687
203
192
128
1803
1118
1295
1183
1394
1191
492
540
593
524
178
1368
1175
1051
1223
1764
1585
641
185
594
439
1266
1074
1257
1579
1719
1490
821
158
214
129
178
1108
1023
1210
1467
1835
1612
642
167
151
126
1117
1354
1636
1219
1199
1362
379
178
247
214
177
1401
1287
1241
1125
1737
1574
548
250
242
163
1118
1168
1032
1770
1533
1482
526
375
356
168
179
1748
1909
1131
1808
1537
1891
908
312
309
209
1509
1183
1085
1580
1602
1691
681
494
438
163
177
1268
1023
1228
1276
1685
1483
511
276
330
273
1181
2003
1234
1209
988
1306
287
340
378
276
1600
1010
1534
1515
1844
2107
973
288
343
340
181
1336
1078
1341
1393
1304
1564
535
635
525
160
1243
1675
944
1003
1177
1307
364
415
319
180
179
1291
989
1164
1640
1224
1293
414
318
212
186
1704
1515
1478
1693
996
1352
338
313
327
185
174
1941
1105
1321
1329
1424
1675
661
239
161
182
1360
1153
980
1525
1414
1550
568
114
483
160
182
1290
1157
919
1080
1217
1329
329
543
421
161
1857
1549
1008
1108
1700
1443
379
423
333
177
177
1427
1102
1147
1385
1382
1593
612
546
373
183
1078
1028
1277
1283
1150
1416
461
207
593
161
178
1429
1028
1250
1026
1347
1585
610
417
374
178
1545
1190
1372
1380
1448
1256
466
352
241
162
176
1116
1038
1104
1488
1230
1511
444
315
238
180
1389
1070
1573
1233
1472
1506
529
354
249
177
177
1170
1180
997
1187
1192
1447
426
517
439
163
1496
1123
1288
1199
1503
1514
424
164
490
180
179
1155
1091
1323
1402
1030
1434
434
255
252
230
1574
1143
974
1249
1734
1480
529
162
577
177
185
1292
1324
1072
1203
1030
950
165
182
266
162
1559
1290
1192
1405
1533
1553
586
166
414
177
180
1251
1245
1387
1239
1585
1519
467
504
281
215
1211
966
1071
1626
1346
1532
568
459
229
176
178
1072
1139
1298
1414
1041
1348
301
200
596
178
1193
1158
1379
1443
1602
1427
475
210
161
177
180
1490
967
1070
1141
1397
1475
809
558
191
180
1205
1223
990
1533
1203
1151
455
239
598
167
176
1491
1117
1097
1186
1469
1475
474
361
362
175
1674
1199
1326
1206
1177
1517
526
404
635
186
179
1456
1130
1276
1133
1102
1325
590
315
212
179
1049
1148
1393
1530
1270
1345
373
332
257
185
1641
1277
1052
1607
1629
1623
1385
194
337
177
177
978
1050
1167
1534
1218
1313
397
198
264
176
1655
1007
1212
1163
1005
1354
359
261
413
393
189
1712
1202
2243
1481
1258
1412
225
329
334
338
1582
951
1267
1155
1012
975
264
355
354
423
162
968
1177
1126
1012
1185
1196
335
696
712
647
1537
1414
1373
1255
1134
1466
91
320
474
423
160
1232
1123
1115
1050
1260
927
265
309
438
436
1721
1106
1095
841
1397
1438
553
338
353
378
161
1664
1020
1389
1357
1395
1054
619
121
130
278
1371
1538
971
1371
1416
1384
366
306
295
309
163
1235
1308
1238
1034
1253
1118
189
748
191
219
1333
1394
1098
1132
1403
1006
125
474
283
208
170
1306
1274
1538
1405
1133
1387
289
594
292
280
1438
1556
1452
1757
1069
928
206
664
197
668
149
1190
972
1245
1436
1864
978
280
824
512
521
1789
1186
1194
1630
1468
1074
270
285
253
750
145
1959
1938
1917
1342
1461
1575
1946
1278
275
285
1508
1252
1412
1049
1843
1684
784
307
181
177
175
1015
1145
1225
1340
1395
754
112
695
584
193
1460
1192
1283
1137
1656
1446
510
311
188
178
176
1581
1018
1114
1123
1275
1334
692
254
271
179
1275
1506
1202
1465
1375
1289
496
509
211
178
177
1154
1204
1269
2000
1470
1038
71
334
254
178
1412
1673
867
1124
863
880
201
517
568
172
183
1470
1423
1664
969
1127
1258
438
444
297
182
1282
1350
1481
997
1247
1417
407
180
543
178
177
1118
1422
1997
1007
829
1468
385
684
344
264
1479
1333
1314
1485
1268
1048
351
581
541
134
160
1105
1699
1779
1136
962
1351
412
655
654
593
1542
1318
2025
1493
1881
889
272
233
493
367
180
1079
1602
1097
1194
1074
1054
100
457
536
534
1425
1394
1269
975
1419
1236
371
256
394
503
160
1362
1647
1563
1531
1842
921
303
559
280
233
1201
1578
1393
1281
1673
1751
850
163
204
520
176
1141
1255
847
1082
1260
1565
706
145
767
159
1485
1857
2204
1861
1881
1160
189
577
166
618
1302
1097
1177
943
1096
1058
479
564
591
589
187
1482
1173
1009
1398
1197
1080
327
217
285
302
1802
1565
1416
1235
1283
1355
485
300
506
472
177
1517
1352
1469
1231
1194
1493
513
183
153
277
1633
1116
998
1335
1321
1407
704
214
636
576
177
1815
1005
1397
1611
1743
1055
1077
277
629
180
1520
923
1037
1237
1598
1376
374
478
598
601
180
1520
1341
1200
1541
1237
1250
592
252
259
248
1966
1152
916
1892
1565
1724
765
163
176
303
159
1363
1183
933
1266
1148
1770
584
602
597
601
1469
1238
1553
1527
1468
1339
715
132
732
203
183
1905
1272
1125
1632
1609
1677
715
365
547
579
1481
1245
1043
1336
1160
1652
626
596
642
648
183
1226
1229
1384
1109
1594
1420
423
308
520
238
1915
1549
1570
1105
1465
1346
719
635
681
588
180
1414
924
1036
1592
1790
1229
755
131
538
164
1408
1025
1226
1577
1797
1163
508
561
734
419
186
1270
1072
1460
1358
1192
1164
523
528
496
283
1177
951
1384
1320
1236
1304
302
594
605
153
198
1332
1404
1093
1401
1718
1893
965
298
504
170
1155
961
1289
1351
1483
1369
387
453
416
438
163
1427
1064
1217
1122
1633
1463
494
270
265
257
1435
1109
1488
1277
1511
1480
634
456
187
336
182
1678
1262
1105
1219
1181
1371
978
595
752
206
1372
1208
1078
1452
1526
1265
581
548
362
244
179
1549
1388
1328
1035
2059
1622
898
634
337
178
1382
1018
1283
1194
1218
1577
560
249
192
594
177
1364
1538
1494
1806
920
1132
1060
80
530
421
1585
1104
1203
1388
1990
1036
1198
135
219
182
185
1219
1101
1115
1541
1815
1280
1212
215
661
664
1588
1219
1161
1406
1962
1001
950
373
221
221
181
1518
1167
1106
1458
2102
1874
632
171
464
454
1475
968
1558
2104
1083
1248
1390
395
532
485
178
1483
1067
1571
1518
1739
1950
998
312
476
415
1562
1105
1085
1291
1874
2271
1019
381
332
296
1416
980
1417
1789
1791
1087
925
142
363
244
160
1445
1206
1510
1215
1373
1292
785
425
385
178
1404
979
1023
1385
1710
1538
267
129
215
179
178
1115
1427
1316
1268
1093
995
358
643
599
623
1346
1177
1062
1132
1641
1113
456
611
669
632
178
1476
1158
1088
1069
1256
1343
507
663
705
175
1222
921
1273
1066
1128
1352
333
652
656
653
178
1520
1300
1138
1535
1890
1266
695
646
693
656
1297
1103
955
1287
1167
1050
118
502
165
177
176
1519
1180
1223
1087
1342
1518
465
638
675
194
1417
1103
978
1970
1357
1716
771
136
518
661
181
1374
1450
1127
1609
1114
1540
744
343
308
178
1599
1242
1181
1235
1301
1389
353
367
368
471
286
1134
1427
1330
1219
1202
1422
475
164
613
659
1284
978
1333
1288
1397
1244
370
378
387
501
193
1438
1012
1051
1009
1756
1552
584
181
220
259
1651
1253
1079
1507
1408
1348
708
154
624
264
176
1282
912
1136
1240
1722
1615
617
278
403
396
1309
958
1647
1572
1328
1581
536
614
570
171
184
1594
1128
1274
1718
1382
1205
1028
469
552
182
1365
1170
1016
1671
1101
1312
428
266
294
286
164
1388
955
1274
1129
1118
1309
315
552
649
169
1256
1083
1112
978
1168
1019
331
247
319
269
179
1444
1441
1809
1428
1481
1132
138
538
726
191
1392
1198
1203
1419
1548
1342
728
333
332
406
181
1500
1305
1112
1510
1294
1425
630
424
444
488
2037
1088
1508
969
1351
345
469
335
353
349
202
1245
1013
1140
1437
1131
1273
659
166
336
179
1362
1147
1198
1370
1662
1180
570
596
483
364
178
1556
1781
1409
1217
1993
1021
175
478
259
276
1495
1121
1062
1321
1593
1647
1315
416
477
259
177
1355
1232
1053
1466
1466
1598
647
443
427
407
1907
2210
1273
1066
1398
929
830
299
658
690
150
1342
1085
1322
1401
1106
1447
402
591
626
758
1355
1597
1711
1583
992
1294
437
539
483
373
1230
2243
2221
1237
1050
1169
161
491
512
571
181
1482
1042
1085
1601
1920
943
901
161
470
161
1736
1166
1176
1889
1714
1887
883
200
179
339
185
1866
1116
1401
1531
1386
1552
544
541
428
550
1319
1078
1103
1252
1506
1339
342
615
527
414
178
1239
1239
1523
2134
2120
1200
1211
283
548
476
1848
1092
1575
1314
1748
1173
1184
164
161
176
178
1171
1282
1247
1135
1605
1295
695
371
518
362
1462
1379
1141
1158
1144
1101
118
203
233
184
179
1268
1303
1109
1658
1362
1367
367
330
231
298
1294
1188
1151
898
1460
1240
241
571
598
554
177
1325
1175
1610
1616
1378
1407
700
326
558
274
1238
1213
1028
1682
1474
1316
672
235
248
628
195
1444
1246
1068
1306
1752
1482
468
264
273
280
1507
1325
1130
1276
1543
1673
656
572
520
291
182
1020
1221
1521
1792
1521
1431
488
454
372
270
1730
1305
1016
1475
1564
1536
602
227
214
182
178
1600
1120
1431
1279
2230
1226
1098
120
245
178
1421
1244
1028
1093
1666
1530
442
357
359
443
178
1492
1286
1089
1426
1307
1368
375
259
282
590
1658
1012
1245
1639
1870
1531
640
627
337
369
178
1390
1095
1218
1873
1783
1628
572
240
245
228
1080
1150
1033
1319
1318
1565
556
604
629
585
180
1223
1241
1551
1381
1424
1735
741
280
277
272
1402
1221
1498
1634
1385
1821
893
286
228
178
193
1274
1069
1462
1525
1587
1660
690
513
234
184
1571
948
1207
1257
1315
1327
331
497
562
162
206
1395
1007
1247
1427
1502
1615
1417
464
420
189
1311
1595
1367
1504
1387
1354
381
195
625
666
177
1239
1281
1626
1386
2096
1581
275
650
611
525
1401
1037
1227
1100
1131
966
264
291
228
241
178
1119
1226
1145
1170
1327
1349
294
396
330
389
1347
1399
838
1113
1156
1505
252
476
322
546
178
1499
981
1190
1550
1845
1717
747
236
213
178
1246
1083
1151
1612
1519
1685
696
702
198
222
179
1352
1212
1063
1056
1798
1255
468
499
653
140
1029
1105
1413
1436
1318
1702
729
287
278
294
1165
1088
1322
1136
1380
1507
731
700
139
669
178
1214
1176
1445
1597
1516
1060
773
285
338
354
1399
1613
1832
1361
1825
981
500
406
612
524
185
1814
1133
1535
1575
1431
1265
684
222
170
148
1285
1681
1079
1485
1270
1177
247
349
503
403
181
1499
1142
1519
1490
1538
1322
587
564
578
585
1436
1400
1043
1085
2258
1858
944
233
567
181
184
1329
1088
1408
1358
1050
1442
619
575
586
557
1882
1622
1992
1577
1604
1426
457
270
576
160
276
1382
1073
1395
1477
1974
1428
354
244
557
561
1901
1344
1093
1715
1072
1357
504
471
321
179
187
1549
1074
1077
1280
2115
1139
974
220
300
179
1286
1287
1540
1316
1602
1448
506
564
571
498
182
1528
1130
1141
1108
1303
1565
1074
382
366
177
1693
1120
1470
1780
1637
1441
421
324
283
228
178
1291
1252
1078
1446
1672
1460
495
797
197
658
1354
1907
1932
1905
1026
1181
1889
888
209
180
203
974
1102
1305
1466
1168
1212
262
262
179
178
1743
1469
1441
1142
1018
1053
402
468
461
161
179
1594
1287
1705
1961
1141
1323
304
298
175
198
1382
859
1001
1656
1357
1107
91
535
383
159
181
1350
955
1089
1514
1195
1208
332
304
201
180
1535
1287
1713
2008
1140
977
232
576
446
178
188
1328
1042
1297
1164
1188
1175
414
224
201
170
1362
1045
1566
1400
1526
1321
360
179
514
181
178
1199
1894
1817
973
972
1261
276
194
337
319
1438
1286
1302
1086
1315
935
317
492
560
662
179
1189
1079
1201
1099
1092
1094
120
586
804
313
1306
1955
1814
1673
1823
1495
528
248
219
178
227
1158
1190
1481
1605
1465
1565
589
153
499
177
965
966
1594
1065
1608
1601
592
137
629
134
195
1810
910
1132
1806
790
1084
974
230
471
160
1135
1066
1203
1218
1158
1465
487
189
653
302
1151
1170
1291
1548
1392
1475
495
560
507
483
180
1769
1800
972
1506
1326
1150
577
283
240
191
1322
947
1381
1216
1459
1585
521
154
253
167
179
1601
985
1069
1468
1280
1094
623
619
569
566
1851
1474
905
1537
1698
1440
743
500
536
162
176
1327
1207
1441
1216
1530
1381
214
686
266
248
1335
1485
1658
1022
982
1158
182
217
660
173
199
1764
1279
1426
1525
1031
1213
287
247
340
393
1199
1178
1534
1529
1281
1492
506
550
535
394
181
1430
1062
1344
1099
1303
1499
557
170
357
183
1403
1192
1047
1149
1615
1327
359
259
278
185
178
1684
1018
1178
1045
1192
1209
563
465
461
314
1762
1103
1558
1370
1711
1326
767
596
551
181
176
1163
1127
1025
1457
1682
1477
488
541
462
399
1774
2051
1194
1289
1170
1606
666
185
177
367
182
1673
1556
1393
1219
1461
1688
480
614
429
187
1378
1503
1197
1484
1239
1512
660
279
219
185
180
1335
1246
1413
1142
1653
1437
432
393
352
162
1336
1319
1095
1758
1433
1904
900
326
615
217
177
1522
1159
1582
1394
1628
1445
564
452
376
163
1319
1468
1395
1725
1427
1654
624
266
784
175
182
1357
1025
1133
1328
1765
1574
923
265
421
384
1353
1518
1474
1282
1634
1412
374
275
591
573
179
1080
1125
1255
1069
1453
1726
720
289
267
193
1353
1193
1249
1631
1244
1584
593
569
294
220
177
1475
1145
1379
1222
1203
1525
488
531
459
419
1033
1026
1233
1458
1704
1769
789
327
374
312
171
1191
1084
1205
1548
1355
1643
370
162
570
243
1182
1116
1232
1207
1627
1420
453
191
272
164
179
1787
1259
1128
1356
1268
1441
420
306
254
211
1142
1194
1381
1332
1896
1557
619
153
519
499
176
1473
1385
1484
1988
980
1335
1274
325
249
179
1123
1365
1590
1550
1835
1149
1311
305
540
196
184
1103
1142
1585
1174
1926
1730
920
196
287
184
1096
1025
1102
1352
1839
1086
1223
219
130
176
1317
1048
1129
1400
1748
1409
421
347
264
178
177
1566
1193
1347
1394
1192
1386
549
348
221
176
1462
1150
1202
1607
1731
1451
481
423
371
183
181
1416
1144
1269
1204
1080
1458
405
231
221
186
1158
1295
1142
1252
1664
1423
682
430
310
182
177
1329
1207
952
1391
1267
968
236
472
543
466
1293
1085
1218
1106
1143
1386
592
540
432
177
178
1229
1006
1183
1355
975
1116
87
474
461
330
1383
1139
1316
1280
1323
1118
117
305
225
179
179
1495
1349
1114
1342
1598
1453
794
351
325
263
1310
1175
1417
1445
1084
1585
579
354
366
473
182
1542
1183
1367
1637
1463
1562
1059
301
525
183
1173
1289
1658
1516
1343
1459
856
313
267
286
180
1220
1457
1346
849
1543
1388
792
115
492
475
1240
1311
1162
1812
1856
1662
653
279
633
442
185
1451
1204
990
1724
1641
1732
722
134
524
178
1240
1365
1622
1124
1494
1732
630
295
320
185
183
1318
1246
1646
2002
1471
1626
978
246
644
577
1392
1140
1222
1552
1919
1357
713
431
307
182
179
1346
1362
1388
1878
1776
1559
776
489
449
428
1405
1587
1276
1131
1373
1321
711
547
458
161
183
1220
1091
1228
1898
1506
1576
960
214
179
165
1314
1068
1614
1113
1396
1613
623
635
166
196
179
1344
1187
1230
1683
1629
1430
850
315
260
178
1260
1285
1548
1696
1492
1396
711
269
318
273
176
1318
1299
1665
1445
1722
2055
1080
93
572
165
1116
1237
1027
1231
1573
1821
810
480
363
261
185
1210
1300
1156
1907
1791
1670
643
184
539
579
1686
1344
1255
1655
1989
1585
605
220
202
179
177
1493
1215
1024
1340
1681
888
252
584
303
190
1422
1416
1287
1204
1667
1561
555
351
291
296
180
2051
1248
1121
1329
1486
1666
680
165
544
381
1445
1210
1083
1753
1401
1719
715
298
297
164
182
1247
1037
1243
1222
1339
1559
567
571
449
402
1891
1115
1321
1738
1683
1726
748
337
288
301
179
1227
1271
1171
1144
1446
1856
845
307
192
197
1464
1244
1545
1792
1641
1488
450
300
190
181
1804
1477
1333
1211
1454
1603
619
704
203
263
182
1296
1274
1556
1868
1259
1455
407
278
233
179
1094
1398
1236
1259
1380
1320
328
479
492
354
189
1531
1104
1192
1535
1414
1675
689
232
245
183
1315
1571
1760
1592
1578
1832
841
140
555
524
181
1416
1291
1012
1218
1285
1428
448
236
167
179
1845
1261
1605
1673
1405
2331
1335
354
282
309
179
1494
1266
1393
1954
1413
1399
1463
466
193
178
1283
1053
1167
1375
1741
1458
788
582
552
177
176
1124
1045
1485
1197
1072
1403
457
458
376
193
1025
997
1645
1661
1522
1678
682
164
505
178
182
1118
1240
1374
1353
1454
1080
600
524
483
145
1129
1113
1191
1395
1731
1448
453
123
609
181
178
1504
1257
1407
1232
1395
1200
678
422
210
184
948
1074
1251
1049
1266
1145
454
344
514
86
178
1546
1229
996
1054
1387
1303
624
371
258
178
1590
1032
1109
1770
1647
1474
779
255
141
185
175
1234
937
1215
1442
1282
1419
576
180
425
116
974
1104
1428
1564
1586
1365
672
253
153
181
184
1728
1122
1292
1514
1594
1557
529
273
166
175
1435
1075
1326
1401
1105
1621
623
286
550
288
178
1219
1044
1622
1670
1398
1409
425
187
531
179
1416
1137
1030
1306
1368
1517
522
242
179
180
186
1622
1303
1161
1439
1241
1404
69
464
452
178
1242
1238
1450
1138
1217
1298
659
509
423
117
179
1516
1277
1026
1195
1429
1276
631
557
450
116
1270
1149
1340
1436
1103
1081
123
372
227
184
182
1474
1164
1321
1326
1199
1072
497
586
589
177
950
1276
1408
1337
1246
1522
550
480
315
122
185
1260
1006
1201
1517
1190
1181
489
358
327
184
921
997
1547
1726
1583
1592
561
348
221
180
176
1125
1282
1037
1568
1630
1689
677
148
488
178
1050
979
1173
1702
1699
1489
730
88
408
179
1394
1205
923
1569
1385
1528
556
388
301
196
178
1039
1191
1330
1084
1716
1371
379
420
288
164
1612
1226
1299
1446
1403
1324
575
440
414
117
177
1480
1197
1343
1375
1173
1038
304
177
501
126
1064
1108
1194
1655
1269
1370
508
221
189
115
178
957
1030
1324
1484
1262
1704
716
171
411
178
1457
1110
1235
1329
1260
1217
574
572
156
257
139
1354
1776
1469
1874
1073
1353
424
421
299
180
991
1180
1321
1059
1503
1375
425
523
355
176
177
1252
1241
1407
1157
1581
1217
508
306
234
181
1091
959
1053
1516
1371
1604
649
117
302
177
177
1168
1344
1129
1144
1584
1587
555
301
278
183
995
1095
1145
1460
1639
1360
357
301
188
184
177
1390
1314
973
1095
1174
1164
134
360
234
178
962
1200
1339
754
129
179
612
1814
1256
1695
1134
1275
1211
1337
1966
1380
807
194
206
133
516
215
178
171
179
421
1632
1080
1607
1047
1919
1364
1679
1430
950
306
125
349
164
161
181
605
1616
1059
1405
1431
1303
1376
721
198
229
176
176
1039
1125
1267
1343
1288
1048
152
411
270
179
1165
972
886
1643
1594
1567
562
570
482
178
182
1182
2057
2051
1009
1809
1672
1690
926
190
404
1200
1483
1509
1742
1463
1432
1167
148
288
186
177
1143
1145
1510
1888
1044
1347
1448
457
383
180
1066
1152
1493
2044
1051
1428
1132
196
245
182
178
1065
1089
1417
1980
984
1382
1264
201
267
183
1166
1358
1449
2038
1052
1184
1394
570
251
179
180
1184
1120
1450
2023
1025
1228
1183
183
268
177
1059
1125
1618
1508
1287
1011
1408
358
250
180
184
2060
1864
1540
1542
1981
1863
1198
147
466
179
1379
1040
1129
1954
1039
1244
1292
302
213
178
175
1935
978
1272
1413
1202
1095
489
610
510
180
1938
1122
1078
1267
1108
1394
789
355
347
179
179
1246
1198
1537
1214
1498
1539
542
401
416
177
1413
1080
1123
1218
1425
1374
645
186
510
189
1867
1028
1689
1499
1609
1287
548
240
256
181
176
1392
1115
1134
1684
1915
1244
605
337
330
177
180
1010
1192
1094
1337
1762
1559
645
561
732
286
937
1279
1259
971
1285
827
241
759
358
584
2048
1740
1845
2294
1747
1319
267
597
354
600
196
1392
1262
1613
1234
1178
1202
198
393
205
424
1786
1735
2077
1113
1068
1187
422
524
580
587
206
1415
1202
1365
1265
1181
970
215
623
523
462
1472
1043
985
1257
1491
1336
315
240
468
238
272
1010
941
1154
1283
1860
1250
970
299
161
177
1065
1252
1024
1440
1637
1238
525
404
261
177
182
1225
1084
1471
1335
1957
1287
880
141
178
201
1144
1204
1094
1275
1738
1141
399
225
199
182
185
1283
1430
1575
1434
1470
1611
589
118
342
225
1216
1239
1618
1597
1583
1393
932
209
661
499
232
1004
990
939
1889
1448
1830
890
250
380
441
1375
1012
1256
1685
1907
1660
648
621
252
508
590
1568
1089
1152
1378
2101
1721
1071
153
353
396
1280
945
998
1402
1901
1710
750
116
321
387
434
1233
1414
1402
1360
1194
1228
203
145
237
1399
1297
1382
1409
1583
1652
1598
654
294
509
246
192
1249
1278
1289
1165
1227
1134
423
285
254
448
1199
1041
1236
1091
1186
1310
429
217
212
127
129
1267
1555
1380
1204
1307
1175
161
524
463
529
1305
982
1166
1189
988
1445
456
406
328
129
140
1909
1009
1184
1649
1325
1696
752
137
278
336
1197
1213
1466
1218
1591
1563
362
630
653
495
178
1600
1345
1649
1361
1646
1551
605
278
259
160
1035
1256
1056
1346
1580
1571
683
472
464
432
178
1303
1151
965
1623
1307
1498
708
222
194
175
1388
1090
1093
1315
1227
1354
351
170
604
180
128
1395
998
1145
1506
1451
1572
574
361
314
230
1133
1092
1586
1357
1637
1533
788
260
315
162
177
1168
1311
1126
1688
1619
1353
902
276
488
514
1286
1138
1337
1989
1323
1352
1341
347
164
179
1180
1065
1045
1093
1590
1336
636
161
161
185
179
1195
1343
1237
1067
1517
1366
358
177
146
249
1356
1218
1560
1294
1196
1325
282
482
484
162
179
1004
1208
1010
