901
385
311
356
246
165
237
488
206
360
475
327
392
225
314
305
267
295
154
470
244
390
378
227
198
514
553
136
314
669
145
146
604
380
360
98
536
452
738
389
476
557
399
722
434
245
220
161
154
479
271
147
205
259
528
614
367
958
650
1191
234
502
142
274
320
241
228
151
382
488
327
1005
677
325
811
1008
648
1322
520
121
486
120
105
276
262
251
285
326
702
329
413
590
604
146
699
1216
768
257
422
439
691
299
276
744
819
556
1478
1375
992
108
262
1298
604
398
641
774
477
198
157
180
357
117
210
166
453
280
206
405
406
215
375
187
611
860
629
365
120
164
407
973
1227
247
142
149
124
657
296
143
300
776
204
206
940
328
613
128
163
215
388
631
250
514
700
584
483
953
505
408
455
139
148
219
465
809
928
422
728
184
202
743
550
691
577
316
815
763
399
328
201
1514
1095
923
614
552
101
723
385
711
292
762
319
396
608
738
411
574
601
892
757
97
159
150
95
155
226
813
357
198
666
387
541
654
630
207
581
145
200
629
106
227
114
299
873
323
295
413
109
145
245
518
214
517
537
148
364
262
831
928
373
220
146
166
550
172
964
1297
937
1037
727
1475
545
299
413
529
663
421
401
129
347
407
612
739
463
314
103
818
444
185
326
200
512
669
517
232
172
440
818
312
226
495
472
196
208
347
877
1018
88
236
464
154
124
166
155
545
269
413
563
531
601
1986
1159
235
181
359
479
724
810
732
393
599
366
255
143
121
422
336
657
195
877
385
234
704
380
147
151
158
195
691
409
314
218
539
547
141
208
310
146
302
223
170
785
209
611
672
1075
1307
2011
1088
878
129
1403
1081
1270
340
276
214
245
144
146
304
100
280
1389
879
483
422
275
877
363
346
179
199
188
224
166
241
210
150
178
208
173
335
367
529
520
657
514
116
305
149
262
1122
907
462
113
461
98
144
159
531
1861
921
1136
1203
1340
450
369
172
236
177
177
1148
216
268
1015
635
526
499
219
153
120
195
203
514
398
410
575
129
130
519
373
463
773
607
586
247
94
106
224
155
126
112
133
466
720
895
90
531
601
486
472
296
930
501
468
627
446
432
458
569
487
162
102
172
853
984
354
209
323
175
216
114
423
306
189
438
157
623
1634
634
291
577
831
189
844
503
455
159
647
282
158
134
551
518
636
327
239
205
169
108
751
367
173
124
175
291
515
116
688
987
188
276
307
398
326
278
176
213
200
440
344
386
541
166
230
118
133
176
206
378
212
273
153
197
180
1119
241
249
1231
414
150
171
572
251
104
147
376
216
277
167
185
433
1150
651
1075
732
341
212
193
238
237
1070
505
418
439
465
406
252
263
431
93
436
632
824
534
648
1316
1010
922
230
500
210
1644
1570
2811
2117
1649
1119
420
741
772
902
666
1489
491
796
1136
741
568
270
1004
316
695
759
722
1144
2684
1949
2510
2592
1596
1523
1364
588
1005
424
207
411
568
1877
959
1262
334
333
619
346
917
642
518
876
884
743
511
687
204
142
177
136
183
282
251
374
238
148
223
292
267
188
197
212
267
217
197
288
297
373
704
542
411
153
190
216
326
272
220
198
1251
773
703
850
956
687
501
161
420
1411
1062
1487
922
1873
1176
523
1408
416
104
142
211
181
110
310
1329
540
554
683
338
385
179
392
108
104
193
240
552
501
404
312
611
1268
1419
688
1033
1268
1397
1614
1224
566
860
1028
873
682
423
519
318
169
178
550
195
178
803
279
235
401
163
344
133
207
285
185
281
596
1707
953
889
406
267
248
123
477
104
330
432
2240
1244
680
1559
871
664
926
564
1232
1359
1519
933
1719
1667
663
181
562
418
255
354
161
303
330
328
243
114
396
416
257
917
516
784
518
97
413
414
928
585
426
117
258
646
308
441
372
291
534
1703
703
618
617
1052
283
255
237
298
260
147
1528
690
199
518
210
507
673
248
171
363
462
760
721
912
486
675
95
580
696
804
198
117
430
573
113
464
333
624
482
135
314
1167
259
589
1031
652
529
724
432
292
234
790
377
336
264
202
201
559
896
312
234
109
305
209
589
711
613
251
196
234
267
154
218
226
844
468
440
745
389
222
277
428
701
744
796
228
1281
283
673
376
201
611
172
142
155
251
162
165
157
218
164
384
964
226
270
172
284
119
141
318
258
234
602
326
179
2205
1204
1301
322
1561
1061
433
318
337
104
130
723
328
385
181
249
154
150
199
310
207
191
144
253
128
205
419
257
189
141
197
311
94
228
640
390
444
139
312
496
510
430
186
328
152
149
257
150
329
313
538
548
147
247
333
845
1191
267
303
878
474
244
145
143
1240
242
207
188
196
141
264
416
2331
2015
1103
890
781
519
407
360
1208
1687
1775
876
134
158
1100
476
650
330
313
937
1780
1269
341
281
148
201
390
365
736
266
271
748
1410
321
838
305
259
502
253
168
148
173
459
468
403
335
451
832
906
860
700
253
1023
518
632
1012
205
419
521
212
225
1110
770
204
141
349
729
256
184
285
396
376
752
426
508
496
813
463
272
877
414
1194
1361
660
1291
342
1587
1496
1086
1599
1587
587
1385
1641
1111
340
531
137
740
137
267
848
1581
933
952
496
789
565
910
884
652
643
640
638
1291
501
420
282
174
1128
382
175
1512
511
133
157
520
929
889
697
344
798
202
185
305
606
373
225
506
1113
689
100
814
391
551
157
117
144
1129
629
316
542
193
236
182
209
1540
289
370
202
144
314
157
854
753
768
1433
670
1971
1345
1538
538
541
855
633
233
297
914
949
688
528
522
404
414
645
848
472
1065
1337
580
718
1785
537
1179
1153
305
90
256
200
973
506
1181
451
683
545
121
369
465
289
139
147
161
286
378
501
330
410
335
339
519
402
1882
2094
1095
1278
644
236
1218
864
763
465
98
196
279
496
138
383
155
188
310
208
302
183
621
1369
476
355
814
526
271
609
1121
916
602
1202
1416
726
979
1041
856
897
242
519
1335
332
365
436
354
340
361
1035
778
673
264
290
289
265
553
230
776
502
867
248
1109
1058
573
1580
606
1017
880
1229
1474
1045
698
710
578
1389
390
532
354
177
585
735
297
1453
582
542
340
468
940
449
302
406
160
352
729
271
447
158
568
154
247
122
919
449
449
224
134
215
155
138
166
162
551
1423
1126
335
486
905
628
912
870
315
594
724
535
319
1417
507
615
532
189
620
1243
315
432
555
256
399
191
177
726
516
654
447
321
454
725
228
653
585
548
1123
582
1305
1020
1655
1020
1043
569
646
1584
1119
856
378
381
863
428
864
255
184
298
206
162
256
1012
203
184
118
109
607
669
339
290
719
135
103
348
625
932
851
252
540
737
685
265
504
630
546
382
165
428
928
498
612
1052
281
641
456
380
383
1576
575
392
841
1236
460
629
346
136
755
287
1190
956
404
399
792
860
210
270
1963
964
1474
679
235
162
919
1136
1154
433
363
268
391
268
762
419
912
966
602
487
493
473
235
267
1142
273
285
200
145
342
308
1230
235
324
545
462
145
1023
900
494
205
743
496
170
507
290
490
274
232
398
225
289
223
271
352
362
348
1035
427
326
682
352
604
340
498
153
223
780
775
965
862
160
933
511
290
275
351
168
135
352
180
135
732
505
331
412
156
234
676
603
567
464
209
459
199
525
321
775
669
1090
1112
529
2623
1624
1799
984
562
994
1426
1483
1151
1089
728
1246
666
608
132
658
469
140
1340
911
1356
1309
1268
547
1164
790
892
774
800
439
536
493
213
112
416
431
1132
494
603
343
607
636
834
589
495
1100
963
1085
671
465
856
781
773
626
529
217
1435
3178
2847
1865
1045
905
1312
1267
355
552
599
259
567
188
227
187
148
236
127
299
412
359
115
98
526
1294
296
300
132
268
316
230
570
321
1473
1584
1836
1005
1220
1250
1148
1488
1772
2199
1200
82
159
151
190
368
585
1257
1015
391
619
440
166
304
1403
870
339
796
875
147
866
479
1143
205
963
781
660
877
596
395
258
297
166
174
124
273
939
1162
365
1471
264
244
844
337
234
1112
324
412
142
423
211
179
179
246
264
179
560
1802
977
977
1026
741
261
130
476
166
391
703
797
717
1190
191
139
150
176
842
447
328
552
201
150
524
214
656
653
289
854
470
371
698
93
133
118
197
185
214
456
604
183
304
594
511
243
143
192
127
195
124
157
129
378
801
88
259
429
265
155
258
611
522
636
405
210
276
491
204
177
378
399
321
281
355
372
874
320
428
361
1374
373
492
492
532
838
315
703
545
765
671
3088
2178
2353
1974
1794
792
484
979
718
863
479
1463
468
318
290
941
320
410
998
1326
834
1341
482
1541
537
231
799
618
359
132
147
361
663
333
1265
636
412
776
399
699
459
142
256
246
147
174
182
909
251
1027
457
302
396
675
330
437
435
156
947
335
394
158
230
155
1094
587
1212
217
310
182
574
212
249
202
174
435
155
290
426
406
642
1602
1145
243
215
697
222
200
732
346
149
1067
693
399
160
239
885
529
250
219
209
207
578
629
589
236
618
274
605
230
568
627
467
1231
234
453
463
962
371
245
1236
640
248
188
166
271
567
202
394
193
425
525
491
166
551
165
246
150
628
854
755
605
1493
498
314
433
646
487
315
458
178
431
136
228
166
674
610
237
113
596
251
734
381
183
300
727
267
743
442
1850
1213
592
678
132
868
466
180
438
119
1433
441
490
730
839
338
247
252
1167
1312
316
1246
1282
425
133
829
703
267
1080
877
726
1165
722
1091
518
196
822
325
357
177
178
657
308
180
244
298
319
176
263
223
135
980
1038
867
1804
2196
1520
875
737
891
1360
983
518
1167
1534
1203
1554
549
2068
1071
823
172
770
884
888
801
517
316
168
302
377
191
1052
665
529
323
810
234
264
274
520
786
922
635
598
891
564
660
355
1363
701
414
618
691
760
1103
1285
1049
703
496
943
1313
311
1209
291
684
1132
740
1023
1297
331
376
258
313
1586
727
226
109
339
615
370
1038
1465
1010
177
704
1358
357
630
640
562
228
1260
750
661
893
454
647
609
644
1280
285
428
1486
1238
366
659
538
698
577
329
1534
1131
1401
1177
598
645
593
443
789
1247
949
1226
537
492
809
235
958
419
1616
2212
1406
1275
1112
1063
576
144
978
621
1388
1019
622
900
693
1853
854
1948
947
441
856
654
609
1060
654
902
665
829
282
902
1460
831
1609
1114
603
1039
942
773
670
1034
967
1087
699
2020
450
235
193
1276
1007
399
798
407
339
166
2886
1886
929
184
704
2373
2359
1379
1159
1043
811
1308
331
489
175
847
334
181
390
348
467
1005
436
265
115
778
634
382
876
518
193
200
204
170
853
979
344
947
1353
1170
472
407
300
540
357
568
954
260
928
615
128
645
1146
467
243
250
609
842
1451
480
861
386
131
496
274
1397
430
412
92
245
532
281
172
418
1376
486
252
114
99
153
1096
481
461
427
158
290
150
176
1137
645
948
872
276
719
448
400
709
132
961
350
140
634
508
381
889
685
642
341
1982
1069
858
299
341
214
267
1020
385
837
181
405
514
1123
974
409
348
402
855
218
806
1096
448
135
370
528
324
1719
723
1589
588
337
700
794
370
645
514
270
949
1064
1369
1265
1189
1305
1283
596
720
835
1417
512
1243
498
1416
511
1220
1189
592
837
717
1513
2628
1639
639
811
1290
799
1084
303
1487
1004
379
136
538
246
586
677
962
1249
247
548
713
756
508
600
749
643
1888
699
385
194
199
310
429
867
490
308
816
297
372
292
440
1542
1875
1544
2303
2175
1369
420
204
780
460
218
206
310
201
322
144
1047
377
1800
851
525
857
104
627
230
742
345
993
922
407
2130
1132
1255
891
366
443
559
216
292
187
500
1035
946
972
325
377
313
243
964
805
403
940
469
162
1588
1302
795
1106
808
589
702
1076
555
707
297
1129
1205
2537
1986
1801
866
511
287
442
397
512
726
103
395
309
1674
751
442
1678
679
776
412
483
346
294
885
1140
265
606
858
1581
1169
462
272
702
260
289
84
1286
447
352
304
823
640
458
691
1344
472
282
141
146
223
216
495
166
1239
265
236
329
801
685
231
262
1492
494
281
1040
254
686
444
1666
1384
383
760
432
819
170
1571
592
719
825
212
508
780
691
864
1270
350
1032
327
214
407
566
173
944
254
739
218
923
392
1363
964
400
437
449
681
320
176
1424
427
563
912
491
1001
671
842
878
1126
1201
891
738
482
545
1177
1136
499
1417
432
269
415
2608
2795
1782
1007
654
883
312
368
375
628
313
1249
382
161
287
688
287
390
217
346
476
884
1481
1524
892
383
1182
850
1236
2147
1145
791
329
596
911
415
1523
1023
422
397
612
503
548
979
655
245
797
404
385
952
453
773
624
1365
662
410
142
629
914
281
943
1492
891
1890
893
834
2694
2286
2712
1725
1192
1164
244
470
646
229
335
94
149
99
2034
1056
1707
1640
641
1732
892
415
1025
653
399
716
666
1065
513
561
548
620
1551
868
258
751
457
774
620
1113
215
504
343
595
1047
990
683
393
1480
608
819
764
283
563
1265
836
1625
624
827
254
739
606
302
512
243
403
413
789
1246
958
316
660
725
1130
1055
1102
1503
507
1051
412
185
509
402
256
153
967
869
308
428
632
224
197
852
264
657
345
330
533
835
998
606
381
221
904
293
308
327
744
891
251
240
441
332
823
1241
1817
1018
825
706
362
345
1249
718
499
774
262
117
690
473
681
600
348
167
567
516
254
2493
1494
1284
1080
930
733
301
1323
710
925
1207
209
626
520
296
1750
777
1918
1659
692
665
790
361
1201
363
949
1014
556
916
2445
1446
2072
1489
2214
2373
1432
1050
324
309
725
409
1624
1005
331
1086
871
398
779
460
1724
830
384
215
145
1219
409
716
1392
1454
734
649
769
1063
1422
800
396
594
746
998
254
717
141
507
402
380
645
201
337
321
513
870
252
93
142
126
194
160
296
174
492
498
1037
289
205
194
647
734
269
420
495
628
737
739
750
469
1618
981
845
540
496
974
318
487
748
961
376
920
350
315
704
1025
632
1646
884
682
1225
869
741
412
689
454
101
104
670
1206
734
1216
379
425
294
191
301
353
1417
482
656
481
1330
1194
483
452
1385
870
1666
1272
644
294
470
464
627
660
1464
1764
765
1231
281
1369
1475
1668
1832
1552
836
384
1094
978
1587
967
1578
402
958
621
347
723
1082
228
1098
1773
1254
1027
961
2993
2029
2135
1176
2227
1547
624
1694
2886
3051
2991
1990
1077
1712
989
463
2141
1123
603
658
730
203
1148
1602
684
764
1252
348
680
890
738
419
1407
1723
1185
363
876
245
939
867
1267
291
767
1219
823
730
628
272
242
712
287
589
955
752
1418
436
1148
666
678
1134
765
816
589
1225
440
1518
1280
947
1184
960
413
1855
1017
1825
828
1726
2074
2299
1279
612
756
1439
934
387
460
632
850
371
773
610
1202
620
1203
333
332
216
586
238
774
912
210
1347
494
941
266
1732
731
512
1355
1157
1891
894
1076
1923
919
546
2070
1059
483
359
248
987
470
1717
713
477
1383
440
1600
645
578
117
265
340
936
500
787
1163
518
1624
730
947
781
516
957
431
429
947
1026
542
680
439
815
148
247
940
200
925
635
615
1170
557
256
285
818
1397
1539
1378
415
845
1095
271
503
582
1616
1629
597
1235
445
1216
262
1152
202
435
1017
209
178
163
114
381
789
1297
615
4343
3731
3255
3317
2314
1342
1391
1035
474
1946
1498
1019
903
1123
817
1284
628
1588
716
692
1029
275
2912
1912
2707
1717
1603
2305
1544
1246
2054
1856
878
1153
1281
533
1252
1373
374
1306
752
1454
410
536
134
308
911
1068
1761
792
714
673
686
311
847
493
413
416
153
540
1237
230
440
1139
417
1224
219
944
719
154
712
680
680
685
583
389
1194
1414
414
1146
1556
1375
1310
733
433
749
1252
268
1477
995
1409
536
520
1587
568
554
748
260
916
395
1396
429
2227
1268
1326
1404
1131
528
370
477
1248
468
576
619
800
750
557
409
425
1129
497
719
1282
284
396
721
923
1018
1131
1047
1395
2106
2191
1171
1334
832
253
784
653
656
279
1088
483
993
263
238
521
896
305
1053
779
591
699
814
777
739
637
527
1031
826
593
276
652
1180
340
344
1290
964
417
950
2027
1680
1094
124
162
278
96
776
655
264
287
178
295
215
197
661
1144
1038
500
406
643
822
340
1336
948
844
576
605
567
1658
658
1164
339
795
341
1233
289
921
395
508
397
466
280
408
607
161
1220
590
697
682
613
1020
897
745
856
1123
428
1118
781
561
1449
383
367
1238
243
1164
883
1204
269
1801
2044
1049
587
1032
595
1529
504
820
875
1573
594
406
261
413
765
517
1340
1263
1303
459
417
375
212
454
647
1128
881
771
558
679
244
1346
729
1411
620
463
757
786
299
438
923
1691
1144
317
1648
648
674
1055
543
1717
932
1272
1239
1413
563
1343
1236
829
331
452
1006
392
644
1939
939
550
1286
1093
526
527
1016
1338
1734
691
1185
531
280
435
1316
1336
1402
576
825
746
1297
1020
762
533
1504
507
1416
561
798
288
573
379
507
450
866
262
559
702
870
622
551
692
336
1278
640
1041
756
1336
379
576
407
145
267
348
2220
1237
1000
1313
1034
604
2113
1529
1402
456
156
930
312
170
277
482
179
1639
640
1109
1178
592
425
614
593
594
540
1132
321
1690
1052
1765
1111
432
1141
680
1791
989
728
1397
538
1208
495
889
402
1374
512
306
873
1127
370
507
302
216
181
124
819
444
408
690
988
552
275
746
1401
1812
1090
1195
1227
1893
918
504
260
919
534
1123
456
183
844
721
620
585
584
1046
554
626
366
757
289
454
347
504
410
1996
1450
1550
1615
836
314
760
444
174
538
229
522
1061
254
802
1307
353
505
484
1703
689
505
783
624
495
885
1918
1106
741
1355
683
757
1979
3694
4359
3373
2608
2082
1106
1383
915
1112
1324
2209
1739
1764
765
205
1320
1753
676
400
1492
1052
2599
1918
921
1580
1959
2066
1999
1670
2292
2482
2596
2983
1995
2212
2680
3118
3007
2030
2104
1103
597
999
1362
919
261
540
475
1133
916
262
907
1043
273
964
672
401
326
1130
460
281
1131
246
520
107
733
334
412
283
402
223
205
350
979
831
246
627
520
975
374
359
1140
388
1510
536
511
1737
1256
2812
1815
1712
1008
288
1208
886
664
464
272
277
549
306
310
310
1541
581
1489
504
717
1001
409
885
514
312
652
792
755
520
1193
420
623
950
1032
1297
1849
838
890
1124
755
687
824
843
312
1084
280
1076
280
1401
921
632
447
626
620
284
349
392
959
863
459
1188
365
414
1378
620
463
441
374
532
639
532
210
281
1035
285
229
214
1358
976
1322
594
405
696
523
603
512
646
670
562
472
566
325
949
319
804
1291
709
523
1094
728
1098
282
1245
636
1023
1073
1371
1168
587
1465
1130
201
1320
487
911
767
290
528
803
431
373
586
321
998
589
173
258
973
1306
710
656
504
953
379
871
354
194
407
548
835
470
207
291
1261
1426
427
821
824
1373
929
3525
2732
1752
754
628
466
473
377
503
695
963
846
1192
1244
515
585
425
713
518
475
936
634
1310
655
1152
2951
2319
1322
732
1185
4160
3141
2139
1632
1120
335
923
1641
942
729
510
157
2242
1263
267
789
859
717
1350
963
447
912
620
330
634
307
819
1216
726
481
1742
1550
551
1107
426
836
337
1392
1002
1021
221
564
893
1038
1025
919
874
621
1109
430
1161
287
767
659
715
421
279
413
626
1909
997
204
827
478
1073
586
481
356
910
1756
768
921
552
457
345
1447
1378
649
1256
969
925
596
2996
3596
3104
2485
2562
2443
1440
2695
2376
2840
1817
1927
946
795
1083
799
256
388
577
1124
401
1726
737
310
501
352
432
514
973
422
833
936
907
239
206
273
791
264
1483
500
535
1646
1344
384
1130
606
327
595
424
433
486
345
986
473
1727
1025
521
3167
2151
1170
268
443
911
857
839
437
1188
862
253
317
983
206
921
1145
280
1828
919
289
291
250
380
1619
852
653
294
253
1051
593
1215
1841
2210
2514
2423
2717
1718
1485
1174
1212
1465
2250
2563
3390
2424
1865
1773
1527
2380
2445
1214
2193
1196
375
1402
798
1076
614
2096
1859
1965
968
992
1148
1374
418
524
521
1084
637
608
914
818
458
1014
619
1027
1134
777
277
275
1080
277
419
1387
791
305
548
656
211
1483
461
385
1129
405
1312
955
756
973
1120
762
693
329
753
256
979
606
411
1496
269
484
1324
1393
565
806
559
1421
486
1515
1037
641
257
361
1013
481
972
1041
202
287
897
691
593
759
1116
250
302
404
200
1210
1113
1060
1941
1962
2127
1310
298
1070
471
775
1070
272
243
1198
1588
942
930
1081
448
458
314
379
646
323
467
482
2066
1054
278
474
600
551
1028
553
1156
1157
1437
1380
484
815
1552
1378
1163
1205
1356
696
482
340
1345
310
1090
259
471
422
302
628
600
1336
499
1774
755
657
612
270
1422
511
387
341
840
351
751
1423
1662
1021
1126
270
568
283
1384
1185
1013
660
317
484
1343
579
1031
1310
369
267
180
332
1260
910
975
1240
1084
650
261
766
2297
1939
1039
303
2523
1524
1226
1466
959
1456
1644
644
1402
1755
1504
770
1577
579
444
616
861
394
894
1671
671
274
455
1264
872
550
779
962
2170
1522
739
1205
290
801
830
2515
2015
1062
1320
994
493
1065
768
900
337
765
588
605
588
525
821
531
891
443
1115
356
415
1441
1416
538
652
395
509
368
409
461
341
902
711
470
1010
216
672
893
549
1347
363
1674
676
997
1952
952
1454
1231
1070
429
2089
1278
2076
1081
598
1401
821
1151
273
525
2594
2029
1294
294
830
707
720
304
281
501
1508
507
716
1053
961
731
392
546
353
1064
974
620
992
559
413
516
922
853
540
250
2824
1825
852
2265
2168
1268
1985
971
1711
692
699
1232
1148
298
711
1079
623
650
649
479
392
923
990
1183
1227
565
1163
368
622
1257
1570
803
1273
850
1225
761
512
594
526
831
695
764
1886
1130
263
1044
1040
1079
774
278
1236
975
715
246
181
579
405
306
1254
3041
2031
1044
1334
346
1514
2143
3028
3215
2198
1213
1830
968
239
645
505
1276
409
484
589
971
696
2618
1619
665
312
1876
1001
798
739
848
686
2109
1537
586
388
1373
1205
407
245
291
493
213
341
260
1204
797
515
377
582
989
554
1222
425
1943
1054
278
676
1555
757
1239
696
417
544
1007
264
1079
983
770
283
418
652
531
838
925
1159
272
1247
633
920
290
287
1808
821
646
577
623
337
2308
1362
361
765
271
794
1596
1005
687
1194
871
592
335
761
503
2196
2195
1999
1465
2457
1443
1049
477
1096
241
583
733
368
1045
1462
475
246
1073
192
396
986
539
1249
358
528
1431
2289
2018
1136
857
770
547
316
1040
614
1195
1450
449
1223
597
984
1915
956
1134
756
584
921
829
511
1854
893
391
594
604
248
243
997
300
719
499
392
311
444
803
1960
1479
471
347
1409
405
2102
2737
1951
954
874
764
2492
1433
540
970
1104
417
308
620
449
1925
1366
384
227
1126
853
451
656
1112
496
1274
1142
552
1475
502
928
559
396
843
808
837
1076
864
1579
785
399
835
436
914
262
869
1030
474
1064
498
828
850
308
858
415
257
501
835
1372
1307
369
360
1000
1426
718
703
602
434
270
251
277
719
1964
969
523
1026
778
253
1092
206
542
953
2509
1501
1350
1479
475
1861
2298
1450
1937
2116
1136
1686
717
835
1492
1850
1897
1504
339
640
1038
211
167
824
1415
1277
911
369
1758
741
809
638
391
1671
799
914
409
740
1367
861
281
465
652
582
283
1316
358
407
963
268
1026
1344
498
599
1303
451
2256
1998
1035
1268
379
352
652
831
331
733
255
807
850
342
925
260
1273
526
1176
1259
1039
663
427
1151
1547
720
936
386
2501
1507
1572
1883
990
1579
1535
1827
1067
1953
1154
448
1394
2475
1641
5164
5191
4178
3214
2224
1227
382
2437
1753
1645
804
1940
704
1870
4067
3066
2069
1051
853
1910
921
1793
4365
3361
2367
2318
1320
778
1825
859
324
1297
394
1361
439
1331
1667
1115
440
1384
524
1079
477
1216
715
766
430
334
419
426
545
1446
615
267
1301
303
798
518
1833
1160
754
779
1144
307
1682
717
534
360
512
411
582
333
1209
400
140
133
151
126
1237
341
763
596
1281
1344
1166
845
201
134
985
966
292
1448
555
354
1462
887
680
744
602
162
274
564
654
816
937
1284
474
488
282
741
274
1052
256
206
498
631
2182
1185
554
394
993
480
1126
364
450
217
939
90
941
202
991
1549
547
1088
148
1757
612
353
556
702
527
653
317
962
304
558
1244
779
760
409
366
449
450
448
253
688
2272
2800
1800
2492
1719
1582
991
682
500
699
1758
2128
1385
1526
1960
978
420
1831
2016
1413
561
1214
328
205
1208
549
264
1628
748
595
940
777
419
575
955
415
1623
637
763
685
509
408
665
827
1079
278
326
165
557
1099
764
726
619
1526
526
1353
965
663
685
473
293
562
454
793
813
585
1837
837
1536
542
479
842
1014
1285
1461
1085
1126
521
175
620
771
1156
2081
1088
496
627
587
872
145
348
517
493
1353
772
1057
412
1177
784
430
567
304
278
490
637
263
243
420
160
1176
697
1258
1388
1829
846
1176
237
341
735
611
457
956
413
1752
842
474
1077
3220
2214
1243
530
515
613
800
752
856
898
319
2013
1011
1366
1609
1589
586
1050
560
434
514
751
545
485
827
962
461
292
703
561
1311
1374
338
1940
939
1243
1599
3107
3921
3232
3253
2420
2191
2793
1991
1560
1063
669
904
1499
1223
1742
818
274
2157
1357
346
445
1523
1822
803
311
1682
1097
954
530
1648
647
321
423
904
1919
2168
1477
1355
581
1092
598
362
1094
775
627
480
1108
1129
656
257
1123
650
922
1801
1359
1863
1384
891
711
265
933
479
1235
745
316
1588
897
304
637
980
1140
335
572
3071
2074
1073
202
695
354
888
1054
542
2122
1120
1870
2250
1977
4957
3938
2956
2988
2636
1691
1118
2885
3167
5020
4188
3186
2189
1643
1234
1159
3442
2434
2109
2672
1689
1512
1919
1266
1031
510
1153
689
411
722
584
1297
1550
1092
863
773
805
1393
1310
722
1503
674
1006
1324
612
458
801
334
2497
2815
1838
838
2149
1165
2916
2166
4760
3777
4699
4530
3530
2558
3913
3847
2923
2899
1898
5367
4370
3402
2402
1229
1014
4101
5451
4502
3501
2533
1536
2247
4218
3216
2214
1489
1501
1839
897
556
3228
2253
1285
319
2701
1731
737
649
176
834
189
190
346
184
436
258
842
238
514
920
294
1617
859
751
786
332
1145
1382
419
270
207
269
140
584
261
1452
1222
1026
471
341
1412
804
623
646
537
366
571
333
607
656
1014
2289
1315
1717
1672
769
2015
2826
1841
4176
3199
2234
1304
2404
1387
738
1397
1548
1076
1009
684
386
1141
830
394
1089
1826
976
1258
1184
239
659
811
1069
618
364
1406
719
1171
282
1005
199
687
805
429
625
804
435
1094
413
1042
1079
430
621
419
615
622
535
636
678
636
706
158
172
617
241
690
721
470
1654
749
482
278
757
538
138
275
270
848
342
1061
671
1378
850
2006
1002
1016
702
294
179
602
956
874
297
587
732
405
479
329
108
540
496
490
437
350
180
216
107
441
463
530
633
566
134
746
318
225
162
196
328
319
265
495
1601
1043
408
136
686
255
419
149
151
833
414
483
675
138
686
324
729
230
478
442
1107
413
645
251
484
398
206
225
471
250
563
476
584
161
357
675
811
1102
338
140
187
358
549
814
369
1008
1454
679
922
366
699
895
582
1364
745
1131
523
582
362
1614
654
511
1738
1971
1028
619
314
386
573
146
553
372
496
322
489
144
885
528
205
429
965
1058
208
653
559
568
445
612
472
651
753
1171
202
361
281
316
467
799
906
295
249
199
351
118
238
217
367
562
797
1043
452
626
122
149
315
315
544
982
467
217
1151
363
213
514
115
510
133
243
242
142
189
837
498
152
232
470
530
341
295
658
507
444
92
354
749
714
1307
733
1176
735
774
1399
644
121
260
122
128
584
2449
1484
146
242
146
352
1159
333
237
202
287
874
1280
329
464
606
135
129
162
377
196
378
600
197
192
642
1013
524
414
128
1386
731
836
946
705
377
155
131
210
589
694
840
934
555
398
130
505
299
151
119
136
136
787
140
202
868
692
574
1268
249
276
285
1147
1495
495
1207
208
539
1171
667
1252
1179
860
168
266
519
367
127
567
371
361
399
345
489
229
491
640
213
468
462
161
652
895
469
886
298
141
339
205
855
246
140
267
303
517
266
271
292
391
734
495
477
1701
755
828
450
855
537
357
760
603
751
765
227
780
761
807
786
139
166
1538
538
910
1164
1116
608
616
382
897
301
711
496
852
364
848
647
738
590
707
514
876
723
227
568
216
437
250
507
756
278
513
774
1068
712
134
133
155
1015
390
310
281
516
1147
230
456
864
382
239
159
159
166
135
617
605
521
262
329
110
228
286
154
464
277
242
202
304
199
232
102
157
472
296
215
222
612
242
230
115
717
655
416
301
737
494
324
170
134
548
872
900
683
596
575
319
191
354
839
306
361
338
802
538
287
661
504
548
346
226
107
292
387
408
288
490
245
453
192
147
525
243
150
198
948
831
557
214
897
887
401
679
906
557
865
1840
852
688
852
264
101
256
811
864
804
542
395
172
210
177
442
136
1767
1662
2128
1761
745
559
1278
416
901
441
305
148
112
396
1084
913
176
348
101
269
407
836
1058
1512
759
1113
1016
1097
2713
2973
1975
2163
1182
687
747
514
767
853
257
505
706
668
195
169
255
457
1301
581
1749
750
382
872
246
182
397
670
1209
395
1162
417
120
530
516
440
465
479
940
739
1182
1254
966
236
284
110
113
547
232
728
589
330
543
1520
988
761
435
779
377
166
459
189
855
286
291
164
180
265
284
198
213
286
182
277
358
795
1073
1013
1911
904
852
775
1390
947
1235
502
1387
1341
337
1499
482
618
672
850
522
1067
1266
287
1812
777
1126
643
730
361
169
158
492
959
984
149
167
643
1026
526
1028
722
1027
1016
90
1003
539
1631
1826
1630
1014
348
1042
991
2066
1380
946
315
145
1174
670
347
1334
606
1043
613
1067
878
1042
1521
1348
524
411
674
479
763
475
496
270
244
149
794
312
267
753
1444
1086
1240
1156
1031
1253
2467
1436
1881
1070
1748
2091
1849
1677
675
495
220
582
152
309
476
235
176
142
278
1214
221
1173
215
426
598
307
283
335
1859
638
767
160
355
323
362
1904
907
932
262
436
461
331
569
354
1167
655
382
1250
949
2254
1280
268
797
1275
747
349
1336
1213
464
637
451
687
232
569
407
527
1195
307
594
472
533
244
443
2473
2142
1527
929
1135
676
1155
237
1538
536
656
309
706
416
187
485
348
353
456
723
989
84
254
140
1037
435
540
369
676
1243
1513
1490
548
1019
441
847
317
175
1122
527
1118
968
1570
1317
1484
584
1711
1486
1173
1297
1911
1188
1616
629
955
1182
503
979
634
325
1765
769
769
696
1658
1186
1262
1526
1171
635
586
488
614
475
1481
561
1355
866
720
734
618
297
142
1241
370
277
151
1989
973
349
576
903
1014
2711
3464
4079
3062
3720
3488
3520
2523
1526
1517
1107
1328
430
254
479
270
155
889
1640
639
498
240
756
410
303
792
304
489
393
1372
1160
580
1086
623
472
1194
875
716
662
997
391
721
951
428
1037
213
509
662
313
197
174
288
169
717
934
213
1054
354
381
1109
415
592
655
510
915
603
762
162
1083
462
399
668
618
161
279
368
885
199
139
144
584
231
154
118
816
1799
2085
1442
1484
931
440
422
361
237
285
117
379
143
161
512
370
733
133
637
341
437
583
658
418
301
654
970
1704
807
458
903
256
298
428
201
338
359
219
844
573
1009
196
692
97
830
2444
2498
1702
1608
2222
1589
1686
685
1306
1014
1537
540
1109
657
613
547
147
337
1049
208
546
1029
475
720
252
162
144
855
201
536
262
442
139
1141
856
675
1349
563
519
449
559
399
270
521
837
535
345
635
226
415
553
967
300
133
187
271
530
339
1302
1311
406
1005
691
262
517
825
210
288
759
799
587
804
524
584
635
1764
1945
933
398
659
661
692
825
556
322
480
224
166
102
412
1192
576
615
498
863
470
1207
455
1598
644
445
696
594
358
382
403
2864
1907
1800
1302
729
1187
397
1888
1272
937
1586
620
732
383
273
834
595
536
1080
892
773
724
450
930
593
877
244
422
201
184
512
914
275
187
219
369
216
347
896
1088
544
1102
672
320
137
521
317
1318
465
568
223
101
318
763
216
703
717
1192
386
604
455
1123
1125
546
332
536
646
1093
479
1116
931
967
270
553
1042
1020
498
1001
600
702
878
429
903
393
595
784
475
859
1334
1276
1491
2002
1951
1920
924
622
1086
1177
937
440
574
775
580
797
300
845
634
812
722
608
320
783
1291
299
881
361
230
917
410
204
252
1106
860
875
1252
2608
1640
569
239
1652
685
232
147
345
164
646
359
321
921
659
1215
507
1487
623
1061
484
888
273
1196
540
1041
228
1420
473
468
408
419
414
598
1052
822
395
973
1817
814
518
1164
308
339
275
408
300
642
1185
245
666
457
659
272
954
402
1112
538
568
534
333
901
589
584
473
431
1123
1351
493
660
935
285
694
1227
583
768
502
1352
529
487
624
555
286
799
1137
233
265
194
689
275
1035
370
769
864
343
728
479
592
1492
460
1222
1025
1323
396
772
685
460
556
390
373
661
147
348
268
617
422
1585
578
603
870
507
228
759
745
1110
283
232
884
697
711
422
285
1594
1014
497
317
540
1031
369
1135
755
441
552
304
554
653
735
295
192
2217
1275
540
710
976
1825
1281
323
285
371
1081
499
1118
618
245
148
497
1066
346
2933
1938
1653
1173
1771
1117
1926
1646
645
728
240
745
898
365
1150
1151
364
1223
993
240
91
252
252
222
1149
1634
632
993
375
506
448
154
624
2303
1559
1167
1124
355
1636
606
372
291
309
770
489
214
235
1298
327
914
258
264
381
681
520
222
169
186
162
396
824
1713
698
165
150
189
191
560
568
443
242
826
694
817
753
362
706
506
485
705
621
1435
425
653
593
608
473
233
226
645
275
375
1155
1175
710
506
1294
890
1144
936
442
1720
2589
2121
1966
950
419
1092
1296
1079
423
255
812
802
1027
465
280
218
1083
659
571
395
163
556
138
615
866
240
1843
817
508
740
1458
920
1072
205
283
498
328
248
588
185
1551
915
787
725
319
336
494
502
1117
159
1062
303
291
693
555
958
1012
262
498
1193
836
248
1014
452
338
605
793
265
431
491
229
1074
1329
360
310
1172
726
1297
314
154
542
457
379
1201
459
683
935
458
188
222
139
321
137
898
703
743
551
1195
1850
856
2105
1222
787
668
569
751
794
529
1397
538
238
1121
618
735
595
561
442
825
295
640
679
350
1190
847
825
348
156
131
373
844
1330
517
411
315
762
1757
782
879
877
810
714
1491
1368
368
1500
700
2169
1187
951
1628
889
2078
1131
1067
1005
843
450
722
445
1464
464
365
1264
726
673
452
534
567
572
262
141
1396
2253
1640
1607
880
1020
571
422
411
1070
1796
833
1514
2141
1591
872
1067
588
586
283
196
431
592
1108
1114
1248
615
384
273
661
169
970
1157
588
694
620
345
845
342
951
739
757
336
183
269
1341
316
1344
372
551
649
1690
689
453
819
323
706
478
325
738
1602
298
1630
971
230
608
758
626
105
234
324
468
1363
312
1292
591
795
823
298
369
339
1254
467
1021
299
773
2120
1153
482
558
587
1173
794
1032
889
630
689
215
297
525
919
301
794
712
1094
409
684
302
144
982
350
591
207
250
745
1007
407
448
452
1191
914
1694
1074
1403
1364
438
1006
427
596
493
300
581
1208
309
172
146
496
499
1377
917
617
604
745
1092
749
882
1391
721
1395
2351
2510
2751
2596
2225
1999
2149
2128
2023
1772
2611
2410
2419
2960
1956
2122
1488
1345
834
1695
1697
788
96
151
294
129
346
735
675
272
107
163
319
339
1678
1037
329
172
170
410
597
358
708
1378
417
451
1107
831
272
121
476
307
1326
742
482
357
405
731
323
592
387
306
137
533
821
798
1163
1623
1501
501
1132
774
756
906
292
204
271
884
394
495
540
576
504
873
588
375
328
1517
521
1462
2288
2037
2128
1503
548
713
587
195
156
193
799
589
631
265
365
1717
1605
582
463
761
2996
2807
1809
1134
490
935
279
1323
324
273
1324
360
1126
766
1277
641
558
1320
1001
303
317
897
591
192
293
591
213
171
1263
1130
320
305
156
235
870
142
2162
1150
1400
1668
1657
2616
1626
1806
2387
1409
529
267
440
756
244
607
140
609
265
939
449
494
1596
592
492
886
347
273
765
308
653
764
818
797
656
386
252
650
1008
290
1428
927
778
681
859
271
322
1323
337
673
1196
879
862
1195
188
2690
2986
2593
2144
1109
570
1633
1180
799
649
543
948
492
501
1387
389
348
233
759
468
264
246
976
808
567
147
639
178
713
546
686
301
439
1620
572
201
276
473
400
143
290
226
701
251
613
454
429
243
304
190
241
373
169
220
388
141
826
816
948
953
729
2156
2171
1684
1291
584
436
568
187
204
226
862
409
184
178
258
215
1987
990
629
391
450
275
489
220
960
633
900
491
527
212
366
506
154
770
450
419
289
722
826
1094
602
470
579
444
457
282
730
413
251
206
153
244
386
754
877
237
291
606
738
514
747
224
928
1121
1240
505
297
575
531
477
932
352
280
1131
1134
751
755
599
940
1329
786
643
1292
1009
471
483
876
810
599
903
390
716
291
438
1410
917
1670
1731
1711
736
386
331
874
382
386
493
656
457
1475
613
1180
313
152
847
291
573
896
660
1215
718
589
347
136
116
227
889
979
1651
989
1475
1507
814
1167
279
322
153
197
587
467
124
1242
1089
493
663
1194
794
1299
261
2525
1559
863
402
855
1482
1244
244
336
229
952
615
608
480
1636
1961
1607
829
225
615
217
342
339
351
295
743
408
596
1546
522
425
970
311
418
224
1226
407
1363
361
248
614
427
257
561
431
503
190
434
931
486
529
954
428
548
1262
270
734
542
577
196
196
310
378
184
392
439
832
771
636
763
1543
1157
477
639
674
262
705
773
483
463
768
340
2152
1263
557
1087
91
458
511
1278
259
1827
1041
499
1242
1211
738
322
444
685
505
681
1153
1400
748
1906
913
810
682
1141
853
326
639
1441
1919
920
422
1534
1308
1849
1430
838
978
406
732
2233
1211
627
1405
570
1593
4229
3035
2818
1826
1445
447
384
509
620
271
595
435
125
1085
310
851
658
808
714
840
963
611
917
655
886
1914
966
588
415
531
303
692
492
1418
1280
1040
1269
391
2181
1608
627
549
591
1848
896
737
387
831
1330
292
1430
1198
374
581
892
1620
1385
473
646
618
731
263
1505
766
1977
1665
1541
1172
962
551
238
338
137
244
386
814
672
1403
1128
1326
1586
624
981
1074
676
981
276
706
1460
557
762
1656
1657
1092
1385
1003
369
1024
489
682
1454
996
1226
2314
1312
1438
957
949
614
738
422
410
2511
1532
533
603
835
621
241
370
882
1003
534
1093
847
356
446
1386
829
500
612
309
142
815
824
303
828
991
462
788
1339
449
1350
384
434
1493
501
671
242
347
214
468
680
888
207
126
158
699
679
938
525
542
514
265
1030
1036
417
1424
1919
1992
1569
1403
407
272
509
297
832
1241
542
730
487
949
571
494
1168
652
1220
1472
1362
368
962
273
1660
678
641
395
663
257
1366
385
451
902
1557
989
672
546
464
214
182
207
1447
485
247
390
1071
282
1078
212
227
148
983
505
994
326
1995
1650
1582
1445
1229
235
887
294
724
810
665
206
393
359
144
149
307
1308
379
651
477
1260
868
479
641
282
353
655
354
343
118
311
1407
374
833
342
323
1320
474
485
264
193
231
127
441
218
437
580
2770
2108
2494
1886
2855
2149
1459
431
882
1356
1077
694
1446
469
1292
707
327
157
139
366
366
1098
423
699
1407
879
296
653
291
313
197
279
424
426
235
533
393
207
1651
729
1202
337
555
709
670
683
1125
428
1636
3641
3798
3675
2694
2698
1967
1417
771
821
236
182
253
123
161
949
614
1056
2148
1150
2697
1720
1639
1874
1836
1029
550
842
482
1267
1485
508
918
1153
1091
521
872
1267
1104
248
521
413
246
211
385
215
219
578
328
2535
1542
403
482
430
295
265
172
414
216
146
222
554
234
655
1545
600
185
1332
347
149
414
380
674
832
368
689
1236
1226
235
322
1193
1082
214
532
786
818
746
601
239
397
1276
272
1222
394
984
800
1383
1008
1497
3007
2610
1607
2093
1592
1684
1805
791
2186
1200
330
739
1285
1413
1370
1091
504
2759
2024
1397
1484
1367
348
1017
711
359
691
856
676
278
376
548
181
472
141
381
408
1130
850
872
1569
3063
2346
2413
1434
702
1808
1522
1496
481
405
549
424
650
698
2036
1050
858
992
215
739
676
898
307
2111
1158
187
1523
562
285
1437
440
359
893
1315
724
1404
426
871
457
930
1137
546
1111
310
356
189
182
468
863
586
1346
832
968
1073
1096
1213
1040
1065
1299
1296
1064
470
455
889
223
861
158
732
599
632
475
242
343
818
139
160
139
226
973
729
364
933
429
1161
411
653
260
442
710
575
451
324
274
555
1380
397
624
660
864
501
690
1024
633
704
671
961
1098
1903
1986
1071
830
1473
1972
1492
521
1075
743
861
445
342
261
327
342
348
357
1507
607
1276
1086
478
1089
1294
676
880
653
921
361
952
382
751
1177
456
1340
456
1281
1228
1295
1233
1369
751
883
780
494
1580
676
954
374
187
185
467
704
387
491
772
315
872
329
684
603
796
425
882
767
363
883
754
531
722
488
637
559
548
655
1001
400
618
419
569
369
1049
406
619
1375
1120
957
636
988
358
457
279
864
1119
515
293
2095
1095
203
271
451
202
310
368
436
1177
633
614
706
296
322
1237
1750
745
986
361
344
264
874
287
1385
449
1008
601
473
902
619
299
751
2242
1651
1462
1209
1004
1314
984
1146
469
395
301
498
424
1528
545
1552
515
1184
356
753
734
343
1065
655
160
105
116
223
398
1896
897
509
1084
295
564
588
266
546
697
444
461
465
401
1047
849
330
1272
498
920
1136
672
1045
682
1654
665
1014
216
1270
263
677
428
1160
432
1527
712
1078
819
264
564
1245
594
1211
570
421
1741
744
528
310
1665
450
547
267
632
749
999
1870
965
857
1144
275
1175
1195
307
312
1032
520
1169
849
496
1379
2305
2259
1296
810
838
503
750
496
859
1336
350
325
384
1284
313
1076
288
957
1065
459
523
207
389
487
486
1070
1021
112
418
460
1236
767
1800
800
1190
696
710
496
398
965
823
924
1812
988
1030
231
1313
325
341
300
1135
293
565
436
1257
224
505
1028
222
1309
1477
956
528
272
983
655
1528
537
682
908
428
272
431
165
646
221
1187
1001
198
209
889
1519
629
1286
287
1045
262
330
1630
620
457
406
426
762
182
340
2393
1546
559
212
203
296
117
1290
578
852
219
239
629
1181
653
168
347
1099
896
800
946
752
819
324
1045
488
1767
817
295
711
174
230
624
201
1365
338
340
581
631
270
385
251
266
484
907
591
716
799
1018
279
268
1414
524
338
1070
207
973
367
409
803
474
1028
670
481
618
1308
347
1147
632
293
822
628
1151
1505
542
826
681
745
1582
1099
720
1192
577
1251
1218
635
2356
1359
1956
957
576
530
251
196
788
686
670
260
450
722
181
284
1120
794
678
382
560
359
957
1168
243
748
445
917
295
2289
1265
242
314
584
1782
1333
499
1105
1302
844
1209
1359
2366
1383
810
792
204
1648
2127
1715
738
661
1312
630
213
250
327
363
630
483
1221
1066
577
1090
782
361
924
568
690
836
1092
1252
282
873
617
1171
659
592
239
708
275
541
638
741
376
688
801
501
968
309
198
1023
220
365
1609
932
459
625
1286
396
569
384
843
1090
252
1277
516
275
1629
667
1193
396
410
727
1900
2577
1581
1584
3064
2053
1042
3139
3878
2872
1854
1355
817
1503
779
874
611
137
887
635
681
1877
882
337
581
214
934
914
419
850
710
360
1185
739
429
343
183
287
208
1142
220
330
289
487
850
309
511
830
678
927
307
791
273
324
250
367
293
332
109
552
698
1481
924
337
802
433
129
901
579
1111
526
1728
1023
253
817
1068
215
493
258
1145
317
599
974
605
435
851
621
619
947
498
756
655
800
1095
455
793
338
868
499
1007
360
1286
896
324
634
320
1110
213
1192
379
347
381
447
1034
281
126
481
572
1597
1021
750
584
855
943
728
1096
200
275
178
519
434
1473
534
517
1173
403
359
310
1435
533
487
251
603
1297
788
611
1293
1617
439
1089
1217
344
308
471
387
1100
422
826
406
1149
203
473
297
877
1508
723
522
301
1261
387
258
1091
1101
767
369
1248
847
668
621
752
1117
1164
377
1113
461
607
1169
1489
733
721
1669
655
601
1347
344
1656
696
1012
290
300
1066
870
831
838
386
380
986
511
491
571
807
1396
714
757
323
755
1715
745
889
746
774
1124
262
862
394
670
1272
446
876
333
660
530
687
1089
463
366
266
1254
256
1158
266
1264
602
660
605
873
518
1286
790
878
729
531
1114
278
610
861
1560
665
1257
438
644
885
232
833
1882
1279
1328
991
728
591
446
577
158
693
1073
516
967
1730
483
1215
512
591
737
625
1002
504
448
310
1137
204
299
209
216
259
1096
476
670
815
817
272
484
820
1100
682
265
531
255
830
584
346
2052
1220
611
979
573
654
1393
1480
1109
627
2064
1601
593
739
591
265
1334
1085
1341
356
676
1348
334
557
929
1084
928
1970
970
518
1026
606
477
984
321
1266
722
480
1130
522
2419
1440
1116
269
1056
475
651
407
500
769
912
359
814
1615
1171
1429
594
357
637
375
856
329
640
452
2048
1351
873
1062
504
1115
1277
1727
752
917
748
289
1360
936
1061
1014
1116
549
376
586
737
313
413
438
374
985
725
465
226
983
517
364
283
101
504
2055
1232
1132
1618
636
451
390
708
862
2286
1288
289
583
1301
426
641
400
615
931
279
1807
778
473
1421
1851
1986
1001
1725
1668
1023
586
975
531
900
681
628
470
604
872
405
297
604
599
204
2018
1118
1547
1457
475
956
1028
1323
720
1733
2259
1283
1647
3458
2452
1715
1252
3034
2986
2427
1960
1154
235
225
233
309
683
1058
979
513
804
1186
297
806
271
875
763
1004
1067
1265
1162
693
392
555
242
420
727
2089
1527
538
556
641
1186
1737
1886
1894
1389
920
446
297
438
838
391
352
1017
364
217
937
407
455
1335
345
360
645
381
286
396
1220
1120
950
492
1060
210
276
560
361
1006
777
437
1364
1050
209
1316
377
451
432
794
866
641
230
323
459
419
467
923
219
353
776
473
1192
492
532
1081
126
560
1255
866
973
870
835
1475
1729
728
967
527
2189
1407
420
1486
1626
1336
786
555
1061
206
2086
1077
651
1022
659
701
742
789
1461
623
462
875
790
587
439
414
1831
838
350
673
563
381
518
230
893
1191
1418
848
682
447
384
293
898
398
547
574
1146
532
1468
624
871
479
737
727
808
1387
627
376
302
511
589
1260
260
611
856
1346
1429
1049
337
1244
1091
681
568
369
518
1063
814
287
489
887
570
218
478
443
134
1264
632
589
1173
303
1305
1395
384
952
377
247
629
765
500
663
247
546
674
177
465
449
742
2445
1458
461
520
1576
2427
2076
1496
825
693
380
943
2584
2325
2201
1215
718
1065
493
550
871
1217
780
1128
1250
392
1317
546
1124
909
783
1291
597
742
1041
1308
1525
1283
447
540
1094
355
1100
512
326
601
1038
662
1370
629
582
544
490
599
318
255
638
830
920
1914
1524
797
247
1443
463
2092
1155
1899
911
1588
823
480
1909
876
1556
906
923
1169
977
979
302
398
902
415
1909
2233
1203
1504
627
541
885
645
1641
443
879
885
1524
602
1797
1687
672
927
263
1517
2339
3973
2975
1956
1675
1994
2008
1943
2075
1080
836
931
736
767
384
343
630
1033
323
1277
252
1318
293
473
397
635
684
738
265
702
390
938
152
1436
515
966
277
1084
439
1115
763
1226
434
528
1343
1072
893
470
782
2338
2748
2742
1741
1411
416
991
366
1528
619
525
641
399
2126
1780
1228
1769
1360
938
666
926
961
1755
833
263
337
1313
288
651
957
301
1370
507
320
1555
574
796
698
653
760
935
1411
1499
551
707
1474
1121
973
387
1933
932
1425
1384
1496
347
1402
1612
743
1149
884
395
437
686
949
374
458
1271
745
1153
371
330
954
752
996
1400
1157
1157
635
730
625
1092
515
980
1069
609
405
636
2020
1078
215
498
671
726
899
620
860
793
361
693
1184
347
548
499
1084
593
910
687
646
1587
543
1229
364
288
899
429
1851
681
252
984
785
379
366
848
840
1200
539
532
1545
1236
535
1005
1149
853
856
391
391
692
1657
1260
1230
694
547
480
663
1612
627
299
955
1103
1892
1352
437
591
714
383
870
682
456
1304
758
1274
353
496
435
686
1058
589
1067
263
269
280
520
875
1533
1393
362
370
1444
409
1250
386
817
676
895
1073
1054
1308
518
558
686
778
248
472
639
301
194
1011
489
564
248
784
453
1192
730
311
1313
1072
767
617
1437
639
1374
383
951
622
1986
1447
1452
588
547
613
968
438
448
348
869
249
811
1086
1068
1434
1642
2876
1869
1302
993
1028
1221
536
1345
924
488
1067
317
429
463
639
979
679
2034
1506
523
532
425
862
679
322
686
425
1840
826
683
418
1114
707
443
590
401
474
737
1565
616
450
665
679
358
695
393
784
391
996
541
1432
509
877
1350
370
781
1577
1142
1283
858
1036
1938
2908
1930
2025
1410
724
265
532
407
1581
1330
1506
741
849
328
268
742
924
252
1046
812
756
1352
827
1885
1658
1268
691
1295
1345
1568
1380
694
1980
1621
601
1090
232
1449
445
334
1266
289
580
941
1602
1746
1248
228
365
1131
710
458
1241
1103
1270
269
389
347
492
677
318
1032
761
935
395
677
1385
386
717
249
453
293
221
1561
590
358
793
994
760
1369
945
631
483
3207
2951
1954
904
804
1849
2604
1752
2318
2667
2885
2260
2335
2148
3421
2414
2468
1575
938
908
666
943
820
1424
1691
688
2180
1182
1119
489
1682
1503
1372
959
2144
2082
1099
784
1193
600
565
852
476
525
668
563
564
786
971
628
676
713
381
328
755
445
367
449
657
640
672
2445
1586
911
439
458
687
332
1001
361
1120
867
531
362
366
1889
888
257
1472
486
883
663
724
772
1633
1220
582
1506
462
896
1146
637
1226
1083
1410
859
1231
719
427
647
307
768
297
209
204
555
197
1617
1163
812
2257
1596
1078
655
1427
1430
885
438
1151
946
2019
1538
1643
1192
807
848
925
438
887
1402
771
1197
1177
555
1030
275
738
368
1738
738
1012
486
817
1660
695
522
688
1447
480
518
1441
437
1150
335
1134
324
631
837
290
509
298
1931
1729
1402
1106
485
1317
1297
290
1014
806
617
1978
1876
1593
3492
3383
2386
1773
1072
122
960
787
288
2066
1431
431
1785
1692
1377
1249
287
2751
1793
2166
1153
703
374
1079
1206
226
653
849
654
1074
572
697
519
1058
201
693
977
297
529
631
1006
1309
308
444
547
1205
232
1130
670
1021
220
1496
498
1315
497
1328
330
575
301
439
376
498
522
2180
1904
926
85
176
1398
2214
1221
237
363
632
440
447
610
347
222
1381
978
494
1240
1278
2382
3089
2515
2056
2092
1777
3140
1990
2396
3228
2439
1439
1838
832
310
446
668
834
968
764
439
1178
1129
1080
390
910
1034
230
447
223
1057
275
371
973
504
1144
529
1258
755
622
330
1512
663
510
1395
530
860
606
397
1075
686
2787
1769
5594
4629
3744
2716
1755
766
1354
376
2592
3141
2142
3642
3198
2713
1690
939
279
3192
2168
1219
1650
623
1009
3767
5351
10668
18490
17461
17526
16536
15527
14522
13556
12571
11540
15067
14068
13069
12070
11052
10103
9152
8124
7150
6150
5229
7886
6970
6146
5109
4116
5545
4689
3823
2824
3569
2599
2022
1340
778
781
818
1354
1035
2421
1543
1283
1456
995
482
1108
918
299
1825
932
669
1351
509
1028
524
1665
1221
244
737
482
789
251
926
360
524
1117
214
408
578
341
739
825
980
614
639
1282
327
285
772
354
636
654
601
852
1000
266
1020
1380
2005
1717
1551
612
1409
665
1514
1956
1118
1063
786
639
623
1095
215
775
1392
928
613
398
885
2294
1417
1510
933
3042
3198
2020
1469
1219
1525
2177
1171
1137
1560
2602
1606
1609
603
1570
1779
1101
1430
986
1813
1781
1201
644
768
1169
2726
1738
740
1524
1100
395
522
1550
1306
1288
461
1193
1358
1118
569
534
1353
806
643
1342
677
1126
865
732
557
1478
505
847
360
968
1509
509
495
997
532
291
302
456
881
1527
699
543
345
463
707
1292
1263
251
451
315
1244
595
899
1121
1916
1685
2170
8905
8324
7706
6711
5711
4712
3707
2709
2050
1049
875
385
1615
455
1427
1328
1679
1488
462
1477
1326
470
1146
206
338
643
1245
464
302
921
1598
1098
625
460
462
581
2039
1040
543
517
949
631
864
261
608
541
389
158
878
1212
1922
957
1761
2975
2114
2446
1447
448
439
724
656
712
417
156
892
465
1046
1269
1431
1395
1530
1761
819
593
1297
470
234
863
487
323
393
1214
535
1065
1005
633
462
1402
579
1372
712
571
1160
618
663
1221
1237
204
189
1044
398
544
842
341
394
1130
488
1109
478
638
956
395
672
1313
705
737
2000
1004
1057
1613
1136
1406
1379
993
215
969
674
220
224
1026
455
628
1237
596
1266
1194
903
1123
628
495
1157
534
492
507
1368
393
1194
1078
2358
1360
359
476
1336
361
515
286
154
696
989
649
296
1790
790
387
337
928
550
551
1236
510
210
1019
620
317
1448
401
272
381
1264
435
276
636
352
1454
460
915
926
396
533
409
413
291
1216
359
1367
861
1362
376
484
322
1480
929
1651
718
1038
1137
370
416
490
455
337
709
2225
1216
592
318
365
1337
1852
1224
259
1123
320
864
789
1365
358
1520
567
498
394
655
764
638
464
683
1216
617
463
1650
758
504
852
569
461
1300
1134
756
690
1181
206
1030
624
687
1050
208
723
258
672
1512
734
3311
3116
2097
1140
3467
2487
1705
1963
2171
1287
575
605
323
840
491
470
289
568
345
802
907
500
430
1486
487
694
569
285
875
1131
1682
757
886
1292
1431
1329
311
857
479
1377
452
884
1084
309
701
706
1096
365
377
700
790
607
1015
229
353
868
1268
677
1051
212
375
743
748
537
792
1052
1220
1296
448
330
242
582
795
323
800
647
379
1087
511
2832
1861
1839
2651
1619
1461
444
1254
1221
475
1019
329
395
798
485
299
500
345
917
305
217
1023
1074
1179
1796
1210
2137
2301
3090
3030
2034
2065
1344
942
1779
1384
1016
1771
2455
4043
5543
4591
3592
2659
1662
718
1157
895
1561
1655
1343
2628
3373
2507
2202
2376
2104
2170
1784
1256
2100
1305
313
2240
1261
1811
2246
1269
804
1645
1391
392
1424
1680
690
1250
218
315
1181
204
1573
542
1112
652
1317
339
760
284
689
637
2060
1817
777
580
563
1489
544
803
823
1528
1879
1371
562
538
750
278
846
303
1778
833
1035
874
1745
2145
1508
1516
1835
2697
1688
2071
1808
1912
1672
1599
1518
1818
843
816
344
258
925
555
559
592
146
741
323
230
1040
338
529
897
711
449
187
201
786
940
486
958
332
636
1846
998
2288
1329
331
406
612
1105
494
609
784
740
659
1221
268
798
487
1568
1295
993
1667
637
1138
671
548
1414
2748
1708
3034
2027
1807
1938
2015
1253
419
289
520
538
1597
607
938
773
500
517
944
295
240
480
1663
933
1600
602
984
386
920
507
957
600
927
935
604
735
1429
932
430
1233
659
520
461
870
1789
1128
557
254
464
1562
563
1133
784
829
856
1036
330
454
652
916
413
501
1037
1363
852
1639
1259
256
588
1273
1187
791
353
925
1627
2155
2683
3645
2644
1633
1668
1548
539
1412
1337
531
551
308
676
972
199
647
1005
1516
560
214
440
516
352
634
770
865
1023
947
1716
2005
1076
1304
2254
3391
2958
2864
2436
1450
459
501
784
1191
1770
1601
586
1373
1738
1553
1123
2142
1512
1109
2705
1808
2032
1017
380
958
824
1092
635
277
800
333
1043
200
573
483
1388
408
954
734
196
1608
1684
745
1890
891
1235
842
386
373
1497
511
1331
313
513
2301
1279
580
1371
2708
1868
3125
3297
3408
2732
2723
1730
1273
758
260
497
426
201
509
1450
450
253
1540
925
820
421
862
956
1671
671
722
245
826
676
923
434
739
1192
373
234
748
217
847
865
856
779
300
356
1461
434
1643
642
411
662
689
362
368
1919
1223
252
442
1068
627
971
925
271
1183
471
402
1135
753
724
303
952
256
1326
1549
771
971
771
1461
1094
2596
1583
873
2378
1484
3311
3505
2497
1770
780
466
1066
577
173
2004
1046
1145
946
408
486
333
499
517
549
1618
451
1465
1663
688
433
327
721
838
1263
813
544
1021
2165
1328
360
529
906
395
565
1120
228
647
964
1086
2256
1323
1743
1542
503
479
297
1120
583
314
858
315
1350
904
1269
1132
383
1119
295
282
247
441
1173
519
671
710
790
402
426
852
471
1203
217
966
464
880
671
1951
764
1222
395
1022
347
1034
402
709
1672
1635
1502
470
1523
556
1445
479
1735
1416
561
638
1409
575
835
861
1623
619
1193
545
815
308
1158
1173
513
1084
955
628
1029
718
481
1081
280
1293
1320
1504
630
780
773
1089
881
1028
1406
1569
1242
667
2990
1989
2130
1526
1647
1636
650
1195
1899
2865
1950
1525
1231
802
1197
532
752
518
1209
1341
829
145
302
508
417
650
167
795
738
1196
597
252
591
646
1166
522
2224
1343
319
1377
1620
608
301
817
242
909
1608
1100
2351
1533
712
1881
2450
1431
2181
1177
893
447
967
571
340
287
1413
420
582
496
897
226
823
377
1109
987
291
1543
564
940
264
1402
513
1345
666
347
283
432
352
264
823
243
1343
368
354
1155
248
795
449
1148
206
1354
611
529
861
425
852
494
746
458
1446
1381
1134
636
535
897
475
693
1264
667
1384
3301
2293
1465
1078
792
1024
1457
809
923
1409
824
674
1007
290
1320
740
1508
939
492
885
1621
1787
789
309
1140
259
351
422
2422
1426
421
1426
376
574
1182
256
1863
1193
213
842
370
486
2290
1289
1235
451
930
884
345
504
958
887
933
816
345
373
1121
1028
759
1225
493
382
819
1370
1355
618
1170
288
277
1086
1471
1613
1333
349
305
554
1621
558
943
1265
463
381
1163
920
2100
1379
573
455
617
852
1353
1110
557
524
976
252
532
1082
570
3454
3859
2837
1838
839
819
696
2990
1993
789
346
2422
2608
1586
1690
1388
940
1017
494
1002
210
1623
1237
241
304
1471
760
1815
811
1119
1221
716
965
948
1077
1463
440
531
559
549
881
299
1111
289
527
1923
1240
704
376
435
537
341
310
905
1023
266
892
323
1122
438
489
1763
1397
483
430
951
837
252
1071
450
1112
566
1039
795
282
1119
1704
1486
478
516
1072
1184
297
1231
275
466
1270
1693
1097
833
1298
1161
661
279
334
734
367
705
717
852
552
1625
1189
1708
711
1292
294
1416
1315
450
430
856
1963
1684
838
443
1331
1126
255
1288
597
1352
934
839
813
1041
1494
1938
917
830
296
1054
1003
788
253
1092
242
1347
487
1086
212
346
1821
919
750
461
813
342
1526
762
1089
420
1074
1743
1306
908
587
1254
249
249
1270
1196
690
1497
1109
1340
1103
1330
1412
865
1587
2326
1326
364
677
216
1409
634
1213
233
1298
1116
473
548
1881
859
1932
1115
480
1337
1631
654
527
978
1627
469
771
292
2066
1054
711
761
388
252
673
1276
299
1149
783
974
641
465
2378
1598
2464
1569
605
1103
307
552
1394
1411
804
736
345
1987
857
355
610
561
626
649
710
1186
1140
1433
757
875
934
258
1102
1079
1148
1051
473
331
2116
1103
875
692
259
391
331
860
1227
534
950
370
148
1237
370
524
1978
996
677
1145
955
2346
1324
1026
1374
356
448
1694
679
396
916
324
400
776
987
888
816
1207
1732
1343
1195
556
1076
1128
1182
1204
1137
340
1411
731
1197
512
1145
576
460
1148
1283
2451
3593
4219
3231
2233
2307
1287
2136
1144
646
626
1120
828
497
735
896
1375
2136
1905
889
607
1366
714
694
618
1542
531
500
301
1544
558
283
798
253
628
821
377
814
413
2114
1105
2737
1746
1609
588
1658
2451
1271
987
973
1370
389
948
1134
153
769
1535
919
805
725
960
866
1276
1229
366
1040
1374
1347
1511
1101
742
707
660
1315
754
816
547
1403
1340
1505
638
2431
1407
558
676
1131
658
1030
1094
809
1040
372
478
525
609
1316
572
1007
1927
904
1071
215
1254
625
309
1467
1079
1509
257
1096
446
356
376
857
918
843
333
1449
628
540
1205
1514
1432
799
703
987
226
1007
272
637
794
529
379
1545
576
1094
1025
1976
995
210
453
548
659
393
1227
824
1657
2469
3074
4305
3303
2282
3468
2465
1449
3195
4688
3696
3624
2663
7127
6907
5885
5578
4522
3587
2549
1604
1544
1248
806
1821
1947
2997
2029
2063
1032
294
485
1198
2638
8743
7753
6755
5847
5220
4219
3698
2747
1742
857
773
446
2627
2744
2459
1462
505
1840
2614
1585
604
1349
867
785
1304
1494
1433
593
655
1951
1632
1404
1302
1608
1043
634
991
1425
1116
766
593
306
490
1172
272
1044
2007
989
204
2560
1544
574
1102
364
1009
1033
820
505
1312
1313
1108
419
775
648
646
277
535
603
645
704
1042
199
2286
1284
1430
1494
460
1472
776
612
385
459
1048
744
482
614
1288
1958
970
812
269
1203
564
1109
650
590
700
1294
2383
1361
366
1105
264
346
1828
2805
1829
2137
1545
1591
1546
929
650
221
605
1346
1011
790
217
476
693
741
840
918
1783
1323
1545
568
408
523
282
1237
401
491
648
390
724
430
513
1378
371
347
647
259
1228
491
1066
1068
604
1060
1109
783
2142
1209
950
382
728
959
1036
373
399
263
567
1420
962
308
3081
2170
1144
2319
1561
955
530
2061
1597
582
483
1034
954
1029
1762
2426
1957
971
579
318
514
560
346
1259
361
141
1273
310
888
1206
946
710
472
706
262
875
512
504
1225
2333
2228
1559
1378
1429
1828
780
1764
1220
1520
553
798
301
804
913
312
182
1096
1292
1148
949
437
556
271
436
675
1672
1193
921
1199
404
1575
896
548
893
913
784
255
122
1223
302
1378
461
392
1859
856
540
491
1671
693
928
391
727
176
1369
471
1474
516
605
482
685
1146
492
1288
1508
661
347
728
378
1698
699
740
477
832
451
397
725
628
1246
304
145
134
399
605
1781
785
578
723
291
1081
265
1324
316
556
587
302
1387
390
279
250
746
481
925
1399
424
528
1411
812
695
1299
633
881
1420
461
524
1390
376
1390
931
1866
3436
2449
2975
3724
3097
2084
1889
1731
1210
1225
977
2321
2008
1443
1310
1461
939
454
619
1355
1035
1311
318
219
1776
1161
838
1509
1069
425
381
693
319
1107
405
458
466
276
1357
362
576
1062
631
288
1699
1451
1166
1114
404
1360
845
847
1033
788
481
387
271
651
627
682
1402
599
249
880
707
929
854
491
506
837
885
512
1496
520
1969
992
637
1243
1043
550
679
380
537
1027
547
252
1023
430
625
1006
897
500
1802
799
1284
290
309
699
1145
347
476
1938
252
238
366
455
456
619
859
307
423
537
1087
217
1272
240
995
559
747
402
560
641
333
2193
1952
1795
815
1572
1979
997
1345
598
565
520
1337
320
904
407
1402
1478
1037
1041
972
536
742
1624
842
1220
805
740
1618
1318
1428
2819
1835
1326
1626
1051
1968
938
535
679
717
296
1295
1300
886
649
1662
752
1446
1638
672
353
718
533
339
349
771
774
1353
693
1453
2697
2201
3068
2087
1074
607
289
519
774
851
216
1159
1086
505
619
474
473
574
1349
359
1353
340
846
952
276
1589
623
804
879
256
1459
477
1106
359
734
832
869
507
906
704
348
468
1392
651
467
339
1557
891
270
445
1243
241
1169
363
595
862
415
853
1386
582
643
389
333
626
1382
424
461
510
582
1204
231
288
312
380
1239
278
1167
818
460
869
1030
712
1356
1122
550
1333
1315
1120
556
1111
206
599
964
312
543
302
434
1097
987
211
530
1027
543
1189
555
480
655
1571
941
481
738
330
2399
1377
1018
981
852
254
688
469
962
1564
591
608
264
930
823
694
1249
954
688
740
940
1097
327
587
643
548
465
1621
676
1302
426
983
382
1440
1078
416
951
562
1183
1081
613
968
639
305
294
569
1336
962
1360
515
721
489
743
1066
204
1117
319
849
1161
1014
1529
1871
887
791
400
1123
290
624
1572
579
184
2215
2519
1541
1101
1271
381
323
485
889
523
1233
296
771
454
812
293
502
2625
2653
1689
3055
3882
3980
3493
3863
3808
3552
3229
2208
1206
841
682
1747
2596
3192
2192
1792
2039
1900
1324
672
573
1031
507
762
1254
766
1452
499
1331
976
502
899
301
2035
1637
796
956
1376
1506
1794
812
783
402
383
423
672
1486
782
918
2074
1057
2029
1036
1272
443
819
391
1701
1626
1481
553
973
290
506
263
1397
767
258
662
219
2094
2028
1869
1226
1646
1320
1034
908
1133
1170
1222
1278
639
573
427
417
1038
1016
739
312
171
1166
275
836
906
460
517
1416
1327
531
1277
1074
655
977
869
700
746
299
1222
223
951
576
782
926
333
404
1019
363
452
552
1314
330
641
813
776
272
787
427
1280
290
491
461
4696
10442
9480
8452
7484
6452
5812
4848
3824
2874
1884
871
1204
1099
134
144
1373
1093
1822
1386
1661
1783
784
956
886
1278
1769
738
2575
1573
573
206
782
706
605
1804
818
672
310
279
568
345
1160
215
495
1450
625
710
736
2053
1608
1087
767
1556
1290
289
1791
790
433
638
539
476
611
687
300
474
1138
594
480
333
666
609
935
494
1329
1868
1326
1480
1203
1009
323
256
1812
649
258
316
706
341
1270
1311
1589
625
951
418
1327
610
383
349
446
1086
520
395
2116
1185
208
537
710
1104
1024
946
1234
553
486
2407
1511
1241
1307
274
2336
1346
371
1155
378
965
674
827
629
813
307
327
859
522
1331
609
727
352
1443
762
524
897
382
672
2358
1311
1632
2992
1994
1002
1032
377
274
685
765
2208
1193
566
711
1285
1000
1704
1201
572
809
828
892
868
1012
338
1271
421
251
789
646
1749
892
486
1790
793
842
401
1190
1145
507
421
1070
1362
1582
1356
459
1149
1481
705
486
601
1102
626
652
990
672
1168
1067
676
876
959
469
439
949
536
297
326
858
2170
1558
860
1509
529
1143
205
834
676
447
465
631
363
1338
652
1705
709
274
639
538
418
450
1204
489
562
344
609
279
1629
660
429
1287
504
490
634
919
558
1284
1609
985
687
1936
1471
964
1154
616
259
1009
361
1021
693
333
318
318
543
1542
1103
214
1010
491
386
674
608
756
257
494
950
1275
277
220
408
508
1656
827
505
613
1181
912
385
1145
350
899
1147
515
1307
853
948
1203
1318
461
3125
2300
1285
300
669
929
1212
655
440
694
1312
311
1173
1045
246
920
1180
237
1847
832
474
1384
385
727
325
1669
598
257
1734
1938
1079
474
484
741
806
1543
589
479
737
785
277
591
392
1074
1180
1185
1006
827
909
1288
1679
1342
718
1425
860
691
358
548
933
398
434
574
744
857
1606
1866
877
371
1089
446
1054
454
1297
364
364
491
1312
321
700
480
498
893
614
1605
627
566
310
1644
1769
748
920
1676
1323
2904
1892
1488
448
855
1619
939
818
1299
1053
1993
969
1262
531
1507
1487
653
559
1028
662
1364
668
476
982
593
980
876
1273
1290
1494
493
1041
967
422
614
666
652
1048
297
756
444
1243
416
701
548
722
684
1105
357
1317
338
762
1312
333
276
332
336
763
279
991
1013
653
1332
1271
976
1357
352
459
620
509
1405
1214
572
928
611
882
216
1170
607
399
615
396
1310
531
647
824
866
1122
1040
714
846
1353
711
1411
790
378
1229
223
984
1060
698
597
1510
788
480
1954
936
380
383
753
483
998
536
307
1066
214
1140
300
760
503
1141
507
1274
933
1956
1594
1694
703
687
635
501
531
283
742
408
506
631
456
1517
554
402
663
705
604
366
980
692
261
586
397
1038
224
736
667
918
418
1940
1131
1078
298
241
578
1091
762
698
709
337
1279
978
210
910
288
475
725
291
388
1065
636
287
694
444
604
844
1550
570
799
595
722
1414
716
299
860
516
820
757
713
888
1107
927
1377
1514
1261
1579
563
1069
854
590
1102
847
1536
706
587
623
259
413
301
542
114
961
1076
580
1529
1374
826
833
990
2420
2101
1100
1553
1017
1129
318
1036
1247
329
2306
2176
1215
568
1029
580
1073
836
359
844
345
687
1120
284
1512
1432
1058
549
529
1763
760
1497
632
259
974
1449
474
262
2111
1097
1703
1233
547
327
664
2276
1429
1763
802
926
139
873
356
311
1695
730
274
304
474
803
903
1438
1063
445
962
371
990
1685
1084
1146
899
330
596
2379
1792
823
3391
3113
2304
1597
731
1235
281
1172
222
493
267
814
1034
1014
390
774
671
334
1576
553
744
289
434
876
584
729
294
1172
1701
1697
1450
620
1023
1059
1199
646
1395
391
576
469
1228
1150
486
1640
682
887
869
599
632
627
602
1003
513
1345
313
1797
768
314
2016
1130
908
1012
1192
660
1133
523
315
941
521
1359
1258
959
510
535
326
459
826
1068
881
751
265
640
549
1101
223
2213
1184
1900
870
1210
627
352
375
534
936
980
306
997
615
889
265
1343
519
1759
1415
417
485
898
429
901
1105
269
1203
350
1421
628
775
730
445
1478
1021
789
302
583
622
309
850
840
631
540
515
187
464
1053
233
767
223
1128
609
2185
1148
271
281
1794
765
476
1333
1393
1754
768
3263
2825
2195
1221
231
186
660
671
1242
379
246
1159
327
372
361
783
1870
901
1051
1267
343
1088
689
877
1266
253
1202
883
523
1079
455
848
433
1846
872
1081
399
1246
792
1174
1157
1964
2214
1213
1473
475
753
1621
1077
1886
891
895
771
1077
1154
1132
413
1266
594
377
1111
962
335
966
675
244
433
1188
928
1079
1069
1106
1437
1318
412
509
700
643
789
651
598
227
623
629
861
1528
2748
6547
9327
12769
11791
10885
9922
9025
8045
7019
6057
5057
4836
6222
5225
4260
3323
3004
2004
1004
1039
1059
2125
1235
240
659
689
1417
421
1303
399
1422
423
271
1236
1853
853
579
862
464
905
1696
697
296
744
759
535
628
873
805
1389
665
2649
2237
3343
2369
2383
2590
1591
1170
625
795
859
900
675
1159
604
1397
1374
745
643
320
518
313
994
208
679
340
882
300
556
1165
1503
1113
578
1081
953
347
1550
531
418
462
590
2547
1829
1667
5848
9028
8024
7690
6660
5694
4679
3692
2890
1717
1011
2879
1881
1947
1596
1900
902
1066
2394
2327
1338
350
757
1085
917
1418
598
550
768
242
1517
1629
825
1777
780
571
1185
392
1373
670
1350
562
365
852
1355
355
718
697
858
1289
694
640
1319
1111
1930
811
285
1400
1169
453
567
636
312
955
655
1330
1340
400
985
670
1435
946
286
1431
1036
222
1258
256
310
961
305
784
1796
828
271
981
345
447
604
386
677
305
2112
1089
1086
454
675
620
290
756
786
257
1072
1158
395
1095
240
1374
660
274
849
559
1421
456
1137
613
703
883
399
1001
471
417
196
650
868
458
567
837
355
573
966
365
504
481
725
642
1644
785
1229
736
681
576
905
242
1323
851
375
1071
631
1757
1200
375
1004
1110
293
256
1668
825
384
1410
458
818
878
2024
845
403
770
957
740
357
1661
658
625
1636
829
557
2160
1162
349
256
366
1214
1600
621
1245
471
2296
1298
340
689
1152
843
375
1468
1952
830
445
1552
1188
640
347
780
808
317
879
1303
1061
432
977
856
724
789
589
1132
411
1076
1171
509
1436
436
778
1255
696
701
1355
353
560
1120
416
755
296
646
651
1608
638
260
1012
310
1182
2825
2655
1947
1931
1008
1179
1086
451
791
519
792
252
800
358
283
597
1083
1440
702
1066
2642
2310
2555
2339
2752
2591
2504
1483
2833
1854
2446
2394
1463
953
762
1853
854
1952
2032
2902
1963
1498
2302
2964
1952
2340
2561
2750
2683
1943
2222
2734
2410
2418
3330
2314
2699
1699
734
427
685
633
1498
679
538
1069
377
399
855
620
925
1181
1241
464
2649
2049
1054
362
823
705
653
689
614
588
1612
651
393
3120
2123
1311
306
1545
643
251
2431
1456
1323
309
462
1775
767
431
1399
362
364
1296
296
671
1632
632
2853
1678
1975
1734
2153
1111
945
1779
1148
1366
759
723
542
1142
821
1587
903
255
1259
258
1452
457
926
1418
1476
929
112
2083
1821
821
472
2905
2583
1758
1502
1120
921
901
872
376
552
509
523
601
724
451
391
1582
580
463
358
924
1167
309
2118
1094
1070
1066
233
246
362
636
308
1594
813
1435
1007
392
1097
227
869
580
925
898
239
1419
585
552
608
477
1241
627
533
982
1783
749
1148
357
977
2802
2789
2183
1763
851
1693
1145
1526
1283
1152
941
605
576
312
1403
3552
2557
1527
525
1211
1812
824
878
1390
1343
1115
1616
1082
1591
1111
1421
1240
640
515
495
1237
1538
655
2403
2380
1537
1254
1064
205
1130
1273
476
323
1236
322
731
706
922
1646
1283
261
360
1168
620
1511
517
541
1914
912
644
766
480
325
574
660
1723
720
968
2123
1775
810
1674
2272
1256
991
1287
1491
698
1042
1037
898
1061
692
1217
361
1588
598
1051
1063
1106
1715
723
1234
402
572
1159
1002
291
657
485
1178
531
831
515
280
727
562
1529
578
921
2544
1543
921
409
2332
1414
386
1424
565
2737
1758
1513
2029
3924
4004
3199
2302
1305
1098
306
1315
1255
1250
672
836
1806
810
483
353
666
2322
2190
1219
692
376
556
528
719
2143
1318
398
946
1108
1776
1868
1807
1141
271
1718
718
1006
1282
1512
737
916
424
887
220
809
338
501
1316
473
452
1199
266
459
1522
572
386
617
275
2050
1077
201
1207
1589
1151
1735
2970
2633
2268
1702
2039
1036
767
1861
914
3702
3300
2301
1298
273
1169
636
991
974
3017
2036
2239
1395
1289
1857
1348
2017
1387
1827
1624
2511
2830
2787
2603
3236
3344
2340
1820
2179
2394
1408
781
1148
1079
1397
1026
1063
1422
382
674
607
1445
444
365
1718
1386
391
1229
1206
286
665
753
566
379
1698
723
639
1347
560
753
304
813
468
704
839
256
1850
1774
756
718
727
1196
1898
895
318
280
1430
405
1210
282
1351
278
1610
637
410
867
459
1826
804
1062
738
1399
891
740
890
489
999
724
709
676
1174
1059
1516
547
1391
553
714
889
452
421
315
750
670
658
1145
312
837
764
1257
756
640
1887
886
503
615
1027
296
268
415
1227
248
615
345
850
375
2735
1713
1284
277
829
279
502
256
484
844
1966
984
695
1596
2319
1814
1173
349
352
396
1191
1467
497
440
2356
1380
394
1814
864
1290
1889
2902
2529
1541
1957
1678
1242
1388
944
4393
6333
5343
4348
3342
2362
2434
3601
2659
4789
3777
2780
1788
845
526
412
257
401
1001
681
1177
840
811
1064
198
1198
1510
610
926
413
757
497
346
1031
1160
241
396
1562
706
335
914
740
854
750
503
787
424
826
288
603
623
1131
199
294
1734
710
369
416
188
1601
1219
1415
1670
1515
1630
1496
980
450
1281
1471
445
468
1714
693
887
1093
1253
747
360
506
1524
990
399
590
522
1640
1450
1295
1171
1627
1725
868
588
2318
1690
1796
784
761
1630
1333
334
1755
731
366
1229
366
501
1328
468
2093
1546
904
1255
1066
685
612
1369
558
918
605
776
1006
1789
849
827
988
1372
388
301
1766
1506
485
522
411
1615
990
1191
974
825
273
262
612
634
497
204
265
254
290
886
380
632
1096
910
674
1553
903
944
1256
1131
530
556
1036
535
438
818
1949
1012
209
681
1229
291
456
558
1483
864
265
1399
1530
1206
1205
868
1115
733
982
1123
1341
294
807
425
2620
2061
1154
1596
583
647
776
1520
1330
835
414
866
431
1607
856
334
143
1217
308
599
632
1254
471
397
554
632
1066
1254
1386
977
1535
681
727
792
856
547
919
610
268
608
1256
2034
1621
589
775
306
1028
541
372
283
2326
648
677
265
1041
478
1154
1209
1379
904
467
163
789
491
2681
1905
1085
1031
466
1638
606
1336
1353
545
887
300
813
571
144
786
279
1556
717
1180
852
805
550
607
834
248
1655
2061
2272
1786
1327
875
1329
2081
1658
1185
862
766
907
361
598
1565
1066
556
966
495
1116
1693
1201
684
1880
1415
1002
1746
1304
1260
768
276
1699
1243
799
717
453
506
456
932
1133
1051
285
1321
509
493
2073
1052
717
401
1102
1579
1419
1126
315
1754
1042
681
398
1653
671
300
675
775
799
709
489
1253
1667
647
174
1898
957
347
493
618
471
3731
4486
7147
6177
5170
4149
9567
10437
9444
11302
10302
9378
8398
8320
7343
6341
8238
7411
6398
5415
4555
3540
7506
6505
5508
4508
3504
2504
4878
3877
2919
1878
907
394
1082
2273
1374
372
2026
1042
684
472
5043
4386
3365
5134
4137
3921
5440
4424
3467
2431
1469
2912
1900
912
1551
1190
1187
2352
1343
499
1011
362
168
871
732
306
707
1476
462
477
1141
1903
901
1701
2123
1528
2270
1660
1768
1423
1627
1177
896
834
1009
1718
1586
1223
1518
518
773
843
525
1779
768
1051
864
704
559
220
305
303
672
260
358
407
1095
220
453
234
264
528
480
150
226
458
664
711
1696
1023
581
604
133
1246
268
507
360
1467
793
647
633
424
682
312
428
226
492
787
256
673
256
208
1141
572
1080
1677
801
560
1186
1651
1238
734
1371
387
323
402
320
354
428
583
1095
837
314
338
477
152
789
1031
206
671
317
221
512
624
1050
735
900
216
1502
1498
1387
931
1083
848
642
619
341
1715
711
352
1201
1497
896
475
2983
1981
2998
1991
2403
1405
3068
2245
1214
1520
748
1229
1335
339
1350
312
400
517
613
751
1086
635
1177
1081
1065
1194
566
1427
1291
861
415
455
797
553
436
635
905
578
1131
477
1075
387
1059
2374
3270
2389
4143
3143
2141
2565
1557
1137
844
1886
2842
1845
2016
1340
1897
2556
1554
1407
1685
1067
1077
1623
1081
1947
1158
2330
1331
2201
2513
2332
2164
4953
3954
2954
1953
4303
3282
2292
4569
3570
2596
2445
1469
1452
452
909
341
1242
366
771
706
532
246
157
300
635
868
463
267
962
338
2307
2294
1394
396
359
895
568
642
2634
2095
1049
1258
2593
1979
1671
1122
277
464
2652
1669
1332
411
714
577
897
1069
489
956
564
482
1081
1136
592
542
852
605
506
504
680
670
576
759
1522
527
851
722
479
862
905
323
745
521
1650
663
253
501
619
1130
419
390
339
589
1145
454
472
1319
283
1910
871
606
1088
240
469
605
1554
1364
1745
745
1689
1585
1380
2992
1991
1475
1933
2289
1695
500
454
649
941
610
539
690
948
249
1036
224
223
579
693
243
470
1645
646
1462
586
1361
702
1110
259
331
651
421
371
1031
700
484
282
1501
503
1061
305
988
2901
4197
3196
2183
1198
2844
1950
951
270
597
542
123
303
1469
485
2338
1436
466
981
1268
401
582
781
248
539
841
3126
2327
1300
1310
1676
661
961
817
871
965
215
1123
248
2456
1464
451
407
274
383
699
1156
1141
1083
432
436
2325
1310
446
1145
386
1462
612
722
1355
513
323
1223
725
1118
328
275
151
445
190
2067
1086
623
395
226
1494
472
1607
1284
730
1198
581
1282
1562
579
650
638
959
635
305
1756
772
258
1007
309
525
705
503
474
818
399
919
639
632
471
381
352
434
629
328
556
471
1407
561
521
441
287
234
1084
264
1002
503
481
666
256
488
899
931
808
1420
1082
239
458
1248
416
458
622
609
1086
447
874
850
1989
1722
1384
1342
1141
2690
2482
1706
1752
1374
1507
2100
1096
913
1875
2024
1622
1558
655
1230
1228
1521
1913
1379
830
373
646
1017
205
617
925
588
747
1606
2111
1828
955
587
210
473
1646
609
258
710
776
1090
269
731
397
659
2258
1272
722
1084
738
413
955
221
439
879
679
564
580
445
884
1514
586
638
1589
373
323
1272
1188
657
1099
1399
617
603
637
330
1085
2242
2309
2191
1192
1706
2202
3545
3346
2331
1350
751
1097
1388
671
844
1437
925
256
712
468
720
325
1390
548
1194
1048
415
341
392
382
2118
1408
427
830
391
685
703
862
1024
229
928
886
381
447
459
1060
251
1254
328
746
270
176
561
742
1197
1070
1254
388
1433
447
1280
888
436
371
930
742
920
498
1146
273
675
1209
283
1326
1353
538
1218
218
515
748
562
453
237
552
644
620
949
1040
419
440
770
1017
214
818
393
1976
979
1479
499
692
857
216
1139
296
569
809
1700
1322
462
350
518
367
1048
1631
803
1189
228
472
317
294
784
947
1035
1307
308
1061
465
1437
570
732
1118
385
370
780
709
1496
611
543
828
610
864
806
647
1428
591
222
1267
298
717
659
618
1619
1175
1061
789
384
606
1139
1973
1086
844
868
1229
1696
1210
700
783
1312
572
635
1358
1118
1277
1173
550
629
1614
2269
1285
1724
762
1226
461
607
689
606
2185
1844
2073
1088
1056
674
447
1368
411
1394
420
391
499
1206
419
1104
874
1287
903
1335
1186
398
448
400
452
851
648
941
2295
1794
809
374
872
404
1068
805
914
690
589
320
361
1211
801
149
1118
588
751
218
2565
1581
145
1266
784
580
857
259
891
707
364
208
725
392
589
1196
862
415
266
1071
631
269
722
861
262
1035
269
730
577
652
374
729
608
1562
750
819
206
1170
702
449
453
700
1360
360
473
270
1030
215
1054
1516
1007
741
1287
1275
420
3294
2248
3075
2123
1590
1740
1490
1542
1072
836
1318
1650
1607
893
419
164
399
964
666
1000
551
1073
1512
1444
506
408
1140
1680
681
1502
765
561
665
1561
603
1106
308
1373
371
516
341
1354
965
1670
730
1092
751
1701
768
268
869
339
708
638
355
1216
960
1300
1118
683
493
738
1375
993
519
1552
2001
969
1691
2490
1503
2489
1661
2121
1122
1310
1780
912
2174
1170
1397
1032
1020
848
1606
956
1763
762
1611
851
228
427
211
864
495
290
481
606
570
591
731
443
993
172
1891
940
548
1472
1690
708
1312
310
1324
1196
452
580
798
967
357
140
340
313
130
1071
1113
238
319
332
499
1972
1084
454
701
1456
634
476
1067
284
646
280
412
1199
596
987
713
1599
1557
962
711
281
447
327
1284
586
695
512
305
436
507
327
887
231
371
378
1368
1441
845
919
1201
828
394
929
1314
901
870
809
786
1078
275
546
748
345
1174
1229
686
1217
1468
1020
1053
1271
410
1343
689
1088
1262
1003
831
1206
961
706
492
422
1088
438
692
319
324
788
919
1341
1836
855
1408
390
258
463
206
206
714
1482
521
232
300
1635
636
1016
212
327
1027
209
1030
368
1474
474
564
1864
2091
1058
1257
852
789
1429
1918
1023
1156
985
424
673
244
510
472
384
383
601
317
128
1203
293
553
459
1439
439
436
442
1113
901
674
1525
572
593
801
1239
711
1391
391
734
402
436
1387
1433
1311
596
475
940
616
2076
1079
2239
2013
1305
952
1184
271
340
532
1768
867
484
1233
332
306
1404
857
1987
1674
674
1329
1390
1257
1208
1399
1116
1149
828
637
1430
435
1596
626
1381
1151
485
575
1585
597
1349
363
1550
1467
443
1214
1003
780
322
1071
242
615
1027
806
726
1241
779
438
1095
1515
1576
868
1235
917
541
280
610
927
882
1940
1231
1369
1848
848
665
740
187
726
409
271
567
1777
780
435
353
537
1524
528
603
530
1110
586
324
1435
1786
760
909
1208
556
1004
398
484
564
967
1843
1559
1623
1477
624
1015
210
769
268
427
541
149
328
437
656
935
402
2629
1654
1363
1385
1375
375
378
1040
449
1042
544
720
1360
1233
2593
2152
3434
2424
2574
1561
1488
1012
721
373
420
565
393
886
517
250
313
848
559
773
523
891
265
1559
930
481
1503
378
131
152
1007
336
752
707
3624
3324
2882
1885
1960
1670
1639
1126
486
987
331
506
380
1292
457
731
396
305
1024
593
877
629
434
397
621
691
275
292
554
832
1403
952
556
1044
549
506
564
628
1221
268
878
967
353
1184
655
814
742
641
174
2081
1135
479
1006
408
450
716
373
436
733
183
1045
639
764
1365
965
1103
462
454
1079
928
1644
2811
1822
781
411
490
1429
436
1058
903
159
1227
542
485
382
635
1019
478
676
276
2201
1221
807
713
919
464
2131
1129
1318
1400
415
995
315
1312
337
398
434
705
407
229
460
326
343
422
574
395
1217
395
516
512
351
223
107
234
1420
426
941
1485
484
1065
1014
878
674
569
1272
1620
1489
525
496
439
624
329
383
942
267
651
1480
608
840
591
813
322
1203
1054
369
1088
918
889
1976
2568
1861
1218
899
1387
379
803
277
1057
492
1277
891
389
480
1698
1306
1306
1134
680
998
215
1716
1822
822
1048
611
530
1359
371
506
1035
328
1117
959
391
510
534
544
454
485
695
1670
674
845
939
739
1201
368
1117
1305
560
292
299
1145
343
695
294
252
1482
509
256
272
679
316
292
1248
248
1506
2114
1200
1295
599
872
600
1189
779
476
679
325
227
455
286
966
1184
345
1073
563
888
1353
684
1316
1038
783
428
467
522
660
1479
903
998
1398
1528
513
1273
1232
1176
960
761
358
291
340
816
943
542
807
660
749
875
386
1261
380
1108
463
539
224
618
499
698
940
252
1230
1261
960
1314
661
536
668
309
1023
1312
1264
844
1313
1128
1006
324
1861
847
524
287
634
865
402
1487
612
760
1368
887
324
461
987
347
266
757
319
1437
1175
1150
604
1651
1544
757
782
2418
3576
2579
3600
4043
3044
3366
3645
2648
3087
4774
4174
3216
2178
1184
2823
1801
1300
1251
1124
353
1333
795
825
557
956
699
310
1618
1286
1280
485
937
347
1002
1605
951
1040
903
1545
960
311
1054
207
523
417
529
1844
822
526
430
952
1086
1258
651
1243
641
356
1106
1047
271
880
275
548
331
1478
501
549
415
991
608
390
849
1640
736
219
1252
252
400
1150
383
1190
421
1167
275
254
272
1212
567
495
284
686
1319
984
1025
1595
1039
3536
2540
2272
2295
1424
1464
487
1866
849
949
757
555
772
668
536
992
1799
1442
2020
1075
907
1040
441
288
728
413
667
367
594
628
1498
1571
921
604
1316
374
478
1478
1312
656
1034
1170
755
496
1048
588
1043
365
1214
1570
1397
388
995
349
1163
259
802
706
532
566
710
479
2633
1666
1000
504
380
1308
677
957
661
721
1597
702
1488
817
1783
1115
283
1813
847
266
1203
645
1026
1669
1247
923
1132
524
347
375
614
703
1044
211
748
891
729
520
642
245
184
858
349
660
472
431
1241
291
257
642
1184
753
349
1107
436
1276
492
981
977
1240
276
355
266
1308
838
563
693
398
1929
1245
630
515
1281
1869
997
1962
2942
3952
2954
1932
1225
1172
288
1134
1161
373
1116
457
1379
405
325
2056
1106
1149
616
791
716
453
1252
1539
1676
1571
569
1065
325
357
565
1743
1319
355
453
391
630
613
322
215
630
557
511
847
337
694
258
364
659
805
180
916
268
1377
375
1350
446
1170
256
338
352
634
514
943
951
1790
783
688
568
2060
2574
2251
2771
2087
1262
771
608
1817
924
1688
2067
1097
1209
380
133
1356
1172
1389
1197
220
761
451
879
1194
895
401
1055
528
913
249
711
1216
523
763
869
1804
809
676
667
740
394
387
747
350
1226
936
423
260
583
1707
702
1211
1519
578
345
1399
428
689
364
204
1052
845
395
715
333
457
1583
669
1191
207
1148
223
144
185
263
1342
473
367
2074
1063
640
634
1218
974
649
522
1136
1180
580
1168
242
555
1241
1082
1364
701
1062
637
690
452
324
476
594
470
495
436
918
424
403
778
1102
1277
1176
723
616
2411
2539
1525
759
3239
2235
1882
882
2065
1686
707
278
406
1450
1340
808
1173
263
395
223
499
381
1653
653
1877
877
1819
1165
965
390
295
346
579
292
333
1303
319
1691
690
422
1523
1996
3409
2210
1411
1991
1453
1106
781
2420
2005
2011
1664
661
1163
817
597
619
799
2259
1275
1283
468
1709
735
626
1082
1460
1223
313
573
401
797
407
1003
486
1029
389
1195
625
520
1271
274
1498
498
1358
359
1585
2353
1373
1190
958
245
1016
1418
426
615
1700
1560
560
600
1991
989
313
586
1597
1058
1558
613
1516
1434
468
2119
1266
605
733
2294
1278
695
1808
1110
575
504
838
519
1469
1135
238
1643
648
849
915
1238
1339
1679
1236
527
1410
417
1068
551
862
333
2389
1408
727
296
3058
2060
1062
832
1126
207
285
712
1102
426
1273
273
1035
327
369
331
820
201
1064
648
511
521
633
543
1143
332
1101
534
643
1963
1790
849
819
594
657
256
313
1760
782
1336
2462
1496
882
1197
383
951
629
246
1158
227
462
1476
648
793
1000
1095
482
422
851
1105
1021
544
396
584
769
599
620
739
96
136
1023
1365
738
746
1043
1438
1080
702
2128
2573
2787
2684
1511
667
1246
641
351
1108
203
183
277
386
2524
1525
1150
994
246
334
265
176
358
1187
552
366
1122
370
2012
1377
397
1294
1053
902
1037
958
437
656
857
714
1084
509
784
585
558
1029
2862
1935
1243
499
429
196
1168
353
1013
715
746
258
919
481
1343
352
1633
1042
215
1357
1832
1029
216
657
431
1045
365
456
285
359
237
1735
753
247
1008
1642
650
607
1685
678
505
466
1438
952
641
441
546
814
384
809
584
433
1028
329
221
704
694
595
747
322
1203
186
419
784
1675
670
758
802
882
314
1084
1270
414
1419
485
1715
757
1222
5825
4825
3923
4857
6122
7497
6526
5480
4534
4577
5300
4322
3288
4364
4620
3729
3880
2856
2870
2016
1027
2713
1694
1367
1105
366
1190
1452
562
457
353
273
996
702
658
961
484
770
546
825
1043
2026
1027
1226
242
1804
808
668
986
335
892
322
953
401
397
789
953
704
694
908
897
659
955
487
261
301
773
271
1267
1361
511
435
532
1123
1245
1334
1494
1180
436
1274
691
904
489
298
1047
529
1182
822
624
860
1073
594
258
751
1378
378
797
566
230
1044
237
1765
812
665
254
1047
1043
1554
717
1195
472
1093
275
1266
800
427
1471
1937
1338
1299
532
1445
446
448
552
374
963
1822
2166
1440
408
452
1540
1149
687
466
304
545
1175
667
1314
753
535
1416
436
381
921
493
461
1006
1496
480
908
724
1108
1053
453
1327
308
493
683
436
452
637
1495
595
1082
935
531
1240
385
766
151
1363
315
796
453
659
752
742
943
1085
628
482
245
986
596
1008
1130
497
753
292
882
872
323
1748
745
274
301
581
803
1373
918
1244
846
1039
441
302
1254
576
865
505
218
964
338
689
1728
733
514
1299
464
638
255
597
935
946
954
585
490
363
511
1163
375
979
792
631
603
1129
1236
236
473
1402
594
2089
1108
955
225
2236
1238
512
589
694
710
1300
1032
926
625
689
1346
346
807
584
1041
1005
816
626
1349
839
203
773
252
966
304
286
1084
655
1429
395
885
739
300
588
298
807
738
415
408
859
264
592
807
1409
2307
1282
2232
3130
2194
2534
2024
1080
371
461
851
390
925
242
633
728
238
241
2058
1124
331
806
1319
555
688
414
142
227
573
437
640
1247
248
1156
205
484
887
929
375
491
677
443
1051
1321
1676
675
341
567
758
1560
1223
383
930
313
361
692
984
934
1493
493
487
1172
280
476
1258
389
879
284
915
494
723
1174
390
1038
779
1262
256
384
375
282
331
292
262
1246
254
265
417
86
1212
908
1084
736
262
631
287
871
411
270
267
2209
571
714
171
359
724
1420
407
287
369
951
278
853
339
296
955
323
671
1004
304
1343
344
2185
1182
409
1371
413
402
900
1064
200
548
709
1359
712
1239
222
615
1494
1593
1313
2208
3228
2314
2202
1637
1528
927
1108
1301
337
452
894
1061
1457
1818
846
659
1631
689
2257
1245
1187
1436
954
1211
1423
421
438
493
902
588
1455
850
625
1174
1329
903
1105
347
453
1530
759
1052
378
1055
519
301
619
305
943
1607
599
410
312
1854
827
1015
1553
575
330
699
718
1293
806
1019
1022
279
1562
350
977
589
438
744
634
302
832
1068
927
2061
2356
1521
524
450
406
1045
337
948
226
454
492
632
1111
772
153
219
2016
1098
442
1369
603
1682
1524
527
492
607
106
724
747
356
696
846
883
679
804
614
1434
451
848
546
266
1211
1072
505
661
240
221
1458
1478
562
1282
372
1699
707
1434
1144
475
1053
528
738
1275
633
1098
907
311
1436
487
515
2521
1497
750
353
1377
1049
302
952
1119
1323
1375
1419
644
1361
849
220
637
1674
1662
1365
970
1090
952
1252
1666
1518
1070
1149
924
716
1410
812
421
300
1335
338
536
778
904
296
932
298
1367
350
779
339
734
282
1077
268
647
305
719
628
1159
1448
561
1300
637
530
396
364
608
547
372
324
960
300
617
684
812
1052
467
320
1560
915
822
716
290
1242
448
345
2368
1366
392
707
1161
246
801
602
777
736
597
661
693
316
534
1266
996
209
1196
951
298
245
659
936
845
956
648
962
911
938
1189
959
1386
1782
2279
1958
1018
667
2022
1512
616
261
747
242
1730
696
570
1404
408
445
2039
1057
1335
788
608
975
924
1432
2037
1316
1370
1098
1402
1025
729
542
975
614
831
433
487
663
201
399
678
850
1146
209
724
747
886
271
2187
1198
2185
1218
457
1437
5785
4764
4122
3441
3318
2334
1321
572
1005
1740
1637
1572
2097
2173
1175
1039
427
811
479
760
696
988
504
517
849
445
1720
738
1159
235
565
320
673
1892
881
1091
893
498
1394
1044
1845
930
524
1065
692
1946
944
1303
1408
1349
1214
641
467
299
367
569
955
919
1466
1161
521
398
671
808
227
524
571
722
493
265
639
1143
995
878
1476
735
1238
1048
1232
378
838
1211
596
1364
644
486
820
1096
373
285
2849
2221
975
229
620
943
1375
418
1141
1058
895
378
915
1691
1446
439
1035
416
1578
1303
320
1591
754
1020
215
254
1210
580
1130
608
796
136
1071
836
414
727
599
231
316
345
814
1380
2826
2417
1972
960
1436
1799
2170
1468
1911
1222
1480
1202
758
1931
3453
2599
1833
820
503
1551
1285
1054
1250
1199
1457
1539
727
1254
1057
1345
343
1232
261
3032
2034
1030
1464
461
1638
639
2635
1633
634
1338
1186
1094
486
341
426
1356
454
1265
266
926
656
1125
456
266
452
896
293
1610
1713
680
231
759
363
450
461
729
1624
626
419
534
384
433
1727
729
2162
1184
948
601
484
604
1281
453
743
286
550
1052
553
1256
277
742
967
754
1492
989
667
1133
599
1080
837
343
690
1388
1191
599
843
1045
632
1287
909
346
690
1323
816
270
2739
3431
2601
1812
1440
732
1415
1605
609
3037
2036
1919
919
2288
2172
1762
2341
1584
583
2521
3329
2422
1405
1672
1448
430
271
550
393
1138
795
1089
841
811
663
329
542
757
1223
573
1640
637
461
422
1250
1435
468
595
1182
401
989
281
3146
2607
1614
628
420
1190
1015
1933
1226
379
958
335
1165
992
1138
505
1960
1527
519
1243
853
752
1171
214
826
1450
1099
257
1059
528
1035
847
363
2041
1043
594
511
259
221
1664
878
221
571
474
505
661
455
1724
1470
1181
998
637
902
651
782
896
1081
786
769
589
490
1139
549
334
751
1458
1104
2272
2275
1130
292
836
1090
1607
1496
1447
444
560
397
868
541
1333
780
970
1750
2241
2196
1403
835
403
1044
1430
1341
343
658
1126
430
586
709
543
1105
886
1118
614
417
1257
529
660
740
658
208
925
1265
1326
1100
250
579
866
708
331
1182
1107
1591
995
541
813
3313
2313
1371
1148
342
2119
1297
1070
424
1277
639
875
289
366
1567
1348
321
427
1089
266
1088
1750
811
695
1610
1201
923
1288
1560
896
548
606
1251
1350
783
318
818
343
482
386
1176
334
737
1007
211
1012
718
342
558
603
305
1358
1475
590
1059
555
886
2155
2151
1470
1226
296
315
974
721
575
1434
2095
1294
1292
1393
1286
287
936
520
220
264
729
340
1165
848
549
519
1378
1056
1750
753
360
477
1044
1142
1257
1175
553
1230
1006
487
612
720
1175
555
946
580
246
708
224
253
1395
1149
3024
3087
2132
2578
4725
3726
2726
2608
1605
1421
585
464
2420
2280
1288
2741
2042
1886
2305
2678
2443
2161
2713
2708
1676
1225
1965
2011
2937
1934
2200
1530
556
547
6503
6476
5510
6121
6900
5899
7339
7550
6538
5546
6853
5843
4844
4987
4309
3355
2358
1520
696
1572
2105
1582
605
369
627
1067
253
939
1997
1101
1515
1006
218
562
1026
336
241
655
884
1078
1120
340
352
589
1334
1525
1142
219
221
272
219
308
297
971
872
1070
236
1062
257
1225
275
986
271
185
937
371
440
2290
1554
568
440
2047
431
1157
821
275
895
364
466
1648
845
300
671
793
2913
1932
2154
1674
1706
2261
1773
2926
2064
1889
964
260
864
648
868
2012
1333
832
1256
270
1226
997
1559
1002
243
678
326
1050
450
438
1160
606
1484
474
475
1268
257
853
506
1151
460
652
617
255
173
307
119
1679
712
370
250
3414
2435
1477
467
318
3135
1956
1250
275
1284
463
443
245
1469
1383
1305
536
1272
1088
1188
913
935
475
308
836
1188
253
816
271
1056
988
275
1395
465
2071
1627
1478
319
380
482
166
822
630
508
323
376
1075
375
888
603
1920
1474
1264
3817
2821
1803
1694
2096
1245
1772
1994
968
368
1632
650
1296
1438
437
1859
1043
287
1298
604
2949
1993
1454
1387
1682
1342
379
363
774
482
1503
535
316
655
272
450
817
837
1428
922
942
983
538
304
482
829
524
520
1056
431
538
963
360
386
470
895
672
601
391
1300
1250
686
1000
568
983
555
448
634
662
1348
1072
1220
1184
1144
1411
987
516
294
893
1328
500
1639
664
907
439
479
700
1859
1431
417
797
1147
1283
503
598
1937
918
366
620
703
994
426
667
1135
388
625
663
1228
332
866
293
287
136
1097
670
1244
361
1045
782
253
1635
720
551
261
549
292
1155
392
942
246
620
692
610
225
1708
689
1368
375
1235
536
542
471
631
359
1135
600
1094
949
1173
1786
816
432
288
445
410
663
1430
1738
3023
2051
3296
2591
1582
1239
780
954
985
1293
832
1249
406
302
337
1278
637
723
503
825
792
993
942
654
1190
1013
466
480
411
1003
1494
984
4054
3697
2696
1751
1244
882
1549
2093
1176
557
831
655
697
867
2263
1263
253
1339
335
477
1707
706
1168
606
425
485
582
916
662
614
748
771
419
506
1594
609
714
360
1610
612
650
922
1117
374
2301
1279
303
1934
952
774
285
1202
254
606
1124
277
1568
570
260
298
1385
429
459
649
531
414
348
132
1267
309
206
524
836
1036
1604
696
444
643
518
1325
344
1803
870
690
1410
1021
624
1163
1029
1388
539
509
950
335
302
395
772
795
295
351
469
927
230
1763
564
442
916
1000
267
1565
566
1960
1246
802
1338
1250
1443
1418
534
1477
470
1812
854
549
1188
1085
831
731
593
268
224
1026
379
568
291
344
867
1195
221
340
506
734
471
1332
447
554
540
499
192
589
741
1147
239
572
506
357
373
295
404
442
889
597
1201
927
266
991
1685
904
406
1002
352
511
282
780
462
481
201
156
839
896
529
1142
1016
1191
1030
1695
1189
1313
1287
1209
216
244
747
197
575
282
1110
1273
1787
789
242
1675
758
2040
1062
986
771
1665
664
753
781
1171
1153
1602
1117
732
981
806
815
762
1263
1294
337
282
892
322
586
916
271
1177
901
1147
858
726
320
1003
791
1082
889
917
459
1255
1057
1029
1446
1009
822
1071
390
829
432
1226
712
1684
689
639
1385
1140
437
800
1040
1298
1132
1015
1577
866
1482
683
764
607
405
1579
608
456
403
348
416
1657
1030
412
1370
490
580
763
255
1377
402
1337
546
448
338
982
651
339
951
348
250
189
1820
821
307
1198
390
1254
1466
469
839
747
557
430
423
1892
884
2027
1012
1127
2294
2088
1066
1275
530
1374
542
573
569
1125
531
269
879
1973
973
309
4252
3273
2275
1275
531
484
2183
1309
293
2097
1740
748
1360
634
729
423
697
778
599
1083
673
925
767
835
1096
1469
857
1154
1172
1188
858
810
858
293
460
1586
619
1437
1405
404
473
296
729
988
701
780
202
443
1613
1165
514
438
365
629
977
228
1086
1285
336
731
352
340
546
1283
702
413
1448
1706
1018
1476
1552
1222
759
590
448
317
934
1127
808
1443
931
451
1223
416
533
786
310
573
447
2491
1471
1620
697
1298
1259
723
1727
727
2003
1004
426
612
426
403
1190
1585
613
1212
507
1049
423
1346
475
1240
1529
556
1433
555
356
559
544
809
1040
360
664
1005
316
1008
231
396
1219
244
361
626
762
995
759
1536
766
1930
1923
1041
1291
1518
1937
1137
1386
1811
797
1574
2600
1599
1658
731
1258
1624
1755
1306
1350
2431
1463
2715
1716
3174
2146
1172
448
1409
1602
1904
931
468
407
1970
