232
468
339
399
437
449
219
432
518
419
450
496
121
392
463
121
411
372
106
455
431
127
446
405
127
423
459
125
353
474
136
419
458
136
430
351
164
367
121
410
450
447
123
399
389
200
382
370
150
393
438
159
386
234
434
419
236
368
334
456
142
418
402
132
396
461
125
421
466
155
449
377
145
451
456
119
413
455
182
391
469
143
394
494
153
414
451
200
398
400
126
405
408
158
401
398
115
397
461
131
422
451
146
408
419
168
355
412
145
417
454
142
394
402
179
393
444
159
344
372
148
401
424
171
396
421
130
422
456
129
362
457
365
395
430
199
407
394
155
398
492
161
401
445
120
405
417
139
336
447
169
452
428
154
394
499
207
392
407
129
402
481
171
451
422
136
397
389
151
456
421
143
368
453
128
408
448
409
272
407
112
434
445
411
179
450
118
448
423
131
370
414
420
225
421
415
182
374
436
171
424
411
156
403
397
144
392
410
203
448
461
135
359
404
119
414
457
131
393
437
153
448
425
169
416
428
173
402
423
139
399
433
157
450
402
176
394
400
127
424
413
130
416
431
139
397
417
181
331
459
143
408
382
175
429
450
130
422
440
226
345
466
143
331
432
141
351
453
160
397
420
143
393
402
186
342
347
116
383
362
139
405
441
179
376
379
175
408
375
140
378
393
153
435
408
178
426
429
117
431
451
194
370
456
141
418
432
154
429
454
99
338
455
133
386
426
186
387
433
191
426
438
177
416
461
106
384
460
142
449
483
137
350
440
156
403
411
133
426
453
130
368
462
145
411
411
180
368
429
131
394
461
171
398
493
149
417
362
149
402
408
124
366
464
171
423
424
132
428
418
160
409
370
133
409
411
151
395
439
170
401
405
158
415
428
180
353
478
198
449
431
170
432
385
162
394
438
144
415
427
128
401
435
151
342
412
175
349
349
152
402
404
149
400
495
153
397
461
117
414
429
130
416
428
138
427
406
159
393
418
174
350
464
129
392
371
149
344
446
194
421
402
178
437
436
145
410
426
199
410
374
175
438
413
140
385
468
191
389
445
156
412
414
124
392
400
214
409
430
187
438
374
113
432
447
156
371
401
165
335
408
165
345
437
174
394
465
186
433
438
188
390
416
157
395
372
167
427
412
174
396
368
127
434
449
172
386
495
220
335
426
160
435
456
159
342
467
168
347
471
169
397
463
157
395
456
157
381
437
179
432
425
188
430
426
169
350
416
141
444
444
187
401
477
172
387
404
151
344
361
144
417
298
466
257
437
157
438
377
377
167
393
421
122
430
467
119
406
404
182
394
425
185
444
406
162
404
442
211
411
436
147
403
439
165
337
427
173
389
523
186
391
424
171
401
391
117
393
376
145
413
430
162
390
409
223
432
445
154
437
433
155
407
432
187
427
438
162
334
420
168
433
422
148
385
399
193
383
454
158
388
398
472
447
453
211
424
432
128
384
394
150
412
429
175
430
382
139
386
467
95
395
373
174
440
387
125
409
439
149
421
425
201
406
412
155
442
372
118
439
398
164
428
441
148
334
415
170
351
370
171
393
442
181
331
419
174
430
442
177
407
392
169
404
355
172
397
404
119
402
377
161
332
416
176
380
420
180
395
402
139
437
459
156
420
432
176
383
371
127
437
391
151
414
444
218
400
445
181
447
409
177
353
421
147
403
442
132
403
458
162
336
404
166
398
375
178
327
449
185
396
418
131
400
406
166
394
404
177
428
434
147
377
413
171
386
457
179
390
418
159
399
441
128
395
452
184
379
365
167
350
397
153
417
428
145
410
383
167
340
466
159
383
429
173
405
457
178
436
396
153
380
430
122
393
383
183
432
448
194
393
437
121
433
399
153
415
491
224
437
416
177
388
423
168
397
402
161
403
402
166
404
476
195
410
467
172
391
463
161
401
420
181
440
437
160
337
431
171
397
369
165
343
435
159
343
418
145
412
394
198
441
438
146
405
423
179
342
377
183
438
401
190
391
426
164
397
376
167
448
444
184
390
490
186
388
441
481
152
295
425
439
417
223
95
347
504
438
318
103
312
387
422
480
213
343
354
400
469
195
285
404
412
403
147
407
418
133
398
409
119
395
522
178
377
458
176
407
417
360
192
437
414
122
393
428
213
407
422
150
475
427
184
387
460
183
384
439
159
439
450
160
444
386
143
414
425
173
386
465
141
390
489
202
406
443
186
421
423
143
396
413
171
336
419
152
426
467
129
391
421
163
337
427
124
380
366
167
436
450
176
396
465
181
435
444
159
339
429
169
381
377
145
417
388
167
339
408
229
336
471
120
390
400
116
479
436
150
415
427
203
430
452
124
385
380
184
436
447
122
426
371
190
385
383
185
438
445
158
346
410
131
399
434
201
403
420
166
356
470
134
393
373
466
185
372
119
392
415
149
444
421
177
344
440
184
433
391
180
352
431
183
391
418
130
394
416
162
391
481
177
390
412
173
401
423
156
342
420
127
400
447
186
383
440
163
434
409
121
402
416
139
400
467
172
399
407
163
398
408
170
343
373
178
386
426
167
420
424
129
399
456
127
438
485
173
346
406
166
354
442
158
813
781
382
388
428
194
382
404
127
387
435
150
417
427
137
333
502
140
395
457
156
374
427
161
386
421
129
399
409
165
399
394
130
440
420
164
411
420
181
334
465
122
405
409
166
439
418
157
405
449
128
393
448
173
400
401
161
411
421
181
443
376
157
452
491
168
395
372
151
410
482
153
429
446
127
385
417
138
395
402
158
341
435
194
427
450
165
341
430
126
444
454
166
375
407
119
431
439
159
342
468
132
447
425
167
344
422
126
430
452
160
435
462
166
407
448
182
426
398
180
390
417
159
383
358
119
403
415
120
381
443
138
383
417
108
389
418
168
430
428
189
356
424
127
389
375
156
425
426
146
387
420
167
431
415
122
387
395
173
458
442
137
401
411
164
393
399
162
377
381
389
226
339
457
176
400
476
245
367
425
180
383
401
116
400
422
137
398
440
167
438
379
128
376
465
181
428
463
184
387
441
182
389
456
153
431
443
128
370
448
183
429
424
125
456
409
171
337
415
111
395
404
172
340
405
161
398
449
121
444
433
142
417
414
146
411
396
178
423
410
168
396
470
157
443
450
167
428
406
159
425
422
171
393
443
137
400
443
150
418
424
138
396
446
169
457
433
180
359
399
129
452
484
170
346
439
176
444
485
177
350
429
151
458
476
176
399
473
182
436
483
157
456
409
163
342
455
183
434
444
121
441
451
166
379
491
158
344
468
135
391
441
169
380
454
183
342
414
120
393
388
162
339
430
165
380
426
176
346
475
136
424
382
152
455
447
171
441
468
165
402
402
151
410
400
179
349
478
181
432
444
150
420
439
164
344
411
168
390
440
138
394
411
145
418
434
170
385
415
215
378
428
160
447
375
188
434
410
155
438
456
140
394
431
158
340
465
172
434
386
142
405
365
296
433
445
169
437
464
169
404
477
124
401
411
179
438
426
118
437
458
175
436
409
119
393
461
153
406
411
408
443
399
431
472
437
207
432
416
126
396
410
149
409
415
184
438
455
172
334
368
122
398
360
142
398
418
174
394
400
169
458
456
178
404
454
120
387
428
141
402
409
122
395
419
177
392
426
166
392
451
122
372
456
172
407
403
131
391
474
143
398
437
162
402
428
128
376
429
177
396
429
185
385
398
178
454
431
132
412
926
516
462
496
201
443
440
117
395
412
119
396
431
179
358
469
154
421
422
180
424
456
167
346
428
168
346
427
164
350
429
99
391
403
126
340
429
445
205
440
415
177
389
383
175
435
439
145
453
437
187
384
369
113
400
468
118
406
410
165
406
439
164
408
454
170
399
407
118
395
430
147
412
387
177
451
456
145
391
462
140
405
406
161
341
435
172
403
387
176
402
466
160
336
431
150
374
450
168
340
422
116
391
446
131
394
434
148
421
453
132
433
408
122
391
422
164
390
388
158
337
406
143
396
418
118
393
353
164
352
455
148
413
399
156
447
434
162
445
448
133
434
439
138
419
454
149
327
451
170
341
436
145
417
426
120
399
450
184
349
479
151
390
393
130
392
461
168
383
418
128
452
432
172
434
444
121
447
438
145
411
398
179
410
379
158
398
468
163
334
498
182
390
431
193
449
446
155
416
437
178
401
416
110
436
461
166
346
428
151
399
495
176
393
440
180
441
423
158
450
411
128
382
404
167
346
422
153
349
426
152
335
437
167
424
401
115
451
462
181
325
432
161
344
426
132
456
407
113
386
439
148
424
496
151
389
428
178
432
370
152
386
459
170
346
458
157
445
406
177
368
463
175
439
423
118
388
421
165
347
448
176
346
419
147
415
416
159
375
440
174
440
437
182
394
444
147
374
446
171
343
425
163
342
430
152
344
429
171
347
441
123
388
399
134
398
410
122
389
430
173
351
419
136
396
425
182
400
454
172
386
458
181
439
474
120
389
452
138
397
437
160
394
471
175
368
450
171
345
421
157
432
446
144
406
408
167
352
445
143
416
423
136
410
430
188
440
477
108
397
430
143
446
478
174
356
406
162
391
414
122
393
410
174
383
425
175
434
448
129
381
375
155
435
377
183
384
382
147
419
425
118
393
454
461
225
433
464
116
380
376
167
439
469
182
370
437
156
443
453
485
567
505
372
482
426
118
402
418
120
398
436
174
383
458
182
433
406
122
341
359
131
397
422
154
407
436
173
432
410
120
427
433
166
343
444
149
434
377
128
394
401
118
396
425
164
348
397
177
394
483
170
384
506
193
437
449
168
386
510
164
393
468
178
439
472
123
392
467
129
394
463
128
395
478
119
382
427
172
432
935
478
538
422
129
423
459
140
406
431
125
393
417
129
360
489
180
420
482
194
431
459
178
379
378
171
344
436
154
423
445
174
441
397
137
392
392
142
401
430
163
434
451
123
378
483
146
416
411
125
386
401
158
399
379
176
387
481
156
420
429
143
406
391
182
352
415
203
548
504
251
435
455
133
428
460
131
387
376
183
370
394
172
361
463
171
344
415
170
395
455
138
399
428
167
422
355
125
437
453
170
353
418
120
385
422
131
428
342
165
339
412
126
390
460
152
425
441
192
375
457
175
386
398
151
385
433
122
388
371
175
435
410
114
343
408
162
416
369
153
428
436
165
404
382
176
396
348
115
388
402
120
392
364
166
347
444
187
389
460
175
341
468
164
391
392
146
431
468
179
437
422
159
346
424
159
346
357
164
431
402
157
444
412
170
435
442
156
390
450
127
402
456
171
389
417
100
392
382
129
440
455
164
340
395
123
384
438
166
343
458
199
411
417
177
439
373
161
391
381
189
387
450
173
384
365
169
440
431
179
414
454
177
438
461
176
426
445
168
352
427
166
336
441
159
392
423
165
334
415
125
386
421
167
348
385
176
396
409
120
385
428
163
434
467
182
450
430
154
393
404
450
215
429
431
179
382
400
126
398
443
177
436
506
170
380
385
148
399
367
182
450
436
176
391
402
185
432
430
146
416
447
146
410
419
179
437
357
166
390
363
163
382
399
137
397
454
147
388
401
168
378
444
132
440
414
162
398
404
178
438
383
172
434
378
148
391
424
183
391
370
188
379
434
213
420
412
161
447
385
175
393
428
169
390
382
172
373
475
140
406
450
162
346
396
174
440
402
166
438
412
122
386
400
151
373
477
179
392
415
127
398
482
183
372
365
132
398
434
178
432
374
157
384
403
129
394
470
180
438
414
137
390
411
124
390
410
119
390
417
152
420
445
127
394
434
130
424
477
155
369
448
242
367
421
130
395
383
128
393
427
162
369
447
116
380
516
138
408
381
119
435
382
169
430
435
165
421
453
166
431
427
130
400
466
184
390
400
147
416
414
129
392
434
163
353
465
149
423
438
163
383
417
127
449
424
171
437
426
180
432
449
181
375
398
173
438
408
164
409
427
175
361
407
112
428
433
159
414
410
478
403
453
155
381
472
150
416
404
124
431
448
184
377
469
117
401
423
166
387
402
172
444
440
169
437
355
119
376
454
171
377
362
124
393
402
168
438
425
160
403
439
133
388
426
173
421
453
171
428
427
115
384
460
176
430
436
174
444
374
170
412
388
184
383
460
135
401
444
161
349
430
172
433
420
172
384
469
129
435
446
183
428
417
172
426
464
178
436
461
167
434
424
124
377
393
168
438
434
146
438
478
129
376
373
180
328
456
131
393
437
137
398
436
151
421
385
168
428
450
156
434
466
116
384
404
158
384
481
152
442
460
143
424
424
130
457
388
127
388
410
444
245
424
479
135
442
471
130
405
413
170
435
444
173
387
391
138
409
478
150
376
451
153
428
401
154
376
442
155
340
438
179
390
449
162
386
356
145
409
433
173
384
441
162
377
447
144
427
375
150
442
418
132
387
475
166
430
430
184
430
453
174
434
448
156
411
385
153
351
420
131
372
417
153
410
396
158
411
455
138
416
433
142
409
396
156
427
413
183
407
424
181
403
419
169
403
413
130
416
422
129
384
445
152
346
440
161
406
453
179
388
419
141
403
410
168
410
424
182
350
435
131
416
362
150
410
455
173
434
448
169
412
421
177
403
423
125
391
439
185
343
452
170
410
427
148
410
419
167
406
451
173
406
392
183
348
422
136
372
436
175
384
464
129
387
413
125
385
452
159
398
447
121
393
435
162
376
472
131
429
356
167
336
483
186
393
383
175
394
485
163
404
416
144
416
414
136
404
414
127
386
397
169
386
388
177
386
412
164
411
458
183
436
460
171
435
404
179
434
479
120
395
496
177
388
461
167
382
409
116
392
470
124
386
413
125
390
426
178
430
453
129
388
402
162
391
411
120
384
466
110
386
474
126
383
381
179
410
446
179
392
405
129
388
431
165
434
368
155
439
405
129
438
463
132
397
428
174
395
347
429
214
351
113
387
441
162
436
415
183
434
421
120
388
426
122
390
395
176
377
444
210
443
422
131
388
376
138
389
456
154
391
426
174
378
456
171
444
359
124
393
437
149
410
425
155
342
352
123
438
430
147
424
460
139
396
370
184
387
417
153
431
436
154
383
475
134
394
494
182
371
458
177
432
431
171
430
421
135
846
836
369
524
442
143
399
442
143
375
429
444
220
437
475
139
413
442
161
436
446
145
384
362
143
403
413
174
429
454
174
392
425
165
433
442
140
369
454
179
368
455
179
378
402
178
438
423
136
380
410
168
434
400
153
435
419
116
383
454
153
436
450
147
439
359
173
441
439
174
394
386
153
387
412
172
390
442
134
384
456
149
398
443
170
434
385
125
368
449
169
433
457
111
392
359
163
368
407
190
390
404
172
430
383
173
435
522
127
389
460
174
392
415
126
387
380
181
374
414
130
383
395
157
445
444
154
434
420
202
400
460
163
431
412
134
400
373
173
432
437
150
418
394
170
390
427
126
377
471
139
406
448
189
440
382
126
390
453
147
439
393
156
328
457
154
421
438
174
446
451
175
375
405
112
438
463
167
400
427
144
407
409
119
381
437
159
385
445
175
396
432
175
378
392
120
385
416
140
401
413
122
388
419
147
415
421
182
391
390
123
379
417
130
388
496
176
382
408
172
338
472
126
436
447
171
388
425
169
391
347
119
367
387
176
376
444
166
376
458
183
390
366
185
391
403
169
439
362
123
390
366
173
447
355
181
372
378
134
397
404
136
398
377
179
364
456
166
348
368
138
401
413
170
344
412
122
389
468
170
438
433
128
410
446
124
385
369
137
400
411
118
383
436
106
394
411
118
379
472
155
379
455
158
390
443
125
391
456
151
425
425
163
437
450
131
429
442
133
396
428
181
433
414
124
439
421
134
392
427
177
387
397
179
438
468
161
441
413
178
442
405
131
393
422
169
423
437
163
430
407
121
441
442
130
394
462
172
391
423
174
434
420
122
333
406
168
443
362
166
426
404
175
385
446
149
417
441
167
372
460
434
174
371
472
177
386
408
185
379
381
186
428
415
126
375
456
161
431
373
164
439
449
172
432
459
176
438
444
123
382
447
166
441
356
175
388
463
137
417
221
303
449
417
172
427
428
128
384
387
121
392
480
177
378
370
138
398
414
121
429
394
176
394
410
170
387
419
162
376
448
141
379
431
163
370
449
157
443
433
164
440
380
133
437
386
160
434
405
126
410
447
160
396
409
135
340
400
157
441
406
183
449
389
121
397
415
140
397
414
179
431
376
176
372
409
168
380
462
173
835
899
408
440
476
166
423
474
145
429
394
151
435
413
160
375
374
187
374
446
161
384
389
154
385
423
153
443
378
158
387
424
133
432
448
176
426
407
175
367
428
172
433
430
132
390
389
113
367
474
137
409
419
121
389
438
164
440
390
144
412
429
185
423
364
165
435
458
142
408
423
163
377
441
160
406
458
131
382
365
165
435
375
169
439
454
146
445
448
183
437
438
153
435
419
163
430
444
155
374
424
136
401
363
136
385
381
168
360
380
152
380
367
137
406
469
124
389
445
179
438
452
148
448
431
126
429
418
127
438
400
141
399
419
187
380
471
151
442
398
171
371
468
185
435
413
130
389
402
171
386
364
165
377
461
176
343
410
120
384
452
161
442
366
157
328
460
161
434
387
140
403
390
119
431
428
129
392
448
176
434
460
174
345
364
146
395
433
179
429
462
182
431
451
175
430
450
181
427
453
140
354
454
170
429
450
182
387
399
135
404
426
170
346
363
131
406
384
132
363
409
154
385
351
172
434
449
159
389
401
114
383
430
142
392
437
146
414
450
171
391
381
128
388
382
175
430
374
393
118
429
457
122
440
449
143
406
418
139
397
445
175
427
473
123
387
448
139
395
401
181
390
406
171
442
383
148
383
453
114
379
441
177
385
384
170
383
430
131
397
470
166
378
447
141
402
427
170
447
448
165
440
378
131
392
441
167
431
417
127
389
426
165
380
421
134
396
397
145
440
384
181
429
446
169
395
423
180
325
483
155
388
450
163
394
431
150
419
423
148
475
426
208
423
432
210
429
437
144
399
423
160
435
451
144
406
425
165
435
475
128
386
357
124
432
452
179
406
360
146
413
458
126
416
442
125
379
381
170
435
451
144
406
367
157
438
469
120
340
361
137
402
418
194
371
454
179
427
468
173
434
413
127
439
441
121
451
419
165
392
416
116
396
500
148
383
402
155
452
455
410
491
459
402
486
493
174
431
412
139
387
396
166
384
427
126
424
464
180
424
437
150
396
457
171
374
471
166
436
459
166
444
436
160
438
456
170
377
423
132
401
440
138
404
417
122
423
381
171
440
408
117
392
474
140
407
404
123
433
402
164
386
421
138
398
409
114
389
382
163
391
422
138
389
416
133
400
436
118
345
906
515
471
482
149
415
478
122
429
413
137
415
420
159
415
429
172
413
440
175
419
462
141
427
444
176
402
438
278
418
464
141
409
379
117
384
392
141
387
385
137
417
436
161
413
425
161
348
445
116
394
414
121
378
490
176
388
424
99
410
442
142
411
453
135
360
416
218
421
440
172
373
426
182
432
418
179
379
413
127
391
453
181
373
456
156
376
421
193
436
434
127
378
454
185
434
448
125
388
423
152
416
426
144
402
431
176
376
466
179
377
436
160
397
471
385
179
440
379
133
410
479
185
360
382
118
377
401
161
431
360
126
439
391
175
381
469
130
395
407
167
387
402
118
442
429
121
389
399
182
388
397
202
421
437
159
439
435
154
381
445
175
447
401
152
439
449
167
434
421
111
372
402
124
386
427
137
392
426
156
449
461
179
454
448
140
417
464
116
392
377
157
437
453
171
435
452
117
436
431
180
388
454
173
435
463
107
386
400
120
381
380
185
446
432
141
404
379
164
431
468
134
398
413
166
383
420
121
448
424
125
390
369
119
393
450
127
396
431
148
422
434
174
392
375
197
411
470
179
437
485
141
404
417
117
388
429
137
403
393
177
385
414
124
441
420
117
448
378
137
406
427
170
383
414
167
459
473
165
428
454
170
366
436
181
392
421
125
379
449
171
444
425
169
434
451
159
442
440
179
382
448
121
394
429
187
345
472
180
406
458
134
416
377
140
371
432
147
418
457
163
402
360
142
364
439
125
446
403
142
368
384
160
407
421
154
413
428
266
470
454
156
358
352
131
367
465
138
412
442
118
503
462
177
430
456
170
437
469
138
400
438
164
382
380
176
365
531
128
457
416
151
445
460
147
409
436
175
382
477
170
434
385
161
442
375
115
401
427
184
434
454
121
389
384
160
416
430
163
342
406
144
416
426
141
384
453
161
376
458
180
431
396
118
389
417
122
440
425
151
403
416
200
437
385
139
391
462
181
432
467
206
453
433
141
444
364
216
438
381
182
442
445
147
384
418
118
385
403
181
368
415
167
389
518
156
438
445
146
408
412
172
465
455
173
383
447
173
383
450
170
398
479
142
416
419
113
435
472
161
420
455
450
193
403
431
150
427
458
123
421
428
125
398
430
164
408
454
170
445
924
455
501
556
194
377
409
118
390
436
160
446
407
139
389
414
137
406
450
172
378
474
122
437
422
138
391
422
146
379
438
131
383
430
123
384
378
132
432
467
123
376
475
159
431
468
133
387
414
168
427
420
148
410
465
136
442
414
124
379
406
183
388
405
126
390
400
132
393
419
162
445
373
150
426
418
146
398
473
154
385
437
131
382
359
128
451
452
172
428
423
96
372
358
131
437
453
143
387
443
128
442
353
174
433
447
168
393
464
129
382
378
136
396
450
143
414
448
166
393
419
145
406
375
178
433
441
138
390
372
177
385
482
217
407
443
159
410
485
175
371
469
139
438
381
142
391
448
134
363
410
115
383
437
153
414
422
141
381
415
125
433
405
166
438
463
183
436
453
129
398
403
174
381
446
136
378
451
145
402
461
127
434
435
121
437
464
116
377
464
134
446
446
175
426
425
146
416
420
126
379
449
158
334
457
168
376
387
131
394
513
129
433
441
157
440
418
138
392
463
166
437
368
123
387
419
129
400
398
157
329
406
123
393
368
129
388
385
118
374
461
166
386
404
189
430
378
164
375
456
171
423
396
164
386
410
176
389
393
147
387
450
164
435
443
178
420
459
234
422
463
178
403
404
183
429
356
150
383
457
178
452
401
150
379
417
169
426
423
147
407
430
171
382
452
145
404
427
161
451
402
182
434
428
163
328
368
131
395
410
120
380
446
179
433
459
174
422
417
176
384
394
136
393
406
131
439
359
143
406
433
149
404
431
126
424
449
121
385
421
142
417
425
177
377
410
150
393
470
117
433
454
430
219
371
383
158
379
398
177
380
457
170
426
374
129
440
459
166
430
444
173
433
453
174
334
418
168
342
393
169
389
333
155
388
401
147
407
442
168
384
467
120
392
420
138
431
394
145
415
424
145
391
429
152
389
348
135
411
423
145
413
464
142
435
448
166
412
385
176
382
376
194
356
435
190
393
411
157
390
391
167
429
458
153
415
433
176
430
439
139
413
422
139
454
397
144
413
410
128
390
426
147
410
409
168
428
441
135
432
445
137
407
425
150
420
437
148
425
355
180
443
460
175
431
441
165
437
446
145
412
426
141
384
427
122
436
454
170
413
496
132
420
457
176
402
469
141
424
373
418
455
484
171
431
433
165
440
439
182
368
463
125
394
440
165
422
469
178
388
421
146
418
373
142
405
454
179
441
446
139
388
423
141
384
449
165
381
450
160
391
424
140
379
453
189
432
461
175
379
450
149
393
426
144
407
448
126
392
384
173
427
371
152
432
450
148
431
454
133
398
480
155
430
386
123
438
420
158
329
396
171
402
376
186
385
418
140
400
381
169
392
402
155
438
401
121
374
378
167
379
462
181
430
432
170
425
440
185
383
457
164
426
404
164
386
408
123
437
422
165
429
416
119
393
426
142
378
376
155
422
444
121
382
424
146
432
467
169
437
469
131
392
418
135
433
443
183
419
427
165
424
410
178
438
377
132
391
454
184
430
380
135
379
449
164
448
451
137
401
435
168
379
432
119
410
418
133
401
417
117
439
461
177
430
413
175
429
389
183
387
421
148
408
454
172
438
467
173
383
435
165
379
384
144
419
422
165
427
408
118
376
429
127
386
443
134
386
395
379
235
370
401
178
427
409
174
386
379
135
437
406
131
393
426
127
397
426
180
432
447
158
435
452
179
424
349
178
429
445
119
391
426
197
385
403
132
397
395
182
381
445
176
433
420
183
430
386
135
431
378
178
428
450
181
429
364
150
421
445
171
388
415
160
432
415
118
438
449
101
381
389
162
387
373
126
400
454
144
369
398
177
427
445
164
396
369
146
386
424
120
393
406
178
372
448
180
368
362
175
426
441
161
387
409
125
385
482
122
343
466
125
376
462
126
392
405
161
387
430
128
395
413
126
383
435
164
439
454
132
430
450
144
414
428
148
413
386
184
428
405
119
430
378
146
422
384
120
362
438
149
399
379
123
387
389
146
411
427
150
413
421
161
386
398
176
372
411
122
384
436
141
436
435
180
364
454
171
421
438
152
385
421
215
423
442
188
378
429
189
388
420
140
405
480
135
402
439
160
384
460
461
201
404
114
396
412
122
384
462
168
425
381
175
431
445
164
384
423
135
405
379
170
365
442
132
388
358
130
389
367
152
442
439
125
431
447
172
431
457
145
414
429
170
431
432
171
372
397
184
384
357
120
383
436
158
446
419
135
431
416
118
430
437
137
470
390
140
373
441
139
427
432
131
433
446
145
407
425
160
885
860
438
376
499
204
361
395
177
438
470
167
436
424
168
362
460
168
440
442
165
438
415
128
380
454
174
430
394
143
441
428
159
329
414
125
381
422
168
366
443
170
376
476
170
376
394
130
356
408
159
434
417
170
427
462
174
437
525
160
396
371
170
369
467
167
442
396
163
374
443
160
382
375
160
398
393
152
429
380
187
381
380
167
428
419
158
396
432
443
220
382
400
179
428
446
169
436
471
166
355
388
118
397
413
121
433
450
132
386
372
172
432
456
166
384
470
180
426
480
138
431
464
129
434
364
155
386
484
139
394
441
175
435
456
172
429
383
140
430
451
141
392
441
163
396
439
169
371
442
134
394
412
123
379
464
179
415
377
185
434
457
177
380
398
180
370
461
178
432
404
132
369
459
171
370
447
156
442
466
125
377
407
124
377
359
126
433
364
119
393
396
121
384
394
135
436
390
177
366
423
162
451
441
182
387
390
174
384
388
134
385
448
156
438
446
143
401
428
142
416
429
151
378
444
175
430
448
169
367
422
161
429
433
173
435
449
178
419
452
138
400
374
151
413
410
173
390
402
157
437
381
144
421
396
143
513
456
158
369
381
417
458
163
381
382
375
498
167
276
424
471
470
208
91
354
435
414
420
178
316
477
413
480
185
126
425
408
454
413
130
352
381
403
175
378
405
131
384
401
181
425
447
132
383
477
142
394
497
174
435
451
170
433
437
152
386
408
141
389
410
118
385
452
171
370
405
135
387
403
115
393
380
162
434
459
118
386
381
154
340
382
151
419
455
124
384
447
144
445
449
126
438
427
150
343
431
119
426
429
166
404
444
171
404
475
132
424
462
179
409
442
152
388
457
149
413
397
161
328
459
169
394
400
170
427
373
182
396
452
182
377
353
122
382
407
143
407
438
125
434
451
180
324
476
131
390
424
153
410
445
162
448
436
137
390
401
166
397
406
425
423
491
342
510
422
168
444
374
191
429
442
432
179
430
121
391
399
153
403
392
455
229
437
458
124
383
459
180
435
386
116
385
402
126
440
447
181
436
421
136
394
408
122
399
412
167
386
415
122
396
408
185
389
456
150
415
437
130
390
417
133
375
387
129
387
458
175
357
459
181
395
421
130
385
465
145
401
409
176
855
837
418
468
475
189
431
369
173
413
415
168
464
438
135
415
454
146
383
451
95
382
402
148
440
359
133
440
451
125
381
401
142
387
402
139
394
448
156
444
452
157
436
415
165
427
408
142
401
406
152
400
406
173
399
378
130
387
416
125
379
457
175
375
442
124
387
440
133
390
398
170
382
442
134
385
419
159
386
417
143
412
428
143
406
425
156
446
396
170
395
423
155
416
426
148
403
432
148
428
413
156
431
438
127
361
368
119
379
456
177
376
356
158
386
448
164
383
469
135
404
368
168
372
452
181
372
429
116
385
375
174
385
478
150
393
413
154
430
405
119
390
431
166
394
387
176
384
367
123
409
451
182
375
455
178
427
378
170
426
440
156
379
415
155
395
423
136
386
459
143
407
428
189
433
453
176
442
364
163
338
375
164
435
388
156
387
402
165
392
416
120
378
454
164
447
458
150
447
401
184
432
357
113
388
408
124
404
389
176
359
451
166
327
404
111
384
446
140
388
429
172
431
375
160
385
421
125
403
360
127
389
454
170
433
421
124
388
450
142
401
405
165
392
380
176
425
457
179
387
424
134
401
391
159
436
453
184
428
434
137
430
426
136
398
396
118
378
419
130
384
383
127
387
442
133
382
468
174
367
341
176
391
426
143
408
425
131
384
436
154
402
459
171
386
425
159
445
462
182
417
395
149
418
421
120
396
404
183
370
415
125
394
451
158
406
429
428
181
441
385
184
398
441
164
435
343
177
429
423
162
388
456
133
393
375
174
426
399
168
429
470
148
425
452
128
397
434
188
402
424
175
431
370
120
386
417
163
441
372
154
442
408
129
384
408
207
431
412
119
434
436
156
437
390
141
402
436
147
402
394
187
395
360
131
377
409
158
445
426
149
440
363
129
401
405
177
431
384
160
388
427
167
337
419
131
383
410
167
339
400
153
416
386
157
405
359
171
433
413
444
458
486
318
428
478
261
427
454
167
393
396
171
407
436
149
388
421
125
397
421
182
441
374
161
346
419
193
385
397
163
375
454
137
407
421
163
382
426
131
435
392
180
401
418
137
401
473
171
351
433
149
410
382
158
383
482
131
432
393
176
402
412
162
438
446
174
441
461
175
391
413
139
398
440
122
450
415
123
390
946
539
489
522
221
439
445
140
456
454
159
443
419
180
372
451
171
378
424
144
389
447
155
409
413
177
432
455
177
371
460
176
440
428
169
441
471
155
382
449
138
398
392
181
381
444
186
435
403
166
331
477
147
413
381
145
410
427
144
409
426
165
380
468
134
329
405
165
348
413
145
434
370
154
433
421
133
389
403
172
426
443
156
408
442
133
384
382
167
432
450
167
435
442
172
432
473
141
406
476
128
435
439
181
386
449
164
385
398
139
393
467
170
426
444
187
417
383
162
384
431
141
400
395
130
386
464
165
442
376
117
387
430
169
425
454
188
363
459
180
432
472
148
429
437
160
331
408
121
369
409
175
423
376
136
381
461
400
220
426
118
382
451
447
198
428
119
430
408
135
376
448
430
199
437
520
257
435
475
147
412
421
177
380
463
179
424
425
171
433
416
147
413
431
130
389
466
133
390
375
182
445
391
117
401
412
168
395
443
185
395
404
156
388
460
181
357
456
182
383
427
170
376
451
154
348
448
168
409
377
131
401
400
181
353
486
199
397
486
192
442
423
135
397
420
118
392
421
133
404
440
180
350
431
187
373
420
180
355
429
176
332
427
130
399
410
124
388
398
175
385
375
167
395
388
176
440
452
158
413
421
175
384
476
147
443
456
128
425
438
147
412
446
138
407
419
179
381
408
116
377
443
164
336
443
131
393
417
133
334
376
140
405
430
172
433
383
162
470
392
129
385
401
165
338
450
117
381
449
183
366
390
115
347
426
127
395
477
130
392
385
118
378
456
119
388
415
138
401
414
171
327
458
128
391
448
182
371
442
168
434
459
130
394
430
171
435
361
167
385
393
176
386
448
144
413
384
125
381
369
131
379
414
127
386
356
123
387
366
154
439
449
140
399
439
118
388
437
121
389
405
161
398
410
162
387
407
149
346
471
165
399
452
182
433
459
125
391
402
138
382
402
172
477
496
226
385
392
149
434
406
111
429
418
128
381
397
119
384
459
139
408
418
176
432
396
176
388
458
175
378
430
154
391
427
135
404
444
185
429
401
180
379
410
178
431
461
181
373
376
145
435
405
160
411
426
122
400
377
159
442
460
174
436
421
138
404
416
120
433
370
152
437
396
137
387
418
131
371
460
513
425
479
182
394
463
133
353
380
165
355
356
113
400
412
153
406
429
162
333
443
187
425
449
170
386
427
170
341
409
174
375
462
171
436
376
174
438
402
147
410
440
183
422
399
138
378
411
126
384
478
129
399
368
387
200
425
110
387
461
444
215
429
456
175
384
407
182
419
460
183
427
405
166
385
389
142
417
421
166
337
403
170
440
402
167
384
376
162
330
357
178
403
418
173
396
432
128
433
450
165
386
424
142
409
404
186
389
410
183
432
433
161
447
422
140
375
375
153
420
516
145
409
411
134
391
406
128
402
448
164
384
371
149
382
442
127
390
417
148
413
454
132
408
421
138
411
421
138
370
440
143
432
452
186
384
457
133
443
401
130
385
442
145
410
415
169
427
404
182
419
445
175
431
437
171
401
387
150
380
450
176
424
405
142
408
372
128
370
443
136
393
405
173
382
428
122
385
448
122
395
352
146
384
429
127
385
444
137
399
409
174
431
415
184
386
428
167
440
373
154
402
413
112
380
437
151
387
374
163
334
415
145
413
451
169
369
458
174
428
472
154
383
461
137
405
432
141
403
410
168
376
450
144
412
461
174
387
447
168
424
453
172
386
377
143
405
367
182
420
441
168
373
453
173
431
467
183
365
469
132
395
459
134
429
442
149
413
454
187
426
476
147
442
380
138
383
413
126
432
456
177
385
454
171
423
428
147
414
472
131
391
432
162
392
414
162
365
458
126
379
386
129
386
413
120
371
429
176
377
396
183
384
462
178
377
454
181
427
424
121
382
447
160
384
422
181
377
388
162
385
444
154
426
440
139
401
411
163
391
420
128
386
359
116
389
446
130
387
435
159
427
453
176
387
457
133
388
426
150
436
467
167
432
468
140
401
415
126
387
452
166
370
452
186
431
351
121
387
395
134
371
457
166
373
447
183
450
440
177
382
406
168
427
400
179
431
410
115
386
297
433
214
426
119
387
354
402
171
421
468
139
406
445
125
390
432
168
377
360
137
407
438
162
336
441
158
386
408
175
372
409
157
389
463
183
431
401
130
387
414
125
390
360
130
405
411
161
377
406
146
427
390
152
384
394
113
393
457
176
389
405
98
392
388
160
378
449
152
434
465
197
373
452
161
392
402
165
444
401
227
356
476
137
399
409
121
364
381
163
392
374
117
433
377
162
383
378
181
435
445
171
390
354
147
379
362
144
388
391
129
424
410
180
430
393
122
373
391
172
424
464
128
432
460
181
388
402
160
399
402
152
337
419
138
404
437
175
434
445
144
412
456
167
418
458
98
378
453
185
439
398
186
424
367
151
418
382
146
409
389
159
327
442
179
365
453
180
365
453
151
376
421
131
425
421
148
443
406
145
402
460
141
408
479
133
389
375
141
403
412
119
383
410
120
384
416
121
387
470
137
400
371
147
423
378
180
422
429
172
397
403
167
395
410
141
416
401
147
333
412
173
437
446
148
433
460
138
411
435
145
404
413
175
433
430
172
374
452
182
429
446
176
442
460
121
397
376
180
394
414
155
434
376
158
436
451
128
392
406
158
382
411
127
439
400
131
437
480
154
439
361
145
416
428
177
426
358
110
387
398
144
337
347
161
386
457
161
426
387
162
397
417
130
388
420
142
412
373
189
430
476
138
410
442
138
409
433
180
389
450
180
417
450
184
433
467
118
376
455
171
414
453
158
396
473
180
426
425
174
381
384
125
390
404
167
400
430
207
401
448
133
394
407
142
390
430
142
407
411
149
405
475
158
388
360
360
228
432
421
165
387
416
112
377
400
181
434
410
119
442
456
185
388
395
162
384
421
146
437
408
122
396
404
125
382
416
121
391
442
137
446
399
181
390
420
124
391
402
118
395
411
102
431
370
122
390
382
153
331
442
183
380
462
175
375
418
188
432
359
175
455
376
124
380
438
183
421
431
138
384
417
139
398
409
156
391
424
145
385
409
120
384
402
127
380
374
158
445
454
175
380
438
181
427
384
149
417
427
140
411
449
184
392
391
180
369
455
174
384
358
114
386
467
187
442
401
116
386
421
143
422
387
149
334
416
179
385
383
167
402
422
177
417
443
132
389
426
132
389
162
192
436
411
177
388
397
127
383
457
124
379
447
160
403
428
151
436
415
128
382
473
120
380
404
136
395
396
133
394
429
150
413
420
176
332
413
132
437
440
120
383
442
175
429
408
156
436
415
184
431
437
134
339
459
109
381
452
173
374
448
179
379
364
155
435
395
164
386
371
150
432
410
130
392
454
135
432
480
153
836
899
394
403
427
168
429
381
132
364
431
116
362
408
136
421
475
137
334
342
128
382
427
140
403
375
176
396
459
174
378
376
166
389
418
123
391
364
167
438
400
117
376
473
136
396
424
164
323
436
171
395
403
202
401
402
133
405
465
175
388
467
140
398
389
181
432
449
164
333
418
131
385
482
166
428
395
183
385
415
121
387
390
174
376
413
140
387
409
124
436
448
175
384
444
201
410
419
123
436
422
144
404
418
131
390
406
131
371
352
118
423
417
150
430
471
139
398
457
428
190
429
464
183
430
433
151
405
116
385
467
125
433
373
163
392
417
416
158
408
114
388
374
445
226
388
155
380
454
179
389
412
470
184
354
377
178
431
470
122
401
469
152
411
428
131
385
417
122
390
361
118
386
456
166
337
418
161
394
381
148
408
433
183
432
359
116
380
473
136
393
428
168
391
417
130
390
437
197
385
415
181
385
435
183
394
378
144
365
457
182
427
408
137
430
422
124
390
451
161
400
412
167
391
461
130
374
443
138
393
407
124
391
374
154
400
402
188
436
366
132
395
393
143
405
401
183
431
463
151
373
404
138
394
469
158
450
457
174
389
393
146
398
461
130
382
425
135
391
365
133
398
456
179
383
424
173
373
459
183
380
475
130
413
419
175
390
458
120
393
434
131
385
360
165
339
387
181
329
405
173
358
372
150
412
423
117
431
406
169
331
417
181
396
386
116
386
381
164
345
435
148
377
455
174
387
462
149
434
398
174
396
412
170
388
463
124
432
379
178
416
378
154
385
414
121
389
400
167
392
427
175
377
403
166
335
420
196
393
370
167
383
407
125
370
450
169
425
425
175
380
443
170
437
406
118
339
401
114
431
469
152
421
434
177
428
411
144
407
415
129
435
434
183
370
450
148
431
439
131
382
413
123
429
434
156
434
447
153
381
378
158
446
399
126
432
436
155
385
376
407
424
513
191
422
429
150
386
407
125
399
362
113
389
424
144
426
448
124
374
407
149
401
426
168
334
436
145
408
419
132
426
377
161
389
432
173
368
466
195
425
479
140
404
441
177
395
393
158
329
425
147
405
382
180
374
449
129
389
365
143
413
438
157
385
417
129
439
376
165
384
447
127
362
435
133
391
392
130
389
877
470
495
451
239
433
383
167
390
399
155
385
393
161
337
445
129
391
427
161
394
407
185
444
436
161
436
410
133
380
366
468
197
386
372
178
434
429
153
424
445
184
382
404
136
389
393
116
430
450
126
381
390
174
408
405
140
406
392
126
378
445
174
359
461
160
391
354
130
383
451
164
338
401
170
339
457
176
429
402
166
392
377
165
345
414
174
385
411
138
406
419
144
402
424
169
339
469
128
342
364
141
397
356
182
425
444
166
430
411
180
431
457
129
419
394
134
384
412
117
430
448
171
383
366
134
383
411
136
399
418
148
415
401
173
422
401
81
376
408
143
372
463
166
338
405
155
418
405
118
376
423
166
389
399
164
348
394
112
371
437
157
383
418
120
378
413
172
429
399
172
429
356
164
335
405
123
382
466
170
403
447
180
423
441
162
330
403
175
422
450
168
329
419
113
373
413
156
426
446
139
395
382
161
396
404
153
386
375
136
434
389
152
426
413
180
368
395
174
382
387
168
391
398
192
369
441
141
364
431
169
381
464
146
414
437
180
426
362
177
388
453
180
422
419
177
430
385
185
428
442
165
430
426
149
402
416
145
395
414
131
389
409
139
404
418
171
378
435
151
384
418
180
434
456
171
432
368
151
386
388
172
334
431
139
418
427
181
427
424
163
326
415
119
392
410
143
406
452
170
361
470
127
423
355
109
378
390
172
431
479
154
383
457
174
427
469
185
379
416
125
373
394
166
336
440
135
385
450
164
391
452
165
345
394
121
430
448
177
424
467
190
416
379
145
414
394
146
407
376
178
432
455
180
415
439
162
388
396
149
373
444
160
420
434
178
432
459
196
431
464
165
340
457
125
372
416
133
395
437
143
477
358
180
363
432
121
430
443
463
165
432
113
381
370
143
390
363
138
387
416
468
171
422
453
180
420
389
162
341
429
133
415
430
151
416
456
147
413
427
387
421
459
297
412
477
123
424
464
127
385
403
152
327
485
161
332
401
179
433
404
185
431
459
122
370
428
121
377
434
154
435
444
114
382
390
128
408
461
129
381
468
157
443
415
124
393
451
184
427
381
172
430
411
143
417
371
150
404
369
129
397
393
131
390
355
160
394
417
165
393
390
176
367
472
138
393
369
146
408
901
398
446
441
139
419
407
169
393
451
141
423
430
174
433
386
164
332
420
137
440
393
113
429
437
144
431
393
175
364
415
181
373
465
130
379
452
130
372
456
181
365
393
171
427
413
157
437
453
171
400
440
174
423
403
179
418
440
155
445
399
144
427
387
170
394
460
164
335
412
124
375
425
139
399
379
183
433
456
165
434
422
180
422
374
184
382
411
137
393
446
136
401
473
137
388
409
180
419
458
177
416
416
148
319
443
158
386
375
137
404
372
137
385
460
134
394
457
169
385
366
141
407
413
138
391
390
177
426
469
123
435
435
130
377
456
172
383
362
122
435
465
182
448
468
141
396
408
186
385
392
143
396
426
146
411
446
169
427
382
168
390
448
171
337
431
138
418
455
173
378
456
176
431
383
125
386
379
165
431
457
173
428
448
119
379
460
109
439
452
184
437
460
100
319
374
206
412
431
153
389
369
113
392
468
157
443
432
149
390
419
127
382
407
182
425
447
127
390
418
156
336
460
181
384
462
128
431
418
129
386
404
171
330
422
142
437
381
185
434
390
172
424
431
143
412
384
170
386
421
140
441
362
151
377
474
116
389
359
111
383
379
414
214
426
110
378
453
155
388
489
447
204
359
455
170
428
388
140
379
439
179
394
423
141
411
385
164
335
411
117
420
446
142
410
415
118
386
398
143
403
404
164
429
414
163
389
443
141
407
421
145
422
394
177
415
437
172
426
392
170
399
435
187
370
461
134
384
428
204
392
437
148
339
429
148
425
427
162
388
424
133
398
389
163
382
438
186
432
446
154
385
384
114
439
406
97
384
366
175
453
398
178
383
394
137
401
433
169
437
448
119
386
370
121
383
395
126
392
467
135
390
460
124
379
420
135
402
400
181
367
437
121
381
423
179
428
414
172
383
463
127
419
372
140
392
405
117
382
443
165
375
405
167
397
368
137
412
381
184
301
394
186
390
389
172
382
446
121
395
448
148
415
386
135
381
424
132
375
399
177
385
369
126
378
460
144
414
375
183
393
364
120
362
421
138
435
449
176
373
349
112
348
391
140
410
425
146
383
426
178
434
477
118
394
458
173
373
471
140
371
455
181
435
370
112
376
458
138
393
429
167
387
489
125
394
427
145
409
414
493
466
454
129
393
408
136
438
457
177
433
435
122
431
426
140
373
471
135
401
444
125
393
402
177
370
459
160
381
471
181
433
399
148
419
454
186
438
464
166
398
497
171
435
441
182
411
388
123
383
425
166
335
416
176
390
388
170
425
429
139
394
456
151
402
453
180
373
462
140
400
396
171
425
394
169
338
415
175
434
438
118
386
415
135
396
390
150
415
414
147
394
420
132
390
383
159
381
481
184
431
470
166
401
476
141
388
405
121
437
414
120
380
404
144
389
470
134
388
479
167
347
421
145
399
424
165
395
396
479
217
429
444
154
441
455
132
394
467
121
371
441
137
394
434
147
417
403
114
381
461
179
431
459
123
435
449
146
378
388
155
421
451
171
395
475
125
387
352
122
399
384
168
377
462
121
385
385
163
393
410
140
403
479
119
388
443
163
328
464
183
417
480
162
336
411
121
388
435
171
345
478
128
389
410
175
384
452
171
449
424
146
414
436
165
403
424
137
390
444
159
441
391
146
464
514
137
417
450
170
407
403
128
430
442
148
404
408
170
388
435
159
336
474
184
377
385
149
438
476
154
430
438
162
423
408
130
426
424
120
376
389
128
422
424
176
403
453
132
367
409
170
461
404
161
401
441
126
394
410
168
414
414
179
365
419
149
410
406
119
381
457
121
376
398
134
416
442
161
349
435
164
414
383
139
439
448
183
366
401
182
426
469
117
378
462
174
341
417
126
382
458
157
439
453
128
420
422
124
386
371
124
388
396
168
394
394
169
438
373
181
436
458
128
387
468
124
383
440
178
423
457
176
336
431
174
396
420
127
435
396
169
383
372
136
399
414
176
385
395
173
423
467
230
399
391
155
383
381
169
329
455
166
396
380
176
429
444
180
386
393
121
443
484
161
384
425
170
344
351
177
344
405
118
372
370
133
383
459
183
431
418
162
336
394
138
383
464
130
369
385
445
193
431
117
383
392
165
337
386
171
386
414
122
425
448
130
383
474
143
408
485
149
448
370
147
416
366
135
445
454
132
330
470
140
393
404
123
385
375
158
371
411
121
383
439
159
328
463
172
401
431
177
362
463
172
383
369
146
416
426
181
437
452
177
433
448
167
386
463
171
432
369
177
428
464
128
382
458
420
611
460
450
173
428
451
186
429
425
122
376
438
119
351
439
177
370
469
143
341
430
170
433
422
132
359
469
133
383
372
166
391
423
166
340
434
176
377
422
135
432
402
126
367
390
177
382
465
139
397
394
149
412
474
170
338
417
139
379
449
170
386
360
110
382
392
168
450
470
164
451
441
180
415
453
163
387
382
168
356
391
156
414
369
169
382
443
174
361
425
134
395
408
178
404
408
167
391
460
170
438
448
168
414
417
181
422
465
177
424
456
124
377
455
171
439
416
137
393
412
179
417
434
153
433
508
164
372
362
118
415
445
152
432
444
119
443
440
173
345
348
185
408
422
124
397
443
145
409
427
122
398
436
180
381
366
153
417
415
177
394
374
156
387
376
132
417
408
119
387
396
152
361
394
159
440
455
162
336
422
136
394
388
137
381
379
143
397
471
115
383
434
159
383
428
122
381
449
142
396
421
180
367
387
117
387
468
162
352
390
131
394
380
170
330
408
121
388
458
171
406
414
165
397
415
162
403
479
163
464
420
195
415
426
147
376
459
172
410
407
175
410
405
127
394
395
156
408
395
139
426
422
137
421
422
125
385
430
136
406
390
162
390
365
156
369
430
139
397
463
130
389
424
180
401
455
151
417
477
142
397
433
152
413
400
144
412
424
134
407
416
169
347
428
171
393
468
179
395
463
161
441
375
167
384
458
170
341
426
143
402
415
183
386
413
173
399
405
177
437
452
159
467
414
196
440
466
187
387
409
132
406
466
167
382
380
149
418
397
182
437
412
124
401
410
123
368
346
158
421
421
120
399
415
129
341
458
170
398
453
159
401
404
186
401
423
144
406
502
485
225
428
477
144
410
424
138
394
434
147
408
402
184
407
414
131
391
422
189
428
453
123
386
360
138
387
371
139
399
391
176
342
409
157
384
445
164
402
381
164
377
440
158
423
406
208
421
420
170
399
198
119
336
414
130
395
395
165
334
414
122
423
382
111
377
355
153
417
452
173
333
413
174
293
427
138
379
449
140
401
432
167
424
459
114
384
380
168
402
391
137
401
428
150
391
439
172
386
399
149
435
451
117
348
345
166
426
410
120
391
463
136
391
409
121
379
398
119
432
358
143
397
458
136
399
460
180
370
386
134
828
827
406
512
471
248
430
450
160
372
455
126
356
392
128
356
382
185
424
458
122
394
431
150
432
444
151
378
416
166
398
429
162
431
417
149
402
406
136
385
410
131
387
414
178
434
414
130
381
425
163
387
426
125
388
389
171
393
404
175
358
439
119
436
446
166
379
462
184
412
432
197
389
451
176
398
439
155
422
434
132
393
428
175
390
461
149
416
472
173
343
456
142
406
432
158
418
475
183
438
383
174
393
456
172
388
415
139
396
385
150
395
401
172
391
356
155
414
432
207
415
393
181
435
467
203
402
432
170
339
392
134
397
373
159
412
489
135
429
454
141
407
395
154
366
448
173
401
417
181
427
438
177
429
412
174
396
414
174
435
389
167
411
406
158
428
449
167
345
370
146
395
353
148
423
424
133
389
457
169
374
397
170
393
346
177
410
420
170
397
458
149
431
414
168
383
370
116
378
386
168
341
437
149
326
394
161
367
440
160
382
390
157
438
451
141
390
413
154
383
448
169
432
375
135
381
403
169
397
394
179
430
446
180
420
425
148
438
403
398
166
333
401
172
300
441
186
418
419
162
424
383
150
398
451
122
374
481
430
446
148
315
435
466
456
163
194
420
415
418
275
113
398
420
422
453
195
311
397
449
451
203
117
372
413
461
165
181
403
462
487
317
154
374
445
425
420
155
315
431
400
446
202
151
417
409
176
425
456
146
421
450
133
402
411
127
442
397
126
373
445
173
435
468
145
417
468
158
442
456
119
379
395
111
371
438
159
382
416
128
373
439
129
398
407
121
382
454
148
337
367
140
402
406
119
374
389
184
423
440
187
384
505
163
340
364
114
401
442
178
358
473
138
401
409
163
350
407
115
355
383
170
432
398
117
385
414
114
382
427
140
406
443
179
425
471
153
421
370
115
429
499
135
416
414
178
393
366
148
414
443
125
383
431
169
436
450
157
333
457
454
485
482
238
433
402
165
386
392
161
384
472
129
386
449
139
395
411
106
423
470
135
437
449
135
392
370
149
419
408
122
378
416
127
433
391
168
374
392
179
386
445
162
442
458
149
413
428
148
407
425
163
399
380
166
337
445
169
341
384
150
416
490
167
380
430
184
427
463
141
436
462
135
388
396
142
411
456
137
423
920
445
496
420
188
429
412
141
415
421
160
364
434
161
441
452
162
334
387
162
334
435
168
388
460
170
430
438
172
380
391
140
382
415
122
430
444
174
431
378
158
386
353
175
422
423
176
402
407
178
366
460
129
359
364
119
380
377
173
419
423
136
401
380
143
402
389
212
366
438
420
171
434
117
388
385
138
405
384
151
432
420
162
335
360
173
384
429
175
430
470
135
391
404
190
367
444
156
423
438
153
392
351
149
334
423
165
390
374
159
448
386
395
188
427
461
142
371
466
162
337
419
139
406
390
179
425
379
137
406
440
177
418
433
146
426
379
165
334
427
162
335
464
125
382
450
164
331
419
139
387
430
122
437
470
100
425
453
139
388
458
120
425
458
181
426
441
185
425
439
154
387
430
170
425
377
157
439
409
119
422
435
161
326
359
133
390
426
154
407
393
137
410
396
182
422
389
183
436
475
132
390
377
161
348
397
121
386
361
137
365
430
177
371
470
162
337
403
177
433
443
148
422
431
152
369
390
170
436
381
155
378
447
136
400
413
177
427
438
161
390
476
164
379
435
152
376
440
151
434
449
136
388
422
134
405
440
155
440
390
168
387
388
178
362
391
174
369
404
118
380
422
130
396
382
143
404
403
164
384
381
161
349
427
128
382
383
163
395
404
159
439
456
126
389
438
146
414
378
151
373
385
138
418
387
124
383
388
173
365
425
174
423
431
181
428
392
163
384
475
136
423
397
170
427
440
162
389
446
148
420
456
122
386
404
167
337
413
121
381
429
161
424
422
133
390
428
139
407
396
169
426
413
125
376
411
132
398
431
153
340
404
179
381
410
119
420
467
202
415
422
143
427
453
152
352
362
129
378
396
157
387
391
112
425
399
182
430
392
168
428
463
136
397
406
177
440
358
126
385
451
106
381
415
130
401
465
158
331
385
152
381
350
113
344
407
122
385
393
177
355
429
217
424
377
145
412
449
172
377
472
118
441
459
119
321
402
131
428
458
122
402
409
165
333
435
141
403
406
182
433
405
129
388
419
129
330
431
162
397
469
121
385
395
161
380
380
154
461
443
139
354
412
196
390
401
141
438
381
462
239
426
400
156
337
401
171
294
466
116
438
397
146
406
394
165
427
431
127
401
885
486
449
392
195
430
384
183
417
393
168
336
411
127
360
434
118
410
422
134
401
399
136
401
436
153
433
444
180
439
444
170
425
429
146
412
361
164
388
347
129
389
407
119
384
394
168
394
414
121
386
423
138
404
418
118
381
408
126
383
372
149
331
465
138
398
390
184
431
468
166
387
433
174
387
412
117
384
408
140
409
405
121
380
440
152
415
426
123
381
347
118
398
359
158
383
467
118
384
457
121
378
468
133
429
470
129
383
413
133
385
386
164
385
427
172
381
364
149
423
369
125
388
417
148
374
383
162
439
456
152
420
455
176
343
418
141
378
427
139
393
402
115
438
453
142
396
392
144
416
421
125
373
414
176
388
459
150
420
454
122
386
413
114
380
397
174
428
458
126
379
422
168
388
461
120
438
438
134
378
363
160
296
373
150
393
441
188
384
417
123
387
375
164
391
454
154
420
410
123
385
379
169
399
444
118
432
396
163
385
453
161
447
396
155
375
434
129
387
375
165
378
460
175
400
439
173
340
449
170
342
438
118
442
393
149
410
483
130
386
478
172
428
440
160
389
357
135
443
442
121
342
424
143
403
396
128
384
387
164
375
398
168
434
405
132
391
450
166
345
441
162
375
453
182
424
430
118
405
477
126
384
381
167
386
416
124
382
369
120
400
398
113
346
359
132
384
415
128
379
358
127
386
451
156
394
430
150
433
391
167
422
437
150
409
431
131
384
444
139
404
405
131
385
408
135
392
385
170
435
411
115
376
376
138
396
396
136
399
426
424
214
444
411
172
425
376
117
430
419
166
394
366
148
408
432
149
387
405
160
335
409
129
404
369
157
433
372
131
383
456
134
330
432
172
374
414
124
430
388
171
432
430
150
374
450
120
346
408
126
389
380
161
394
452
157
396
422
167
387
453
184
393
464
142
431
441
157
381
418
136
395
374
132
393
398
149
375
399
182
410
418
201
426
442
157
405
353
123
383
427
156
426
432
179
426
412
161
291
471
133
389
406
185
429
392
132
396
402
172
371
405
122
373
393
115
438
466
149
374
462
123
392
414
137
331
408
129
388
406
144
406
415
126
394
465
165
399
382
179
427
384
150
428
471
156
422
371
169
421
433
153
429
394
169
458
417
114
396
408
527
439
498
206
426
382
158
384
382
143
439
450
170
369
422
167
332
464
123
339
433
187
439
413
173
439
420
121
387
449
165
382
441
184
376
450
163
446
447
186
403
435
172
394
408
182
351
450
167
294
428
135
390
405
128
413
417
135
441
406
98
389
461
167
382
383
156
346
371
152
399
429
140
396
368
156
366
398
190
430
439
191
391
397
124
397
397
122
413
383
180
391
428
187
390
378
180
403
439
153
415
423
161
388
389
155
425
424
155
350
413
143
395
377
179
400
371
123
391
451
147
412
418
133
337
402
158
372
440
172
403
360
130
405
425
124
405
417
180
398
426
122
345
406
158
434
372
115
380
450
139
440
464
185
376
420
141
399
376
146
387
464
181
440
420
151
405
458
152
418
429
120
385
429
132
391
431
144
398
404
130
445
402
182
454
462
175
395
462
127
402
377
149
404
419
150
341
382
143
417
408
146
395
467
172
385
439
168
356
384
145
425
433
376
231
429
436
156
421
393
170
398
385
139
339
412
180
399
447
130
424
440
154
366
435
149
354
411
179
438
370
125
403
449
195
396
429
199
400
436
210
421
456
197
429
459
131
389
382
170
399
435
166
380
441
172
436
411
127
405
464
186
432
409
139
444
461
178
387
407
182
391
388
164
354
390
146
424
389
133
408
395
181
431
431
123
396
384
178
395
375
129
399
431
128
427
398
147
411
431
133
390
430
142
405
383
175
339
415
169
394
406
186
377
437
130
395
389
171
436
455
159
344
380
117
403
406
165
391
418
150
417
397
194
389
372
159
368
435
122
392
399
116
402
408
125
384
457
138
405
440
148
405
389
159
424
433
137
382
416
183
433
415
126
378
433
134
357
372
135
391
403
173
402
403
171
298
426
179
436
392
166
355
430
129
387
457
162
431
379
119
398
401
119
373
417
123
344
410
125
397
385
152
421
398
180
409
424
143
377
166
188
428
426
185
436
437
157
391
463
159
343
396
170
403
422
141
399
413
174
337
442
161
394
439
134
396
420
144
407
408
175
400
402
176
376
406
129
398
430
124
382
417
120
389
406
169
398
360
115
399
404
136
395
464
144
402
466
182
438
413
126
402
416
145
420
388
131
342
438
124
376
438
178
402
415
143
412
449
169
836
838
382
480
531
151
397
401
164
336
417
124
373
418
151
437
453
144
396
415
170
444
444
123
327
471
148
413
446
167
394
360
112
396
399
171
438
446
159
397
379
145
412
413
145
339
412
142
395
453
151
411
400
159
431
440
199
444
397
180
439
422
118
385
355
121
398
385
171
400
367
153
428
461
154
424
427
406
216
428
378
167
352
399
127
442
416
120
399
435
149
418
427
199
400
388
157
416
447
171
392
411
172
342
432
146
411
387
114
395
425
131
393
423
132
409
478
133
385
454
134
392
361
144
358
422
176
391
416
160
365
388
156
425
392
171
359
391
119
394
412
177
364
386
117
374
430
159
343
382
154
382
409
122
380
398
157
421
426
145
408
391
165
335
457
137
381
418
133
388
424
170
396
433
172
383
389
122
425
455
125
388
396
117
402
445
128
389
400
118
433
447
159
384
458
137
399
465
178
432
404
115
397
366
171
428
379
122
416
438
120
374
385
164
380
452
173
390
381
166
381
443
159
444
473
144
424
428
147
397
408
170
352
436
147
418
458
115
381
418
150
422
435
139
376
397
162
389
410
183
423
429
158
388
440
124
434
455
181
383
431
132
386
420
156
383
450
147
425
367
124
431
363
131
390
423
126
387
389
160
443
441
175
367
387
168
375
403
120
378
437
181
428
437
130
436
383
162
331
425
144
427
441
122
381
411
123
386
416
127
389
358
127
389
400
171
342
437
189
430
458
172
390
407
165
335
358
129
386
458
122
383
388
135
392
378
135
399
387
140
366
428
178
395
407
168
336
408
130
379
446
188
378
411
150
409
480
121
427
445
182
376
394
130
444
382
168
377
386
188
434
425
148
408
448
168
375
400
103
378
447
166
391
342
176
393
404
117
374
413
166
345
384
151
447
373
151
425
379
156
435
456
155
386
451
182
368
379
156
388
414
123
397
409
166
394
477
160
444
418
353
418
419
217
469
452
180
431
407
360
196
429
119
377
414
461
224
438
383
171
432
413
158
446
360
156
404
369
158
435
451
166
375
451
159
429
462
166
368
444
146
380
468
141
431
469
166
396
393
167
295
356
147
421
387
146
409
376
172
431
434
158
385
402
167
392
421
140
426
470
148
420
462
151
377
407
127
387
463
122
884
875
448
421
516
120
407
397
153
419
394
169
427
426
162
382
379
168
387
397
171
428
397
157
439
372
181
439
397
181
383
395
183
381
436
188
435
459
123
392
374
166
336
420
143
405
408
120
386
429
173
434
417
130
419
446
160
446
428
150
378
456
171
386
469
134
385
397
178
431
434
166
347
390
165
338
417
132
393
408
124
441
453
174
428
400
159
389
412
124
394
413
124
377
410
128
381
415
120
378
449
168
348
434
155
385
376
128
443
453
171
447
413
129
393
391
176
433
369
153
439
457
166
396
396
157
390
449
139
396
408
176
435
482
116
396
405
178
432
417
152
447
462
151
435
396
123
430
429
174
404
414
137
399
464
173
432
370
155
383
414
153
438
425
142
400
406
173
425
395
176
430
387
140
379
448
139
395
361
173
397
435
143
413
361
176
397
396
112
384
447
154
427
432
150
398
403
134
391
355
128
381
383
159
360
391
170
387
399
174
392
400
184
385
369
128
413
400
158
389
497
195
429
383
173
426
396
173
433
400
194
423
399
119
375
421
170
428
385
153
436
449
177
378
410
131
434
408
121
379
435
164
352
391
155
426
408
124
395
422
121
438
377
158
391
405
134
384
381
187
426
415
156
386
386
169
379
431
133
378
425
123
431
454
126
373
401
181
432
407
186
423
362
146
407
368
169
368
466
121
382
382
147
434
451
161
392
403
431
187
424
113
376
380
432
208
384
428
173
380
352
126
443
451
169
342
422
126
404
395
163
446
467
165
393
400
154
438
441
157
382
408
134
387
390
166
376
399
178
382
456
148
371
419
131
390
439
113
404
415
145
405
440
181
369
466
168
397
426
150
423
406
138
394
362
102
390
401
119
385
374
142
396
436
148
425
435
157
380
472
120
430
442
162
382
372
162
400
429
136
405
439
151
401
406
174
430
360
135
402
410
165
395
412
172
386
398
180
431
373
448
435
489
222
438
433
182
405
465
172
430
381
187
375
421
191
379
384
159
384
391
149
422
381
163
401
427
147
408
359
137
405
460
152
442
465
162
338
408
180
346
357
118
432
380
167
442
416
137
407
392
185
376
420
168
384
444
215
434
385
167
337
493
123
430
361
122
390
398
166
327
412
136
406
419
119
432
439
122
394
850
424
540
423
197
441
426
185
438
417
117
391
413
130
375
445
165
443
406
164
369
413
156
378
475
151
435
350
161
338
387
132
334
430
150
399
440
189
374
413
141
426
460
121
393
416
173
406
397
177
443
377
161
396
487
136
399
384
170
345
414
162
330
404
166
338
398
157
435
435
168
431
401
234
427
437
117
429
447
121
438
419
183
385
465
176
425
380
129
396
451
170
389
355
122
384
464
134
385
447
156
397
403
118
423
453
134
412
409
175
429
424
164
338
458
154
422
432
153
389
450
170
391
483
153
444
432
132
387
459
151
420
395
182
370
388
153
434
448
131
385
394
173
429
468
138
341
474
153
445
394
140
433
455
175
419
370
129
425
426
164
333
428
126
394
404
152
434
448
156
402
479
196
400
387
130
387
401
405
193
431
414
124
386
440
132
356
443
180
369
475
147
415
407
181
373
467
121
379
453
119
417
390
150
434
425
131
392
396
123
379
446
159
395
388
117
431
387
145
367
465
150
407
381
160
377
400
138
403
445
184
418
434
123
400
406
161
369
436
154
443
394
185
423
413
130
397
461
170
402
402
135
384
388
177
369
378
158
374
380
158
376
429
117
436
410
119
392
381
116
390
469
125
394
393
122
414
457
176
411
374
187
396
431
171
426
365
173
434
371
158
353
456
160
432
450
174
405
460
157
409
380
170
363
461
132
415
425
129
436
428
162
335
455
159
435
433
131
438
425
143
438
452
173
402
447
135
392
392
171
383
463
167
377
386
124
376
394
167
391
391
124
377
417
176
382
435
118
434
530
177
387
466
146
417
447
145
455
440
156
450
497
131
387
399
170
377
486
145
417
430
129
442
449
185
431
421
160
332
427
122
353
541
151
401
415
177
427
437
142
401
414
139
428
387
172
414
433
152
349
450
169
411
403
170
432
443
162
444
451
142
415
454
187
425
459
105
391
425
144
378
408
181
361
395
148
433
449
175
347
417
168
349
410
134
392
393
169
334
422
140
412
425
186
387
419
146
439
443
129
395
473
163
390
471
122
404
415
162
399
422
177
432
397
176
413
404
172
434
448
177
432
462
101
385
450
153
424
457
123
421
431
151
431
415
175
381
388
148
418
431
173
378
452
176
372
383
167
436
366
469
457
439
135
421
454
147
417
450
141
432
393
117
398
406
120
431
434
177
430
473
144
420
422
168
418
376
164
428
414
140
361
369
137
394
461
181
430
439
123
382
382
136
396
402
395
206
425
419
155
439
451
164
392
423
118
401
442
134
382
373
163
339
423
180
383
417
201
434
418
138
395
432
121
384
515
166
333
434
135
394
397
147
411
425
148
414
448
169
370
408
121
383
437
131
383
395
183
421
448
120
433
460
149
340
435
149
435
404
166
434
375
179
430
404
123
379
467
132
383
391
168
426
437
163
382
422
153
393
448
151
413
398
150
447
437
149
435
449
165
393
495
163
444
509
183
431
393
173
423
373
181
426
453
138
424
359
126
381
378
167
337
386
154
380
463
134
441
461
177
431
460
133
381
383
163
334
407
167
335
410
128
383
410
123
371
421
125
437
382
123
381
478
168
426
473
129
397
405
125
379
445
180
425
369
136
391
421
143
410
446
160
382
416
121
362
391
143
385
411
170
432
472
165
431
446
138
443
433
150
383
395
139
364
388
163
391
416
176
374
363
165
429
437
133
378
438
162
336
422
159
387
466
129
389
391
122
428
407
174
426
442
162
431
448
168
399
370
162
379
457
183
435
468
167
399
415
126
434
481
124
385
448
161
389
381
158
385
451
130
378
405
118
374
445
156
380
414
121
378
420
148
475
432
142
392
438
156
426
454
124
380
421
146
416
432
165
343
433
155
433
356
147
432
406
169
328
475
165
401
450
147
431
445
171
431
377
164
337
425
144
408
450
185
485
465
124
391
414
147
420
413
154
396
391
167
346
391
186
431
433
177
428
415
133
392
397
123
431
392
136
391
383
169
374
439
159
394
408
171
433
394
134
418
367
177
424
375
157
392
352
147
434
386
153
390
383
169
423
384
165
341
437
153
382
427
150
434
468
139
402
406
388
121
488
166
366
408
390
235
373
452
203
432
407
158
395
406
177
432
384
173
399
419
129
387
426
200
398
402
177
427
442
161
411
363
150
334
368
120
427
452
166
339
448
188
376
413
161
373
460
143
406
424
191
402
412
149
422
386
142
350
435
140
430
428
141
404
515
166
397
463
124
392
427
178
408
428
171
427
372
142
410
404
119
353
424
129
418
433
424
451
485
182
347
415
118
417
455
133
357
382
159
388
419
120
348
449
133
396
393
127
352
454
122
343
420
157
332
422
145
404
416
167
430
450
139
421
408
124
375
469
128
386
394
159
440
469
136
402
408
169
404
384
148
427
351
147
383
463
138
353
459
147
421
435
171
386
444
138
404
374
158
437
454
171
337
403
156
426
453
133
378
454
171
373
384
146
411
447
128
383
466
183
402
426
129
366
446
158
367
490
121
429
441
177
449
413
184
377
461
172
364
394
159
434
463
176
308
493
170
341
419
177
393
451
198
389
473
118
427
444
170
366
444
177
407
396
150
409
411
180
436
416
124
381
397
119
379
431
126
434
412
153
374
408
168
338
409
178
384
449
151
405
403
166
441
455
132
399
453
173
345
433
147
401
411
183
388
382
140
403
376
156
395
356
145
396
419
139
398
462
143
344
431
153
443
457
170
429
481
162
420
374
176
402
423
136
393
381
147
369
461
193
433
396
145
420
428
129
393
399
142
443
471
157
382
476
178
386
437
148
394
410
149
422
393
138
403
386
176
409
391
179
426
449
156
434
424
184
404
385
159
333
430
418
181
437
115
388
418
163
387
458
175
429
402
170
434
396
120
385
448
188
382
411
143
427
469
409
188
430
377
142
408
456
163
383
114
382
406
401
227
428
401
134
331
352
170
382
409
179
378
435
158
328
419
147
403
410
178
435
402
162
381
468
127
425
471
127
369
389
120
381
477
149
427
425
165
393
387
123
383
418
153
381
476
156
382
366
152
458
424
146
411
412
161
354
420
160
333
405
182
426
466
145
420
386
155
383
350
185
370
414
166
344
466
166
441
399
161
418
428
163
382
449
160
424
443
120
438
407
171
419
472
152
438
390
136
393
376
160
385
334
171
376
413
155
387
445
221
426
429
157
441
455
154
390
387
120
369
469
126
378
443
171
434
366
154
440
166
120
371
452
242
427
428
130
442
454
194
378
451
129
389
399
176
438
439
174
445
391
155
416
400
153
405
403
118
376
417
129
384
461
153
389
421
148
380
370
191
373
465
198
402
377
176
394
429
177
438
463
159
340
405
181
431
447
142
402
414
178
340
372
122
380
412
120
393
443
155
424
448
196
387
423
138
394
404
181
898
921
194
435
512
196
427
422
150
386
401
119
442
413
140
435
370
129
361
374
184
433
390
120
391
420
176
430
443
170
374
439
173
452
408
118
437
376
148
416
424
184
429
393
180
433
453
172
366
466
176
373
411
152
438
412
183
436
470
168
341
385
152
376
435
128
380
436
170
428
393
155
443
372
160
380
397
181
430
384
158
385
449
143
402
398
138
392
406
119
397
449
166
342
424
128
435
460
179
431
464
145
406
398
111
433
414
138
435
443
137
388
461
127
376
396
126
374
490
177
383
449
149
401
413
135
413
407
159
386
353
148
415
357
139
434
406
131
434
395
162
331
415
125
387
465
172
432
419
115
436
404
398
207
370
438
180
460
457
172
358
379
153
422
382
120
431
420
152
416
419
113
424
459
132
421
442
175
408
463
166
414
433
171
404
475
150
412
417
174
410
436
169
411
411
136
415
415
178
425
409
123
359
486
143
357
385
182
438
445
165
375
444
167
351
405
157
438
362
143
346
425
138
392
426
141
406
424
149
415
433
151
413
448
157
381
398
175
369
449
181
436
377
153
383
375
165
362
475
162
407
448
156
482
394
183
376
412
127
388
421
132
392
418
138
386
435
155
398
408
127
387
491
172
408
431
158
450
453
144
406
441
140
416
452
173
427
437
176
440
407
124
440
397
182
431
399
145
410
443
160
443
383
117
382
458
145
392
422
147
396
395
123
429
460
179
438
388
169
388
403
157
419
430
138
401
353
112
441
427
143
406
390
151
388
364
143
405
446
153
420
427
148
439
457
127
391
391
176
430
360
158
384
465
185
434
455
191
394
387
164
389
470
117
380
446
164
419
437
144
403
400
168
427
441
125
429
371
180
429
460
116
429
455
177
382
425
151
434
410
178
428
442
138
400
385
164
397
479
131
381
444
122
430
445
197
363
439
148
426
463
142
469
399
115
390
444
171
399
385
410
507
467
209
488
441
245
430
372
162
394
400
149
419
392
183
444
456
150
420
468
195
397
396
127
384
452
152
374
392
150
425
402
120
386
476
166
349
425
137
380
440
169
397
436
183
424
399
156
433
389
137
395
483
148
398
420
117
380
376
138
400
405
141
394
466
122
379
411
182
384
391
154
439
449
144
401
443
147
334
921
453
438
404
191
426
396
165
398
410
138
397
428
415
214
384
418
135
358
421
190
430
443
168
400
453
165
337
424
176
419
445
185
440
411
174
383
390
161
330
428
130
432
388
163
428
388
131
376
377
162
447
401
146
403
439
139
377
445
163
424
481
153
443
394
137
446
404
120
398
397
172
491
413
136
383
476
197
429
381
129
327
385
134
383
391
166
374
468
145
421
418
135
394
428
201
391
413
176
440
415
171
378
467
167
349
360
150
371
442
191
385
445
208
415
439
158
386
443
196
399
386
147
392
490
160
433
373
155
377
448
146
386
369
173
336
355
144
421
406
138
360
345
165
394
411
128
352
379
141
396
404
174
410
423
132
403
436
158
388
457
148
432
424
138
379
405
185
426
410
148
396
416
137
392
418
135
347
357
160
335
404
161
421
450
124
435
429
148
439
407
127
438
450
176
428
400
171
346
434
174
427
477
137
397
389
124
411
430
137
407
415
124
433
447
142
352
397
182
393
401
183
309
431
139
397
423
131
377
504
163
389
489
166
407
418
169
335
442
149
414
465
150
428
408
125
443
425
143
402
406
180
442
378
130
390
459
156
503
180
324
439
412
474
166
187
442
441
466
360
120
343
402
395
448
127
289
430
453
445
113
369
442
428
426
212
131
354
441
457
341
121
381
404
425
426
152
418
426
138
397
415
147
416
456
176
414
402
134
424
402
115
381
459
137
386
447
166
386
466
165
390
396
178
427
428
159
385
432
140
408
427
165
377
419
158
392
408
131
446
406
133
390
450
171
382
427
148
435
510
157
396
407
120
384
375
131
429
420
163
394
433
150
395
419
181
431
381
116
379
401
146
405
361
134
365
410
119
384
421
144
402
412
156
438
449
185
423
427
121
379
475
399
212
432
443
168
392
419
135
394
406
157
435
394
161
424
390
132
383
444
159
383
456
167
386
429
110
385
407
424
500
471
280
434
453
170
430
465
165
437
417
157
367
412
178
379
427
130
374
397
136
398
429
149
377
425
161
394
418
180
406
371
152
433
443
145
405
370
116
438
402
169
437
381
149
415
426
122
380
420
136
336
464
166
398
372
139
401
418
141
407
414
138
401
390
140
394
471
135
366
477
180
370
482
174
368
434
155
376
928
492
485
465
170
428
442
153
410
394
154
434
402
169
395
410
124
428
441
159
429
412
182
431
431
138
430
442
138
371
418
152
432
410
122
431
463
108
437
415
163
394
426
149
429
429
149
405
417
141
402
367
139
395
366
130
404
410
133
349
412
157
378
404
176
404
451
186
430
439
145
409
395
182
423
425
172
437
480
181
432
416
179
429
427
134
392
453
137
394
482
137
403
406
172
424
429
169
428
441
148
408
404
166
375
419
176
431
463
182
432
443
147
416
395
185
430
464
114
421
470
178
429
406
170
429
373
118
375
448
170
430
424
153
434
384
171
400
355
136
391
372
159
439
441
132
388
384
163
414
379
160
391
377
168
368
434
172
339
441
163
339
420
126
430
414
136
384
359
169
435
448
138
388
424
127
432
379
162
384
389
151
439
451
125
375
453
158
433
354
162
388
450
167
366
401
125
400
468
167
399
388
188
406
398
119
383
404
177
422
382
129
387
425
139
393
415
124
381
425
152
432
461
127
383
430
135
353
366
131
386
432
135
388
439
128
378
438
172
434
392
177
440
434
153
371
467
167
355
368
130
382
475
170
386
397
161
382
415
367
208
428
387
124
436
447
164
396
411
124
440
371
131
384
362
115
434
370
147
428
416
130
383
398
165
336
408
118
383
447
164
389
454
119
382
411
163
387
429
167
383
403
121
436
407
159
330
388
166
338
413
173
382
406
182
433
405
147
417
435
153
428
393
126
381
452
165
393
429
146
409
452
198
395
362
152
349
366
171
378
404
171
382
452
172
342
410
166
387
411
171
385
389
166
397
393
130
372
437
175
435
450
164
371
469
126
446
393
118
436
360
116
397
401
136
429
385
169
329
400
122
439
444
156
411
428
164
406
422
140
415
418
141
415
429
150
346
424
134
365
455
122
432
430
128
379
417
140
408
441
160
380
456
122
388
397
168
383
410
123
394
485
214
380
409
168
388
408
120
433
440
162
378
445
161
396
417
183
387
399
173
341
494
154
434
420
139
387
400
144
411
475
160
443
393
157
443
432
133
439
446
163
383
379
165
339
408
163
385
431
141
394
419
144
416
391
172
431
384
138
379
407
149
406
423
131
387
415
125
382
407
165
433
431
181
439
381
184
430
395
456
341
449
207
407
424
148
429
381
167
340
395
148
387
370
148
434
441
155
432
386
123
429
418
150
397
437
122
422
398
135
376
371
179
331
402
131
390
344
149
420
457
176
376
412
118
380
417
168
436
435
130
414
388
176
429
463
174
372
380
145
408
433
148
377
469
134
391
418
160
386
420
137
390
397
170
340
419
142
403
415
461
162
449
172
375
437
164
434
406
167
338
430
150
414
421
142
399
479
421
194
436
113
378
419
138
372
396
195
441
408
451
224
368
435
120
424
406
125
434
416
147
411
414
170
426
375
158
335
412
160
391
391
114
398
416
177
387
423
171
431
432
173
384
390
165
407
495
211
442
420
155
440
429
145
407
394
167
437
385
183
437
401
146
410
426
170
390
468
123
435
356
153
425
453
129
395
403
164
397
417
169
425
442
157
341
416
136
388
386
170
343
430
149
416
457
165
433
432
123
437
449
120
435
425
144
400
415
177
382
447
163
448
453
202
400
456
174
375
386
148
409
452
168
398
372
151
406
394
159
368
390
170
345
412
126
384
460
126
427
393
160
384
417
126
391
415
176
462
446
165
376
503
144
419
454
164
379
455
148
412
448
175
430
480
141
433
476
177
445
401
182
437
460
148
436
390
118
381
371
133
396
369
122
439
456
122
434
413
154
439
445
153
382
474
154
434
446
171
340
449
161
446
459
173
411
420
168
443
448
159
383
456
169
338
429
144
381
417
122
385
445
162
391
429
140
386
427
121
432
449
124
435
444
160
330
455
128
345
392
172
434
374
161
385
424
134
382
454
173
371
440
144
432
358
155
333
432
158
385
466
124
381
434
173
350
445
117
382
413
131
418
495
161
357
426
121
439
406
129
408
474
115
413
449
177
404
471
128
414
419
134
365
436
143
419
468
170
410
432
151
414
423
163
419
394
121
438
402
158
438
469
134
390
409
166
444
453
171
439
342
440
236
359
168
449
421
114
387
442
137
383
462
139
402
452
150
425
459
166
398
392
169
385
453
167
459
396
148
419
437
153
413
401
114
405
415
126
393
429
158
385
435
173
409
481
139
398
468
173
401
449
147
402
439
150
425
440
157
444
359
130
384
457
165
411
446
138
405
394
148
420
457
178
406
391
159
399
445
420
553
467
454
173
374
411
119
431
450
169
336
405
167
379
360
122
372
458
149
410
392
148
417
420
148
402
416
178
436
457
188
405
391
174
367
381
172
387
464
129
420
377
179
407
441
177
379
418
173
414
448
174
409
445
179
406
367
162
391
370
149
382
480
190
351
419
232
434
423
139
397
387
119
437
410
184
428
415
114
425
388
165
363
462
125
336
399
164
332
465
155
385
429
157
441
417
176
388
411
173
439
401
164
391
404
174
436
427
181
386
459
144
423
421
181
432
473
177
434
450
162
385
447
163
332
448
184
436
478
131
432
469
136
379
439
153
401
419
117
444
441
129
390
393
123
339
410
134
396
408
166
400
416
131
432
452
169
373
416
153
438
450
180
437
410
123
379
390
177
431
443
157
399
470
151
447
421
155
441
389
175
432
394
123
366
388
120
380
377
137
366
400
170
428
436
141
370
381
143
367
459
131
417
403
168
432
419
137
399
412
177
424
396
142
435
410
159
438
390
187
434
442
140
386
454
187
434
418
135
398
398
163
390
454
127
368
424
137
402
380
157
388
427
145
439
453
167
340
429
142
417
418
152
327
420
148
366
356
153
432
369
123
439
441
167
357
432
175
432
398
169
427
398
137
402
354
120
440
449
166
338
401
148
439
449
122
383
439
178
385
396
127
384
450
173
381
414
169
389
382
193
391
362
168
341
424
172
431
468
132
408
418
146
417
402
114
381
442
168
441
421
173
431
411
122
388
367
129
327
376
147
413
429
130
386
443
156
424
436
152
384
423
127
387
408
181
394
422
165
405
412
151
411
447
458
257
407
415
130
339
405
167
330
416
194
381
425
211
413
418
133
382
415
126
386
452
122
380
446
159
380
453
148
416
402
172
343
472
140
448
408
121
372
391
159
387
400
152
436
457
126
391
427
151
435
438
177
408
407
123
390
368
159
442
418
142
390
413
128
384
163
259
446
364
178
434
384
134
383
431
169
387
417
165
396
404
176
348
394
179
373
471
183
389
391
173
377
442
184
441
447
127
378
424
141
409
415
119
366
443
162
339
409
132
387
471
153
420
424
133
388
464
124
343
353
137
387
386
173
438
400
132
419
442
161
330
417
128
432
444
131
391
434
194
383
394
171
441
381
175
861
885
385
477
419
222
434
359
179
382
423
119
411
421
116
380
384
154
386
362
161
451
440
156
424
403
183
385
382
145
383
406
160
400
385
145
400
395
148
362
394
162
385
476
125
445
426
119
391
460
127
337
387
141
376
371
166
340
399
127
447
454
171
339
385
164
338
424
148
403
392
152
410
420
122
434
441
149
440
378
145
414
392
156
436
409
117
432
418
155
436
413
120
393
390
168
432
370
170
341
462
183
382
440
146
403
411
153
416
431
150
404
459
176
404
397
124
400
422
120
441
451
170
395
365
137
390
451
183
433
476
135
385
418
154
433
418
132
398
416
167
358
413
127
391
446
177
396
462
171
380
425
175
431
438
158
412
368
116
398
410
178
432
391
175
412
438
158
423
399
191
386
430
193
441
445
162
402
406
168
341
429
148
410
412
185
434
469
136
387
441
157
382
450
166
393
405
126
376
459
167
393
403
159
432
391
483
218
421
440
131
382
454
171
390
453
173
361
407
136
394
113
375
433
143
411
395
176
423
440
425
182
370
444
130
376
463
149
439
400
170
395
444
167
376
453
118
393
448
187
413
443
189
412
405
177
410
440
136
414
453
128
465
449
256
384
396
140
383
411
181
381
388
194
382
396
181
387
368
125
436
460
173
354
447
170
399
406
156
437
391
167
411
431
140
388
451
172
396
443
165
435
452
161
384
430
183
386
406
118
391
401
160
453
408
165
383
451
148
380
384
117
383
444
154
385
452
172
381
461
129
384
413
170
338
412
173
340
430
150
405
441
173
384
447
165
388
391
128
379
394
174
379
470
120
375
419
163
447
354
168
368
474
137
391
442
210
416
435
154
424
388
173
340
421
126
430
420
170
388
432
151
414
423
151
431
389
166
428
426
120
436
394
118
386
449
172
383
487
167
358
384
165
388
428
160
384
392
168
393
430
143
404
415
125
443
447
133
393
402
454
455
478
349
427
522
202
434
406
152
421
405
166
389
454
170
342
393
163
388
428
152
443
417
149
417
398
118
434
408
128
388
429
152
438
410
177
373
439
119
384
388
173
404
439
156
425
426
161
435
432
172
429
382
162
393
355
143
396
477
177
355
386
172
358
397
157
433
411
132
397
408
164
434
417
123
433
412
170
387
940
488
459
421
228
374
447
161
386
454
142
410
397
136
432
420
139
362
426
180
405
420
136
409
453
175
406
472
159
418
403
155
389
404
120
411
377
159
443
403
125
435
467
133
390
412
182
438
389
132
380
458
172
397
404
157
415
456
156
368
465
163
394
477
140
368
401
227
426
432
143
449
381
168
428
430
166
390
434
153
436
460
179
379
361
117
433
357
174
439
402
165
332
461
411
223
433
404
167
434
484
117
413
376
132
389
416
165
383
406
153
394
471
168
389
394
176
398
408
160
441
435
152
423
451
169
384
470
148
417
432
146
416
475
182
432
410
173
435
449
168
392
405
188
376
415
131
396
417
179
389
386
157
441
487
172
405
417
122
447
416
174
375
359
119
423
416
161
387
456
114
378
411
118
380
367
166
381
462
153
430
465
134
380
413
139
394
398
116
377
450
158
344
380
146
418
467
116
443
386
124
430
379
146
440
451
153
434
460
116
373
381
121
435
407
145
406
481
154
432
376
158
439
416
170
375
448
145
385
397
135
444
422
137
389
377
157
433
441
163
379
428
174
428
416
179
383
416
161
414
442
177
343
411
126
409
422
174
381
432
138
391
413
124
429
388
144
400
399
114
379
423
168
339
354
130
385
422
130
381
412
128
381
462
136
385
419
161
406
416
147
429
474
177
428
434
153
434
444
149
437
463
133
409
411
166
328
482
175
429
422
166
397
457
125
395
391
155
372
438
145
432
372
177
370
444
184
422
380
167
398
408
112
440
448
142
431
386
137
387
425
141
408
413
120
381
453
171
389
425
115
437
453
174
381
371
157
384
412
164
359
367
176
424
463
139
401
388
177
340
424
116
407
456
162
408
442
154
407
416
122
443
420
124
440
457
120
390
407
125
384
445
136
364
478
149
383
454
147
408
370
123
409
393
141
431
469
127
415
389
137
369
440
167
374
446
187
426
391
171
404
451
305
441
440
184
430
434
180
431
390
172
346
417
140
419
418
122
390
448
143
429
459
165
408
445
137
419
430
120
435
417
113
436
457
179
441
378
132
401
401
157
435
445
395
209
376
113
435
383
486
240
432
444
120
425
397
182
362
405
171
381
417
158
324
410
117
372
467
120
376
453
173
342
417
143
436
364
149
412
948
473
440
472
189
372
400
168
429
378
153
382
418
139
461
407
182
436
447
173
442
405
140
434
411
120
358
382
134
388
463
131
340
404
156
383
437
132
395
485
184
436
358
158
383
438
175
379
420
133
431
419
175
386
410
171
377
436
125
388
482
191
392
446
187
433
468
104
431
467
133
383
453
169
433
372
190
431
426
123
436
393
176
434
411
122
375
454
177
430
356
165
393
456
160
395
406
165
469
398
174
435
480
166
433
447
135
385
466
122
383
450
135
377
402
116
436
380
190
430
473
180
428
459
127
439
409
122
430
433
176
366
452
174
437
375
178
439
382
186
429
445
165
391
406
176
439
419
118
387
381
168
339
427
146
395
381
153
419
342
115
370
402
131
384
404
172
361
386
159
435
401
160
386
436
160
447
394
177
430
437
192
430
414
130
389
401
181
433
388
140
415
440
145
401
432
138
398
426
158
402
426
125
434
376
139
402
404
172
437
445
164
388
423
136
392
415
166
334
426
146
407
408
149
416
473
169
386
438
137
388
437
158
422
402
116
385
504
186
432
455
172
345
409
125
327
463
121
384
407
165
400
473
124
381
487
183
433
444
175
436
451
169
386
465
159
446
456
164
393
442
132
384
355
134
389
447
172
382
490
175
439
375
159
445
402
202
406
407
173
381
376
165
396
408
119
441
451
150
380
373
168
433
409
136
385
410
140
430
471
184
421
464
145
413
442
144
439
382
150
415
393
160
406
474
147
407
419
173
409
453
171
406
411
438
191
406
432
167
341
465
180
403
479
131
348
455
160
345
413
182
346
443
119
383
366
151
351
481
186
375
402
132
384
385
172
381
416
143
378
474
154
384
448
190
380
378
160
417
487
203
431
469
145
470
402
151
328
461
177
345
436
178
378
406
139
400
409
175
382
428
167
341
394
157
387
421
150
380
409
137
396
472
129
384
480
138
445
387
178
405
478
214
494
519
208
425
393
162
384
459
172
337
435
168
437
402
184
391
360
176
429
412
125
320
367
170
442
428
167
374
466
142
412
416
155
386
447
147
385
420
136
382
387
162
391
426
135
390
434
122
375
469
132
392
374
176
442
476
145
414
412
170
331
497
182
431
465
151
436
368
183
413
461
194
386
376
163
432
458
470
472
438
142
422
424
187
382
448
124
437
457
176
394
490
123
384
416
140
421
428
171
434
461
185
425
474
119
388
468
142
395
478
193
387
462
176
357
398
157
439
373
186
386
478
156
386
418
129
385
390
184
378
451
162
393
388
184
358
370
188
429
497
122
433
418
207
436
455
207
433
451
166
379
410
121
372
472
182
387
443
180
427
458
173
383
474
163
427
455
128
394
398
119
458
368
186
383
427
144
406
394
164
350
361
151
400
410
143
436
433
126
380
476
135
391
395
122
381
461
132
386
451
173
436
442
146
409
398
160
380
455
171
354
370
163
392
433
163
394
463
153
410
421
144
398
432
130
385
430
169
383
387
120
384
392
121
433
467
131
392
421
181
429
440
141
430
402
135
384
433
148
404
402
161
389
399
179
391
387
141
387
427
186
335
416
166
463
415
129
378
476
189
443
385
127
382
367
432
199
438
419
140
378
410
116
375
451
163
432
447
167
436
374
179
428
409
180
441
387
142
400
492
187
379
427
152
440
423
162
390
375
178
425
461
120
382
441
187
389
421
156
325
411
138
404
474
143
436
460
177
425
366
151
440
376
174
394
479
175
356
405
170
434
497
175
437
422
177
378
392
174
394
419
128
379
378
118
434
445
119
428
403
171
387
448
143
438
432
154
437
450
167
382
460
166
432
425
149
373
374
173
404
445
154
389
429
174
436
449
140
402
435
143
375
392
176
433
376
179
342
468
186
424
385
168
378
420
157
444
383
165
399
370
153
378
472
195
391
438
162
387
381
137
429
443
126
386
454
174
372
399
155
437
409
147
410
452
169
391
404
157
376
429
210
416
424
145
409
449
158
379
424
194
459
420
159
411
430
149
373
450
172
404
511
126
381
416
139
417
436
181
421
433
146
371
468
126
419
414
132
407
421
144
398
367
133
358
454
160
338
403
121
437
401
165
383
442
154
434
344
415
204
428
115
340
416
155
420
443
165
347
458
114
426
394
153
350
375
138
369
414
125
392
433
148
410
373
156
422
416
151
407
417
160
407
451
126
353
468
132
382
453
170
336
436
124
431
407
145
381
365
115
376
452
167
341
414
164
396
433
179
343
444
157
422
463
183
407
421
180
346
443
162
388
419
140
426
379
157
885
918
419
440
454
203
432
433
171
352
438
175
385
370
179
434
406
124
432
459
164
435
421
128
363
368
163
443
453
174
349
399
136
408
375
159
387
377
171
336
444
185
379
420
141
396
399
180
404
418
198
427
390
148
418
448
159
333
430
124
440
367
394
164
391
400
175
380
114
379
482
187
383
439
431
230
432
404
131
383
373
175
436
412
181
440
413
138
398
487
108
371
418
147
405
390
155
437
414
118
434
366
142
386
408
121
433
390
150
375
427
118
443
411
145
431
412
190
368
410
127
429
441
165
391
398
128
385
428
131
384
370
168
344
385
149
413
400
180
393
381
186
439
415
124
376
403
136
393
453
168
326
452
140
337
427
181
389
396
146
391
381
162
391
382
156
337
444
171
347
362
117
385
380
171
344
447
167
395
392
123
384
434
122
430
357
178
437
410
146
375
391
169
403
421
156
440
406
131
380
422
135
391
457
141
404
397
120
385
360
143
378
409
167
402
402
115
435
447
146
437
451
159
437
378
161
391
394
131
391
381
171
388
424
139
393
376
123
442
326
175
383
444
138
397
463
179
433
464
177
369
400
131
387
412
156
437
420
178
358
418
123
435
418
138
392
447
144
387
416
175
344
422
134
384
455
122
425
465
132
338
377
158
437
412
154
391
418
128
381
360
133
387
413
174
385
396
176
393
420
149
396
430
145
368
427
167
362
421
172
382
456
175
432
384
176
436
487
176
438
498
182
381
454
131
436
405
150
385
416
166
349
383
153
422
392
120
351
487
142
429
459
163
412
443
161
420
404
147
418
385
146
381
440
138
413
416
134
386
420
189
439
407
136
398
395
171
438
