469
512
490
492
450
521
473
500
139
519
429
504
137
456
474
384
121
421
476
485
137
502
492
471
491
179
418
471
465
129
432
486
417
156
407
484
482
498
440
495
127
391
406
416
448
485
182
429
416
484
178
464
425
425
178
343
407
395
120
387
454
415
397
146
365
385
428
113
401
463
404
155
440
359
436
120
408
386
400
140
421
466
427
433
193
373
415
400
121
423
453
434
158
400
437
437
136
402
418
466
468
181
352
418
421
180
420
397
403
114
403
393
444
149
443
434
423
166
400
435
428
409
201
438
407
388
132
406
384
409
271
546
409
536
185
412
469
508
531
192
421
437
425
120
408
413
490
170
398
396
441
134
398
380
424
121
412
456
461
422
163
355
488
461
132
412
450
433
177
419
483
392
170
416
402
448
412
236
409
380
412
156
430
421
452
163
386
422
456
169
419
461
441
114
406
456
385
386
144
404
490
403
165
449
423
425
154
383
462
494
163
438
448
419
134
357
446
434
438
202
385
454
446
203
440
443
461
183
396
428
440
128
405
385
398
442
112
409
394
494
128
408
442
433
184
412
437
444
153
383
468
448
124
409
410
384
454
172
397
421
400
153
403
439
397
143
418
436
420
144
414
422
410
437
166
451
395
396
140
423
420
407
120
404
438
445
139
416
429
408
495
104
414
401
471
159
414
456
438
113
410
415
485
129
398
421
395
121
409
453
467
389
194
372
359
389
184
451
456
468
201
410
411
446
126
405
434
447
123
415
402
396
484
181
412
448
456
139
410
457
477
165
281
424
381
314
426
441
442
160
408
419
376
392
168
437
417
411
146
411
385
384
124
412
437
453
133
406
417
490
443
167
438
413
466
118
402
372
494
168
357
361
379
117
396
394
443
142
408
418
453
422
116
400
372
400
134
453
413
434
130
415
449
410
151
426
456
479
430
369
406
479
490
131
369
395
391
112
397
407
409
106
884
906
889
446
484
429
460
496
281
388
456
495
157
383
400
403
157
437
371
421
123
412
465
415
169
438
393
457
477
183
405
414
408
122
441
424
465
127
404
422
459
141
368
409
457
427
195
436
411
396
107
455
431
416
123
396
379
420
124
406
384
439
125
392
420
430
453
118
406
439
401
141
430
442
424
189
429
426
405
157
371
372
397
456
191
418
394
416
174
406
411
421
124
416
461
502
160
418
444
484
129
414
434
445
472
217
454
435
436
132
413
520
433
121
403
434
509
149
427
372
419
389
127
404
420
481
150
472
399
434
170
436
471
455
192
423
484
482
139
425
413
394
386
210
449
433
443
115
458
454
483
169
366
370
408
162
448
391
459
544
112
419
374
436
149
418
377
439
126
402
426
443
124
415
397
543
162
424
458
449
430
177
381
410
442
135
411
411
437
116
419
487
440
133
405
380
420
175
392
405
385
467
180
389
445
446
123
428
432
427
147
435
477
403
122
409
412
353
371
164
456
427
473
125
462
443
428
121
436
461
458
144
382
465
428
361
526
517
466
437
165
422
475
456
186
428
412
445
154
382
472
458
130
402
442
424
459
175
438
463
427
124
398
445
424
130
390
466
421
122
391
427
418
122
451
438
434
391
176
407
435
487
123
452
437
438
132
439
430
441
128
454
438
426
454
142
414
468
407
117
380
398
421
133
410
412
417
116
445
424
428
123
449
387
408
385
116
442
433
489
179
430
430
445
138
409
446
486
414
425
419
451
486
240
444
468
468
129
467
388
422
160
432
409
452
116
421
424
430
139
433
475
480
425
161
439
465
417
153
379
380
417
161
400
352
456
136
422
455
441
116
455
450
477
406
198
411
448
450
141
419
378
407
120
416
469
481
170
391
389
466
472
190
403
428
437
117
414
461
450
110
407
389
463
144
374
412
457
144
409
409
423
384
147
411
451
462
173
407
455
296
460
106
508
430
128
447
468
473
149
453
383
418
416
214
446
432
423
131
455
428
420
143
387
435
437
186
454
407
445
419
191
392
378
376
156
435
427
445
188
397
390
378
117
455
445
461
145
440
398
434
426
167
381
461
418
140
438
437
447
131
450
420
464
149
445
426
441
453
233
409
455
456
161
414
432
479
162
403
390
862
382
389
403
416
138
390
386
456
482
185
455
445
469
125
415
396
522
199
391
442
451
202
443
421
421
435
185
444
402
476
155
438
461
409
151
449
429
413
156
394
425
419
158
450
443
412
443
178
460
386
480
150
399
439
453
133
458
428
449
193
404
418
435
485
223
443
407
420
156
443
407
413
142
392
432
430
120
454
430
427
158
434
369
436
404
173
447
423
408
128
446
438
447
128
393
423
407
181
406
410
423
152
449
438
457
412
122
433
432
546
133
384
487
435
176
447
497
398
128
396
419
420
448
181
446
427
447
194
399
376
382
117
396
439
466
138
445
423
442
186
451
390
448
430
225
401
387
479
118
444
458
446
127
407
465
479
167
438
422
447
149
397
414
463
440
233
423
471
463
158
448
407
444
148
387
416
407
152
388
494
455
466
191
393
454
434
182
395
390
451
178
442
443
428
128
443
420
397
170
486
441
427
421
122
453
486
522
135
386
437
460
129
399
364
408
143
455
439
460
481
176
456
426
386
133
404
434
416
136
399
452
484
149
374
438
441
163
387
429
439
489
173
454
421
442
162
404
419
468
135
453
418
454
160
434
475
429
175
449
442
407
450
176
388
428
478
175
455
418
482
158
422
369
402
144
419
420
374
450
226
457
498
384
193
362
426
478
175
446
428
435
114
418
458
424
161
450
379
457
435
238
423
478
461
166
449
471
438
169
445
447
452
168
392
412
459
432
228
394
406
417
194
407
459
370
157
426
429
446
170
394
451
403
157
450
457
438
429
226
397
405
425
158
391
429
441
166
442
414
381
142
446
434
454
129
441
454
421
471
180
394
467
411
178
393
480
451
148
395
431
422
172
454
417
474
442
173
397
421
460
123
394
418
481
151
422
454
411
105
439
362
481
176
444
432
470
406
188
446
370
404
143
444
409
464
136
359
460
432
165
429
418
477
455
189
456
368
394
123
181
495
486
329
420
507
434
168
402
413
450
172
439
429
388
458
171
391
421
470
134
395
485
438
178
388
434
388
123
453
494
451
434
213
453
418
464
127
442
439
484
162
449
382
432
157
449
426
401
134
393
446
441
460
173
447
379
386
123
359
432
450
183
431
457
442
170
447
427
442
105
450
414
456
449
206
387
417
479
157
925
879
984
441
461
461
469
162
410
459
428
394
179
448
441
447
182
432
465
438
121
442
487
474
146
433
432
444
119
394
464
477
424
123
438
420
401
197
395
428
428
124
405
434
427
173
450
448
488
416
139
433
427
422
180
463
417
450
143
445
503
462
132
385
391
442
137
397
432
416
475
232
361
412
451
129
389
430
446
99
432
477
447
137
439
426
505
525
166
442
464
444
202
411
456
430
144
444
481
451
252
475
476
498
202
461
506
425
513
181
451
530
466
218
439
441
403
130
433
435
464
168
437
459
505
246
418
508
442
390
211
428
432
520
201
470
546
483
127
451
515
431
187
446
439
420
513
215
440
383
459
165
441
474
414
160
442
426
441
192
406
455
446
125
450
453
478
442
171
437
421
419
169
441
435
457
132
450
413
391
148
411
419
389
392
148
419
459
438
121
416
458
456
136
419
397
468
183
410
437
452
153
417
461
399
452
214
403
433
430
188
350
393
446
130
420
455
442
132
419
396
382
444
219
409
434
404
122
413
462
461
198
444
437
472
142
443
415
483
172
394
425
480
456
209
453
418
439
174
436
417
455
152
449
419
437
173
447
407
443
182
462
447
465
504
207
365
464
464
179
449
456
410
156
449
417
431
152
391
433
442
490
163
457
467
435
141
439
463
458
149
453
443
457
136
425
385
430
133
445
445
413
451
208
431
453
438
154
394
417
479
146
445
434
400
111
440
446
418
448
111
406
500
432
208
419
460
442
189
442
369
398
175
440
413
468
151
452
421
435
450
234
448
419
454
183
457
389
402
122
444
450
411
154
450
435
445
470
193
395
456
436
151
443
437
426
171
377
388
402
115
444
462
443
158
449
441
428
433
232
399
419
432
139
441
418
481
158
394
419
447
181
438
421
415
430
217
431
416
381
125
444
448
491
188
405
466
454
172
392
431
443
137
416
410
424
468
217
453
405
163
401
322
484
437
149
446
413
447
124
452
477
432
129
452
414
439
483
175
452
425
410
141
399
460
471
151
447
479
427
155
426
365
430
464
209
422
447
423
209
416
467
430
137
453
439
454
136
451
463
426
148
450
434
433
420
231
436
419
408
169
439
408
427
133
393
404
440
161
446
471
428
406
207
415
424
473
149
395
421
939
456
442
425
518
206
446
457
516
478
188
457
467
474
133
438
493
448
114
391
410
449
178
401
435
419
151
446
432
426
474
207
380
391
399
122
382
440
470
223
448
409
473
172
443
475
543
160
445
411
445
435
232
447
493
447
126
450
516
472
187
403
412
456
136
460
458
475
129
445
410
478
505
239
420
440
513
185
463
501
488
203
415
474
504
149
389
487
479
446
180
442
470
455
182
439
456
438
170
425
488
454
227
446
479
406
166
460
444
456
428
247
436
455
464
143
443
444
442
163
389
422
425
152
454
459
440
130
446
407
457
412
242
422
457
476
149
438
424
386
99
457
449
413
156
389
380
457
465
177
449
448
457
116
448
409
436
150
398
426
414
124
409
447
453
198
417
424
441
459
184
394
371
385
117
395
437
450
124
394
433
448
126
453
500
457
470
190
411
456
446
159
411
407
478
160
380
421
436
185
440
402
463
152
446
383
448
433
219
399
414
446
178
450
442
408
135
458
472
440
138
394
419
458
144
432
433
400
470
194
356
422
385
135
440
413
450
158
434
415
415
165
382
402
470
424
212
425
445
434
152
432
414
412
127
476
434
455
192
457
395
466
141
373
420
390
452
198
422
402
397
137
445
433
388
124
381
424
483
157
444
417
439
489
171
423
417
435
144
385
417
447
184
443
466
429
191
346
414
457
149
412
446
441
420
209
420
457
442
168
452
479
435
165
390
419
488
128
435
432
484
431
194
409
406
387
117
452
433
447
113
442
405
399
148
447
421
480
215
447
390
404
422
206
473
464
447
184
400
426
499
153
445
519
506
180
452
455
472
140
447
459
478
451
169
440
429
505
121
406
390
370
143
453
435
450
178
446
452
426
479
214
365
473
457
180
405
360
461
171
398
426
436
155
446
419
427
448
183
411
427
476
174
454
410
426
194
453
447
489
187
399
422
405
123
440
404
423
440
149
969
411
451
355
461
504
482
207
406
462
438
160
417
397
433
162
391
419
461
469
219
421
414
462
138
441
372
378
176
422
458
469
140
439
424
409
158
395
433
465
451
187
391
409
406
162
446
426
406
129
395
454
453
169
444
413
458
467
175
445
458
432
168
392
459
465
156
436
468
452
165
438
422
407
152
453
483
416
386
158
897
905
933
451
465
493
484
164
406
424
447
123
398
363
418
375
222
448
438
421
157
449
423
448
125
388
418
480
149
439
447
433
138
410
475
432
441
236
403
408
379
119
445
410
483
163
435
401
420
158
449
456
461
494
206
357
455
445
165
389
440
457
114
440
414
379
188
403
380
361
153
389
429
395
463
187
441
418
432
189
450
412
481
165
428
390
439
121
390
416
421
162
379
454
426
412
199
419
441
443
164
432
442
391
145
455
497
453
129
452
434
468
481
190
405
442
429
137
448
429
417
175
453
440
459
140
430
439
435
111
395
460
473
427
150
445
454
393
123
398
440
467
162
439
421
438
98
397
476
422
449
227
401
434
400
111
441
407
452
161
390
472
430
161
445
448
434
128
391
430
418
483
191
346
416
462
188
409
433
409
130
452
417
507
152
443
438
458
452
199
458
408
390
121
444
418
414
185
378
459
397
136
453
425
383
134
393
465
396
464
170
389
428
441
180
451
414
441
150
420
436
481
142
448
428
444
122
440
413
424
382
228
393
412
424
157
394
426
432
133
443
432
450
129
453
451
464
480
207
405
420
418
116
444
446
443
191
417
411
471
159
394
447
457
156
392
458
450
461
220
387
408
444
167
391
463
423
132
394
457
484
127
420
467
468
516
268
405
450
469
135
396
456
452
131
386
384
385
131
399
444
435
433
195
394
449
499
133
431
402
408
183
423
414
430
136
385
440
441
184
408
430
476
415
210
418
455
442
157
396
484
451
125
378
413
472
159
403
400
410
152
443
433
437
479
241
387
459
431
132
385
410
393
171
437
422
440
189
405
367
358
118
443
478
462
473
242
397
445
462
155
388
431
444
125
448
427
468
184
448
368
415
406
189
412
365
444
171
389
362
381
141
443
375
441
158
390
427
439
386
120
449
415
445
126
366
410
434
116
431
419
383
170
441
425
461
185
409
440
425
278
471
326
492
429
169
380
408
452
123
436
407
431
120
442
415
448
184
441
390
403
368
168
439
429
432
159
444
422
414
163
443
417
426
179
400
434
401
403
195
350
394
432
164
446
486
441
123
375
435
453
199
390
411
449
126
439
402
443
444
231
446
431
397
153
396
435
490
124
392
453
444
116
443
408
437
167
391
454
475
963
488
494
455
439
202
392
397
371
150
345
367
379
120
453
431
493
444
236
410
459
434
122
441
424
478
162
451
430
409
174
386
422
437
175
439
387
395
404
168
393
437
467
174
448
411
460
187
405
362
434
111
436
404
452
437
230
400
491
424
117
381
447
431
193
446
431
388
161
390
432
443
127
451
414
422
404
200
421
388
373
119
440
453
468
155
443
421
436
190
398
442
397
481
176
443
435
464
155
383
443
454
120
379
428
457
155
394
418
415
157
392
433
446
464
175
388
433
436
166
439
376
428
149
447
416
415
157
434
417
434
132
398
409
361
393
197
402
427
413
137
382
438
480
194
404
404
409
174
455
433
421
397
111
438
442
433
187
392
408
431
180
449
382
419
244
425
417
475
165
447
438
480
413
247
436
427
455
126
439
432
467
149
393
425
452
131
451
438
375
110
432
463
434
493
209
417
450
442
121
451
423
421
134
449
379
462
141
438
442
428
425
147
447
410
463
135
444
430
515
163
367
433
461
140
384
384
380
122
445
412
477
432
221
406
452
438
148
455
447
463
145
393
421
373
169
434
425
374
409
200
429
401
469
152
438
511
491
129
448
449
440
161
445
433
447
126
443
380
383
464
192
417
390
378
155
447
466
401
119
423
385
437
157
377
413
428
444
150
389
418
437
136
389
443
487
111
400
471
411
187
356
427
409
157
389
412
484
413
216
401
387
399
121
382
446
428
121
437
396
427
127
390
444
393
444
143
433
446
423
114
450
411
396
139
397
431
435
175
417
402
396
125
443
466
449
385
267
469
428
461
114
446
431
444
121
434
385
417
147
451
418
449
147
445
436
472
464
244
422
412
449
143
389
475
428
131
390
415
422
163
444
431
378
431
228
439
437
404
130
451
407
413
152
447
442
452
158
439
464
467
116
435
477
456
480
121
411
415
427
178
447
421
437
175
443
399
425
142
441
185
423
291
432
453
440
445
245
432
383
366
155
367
452
448
165
391
416
471
151
445
421
433
450
160
450
418
389
147
392
428
447
113
439
445
449
105
392
374
381
122
445
412
400
432
164
442
423
439
190
400
425
443
142
445
423
479
157
452
483
469
445
181
397
445
462
159
390
482
490
150
432
381
429
120
371
410
442
190
444
973
983
937
588
450
478
436
180
418
402
453
167
447
417
479
156
439
430
399
467
180
442
404
481
175
419
423
437
139
449
382
413
129
465
430
424
176
398
393
443
455
212
432
412
401
178
398
429
422
120
439
425
390
121
380
434
442
417
211
424
458
408
139
436
405
424
124
431
456
426
166
395
430
391
121
386
439
381
395
170
447
413
426
187
453
372
405
208
453
491
468
207
398
431
450
131
426
437
448
416
173
448
446
452
128
449
428
409
125
444
437
453
125
446
435
450
407
192
393
405
438
175
393
433
409
169
433
461
464
194
408
393
485
173
453
439
425
428
181
388
424
439
122
419
467
433
127
422
438
446
146
411
380
405
163
424
364
416
389
132
407
375
420
145
416
429
411
119
426
463
474
167
438
394
426
411
140
411
400
394
201
468
479
499
134
416
393
432
133
363
395
442
426
138
412
397
446
162
436
386
368
155
443
450
423
147
415
410
429
179
428
466
457
395
226
410
381
448
155
430
412
431
167
435
414
454
114
426
415
495
179
398
492
401
505
176
445
407
455
123
418
445
455
158
417
428
458
172
444
417
403
450
169
394
423
436
123
393
417
437
112
447
421
475
136
448
413
416
158
395
425
460
472
126
454
414
452
190
374
381
484
394
489
371
118
411
404
494
501
499
504
145
418
475
414
420
439
469
143
353
426
408
374
379
384
122
392
411
421
404
387
165
431
413
435
175
439
404
433
159
377
460
412
153
449
407
473
391
226
401
410
422
122
390
468
440
137
382
374
446
120
447
435
447
167
433
432
446
463
187
353
377
438
104
438
427
411
171
381
432
452
127
387
442
491
123
431
410
448
396
172
444
406
470
153
389
418
458
98
457
402
435
157
455
469
439
427
238
410
372
421
152
441
408
442
123
435
471
452
165
431
404
429
122
446
460
396
437
220
435
426
497
178
434
457
470
161
389
449
435
192
445
471
449
433
448
463
497
487
129
381
468
440
156
376
409
433
150
414
429
479
172
444
422
395
450
213
368
458
476
153
461
444
420
146
389
452
436
133
426
422
439
174
444
422
387
434
169
378
421
451
153
376
465
429
150
436
463
395
177
401
431
429
466
234
410
435
452
147
373
457
466
178
392
363
368
155
414
428
442
723
648
613
679
665
252
434
464
418
125
415
465
414
170
451
431
464
127
369
440
400
444
281
396
468
478
173
364
462
446
140
366
421
475
182
405
426
436
129
367
394
372
399
205
449
416
479
147
407
380
452
126
381
462
411
163
444
417
464
463
160
415
424
425
187
412
428
464
156
419
429
398
119
420
417
474
159
429
445
472
438
223
408
465
438
178
420
410
451
186
421
409
391
141
379
409
440
133
423
431
420
461
200
436
464
439
118
380
421
428
116
421
433
482
208
425
485
444
452
139
432
434
427
145
414
393
396
151
434
410
436
113
425
385
411
144
437
433
416
404
200
431
412
470
119
398
439
424
152
365
454
442
151
394
464
414
109
425
459
444
429
183
424
449
415
100
417
385
430
159
424
469
427
131
421
444
486
430
184
443
449
399
127
399
388
463
144
423
460
412
121
411
423
439
143
420
404
427
434
155
409
378
446
140
415
439
419
401
450
445
437
198
411
370
415
446
195
418
439
411
144
418
398
394
160
409
459
418
176
393
433
476
165
444
439
441
443
166
375
443
466
120
414
377
470
178
393
421
453
144
418
368
408
459
192
361
389
462
156
441
434
450
109
394
429
443
122
397
386
393
136
445
410
435
439
227
456
418
414
162
444
445
431
130
453
502
454
139
447
400
445
165
441
450
477
456
201
422
453
466
124
415
421
497
146
411
396
436
131
412
417
480
439
184
453
445
382
126
389
425
441
116
442
424
445
176
451
413
381
174
404
465
357
370
161
383
383
494
142
453
427
476
136
452
480
399
157
388
446
442
453
224
401
424
446
175
454
430
424
165
459
407
410
152
442
404
423
185
399
404
408
383
179
412
392
387
117
451
428
442
143
387
439
481
168
446
411
461
139
439
437
488
427
119
421
433
522
207
442
434
449
133
445
430
426
129
388
418
448
399
183
459
441
442
158
383
426
441
188
440
183
427
281
426
475
419
449
202
445
452
425
119
430
386
465
142
427
408
420
156
380
430
434
163
438
443
456
432
199
419
457
439
168
449
429
425
166
444
444
463
138
448
366
469
137
443
480
414
419
207
401
441
446
145
394
479
442
141
390
421
423
145
387
429
399
504
126
454
436
452
198
454
404
415
113
418
469
448
133
418
932
918
380
496
474
486
434
269
439
462
424
171
393
406
480
157
442
470
383
143
458
469
456
181
368
419
454
437
199
420
407
478
145
444
428
440
121
397
375
416
119
443
489
397
409
173
396
409
423
128
444
436
454
132
442
430
474
192
401
429
456
150
438
433
460
440
176
448
437
453
112
391
472
393
144
429
407
447
130
394
370
436
413
253
392
426
519
141
447
425
448
142
391
418
426
165
438
447
408
129
379
425
380
419
196
400
426
473
184
456
441
434
131
381
383
448
143
444
452
431
423
227
408
438
405
151
393
430
418
160
407
401
452
110
451
382
420
135
440
430
390
492
191
464
437
430
135
388
433
384
183
413
392
475
187
363
395
384
121
444
434
486
425
250
443
425
442
189
429
429
453
153
433
430
412
167
387
445
421
413
142
444
439
483
195
416
445
449
133
455
432
476
190
402
384
407
182
389
418
425
453
185
399
373
392
124
441
421
432
137
395
431
465
122
441
419
463
430
234
410
420
389
208
444
430
412
157
446
452
448
161
451
381
491
126
444
434
445
457
212
413
394
447
131
450
417
430
129
440
381
416
127
441
432
411
142
448
427
441
497
185
390
426
453
151
419
427
425
174
444
424
449
122
396
438
424
474
254
427
456
473
143
393
433
448
141
397
373
432
169
441
409
414
156
444
440
433
415
171
445
391
443
125
443
431
483
180
389
375
379
111
450
418
453
420
170
446
423
445
190
460
386
429
117
440
446
472
119
448
415
453
198
370
482
462
457
283
391
471
478
174
415
452
463
150
448
413
481
162
447
466
430
402
180
350
389
383
120
438
407
425
134
448
421
408
147
450
412
481
172
451
368
404
447
171
457
393
454
136
453
454
439
135
448
462
471
165
449
432
436
135
440
467
430
423
210
422
446
431
160
455
443
445
187
452
382
440
194
404
368
458
439
151
450
435
445
141
389
454
432
465
444
439
491
432
413
484
483
445
189
395
375
429
184
356
400
480
172
398
436
455
106
394
481
470
128
390
416
463
502
206
373
457
464
195
398
382
397
136
452
422
426
145
447
419
391
145
387
380
384
401
175
398
419
420
157
454
427
498
172
386
415
432
128
451
434
448
128
445
411
410
459
214
382
430
459
152
452
405
454
618
533
558
639
195
419
428
374
424
173
459
462
444
111
475
463
456
202
410
450
458
147
462
464
452
172
448
442
445
445
187
404
485
371
173
399
431
461
125
435
457
442
107
350
466
521
483
238
434
451
479
162
377
464
473
179
354
377
425
159
397
416
419
144
447
413
429
450
180
452
427
472
125
394
479
463
150
437
438
408
185
415
462
396
137
396
423
423
453
213
409
451
434
139
446
418
485
161
400
438
422
195
407
425
451
446
124
413
518
445
206
413
385
371
128
439
465
401
137
458
459
448
489
236
410
422
400
132
453
429
397
150
426
413
425
169
395
454
434
154
446
356
393
400
164
443
404
415
136
444
406
391
186
395
440
452
129
453
461
470
507
213
399
379
481
245
430
476
476
187
412
396
459
160
391
431
451
126
396
385
468
428
208
425
470
390
138
398
427
409
175
445
436
425
185
458
390
448
127
431
434
452
464
180
391
414
384
131
385
442
439
120
391
410
458
135
451
434
411
410
241
426
447
389
107
445
433
448
152
448
407
434
156
385
418
409
101
448
410
444
451
184
458
396
457
119
389
463
404
182
397
390
431
183
433
424
436
151
442
429
447
378
172
435
446
460
167
437
418
431
113
443
385
450
154
438
412
484
418
215
449
414
439
142
445
441
476
155
442
484
425
149
414
428
417
162
439
448
459
457
225
447
456
427
133
393
368
474
182
402
419
439
159
389
429
424
400
184
398
444
460
133
442
456
445
149
390
428
409
192
396
437
448
174
441
447
461
444
163
375
425
404
169
440
433
376
114
383
451
443
153
450
437
387
124
405
493
453
492
208
407
414
441
169
449
405
393
178
383
422
455
185
424
465
404
486
194
402
421
390
128
383
418
421
164
432
440
454
151
443
459
418
155
447
431
426
451
178
438
431
400
199
428
456
447
168
447
433
390
123
445
406
446
460
185
454
466
384
176
383
233
435
173
443
407
476
146
435
415
450
150
450
441
453
467
177
386
423
467
105
442
424
425
164
381
414
454
112
405
454
438
205
418
448
423
426
181
445
430
489
165
448
493
436
135
444
420
469
162
446
434
434
446
178
445
438
440
139
430
430
483
176
439
422
438
193
448
414
412
168
395
434
460
442
218
401
403
392
133
438
952
952
478
464
447
431
181
421
460
444
451
143
427
389
392
129
442
434
452
126
440
429
443
121
451
410
454
134
448
440
401
468
105
385
371
413
147
453
437
466
197
412
401
448
156
392
400
439
470
289
405
479
497
180
429
408
410
140
448
431
464
178
384
431
405
151
389
434
444
457
177
428
360
367
171
440
478
465
161
446
476
460
184
381
381
465
163
428
397
444
391
180
446
376
399
160
371
456
378
188
399
412
477
120
442
460
423
399
176
392
406
443
137
439
410
459
136
450
434
449
184
444
465
398
175
374
423
452
439
174
437
376
438
206
412
472
476
132
442
455
420
133
450
451
431
482
149
381
480
430
165
429
462
485
179
369
455
481
151
422
469
448
141
438
452
421
440
230
399
439
460
161
391
438
402
115
429
400
382
165
438
411
442
504
177
389
431
480
180
445
371
482
163
449
428
397
117
441
430
460
146
384
435
488
426
182
392
417
401
139
449
411
442
131
395
436
389
140
391
385
434
454
178
445
457
432
108
464
452
521
196
388
470
422
149
444
432
402
122
441
408
428
428
187
453
399
426
173
447
437
399
189
444
403
452
121
434
418
445
156
439
406
412
463
217
404
389
382
121
438
455
465
176
457
424
437
126
436
408
464
479
243
386
448
432
130
441
426
452
150
438
397
432
129
393
451
426
130
444
417
425
451
184
439
472
451
147
445
490
400
154
441
431
422
169
440
385
440
130
472
439
423
428
180
437
455
437
176
434
437
460
135
449
433
373
164
446
433
453
439
247
415
443
434
158
393
420
402
174
448
419
504
121
444
471
417
143
436
426
391
434
204
410
440
424
156
396
434
411
174
439
413
376
120
449
408
407
420
175
442
418
444
133
447
433
412
167
446
410
393
190
452
403
450
182
454
437
424
479
165
447
432
446
126
439
435
433
115
458
465
443
192
457
464
430
478
177
384
420
447
203
457
485
467
452
517
435
486
171
411
373
452
124
391
401
473
417
197
419
455
472
150
396
418
402
187
406
382
424
154
441
403
401
154
454
416
456
437
239
402
439
451
130
447
416
436
126
433
413
446
173
450
441
384
448
170
437
430
446
125
436
398
442
172
446
415
397
135
406
390
491
187
359
434
450
445
239
392
435
452
620
546
625
584
180
412
419
419
141
439
426
401
471
240
416
457
473
150
447
376
430
169
387
394
415
154
394
473
481
155
387
419
434
379
228
448
462
400
121
384
419
440
110
436
412
474
154
435
415
461
431
104
407
470
468
214
409
421
413
162
390
438
447
128
375
463
447
202
484
487
445
460
231
389
432
417
175
391
437
415
193
402
416
452
192
402
439
490
184
458
412
453
407
180
390
451
437
124
432
433
456
153
440
435
451
119
444
452
467
420
194
457
413
365
161
452
397
438
138
385
423
456
150
392
452
388
131
389
443
450
438
182
433
463
438
154
446
429
432
114
437
431
467
152
455
370
422
451
177
451
422
426
162
400
405
426
148
444
422
468
123
482
452
445
441
432
497
459
514
194
416
437
474
186
395
420
435
165
446
403
411
137
379
429
450
122
444
421
410
403
211
448
382
439
163
435
417
436
174
441
403
398
137
388
427
377
395
169
387
447
429
194
443
453
438
194
411
448
474
179
442
369
422
123
429
413
471
486
209
425
462
432
193
416
389
428
184
456
405
430
151
420
460
480
449
192
417
429
393
119
416
409
383
195
470
453
436
130
429
437
379
142
425
501
414
455
184
417
423
459
147
440
423
441
100
450
447
437
173
440
439
379
473
219
405
420
428
161
379
434
448
125
442
404
411
144
445
416
438
134
449
424
378
459
176
447
427
454
147
441
442
428
126
442
387
477
117
380
415
383
117
393
423
495
475
204
412
425
442
135
446
412
456
136
454
446
374
122
393
375
388
466
194
352
395
378
206
422
437
451
172
400
447
356
122
447
439
406
131
455
415
484
400
203
445
416
457
181
384
406
420
151
443
406
424
148
392
429
465
401
186
351
419
373
118
383
442
431
191
461
423
389
128
446
470
457
186
450
392
477
447
225
400
427
440
190
451
420
476
168
451
448
456
164
392
433
447
402
172
449
285
491
214
420
407
476
154
447
396
383
124
381
385
450
124
390
441
450
475
185
423
432
506
153
442
438
438
125
447
434
458
131
443
451
432
113
447
408
468
369
213
414
426
460
101
456
410
448
131
447
419
453
157
394
414
430
476
220
447
410
452
108
389
427
451
132
441
381
494
126
448
437
421
182
402
375
389
406
177
436
906
943
451
523
422
425
155
447
410
433
159
449
412
414
448
182
454
440
449
135
436
425
412
161
453
428
455
173
391
427
386
442
118
412
462
463
198
397
455
414
154
450
414
381
161
448
418
447
182
446
444
395
399
172
408
416
434
183
403
446
459
128
406
423
389
144
422
467
424
173
446
431
433
450
207
413
380
423
147
422
452
446
134
426
413
431
184
395
458
477
462
204
445
405
433
125
382
489
406
192
383
433
444
139
438
426
438
137
442
411
382
468
177
442
384
463
138
439
441
435
118
448
416
424
152
479
396
439
161
412
450
445
392
191
412
476
392
149
443
417
483
172
399
419
421
161
391
427
413
424
235
434
432
428
144
377
466
434
184
455
440
379
147
437
421
404
171
451
417
467
429
198
413
429
421
136
452
461
447
122
458
508
452
116
438
429
420
124
419
433
522
544
254
455
488
576
128
389
427
386
147
448
417
461
171
436
394
448
412
164
449
413
432
142
434
414
453
167
462
426
400
162
434
431
459
445
174
442
431
464
147
435
446
435
156
449
436
445
163
395
377
463
156
431
392
428
449
188
462
459
444
139
376
388
455
128
435
413
388
151
441
371
430
171
397
382
383
399
172
403
486
460
144
452
449
463
141
391
444
462
128
428
444
473
535
260
461
479
455
174
458
461
444
137
381
415
382
159
395
392
404
126
439
422
473
487
171
444
435
449
128
351
408
454
135
440
415
465
138
441
499
384
454
171
450
402
392
151
452
427
427
176
448
417
485
191
442
417
469
184
457
442
418
450
163
389
435
429
170
392
401
406
130
450
383
388
132
445
451
415
119
441
434
423
457
182
457
384
423
164
398
432
421
124
392
413
452
430
221
380
444
428
125
443
412
417
166
442
442
407
133
436
412
442
173
448
443
442
111
445
410
431
457
113
370
433
483
166
387
493
380
111
435
385
405
122
399
413
471
430
197
519
449
414
494
459
524
504
166
361
366
416
118
441
429
436
140
440
462
449
494
225
457
422
493
168
450
447
425
184
404
414
459
116
449
405
444
109
438
419
478
458
188
441
435
409
126
378
465
455
124
445
385
453
155
389
433
436
436
194
398
403
416
135
386
421
462
159
449
416
474
167
392
410
413
147
440
421
421
404
757
644
638
613
214
403
390
390
141
383
431
417
160
373
437
439
121
432
362
411
458
177
382
394
475
132
444
444
366
118
381
439
433
131
382
464
473
417
205
361
429
444
174
442
419
436
131
443
433
427
161
428
363
455
154
410
437
418
482
109
464
463
437
189
445
414
438
129
382
421
436
141
447
382
428
432
210
425
443
428
121
441
383
399
149
383
463
418
163
386
420
449
135
380
405
445
441
225
390
381
429
133
448
435
398
161
445
459
452
129
444
435
446
420
173
438
386
397
120
385
436
432
127
376
396
438
162
376
421
448
146
427
431
410
419
232
415
451
406
124
391
404
405
108
444
429
418
107
390
351
443
175
473
427
382
483
241
388
425
451
160
448
448
420
186
525
536
477
158
458
454
415
361
171
441
428
478
176
449
449
381
118
397
474
446
184
458
431
448
202
404
445
431
407
226
395
473
417
162
435
404
444
168
434
417
382
161
394
442
462
427
192
400
443
426
109
388
423
469
189
438
390
453
188
417
339
396
165
413
473
452
409
180
450
458
381
136
414
415
395
144
361
344
460
140
332
391
461
427
232
463
444
514
195
404
451
410
131
360
397
430
153
389
369
463
117
378
414
434
447
171
434
422
401
122
420
425
435
120
412
426
476
183
399
402
428
125
426
437
427
444
182
442
402
420
165
381
372
387
121
421
425
426
173
446
410
433
469
221
399
393
389
145
369
400
431
124
417
395
467
125
354
385
438
156
419
366
376
391
172
424
415
434
174
450
373
432
186
377
406
410
148
417
410
429
415
161
380
415
430
183
401
401
480
179
393
398
416
125
416
426
394
179
418
408
429
443
168
408
451
491
123
413
403
417
105
411
482
438
186
391
405
408
489
175
445
430
383
133
447
434
503
132
442
502
474
156
444
442
490
125
444
455
495
522
210
411
441
472
163
453
456
472
150
453
489
443
142
457
443
228
496
385
486
491
475
135
449
439
453
125
477
486
442
172
450
433
513
131
394
450
450
461
174
430
400
416
149
390
410
454
189
444
441
442
195
420
422
409
418
196
408
364
389
117
398
384
363
120
441
426
377
152
445
421
403
181
410
440
438
475
202
394
403
472
177
348
352
357
122
396
464
423
125
442
459
448
120
434
452
916
929
512
432
445
452
175
419
359
447
146
384
384
468
143
393
433
443
460
175
394
427
460
143
418
487
427
166
456
437
446
104
397
461
471
150
451
426
444
426
231
412
418
453
130
437
420
444
193
434
483
460
151
445
441
378
135
399
422
428
405
196
438
486
458
143
455
373
432
196
412
386
435
184
460
409
424
371
189
443
454
485
127
458
421
429
122
394
417
458
208
404
397
466
130
459
412
434
448
202
418
467
454
173
448
348
420
145
449
433
480
190
404
438
455
470
182
424
410
454
145
450
454
438
142
445
389
468
157
393
397
407
441
203
425
388
446
127
450
437
470
166
443
403
442
194
410
456
480
125
460
440
419
407
204
372
422
440
155
435
446
450
165
444
412
433
168
377
399
450
134
417
435
424
434
167
413
441
403
193
387
450
438
190
393
397
370
161
434
406
506
131
363
470
417
442
157
416
480
459
170
449
417
377
142
425
440
422
117
433
451
456
462
207
401
399
415
117
414
443
459
134
411
410
471
140
411
392
441
160
437
430
380
461
189
414
429
439
159
368
413
491
139
410
409
406
161
424
452
458
437
193
420
454
420
126
416
392
456
138
365
460
418
169
433
415
424
196
438
402
451
416
113
445
433
448
187
429
381
405
123
391
442
397
420
182
440
409
394
182
446
434
381
129
442
415
420
163
399
425
454
150
395
483
479
189
447
413
409
420
197
417
444
465
124
450
426
492
176
441
442
450
113
450
439
454
137
451
436
443
470
180
399
371
438
141
460
426
424
175
444
380
482
124
444
416
478
412
218
450
443
481
165
455
466
444
173
403
381
418
169
441
442
485
408
126
378
498
449
195
441
378
424
164
448
441
465
162
460
444
505
175
395
438
497
420
227
405
422
400
165
400
436
406
170
449
433
457
128
453
480
485
131
456
472
426
429
179
439
421
458
165
398
370
426
157
451
441
448
127
136
368
480
445
481
415
420
451
229
389
415
397
170
411
394
423
154
451
436
417
192
403
424
438
407
180
436
420
469
188
359
385
378
118
448
418
475
152
428
396
425
146
432
402
452
373
216
427
378
418
163
450
435
460
158
389
431
404
195
406
432
414
443
180
439
459
440
152
379
450
433
125
447
433
428
167
391
458
420
150
962
972
960
970
587
427
435
473
182
418
417
465
135
381
440
469
182
411
364
362
120
429
351
390
439
173
384
465
394
137
373
453
371
155
442
414
456
118
437
402
430
417
166
387
433
408
154
437
434
479
180
427
447
450
133
394
419
429
176
395
406
384
369
172
448
428
385
123
439
420
419
160
441
434
428
168
445
422
432
458
226
379
418
445
146
389
449
431
121
433
441
473
186
396
445
440
140
439
419
407
435
185
438
437
443
144
396
437
395
145
445
399
395
123
445
429
448
186
412
433
439
454
167
436
433
400
159
390
475
453
123
447
401
442
134
375
383
455
407
177
442
373
459
149
420
412
418
183
391
435
429
170
437
383
463
175
453
437
404
435
196
402
469
488
234
445
452
459
179
408
400
377
133
374
453
444
442
233
452
441
389
128
458
381
429
162
443
422
492
165
384
433
415
157
455
443
456
472
194
409
436
434
184
453
420
397
182
420
440
435
186
387
437
418
438
140
404
384
449
152
388
406
434
121
409
433
416
145
421
403
410
127
360
408
438
458
219
367
433
424
147
365
469
433
114
420
425
471
144
364
403
458
449
220
427
396
496
213
414
434
440
132
428
375
409
158
379
389
378
125
379
486
452
495
213
391
453
412
143
433
450
414
137
425
440
413
190
428
381
394
428
203
421
465
490
171
365
415
443
391
453
431
457
163
445
402
388
135
416
419
418
371
168
428
456
470
138
369
439
525
135
412
432
452
172
341
436
451
129
423
422
463
450
140
367
401
468
145
364
418
430
119
411
451
468
131
368
389
460
421
228
406
414
441
142
360
468
524
141
424
445
520
159
419
491
521
198
423
456
446
494
178
440
511
427
163
424
434
452
141
409
373
447
123
414
399
434
166
434
395
465
407
127
484
464
460
130
425
461
402
137
373
365
439
136
424
371
453
474
182
447
378
431
147
426
418
433
187
441
433
214
478
271
422
487
461
144
381
407
411
149
393
413
428
127
444
413
425
165
445
384
411
161
383
420
407
447
178
450
450
426
149
363
448
462
183
394
408
399
110
416
469
433
172
401
401
406
418
179
392
381
422
178
454
407
434
158
427
387
414
135
417
494
523
199
421
492
441
458
178
450
417
441
137
430
421
449
146
392
440
903
400
402
443
455
472
253
372
418
463
102
379
473
422
171
426
413
429
137
435
401
452
180
431
405
435
485
162
446
449
407
128
428
458
479
177
437
405
438
169
443
416
463
445
205
410
458
435
158
448
426
483
165
443
417
459
147
455
427
500
141
396
390
405
476
185
388
442
409
175
443
473
458
153
436
390
465
131
360
420
427
155
448
463
447
429
234
403
413
450
179
382
473
405
145
395
367
435
172
388
431
448
466
173
438
417
471
134
447
422
391
133
437
405
467
125
441
407
466
148
441
418
391
439
222
452
450
461
135
426
440
438
152
447
393
454
130
445
442
424
429
170
448
423
470
137
369
475
410
128
456
435
430
170
452
467
445
146
438
417
461
442
100
435
465
462
157
443
431
391
139
410
421
439
134
433
470
447
446
164
438
373
453
143
443
411
423
160
441
458
445
128
435
426
420
138
441
412
513
490
233
374
418
433
128
441
436
384
119
445
424
420
172
394
435
420
165
393
435
402
449
178
444
381
423
177
460
432
451
147
441
427
456
200
392
491
456
438
218
407
450
458
139
448
449
465
181
443
437
484
179
444
439
454
132
452
420
403
465
200
404
411
416
170
430
443
423
125
439
418
510
147
455
413
425
458
236
414
420
441
169
488
478
514
470
491
530
232
216
421
365
456
470
427
323
478
448
450
458
522
453
203
178
389
392
395
453
424
377
470
314
122
422
489
407
403
483
309
127
452
416
437
133
445
437
395
123
405
469
391
204
403
435
452
469
188
386
418
448
135
436
445
437
169
446
421
389
143
400
424
395
160
444
459
437
436
176
408
453
444
99
461
402
481
170
452
392
395
134
445
436
440
442
178
441
452
428
185
456
424
427
162
455
430
428
169
446
442
427
189
405
414
450
383
190
455
429
394
118
448
437
455
130
447
498
449
147
447
414
436
483
239
409
434
416
164
379
414
459
102
169
426
458
427
464
435
493
211
428
406
443
419
184
402
381
417
174
396
401
437
186
402
429
408
124
392
460
441
123
450
434
420
416
215
422
403
431
169
442
419
433
131
428
417
428
166
453
433
460
400
238
417
449
422
151
439
365
397
155
449
400
414
145
431
442
463
119
452
427
414
422
175
440
404
394
164
446
432
396
140
963
902
1008
467
479
508
491
493
261
418
452
420
124
451
416
454
205
407
405
416
151
383
425
397
170
438
431
485
422
173
444
433
402
157
434
406
428
128
449
437
429
145
449
436
412
394
197
404
469
473
120
443
439
456
157
445
430
382
128
448
484
408
120
446
440
456
479
248
435
451
466
161
396
440
453
125
444
404
423
143
442
429
398
156
446
463
466
424
236
408
466
393
139
437
406
482
163
394
436
420
155
451
432
398
382
125
458
440
453
192
405
423
445
186
357
402
388
130
452
444
464
114
445
512
407
425
185
449
390
434
191
410
430
413
156
393
460
402
136
453
452
385
422
248
446
450
445
130
384
400
481
137
439
380
407
166
440
410
458
180
435
368
437
478
168
445
462
456
129
401
439
463
155
438
445
390
172
444
431
419
122
386
409
413
477
262
397
418
468
138
452
413
456
189
451
376
435
179
442
478
465
481
172
387
415
468
125
442
414
421
153
447
422
471
181
405
434
485
168
443
446
412
435
237
393
424
438
121
385
447
458
184
442
413
453
126
383
424
460
442
230
408
378
458
131
459
375
435
151
444
417
472
183
451
386
464
143
446
430
445
410
179
449
434
458
157
431
421
455
214
450
466
453
161
436
423
475
444
219
444
429
459
155
442
408
464
176
439
414
489
143
464
436
441
124
373
430
470
469
234
456
427
400
189
412
463
442
164
450
463
451
119
376
512
430
129
455
447
461
425
202
442
457
466
126
389
449
437
130
452
425
456
168
448
438
455
464
176
442
402
403
118
401
441
473
160
447
420
426
156
440
381
393
445
175
436
462
475
151
449
429
460
120
454
465
396
159
450
433
456
158
387
387
453
408
179
456
388
463
131
387
403
422
153
441
433
452
102
439
426
409
151
443
464
451
448
226
400
413
366
116
450
413
430
143
388
400
433
124
398
416
423
392
194
398
400
407
152
443
410
176
411
237
470
487
137
438
425
461
178
442
463
437
518
195
420
438
447
148
392
394
395
160
443
485
475
121
444
440
444
460
214
417
439
430
169
394
420
486
180
456
405
453
175
444
439
446
146
430
359
461
422
237
416
473
417
163
409
415
397
175
391
440
487
105
438
389
407
129
452
417
464
391
167
409
454
470
147
395
424
974
421
427
475
460
220
429
451
454
449
181
428
432
385
120
384
439
421
185
353
387
391
174
382
454
466
167
435
421
463
447
104
401
441
536
201
404
426
408
122
418
470
448
120
440
411
453
461
170
435
444
385
123
452
432
396
157
450
431
393
156
452
456
435
116
394
415
446
429
191
365
440
402
132
439
429
386
147
451
381
378
175
450
435
408
161
353
407
418
405
212
428
360
381
125
446
427
412
182
405
426
431
129
382
466
451
380
228
444
466
441
121
378
451
410
178
441
420
476
183
443
455
444
154
436
467
423
427
254
392
490
454
128
388
436
468
164
450
478
387
144
444
407
466
483
210
424
476
481
160
403
442
470
143
437
414
409
138
389
389
469
141
397
453
467
434
110
401
447
460
136
459
418
421
163
457
402
465
179
449
441
460
469
218
455
372
484
163
411
443
424
160
444
420
481
145
449
467
457
131
452
417
447
422
208
383
389
401
181
438
410
426
151
438
412
466
123
386
399
415
141
446
419
456
444
124
399
497
458
195
449
419
448
134
448
410
400
144
447
438
426
396
196
394
413
431
177
436
411
430
184
437
464
447
119
447
412
476
397
200
407
387
399
120
441
421
459
171
394
388
399
134
441
370
431
123
393
399
443
408
217
385
447
473
172
390
420
435
159
389
429
437
174
374
472
386
149
390
400
462
427
185
398
426
421
140
388
432
402
143
387
389
443
123
450
390
466
145
481
459
434
427
227
427
464
449
231
443
433
447
125
464
392
420
185
453
475
521
441
220
444
457
402
153
383
464
425
142
448
412
416
131
385
441
474
452
188
408
400
426
149
441
464
477
153
433
470
426
164
453
400
380
109
386
363
456
445
197
409
418
457
142
438
407
450
131
445
420
450
154
453
438
413
177
443
414
416
460
188
404
427
398
127
385
433
456
127
435
425
478
173
361
414
402
482
249
422
442
442
188
191
497
438
445
448
453
461
115
441
424
464
160
380
467
422
416
250
449
487
522
232
442
444
400
165
442
427
445
122
446
432
447
133
457
435
459
450
238
356
429
439
126
390
443
395
133
452
383
415
120
432
471
452
485
174
437
423
455
147
455
410
493
141
429
435
425
117
442
433
481
184
410
449
428
448
178
436
413
463
186
960
946
971
436
478
459
454
224
442
423
400
444
180
392
423
423
170
450
422
432
170
389
442
421
167
399
406
441
138
393
421
418
459
257
430
453
460
218
440
442
455
138
446
446
440
188
393
417
402
149
384
408
431
427
159
442
432
453
127
461
432
434
190
409
444
490
123
450
445
465
412
277
387
452
530
234
409
452
477
149
440
446
475
135
395
464
415
140
394
404
460
466
174
394
444
462
134
415
442
405
187
436
428
479
190
360
472
430
483
250
393
494
527
147
401
383
443
105
439
387
473
150
398
437
452
129
441
427
435
436
197
402
426
412
122
442
432
462
147
384
408
453
135
388
409
470
125
384
381
460
475
183
440
435
434
171
446
430
456
133
469
446
451
161
434
444
382
452
179
381
412
456
181
439
453
447
124
446
430
417
126
396
392
394
419
220
404
373
404
143
415
485
463
157
390
385
435
181
408
451
467
168
379
410
464
479
194
386
435
443
164
434
430
494
138
379
406
452
123
438
464
467
153
421
397
427
452
191
385
430
434
247
422
446
415
130
439
406
444
120
431
452
430
459
182
389
379
461
143
392
415
453
122
390
489
451
200
407
456
442
179
445
437
446
431
236
369
419
481
143
445
424
473
189
408
399
447
173
449
423
459
138
382
443
468
456
182
436
454
463
155
464
437
434
179
449
423
467
124
443
423
421
388
230
399
451
469
165
453
444
427
112
444
411
455
163
449
482
464
167
448
428
406
444
219
459
380
384
146
379
452
444
123
446
428
405
131
444
399
400
493
162
382
426
421
120
445
437
453
129
441
412
461
142
393
394
462
142
444
411
405
458
187
443
430
430
168
457
472
457
145
436
409
484
192
398
451
417
406
202
408
386
400
135
398
435
390
132
444
370
424
162
447
430
430
129
454
487
395
409
202
408
443
455
188
403
401
489
133
435
465
481
158
435
477
457
151
392
388
474
171
418
275
519
474
130
448
425
441
181
451
404
368
120
454
407
456
427
119
454
489
521
233
433
420
413
146
438
477
473
153
439
409
404
146
442
416
436
483
236
360
461
393
169
384
466
395
184
430
452
452
179
394
386
469
514
183
452
413
452
131
388
389
415
119
443
424
476
107
444
445
431
185
404
447
445
454
162
381
477
875
390
419
425
446
183
393
464
506
136
450
447
449
166
394
465
442
436
163
441
421
463
183
453
415
463
176
437
379
412
132
410
478
436
431
183
451
430
438
135
445
484
443
135
399
426
396
109
448
436
428
403
201
404
442
432
175
400
458
402
170
446
436
434
150
434
425
405
180
448
446
421
415
190
412
396
489
133
442
411
446
139
450
443
426
126
444
435
451
128
448
449
438
456
203
369
437
394
120
441
421
402
153
426
430
431
185
413
477
488
457
191
404
447
464
141
443
410
406
184
439
416
418
140
413
461
402
116
434
420
384
391
206
420
379
443
165
441
403
400
144
444
411
448
146
453
439
425
459
192
465
404
451
142
454
486
474
176
391
458
475
195
436
407
450
164
451
456
445
440
178
444
393
398
120
450
449
458
126
429
455
474
151
455
365
431
121
429
445
452
481
258
456
481
483
134
449
428
474
145
446
427
463
163
446
382
485
438
138
436
416
383
122
442
424
461
140
462
439
492
126
434
423
490
178
450
442
430
479
250
441
402
451
161
395
378
446
129
451
443
423
173
437
397
438
444
213
421
384
415
181
394
415
457
124
431
413
464
120
388
436
468
166
447
422
400
437
133
439
417
420
123
445
452
432
124
429
456
401
126
426
443
455
188
443
440
391
422
231
411
438
429
172
432
422
395
134
444
421
406
117
445
409
470
430
217
397
435
419
163
461
435
414
133
452
391
414
162
400
480
405
149
446
407
448
465
189
452
448
467
142
444
424
441
141
451
440
428
180
443
412
466
464
121
380
418
398
157
388
394
450
126
445
372
389
115
453
446
412
139
440
410
445
388
187
452
416
396
175
438
384
388
118
395
414
457
207
405
442
437
178
391
452
384
440
181
448
372
425
164
446
412
455
142
448
441
463
161
453
439
416
452
184
402
470
422
141
432
465
425
162
453
369
397
169
453
416
497
127
437
130
458
461
452
408
422
449
128
449
434
485
191
396
383
445
134
378
435
448
454
96
455
436
448
126
436
432
490
179
449
435
427
160
458
439
469
123
386
432
382
462
170
455
410
418
105
454
416
431
150
451
384
465
144
393
404
413
398
199
409
369
420
133
397
439
426
172
446
438
394
133
447
464
448
145
450
468
456
422
180
915
898
933
373
452
456
469
157
440
383
472
173
394
411
408
418
138
345
427
463
144
439
420
452
134
386
428
429
161
392
422
433
182
352
399
424
490
227
448
392
385
127
450
435
470
124
392
438
383
123
392
468
388
153
441
432
418
446
126
439
415
458
182
387
447
394
155
451
444
401
122
443
443
427
413
214
361
372
492
180
444
420
438
127
442
412
444
155
403
469
428
175
447
456
451
458
171
439
391
441
125
387
414
472
147
394
402
455
148
373
480
458
163
438
426
406
391
259
425
462
486
156
417
432
415
186
449
453
392
157
393
442
432
445
162
379
420
436
166
432
411
427
176
454
397
455
137
442
481
412
111
477
389
391
417
228
443
399
460
157
447
421
434
161
382
406
386
120
440
458
419
471
214
395
450
405
190
399
374
377
159
437
444
415
159
449
403
453
129
451
436
468
465
181
451
388
415
165
446
406
443
143
449
454
434
127
382
418
451
431
196
451
415
425
145
437
411
426
171
390
395
458
125
393
388
439
138
391
446
393
472
199
404
371
448
119
444
433
437
178
448
447
470
135
410
411
437
137
443
419
465
447
156
447
424
428
179
350
408
482
175
445
370
445
138
436
434
457
440
171
446
434
480
173
435
437
454
128
439
410
411
188
457
443
444
189
400
408
423
390
173
433
434
450
124
448
423
496
153
437
441
487
191
409
436
436
459
213
446
421
407
178
451
425
409
124
446
427
474
186
399
427
426
165
442
420
459
442
175
378
427
404
179
390
426
398
98
427
437
468
183
401
389
449
490
233
448
426
465
180
399
419
417
141
449
441
419
195
424
405
456
177
452
415
421
433
234
418
482
426
145
433
462
481
139
382
429
446
122
450
446
432
188
405
462
421
448
172
444
445
429
187
400
444
468
183
399
425
459
126
421
465
452
515
264
441
480
450
126
443
459
413
125
439
428
476
192
404
421
480
337
475
478
518
492
478
466
526
442
127
427
423
473
189
415
369
400
120
386
436
427
393
207
413
434
471
163
434
412
411
135
379
476
414
142
441
453
401
179
392
375
487
441
199
357
424
469
143
436
426
420
147
403
355
365
126
440
422
414
390
185
410
417
487
185
362
405
405
133
392
390
392
200
368
445
464
186
418
429
430
1006
551
485
476
401
182
457
415
471
143
447
501
484
193
411
421
393
128
410
445
418
418
213
444
428
432
135
441
416
459
186
400
398
490
186
460
433
441
455
288
397
472
498
173
372
407
473
146
392
421
433
169
433
426
498
175
379
488
441
441
194
399
465
448
141
390
399
465
141
442
427
397
142
389
466
449
438
238
422
476
487
176
451
443
477
124
421
474
454
119
442
413
459
141
399
384
446
442
203
392
380
382
121
459
418
410
145
394
453
474
166
438
463
478
137
442
458
459
415
181
452
432
436
174
455
409
413
154
438
451
443
176
439
395
448
378
118
389
416
460
140
437
459
403
133
440
441
466
190
412
466
485
147
384
447
460
445
100
380
475
432
172
453
417
379
126
450
429
479
129
447
445
480
458
269
435
425
468
126
414
415
452
145
444
418
423
162
435
420
412
196
415
351
466
482
179
443
425
433
159
403
394
399
143
387
416
449
180
392
430
451
502
206
369
435
417
172
452
459
405
152
380
482
428
164
432
397
400
117
432
450
434
426
223
433
402
415
156
445
432
458
170
444
379
395
142
440
415
404
124
382
431
453
460
171
437
474
469
115
394
420
424
188
361
412
451
140
455
470
453
413
143
333
491
417
132
395
382
419
135
458
453
442
161
436
408
465
144
456
454
408
425
165
391
433
468
181
456
495
406
159
444
435
429
129
389
436
434
415
222
348
394
445
143
447
410
469
144
379
442
465
162
443
472
456
123
448
396
456
420
154
437
425
475
140
388
400
484
188
410
430
434
193
393
387
392
118
448
439
408
446
180
451
436
448
131
439
364
434
180
391
410
486
176
423
412
436
390
190
454
379
415
161
393
385
433
186
409
458
399
134
396
392
454
472
254
418
411
455
138
443
421
425
172
445
447
431
126
440
438
484
179
446
442
464
449
184
454
431
440
177
387
412
377
154
433
358
427
160
446
326
463
241
518
467
508
497
276
429
477
574
148
410
403
423
118
438
416
441
130
446
449
402
475
191
407
416
432
154
448
437
449
137
441
422
469
105
424
441
450
168
446
402
429
393
224
457
449
430
148
440
435
498
145
444
399
464
176
458
428
440
448
169
426
412
467
146
435
464
475
184
408
439
424
177
443
449
500
143
437
963
932
949
553
457
442
436
168
410
464
422
180
442
397
465
175
445
403
445
271
515
485
474
458
200
396
429
410
125
438
412
390
180
439
458
466
138
445
432
470
454
181
419
404
467
117
370
404
434
169
397
467
477
153
414
451
427
164
426
407
399
394
179
405
453
403
134
407
396
437
132
424
404
383
162
426
463
471
436
241
426
409
448
125
428
434
387
122
416
395
395
160
428
447
427
144
424
444
429
442
221
454
422
447
172
386
406
408
161
360
430
472
289
453
486
444
182
439
422
439
454
166
426
451
468
158
434
427
387
145
436
474
437
133
426
397
396
433
188
402
414
466
170
374
410
424
115
413
409
428
124
382
361
377
119
426
397
442
383
210
449
396
463
228
476
524
502
196
410
448
382
135
419
431
393
478
167
433
415
449
141
419
420
427
133
426
458
464
151
368
456
440
167
430
446
408
360
179
451
464
473
118
428
434
488
216
507
422
471
143
393
426
440
453
99
363
422
438
184
397
379
380
143
438
437
439
187
392
423
474
431
155
449
485
436
172
403
444
457
161
432
482
424
150
428
425
438
489
231
362
448
484
189
385
364
396
119
425
448
469
148
429
423
413
158
424
449
467
473
210
358
435
408
150
430
428
485
129
425
411
437
135
438
427
395
426
213
451
481
466
134
425
476
432
176
429
415
439
201
474
417
415
131
424
449
487
162
429
384
382
121
421
412
382
442
211
415
404
472
134
423
407
466
149
427
424
431
124
408
439
406
389
207
421
419
426
128
417
402
439
139
422
428
391
110
420
440
423
153
420
385
427
395
157
365
474
450
147
420
399
418
198
366
368
382
117
424
415
393
436
176
445
410
451
115
409
428
475
127
426
422
438
121
359
385
379
124
425
457
468
436
381
494
415
505
205
423
439
484
270
410
380
384
122
424
443
485
467
176
446
438
413
160
412
429
417
125
366
415
433
305
473
462
440
425
500
451
381
453
244
443
463
475
102
439
440
435
151
446
496
412
153
452
399
442
415
192
413
360
468
162
395
400
436
115
384
423
412
152
439
419
433
175
444
451
438
390
166
427
472
487
183
451
443
428
113
448
436
421
154
446
410
470
187
478
473
444
490
233
450
369
451
129
457
494
419
177
449
448
469
642
595
582
573
649
288
463
470
494
168
374
397
411
120
434
441
429
148
399
387
393
129
388
389
486
491
182
441
422
544
192
421
437
440
152
406
381
416
119
393
438
394
387
212
396
444
461
158
445
468
463
143
434
434
412
124
454
433
433
176
447
439
457
474
110
417
459
403
186
405
427
380
166
461
440
470
162
409
414
419
409
244
446
479
416
162
451
393
443
138
448
437
446
126
450
453
446
121
434
413
450
439
173
458
401
446
142
455
459
478
154
400
448
463
140
448
416
485
190
402
418
387
414
222
440
406
466
159
449
464
404
146
407
451
466
140
379
402
488
486
237
437
409
426
175
443
469
448
182
444
422
460
157
440
413
441
176
456
398
401
413
181
443
411
465
142
389
417
422
168
426
410
472
146
442
428
447
437
195
401
408
432
157
447
431
461
124
392
440
468
183
446
415
377
142
439
436
484
417
170
436
460
463
185
444
454
438
164
445
408
428
127
403
450
420
168
446
431
487
419
242
433
454
437
182
439
415
455
183
430
399
492
189
413
457
468
476
180
374
413
379
125
440
444
447
125
440
436
415
155
389
437
481
176
391
410
392
424
184
439
458
443
179
382
409
430
174
428
466
443
137
393
431
429
392
209
416
431
452
145
393
453
468
141
378
424
396
183
440
409
466
181
426
414
439
405
183
443
442
476
163
442
435
386
121
445
475
482
156
441
392
441
122
395
394
415
405
199
364
418
415
170
389
456
515
124
444
383
383
144
449
462
443
528
216
401
420
467
188
472
441
428
139
438
471
432
274
393
463
470
485
244
399
437
471
155
432
409
454
151
442
426
417
134
444
409
436
182
445
466
432
451
176
451
394
395
191
454
436
492
139
454
387
415
177
453
412
493
485
231
407
373
419
138
450
417
401
119
451
448
501
184
401
398
415
137
444
434
421
458
191
447
471
451
187
449
432
461
274
475
389
473
275
443
526
519
167
433
433
448
461
175
435
463
452
193
404
413
433
124
412
377
441
159
368
421
413
188
413
420
424
404
174
439
479
474
131
426
374
463
123
359
442
458
132
445
417
465
467
176
442
428
473
188
344
430
414
132
398
447
417
155
451
464
437
483
162
455
455
393
164
443
428
507
122
384
471
461
180
442
928
913
391
492
440
473
501
289
389
456
442
139
441
440
405
136
438
460
447
152
443
488
428
170
443
472
497
419
223
393
419
459
118
441
436
479
179
441
413
412
170
387
481
479
454
196
443
429
452
208
452
432
427
160
437
429
478
174
437
420
402
158
454
426
432
455
218
437
417
419
171
434
486
476
124
443
372
442
142
448
418
462
447
171
446
472
486
156
394
430
412
192
401
397
403
147
408
476
438
175
455
413
371
390
120
400
379
448
140
441
513
433
127
385
398
413
133
385
384
492
141
439
471
450
499
170
446
380
470
165
436
408
462
128
389
424
440
130
443
433
409
431
169
459
433
420
143
440
423
448
178
435
437
450
184
386
373
436
460
217
439
422
455
254
444
435
475
199
409
382
444
168
442
424
464
167
433
419
433
185
399
392
470
503
175
439
411
434
176
440
423
430
176
400
396
476
149
429
406
475
440
216
429
401
410
147
388
452
456
137
379
391
452
445
202
412
430
372
153
442
399
409
141
384
440
456
117
437
481
495
148
375
406
479
177
437
405
445
407
208
367
395
440
143
445
395
423
111
448
412
465
144
446
395
448
125
437
403
407
486
195
420
434
436
131
391
439
485
191
405
368
401
149
381
409
426
154
438
459
429
473
236
418
437
414
123
395
374
452
128
417
452
438
135
437
410
443
435
224
428
429
445
144
435
406
454
185
440
419
462
152
432
419
435
186
396
382
477
452
235
402
401
405
128
438
368
443
137
444
468
423
180
447
452
398
426
166
452
385
487
124
395
367
435
189
453
445
501
186
405
410
491
123
424
430
443
440
173
441
495
449
120
450
421
463
120
423
453
424
148
440
422
464
513
256
484
489
468
211
425
447
460
139
459
482
469
221
435
415
426
167
435
410
404
437
302
397
421
406
117
422
422
433
127
439
377
416
122
393
364
460
144
435
445
482
442
221
410
452
444
329
464
424
451
446
510
498
476
142
450
377
455
420
227
397
421
431
126
391
432
406
174
431
469
452
200
427
444
455
176
398
401
391
426
168
439
437
423
141
378
449
400
166
388
433
443
107
434
415
483
439
219
428
443
409
189
438
435
452
127
460
458
458
175
453
465
424
162
446
423
472
464
176
407
430
376
165
438
442
424
641
606
616
655
211
427
412
455
418
243
406
425
425
148
452
425
478
179
443
436
468
183
405
429
411
119
392
432
405
435
218
442
413
431
132
432
396
427
133
486
470
524
167
397
475
449
149
449
409
374
428
210
416
449
434
146
447
462
432
181
462
431
451
131
451
392
477
430
206
453
434
431
126
403
475
513
159
442
388
443
179
396
426
408
399
176
438
443
426
191
412
456
440
162
457
444
444
193
406
435
388
125
396
392
402
411
168
380
415
413
150
432
381
375
125
445
414
460
97
409
426
399
122
448
420
419
429
235
426
452
419
119
440
387
445
132
444
432
475
130
407
408
418
459
231
411
397
484
129
450
404
418
177
443
419
482
192
344
409
403
137
432
425
437
433
232
415
442
386
188
404
415
378
154
436
376
425
109
395
420
476
127
389
443
481
462
224
401
409
399
184
394
414
410
121
439
418
458
183
403
387
390
476
209
426
458
457
170
387
402
452
177
452
444
460
178
388
477
431
177
451
411
515
390
178
437
496
400
182
394
420
479
135
445
431
482
129
419
440
381
454
210
442
381
368
190
419
441
442
143
433
440
442
124
414
427
435
167
401
363
374
455
201
424
397
409
145
418
454
436
121
368
411
440
186
397
452
436
428
153
447
419
440
123
402
434
456
458
439
408
416
254
388
446
513
422
528
431
270
129
387
364
421
402
392
428
112
370
471
457
467
402
141
436
432
427
461
110
426
451
456
211
426
382
457
142
455
445
474
151
453
445
482
161
427
400
409
412
183
448
428
446
180
456
409
468
179
433
438
441
170
452
399
441
433
180
431
452
400
106
456
451
435
184
401
405
414
199
393
413
391
131
446
442
399
482
183
442
483
412
171
449
437
475
187
444
425
469
155
400
423
467
125
433
424
448
447
204
341
453
426
146
393
435
416
182
449
422
426
173
421
402
444
411
185
440
425
434
187
400
109
356
348
414
477
487
188
457
414
422
178
450
430
443
425
238
443
413
443
145
377
370
390
168
449
442
433
178
445
367
373
386
193
442
459
402
139
391
380
457
132
445
441
486
191
405
448
502
459
203
425
444
463
136
437
442
426
129
384
412
458
154
414
443
422
175
440
425
389
179
399
421
474
423
193
394
452
439
189
392
936
970
441
461
502
444
156
402
417
417
399
160
454
440
395
152
449
444
432
123
451
452
476
170
453
472
427
171
444
446
470
447
183
435
447
461
121
401
428
422
121
401
437
401
131
439
406
390
422
179
395
441
461
136
441
422
454
139
447
405
419
126
436
406
480
124
455
465
458
419
145
449
409
459
136
395
496
444
189
394
460
399
168
455
432
411
131
430
477
472
455
176
449
411
459
188
453
388
412
190
361
420
425
150
405
389
395
402
167
398
488
434
145
405
435
501
141
448
461
415
150
446
427
376
126
448
430
499
429
183
460
413
456
147
401
368
380
118
440
433
460
138
442
423
441
178
444
433
421
428
205
425
446
424
187
401
384
436
117
435
412
396
119
452
439
414
459
212
362
449
475
198
423
379
426
164
444
434
467
127
437
498
391
143
370
461
416
439
226
455
448
433
128
432
407
505
155
452
380
479
170
439
414
477
491
223
450
424
469
118
445
433
473
161
438
453
437
188
442
461
445
121
437
400
458
480
192
401
432
415
133
447
414
410
124
453
432
436
178
451
446
472
485
100
424
468
453
209
406
474
400
114
424
440
442
153
437
434
408
198
415
420
480
472
240
427
376
438
189
399
439
463
156
452
409
423
141
388
452
460
166
451
477
453
474
179
446
431
431
179
424
476
449
185
384
428
417
142
387
433
488
471
228
410
451
467
142
364
401
412
127
433
410
438
133
448
428
461
171
440
444
458
420
181
404
447
447
124
442
427
420
188
397
462
404
143
385
344
390
490
222
395
446
460
123
448
451
531
231
392
437
449
127
375
387
416
157
425
439
428
433
238
409
452
501
126
450
392
469
167
387
478
483
153
429
488
441
456
213
412
428
424
126
448
428
446
125
449
415
426
187
459
412
455
404
202
412
456
471
148
445
440
397
138
386
405
400
163
420
379
490
133
442
391
378
126
415
433
373
445
205
524
441
454
496
480
484
442
214
425
454
437
167
448
435
461
438
199
401
472
534
209
423
449
422
160
452
399
391
150
379
433
373
175
437
448
469
454
216
419
419
460
125
391
435
410
150
448
422
389
120
442
417
474
440
231
401
375
420
125
394
414
405
114
361
438
458
148
447
380
396
135
442
443
478
402
222
448
430
438
649
658
671
691
242
423
463
444
155
397
441
418
148
400
463
393
419
176
442
415
470
142
380
444
441
175
451
477
460
159
450
404
401
463
171
438
485
433
182
451
467
476
132
399
440
418
191
385
406
419
145
440
412
480
441
208
421
471
446
134
428
438
491
190
457
455
412
141
447
425
418
437
230
396
416
476
151
423
453
433
156
454
436
456
155
390
411
457
189
442
449
434
495
281
390
482
488
180
447
432
399
163
444
431
467
166
408
450
456
423
235
413
461
442
131
449
433
446
180
435
440
388
128
439
459
396
163
390
433
385
483
219
433
388
397
156
446
439
475
183
383
443
443
170
458
460
469
186
395
456
440
419
231
413
427
399
133
390
430
384
134
385
449
399
140
394
422
404
413
187
361
392
439
210
447
432
431
171
445
458
398
135
446
378
415
377
178
452
465
433
159
382
471
469
187
348
424
408
133
421
405
414
154
451
436
434
498
210
365
467
454
123
445
401
469
148
422
413
382
171
450
384
391
453
212
428
414
403
116
448
466
439
128
459
430
419
128
388
442
407
128
442
453
390
447
243
439
462
455
156
389
474
429
180
457
387
464
138
447
423
467
172
432
442
442
464
169
446
421
405
126
393
440
415
125
392
399
471
199
434
442
453
405
252
420
454
401
188
398
493
442
174
382
456
437
147
450
467
444
128
420
403
469
423
197
396
404
415
116
439
431
419
165
448
448
432
182
428
378
417
126
445
442
454
469
182
369
439
438
138
395
425
425
181
450
442
445
190
402
412
387
407
189
401
371
394
118
388
447
419
136
460
382
428
142
396
437
468
166
430
423
493
453
195
440
399
380
166
443
494
436
122
391
429
506
175
411
452
434
452
164
388
424
449
175
444
484
419
142
403
398
453
164
457
431
449
119
388
430
407
403
96
421
381
450
186
409
414
463
124
447
399
389
132
379
430
433
483
201
379
187
363
288
424
471
450
162
389
432
451
123
367
411
449
152
436
371
428
428
171
406
387
389
145
439
393
391
162
439
446
443
169
432
399
446
122
445
393
419
377
171
387
428
447
203
430
445
467
185
419
434
444
164
444
435
408
435
244
414
465
452
178
441
396
475
174
437
431
406
152
433
439
466
149
432
417
452
467
179
391
1003
926
463
415
534
481
191
398
444
446
121
429
397
464
417
191
421
419
458
153
385
440
415
145
452
470
469
150
400
397
504
137
433
376
443
406
184
363
380
383
123
399
436
475
121
396
450
435
145
438
405
405
179
386
414
379
400
110
394
441
401
163
425
460
412
152
421
444
457
135
389
414
445
474
206
412
444
471
157
448
417
428
155
450
474
420
155
442
448
371
190
406
407
472
429
223
354
445
475
173
360
385
432
190
406
428
494
183
398
408
459
442
225
388
417
456
183
405
413
396
155
450
420
469
148
382
423
444
118
446
448
398
481
187
394
439
474
175
458
442
460
134
435
397
371
179
397
408
452
125
418
431
437
422
179
386
410
456
189
390
444
393
138
398
389
474
157
450
423
406
423
233
452
425
426
164
408
358
388
124
444
366
460
153
445
399
439
120
449
435
408
471
110
451
467
447
190
353
379
426
147
375
407
461
137
389
423
411
455
212
353
382
472
126
438
442
447
185
363
473
491
137
402
386
392
174
441
407
430
433
236
408
468
445
173
365
430
430
180
394
445
454
141
431
433
452
466
178
393
372
403
140
424
449
473
175
449
398
478
177
455
455
443
138
430
437
412
489
223
404
398
472
152
393
453
443
163
437
432
426
166
439
463
445
174
449
447
440
454
203
422
436
383
170
444
420
417
132
445
442
468
148
449
441
448
448
196
407
444
422
136
394
392
461
131
442
420
406
124
380
410
407
113
449
432
465
449
228
394
490
436
184
396
450
469
168
414
425
434
182
397
432
475
166
385
455
378
460
252
428
405
470
136
384
427
381
131
382
433
449
127
418
381
461
471
184
434
387
401
170
420
394
455
148
440
412
458
140
445
417
460
387
178
450
402
486
178
451
417
463
176
402
402
406
149
450
437
469
124
421
451
454
539
166
455
403
477
147
445
385
473
191
367
464
447
172
394
444
456
125
163
430
391
393
381
494
426
431
190
437
395
466
144
442
424
455
187
403
448
387
489
232
405
375
418
133
449
405
392
149
431
435
398
140
389
413
471
171
426
470
440
471
186
451
477
429
181
447
467
417
163
394
430
488
131
453
440
481
474
241
425
432
384
185
406
394
439
176
449
421
462
108
492
419
507
135
431
438
426
481
650
650
623
682
278
431
428
429
140
385
450
449
133
444
380
429
128
400
457
391
421
180
365
367
432
156
455
446
472
173
422
457
478
177
444
408
395
397
184
436
401
452
129
436
411
398
171
376
413
387
176
388
409
457
153
348
390
405
408
140
437
424
450
179
429
439
449
154
449
404
425
167
446
421
445
451
165
439
472
458
150
441
431
449
203
426
443
455
179
393
429
432
184
410
465
455
425
235
427
414
399
125
423
403
399
126
411
382
453
174
448
422
468
141
411
454
489
437
222
414
420
471
195
439
415
410
162
422
458
432
131
410
417
417
375
179
442
458
465
171
451
414
388
145
376
386
443
150
420
402
454
182
394
381
416
422
206
398
382
451
154
386
452
494
133
417
433
482
186
420
459
437
473
178
392
447
432
182
393
481
495
151
447
425
413
126
424
390
444
103
412
441
394
409
209
362
408
395
123
370
413
440
134
423
471
452
182
373
404
398
113
416
388
435
427
214
446
456
463
129
415
369
374
185
424
379
410
117
418
441
374
463
169
412
431
483
182
414
387
422
168
444
347
391
178
423
440
418
158
422
388
491
414
226
427
497
509
208
426
439
429
118
429
439
423
107
420
444
443
455
116
421
486
498
195
418
403
416
117
368
409
380
174
422
416
420
185
352
472
473
483
178
460
418
436
136
414
401
493
125
407
450
457
121
357
416
414
442
161
458
421
438
178
331
405
454
153
414
456
436
162
370
416
432
187
406
380
426
459
166
449
399
417
157
402
472
479
167
449
380
453
147
371
432
413
444
218
371
400
467
144
443
430
379
133
450
465
450
166
447
468
453
122
439
426
466
380
205
441
417
459
117
441
467
456
185
352
478
431
186
446
374
404
155
440
404
452
401
181
442
430
423
168
447
453
463
127
446
496
456
130
400
427
438
440
169
451
397
530
173
442
405
447
127
452
436
474
135
441
424
235
484
263
425
434
482
217
441
477
433
186
462
437
418
154
434
445
396
158
445
442
459
483
180
449
402
461
154
436
449
451
152
390
422
496
185
432
390
412
158
392
407
468
453
263
398
382
399
135
386
428
464
121
454
396
471
150
387
384
430
123
397
462
443
430
240
411
363
446
174
449
409
454
153
450
484
440
167
421
464
850
871
475
522
438
407
152
403
383
400
126
392
443
492
125
391
377
454
203
437
454
465
477
183
410
373
422
161
437
418
419
140
445
430
449
128
440
469
465
439
214
428
374
413
120
441
431
464
121
433
455
450
159
398
375
424
135
445
375
441
406
169
443
424
492
187
450
448
421
138
446
406
405
129
450
482
466
428
180
442
411
448
128
397
436
409
129
453
430
453
139
441
429
466
155
444
433
466
452
236
404
439
401
117
440
410
411
153
454
439
468
187
379
486
378
180
424
441
460
445
193
406
469
419
159
444
378
484
178
445
420
463
170
445
427
475
438
175
440
462
451
186
433
406
456
145
442
414
426
181
395
427
430
176
454
432
479
454
185
398
439
423
101
452
375
360
124
448
420
410
170
450
434
466
436
223
444
460
450
128
445
457
408
143
452
410
452
188
392
458
391
137
442
421
419
501
184
393
437
469
179
456
456
417
128
447
380
468
130
382
378
431
135
438
410
430
431
199
419
389
378
157
448
402
421
192
440
390
422
144
442
466
412
424
185
371
409
390
131
447
441
454
134
441
390
413
112
403
420
463
126
439
368
427
443
227
435
424
438
185
382
409
403
136
378
457
448
156
439
422
446
435
184
454
397
466
142
450
427
422
168
448
425
418
123
446
446
417
157
449
436
416
409
182
454
468
399
120
454
455
503
173
428
439
442
182
435
424
428
380
168
454
446
473
168
459
414
388
135
395
435
484
131
442
365
460
176
448
420
415
460
172
399
454
403
150
376
467
458
137
449
470
449
101
449
415
454
188
436
439
415
473
184
452
390
419
180
409
423
425
119
436
434
456
127
448
418
408
487
173
444
472
388
178
399
416
458
185
452
476
487
165
435
450
408
122
438
412
446
435
122
401
415
458
134
449
416
456
149
442
422
393
123
452
439
394
135
451
417
430
471
116
422
442
404
145
452
462
466
126
341
476
453
287
469
467
494
563
192
367
444
444
173
447
464
447
136
399
432
476
171
442
415
463
455
164
451
439
476
174
447
430
444
158
444
442
411
176
418
386
396
136
450
448
472
411
185
447
427
504
120
403
439
458
123
441
505
458
144
396
426
474
106
381
418
418
429
216
447
416
463
122
440
471
440
178
452
439
392
155
884
920
964
931
544
472
498
488
185
404
406
403
160
444
473
401
144
446
444
458
132
447
433
484
511
136
389
442
479
128
441
414
413
157
449
433
426
179
397
404
409
171
387
434
427
449
188
437
416
457
138
444
428
403
148
442
412
406
123
447
436
463
476
223
450
435
490
130
438
392
430
156
403
457
439
127
418
409
471
154
392
430
444
462
171
392
380
392
119
440
432
467
124
392
425
420
143
454
447
465
430
246
393
435
480
171
447
456
435
181
436
422
453
155
368
441
445
106
452
402
402
418
195
389
438
455
122
402
484
428
139
400
438
460
484
149
391
488
485
129
381
410
416
145
448
424
455
130
445
430
399
119
458
474
430
428
184
337
384
433
147
399
368
410
123
459
385
416
158
358
399
449
162
449
392
443
457
210
428
463
463
149
459
441
473
170
407
418
429
119
444
451
420
136
446
406
455
451
172
446
472
456
167
390
438
403
125
449
441
467
148
391
432
415
154
397
393
406
424
196
361
388
479
158
444
446
486
147
398
445
458
121
373
437
419
431
247
433
448
453
124
432
431
444
135
392
363
415
174
448
441
379
141
392
433
465
455
189
430
437
491
178
388
393
436
148
443
435
469
153
380
390
434
421
165
448
431
434
178
399
422
413
118
448
435
466
126
391
421
462
116
438
406
403
429
185
439
381
428
170
391
422
419
145
442
449
442
135
397
432
466
405
181
405
450
459
120
388
436
417
106
377
434
433
106
441
415
443
184
420
407
362
377
161
393
436
428
135
379
412
428
145
448
449
448
148
437
464
406
422
202
414
427
413
124
449
462
447
175
383
413
455
185
436
409
391
165
390
421
433
431
172
385
413
412
131
447
434
460
121
443
454
441
140
394
398
415
125
435
464
454
381
220
383
419
437
191
369
409
425
131
458
416
415
161
405
427
481
468
201
412
395
397
128
405
389
386
117
419
430
257
476
259
402
435
124
392
437
479
462
185
440
421
475
193
405
387
376
140
448
446
424
113
451
420
435
187
444
443
463
408
196
379
409
458
163
427
434
456
113
441
424
399
119
436
475
419
423
188
454
425
421
166
381
416
473
154
451
471
428
147
450
417
370
117
385
430
438
421
205
421
400
434
174
448
480
429
161
446
437
941
457
387
476
482
486
244
409
369
480
118
392
414
453
190
427
407
468
136
409
417
494
116
438
375
371
477
212
417
372
422
162
382
402
406
146
394
449
435
137
450
433
407
471
180
377
414
385
178
453
450
430
130
396
423
445
138
392
445
496
178
456
435
436
419
200
414
453
423
113
439
417
463
169
445
456
426
145
389
398
386
118
419
454
463
495
169
442
406
395
183
337
414
488
126
418
390
432
126
400
474
418
452
368
426
498
501
207
430
454
460
131
361
399
435
171
363
409
428
121
423
413
466
486
175
448
439
457
127
421
470
456
182
422
462
442
140
427
430
407
403
173
402
415
364
116
413
443
375
120
422
409
457
133
360
452
445
131
411
447
461
411
194
359
391
446
155
422
463
462
127
422
424
426
145
424
487
434
398
180
445
359
405
126
428
419
431
170
400
387
377
118
415
423
395
184
344
427
440
489
173
388
370
451
129
366
462
400
126
413
446
435
191
422
434
453
116
415
452
392
388
160
418
453
472
161
366
424
380
140
418
415
467
176
413
475
476
420
173
455
433
428
180
451
400
386
127
415
409
466
146
418
404
476
164
442
429
385
416
171
398
427
488
178
391
401
455
134
418
399
383
160
425
431
421
471
230
416
436
432
148
414
386
388
122
411
374
418
120
387
436
478
183
422
394
391
467
195
462
441
433
118
380
406
392
115
434
450
464
140
421
465
457
169
404
383
391
383
101
360
382
431
127
419
461
431
155
421
459
462
137
432
448
430
479
221
404
433
473
140
425
415
431
128
424
454
472
154
433
452
449
462
182
353
380
395
121
430
400
414
114
427
443
495
128
369
418
509
138
432
439
439
192
422
434
428
451
172
444
407
453
118
396
407
449
146
421
458
468
127
423
479
464
453
153
403
384
466
153
364
447
488
177
402
419
473
157
422
409
426
123
422
452
414
423
194
403
434
377
151
347
445
437
319
423
434
453
160
455
436
420
426
201
416
426
426
119
396
422
460
171
456
391
401
197
429
445
542
392
260
389
478
580
234
427
460
440
121
448
441
390
125
438
486
488
134
445
435
474
494
183
399
387
503
145
436
412
458
122
439
452
429
164
400
387
365
131
394
439
412
446
209
376
488
468
159
452
399
399
144
898
927
918
448
541
465
506
151
450
447
473
472
203
370
454
404
167
394
428
434
165
454
457
467
142
448
449
434
445
190
348
359
434
163
391
434
465
190
400
416
509
149
437
403
461
133
382
464
431
479
220
439
478
463
177
443
465
463
182
454
403
438
121
443
407
423
388
187
381
438
382
139
442
397
449
127
442
430
477
195
422
406
472
150
451
438
475
436
210
364
445
462
135
447
431
475
152
437
399
418
134
386
454
381
428
224
381
361
417
162
442
420
427
154
447
431
414
159
451
428
401
160
448
374
418
460
198
457
406
452
118
454
416
444
187
439
416
459
116
446
439
474
408
239
418
369
442
173
391
437
440
185
445
440
439
163
447
422
420
156
433
454
482
373
148
450
427
478
166
452
425
466
124
450
392
447
149
431
417
461
139
454
418
418
399
183
442
418
414
135
437
418
384
142
391
434
432
175
399
445
460
408
242
420
455
454
181
442
418
426
124
414
390
395
141
441
468
422
154
453
447
450
500
120
432
458
532
224
437
424
417
155
443
449
471
165
452
427
432
142
441
415
476
460
242
415
391
455
152
443
454
420
163
388
455
493
160
433
453
405
425
205
422
378
412
119
436
426
463
159
440
447
427
143
435
463
487
449
113
412
396
429
172
443
468
418
168
377
388
411
149
443
427
450
174
403
374
426
448
189
404
401
434
122
434
446
439
132
458
401
513
146
393
430
421
435
179
451
409
456
178
453
375
438
138
455
389
420
110
437
490
441
188
447
457
489
469
234
418
375
475
167
428
436
435
194
398
422
460
140
429
408
419
179
452
372
487
401
233
411
450
436
153
444
397
511
145
398
437
474
124
449
417
464
398
170
442
416
432
140
442
448
409
161
441
424
445
165
442
475
501
171
386
399
400
413
261
444
381
385
142
437
467
434
148
378
455
477
171
424
461
445
143
345
397
406
408
191
440
387
318
426
218
522
491
203
418
474
456
155
439
464
472
405
237
415
405
425
145
435
455
429
184
391
433
483
132
384
432
426
178
406
397
416
435
218
370
395
438
153
439
460
406
136
435
418
445
139
447
438
454
465
221
440
411
483
147
445
409
447
145
429
414
430
179
434
478
439
163
454
391
424
456
184
395
395
480
174
447
448
944
450
466
429
481
239
388
420
462
446
181
433
461
475
158
452
433
436
193
407
417
443
133
390
463
479
195
406
421
463
451
164
386
464
440
175
448
423
416
157
440
396
508
141
434
418
421
436
147
445
478
418
119
387
427
460
122
390
429
430
168
447
482
412
198
424
455
453
540
251
409
454
442
169
391
438
386
126
443
421
465
122
385
434
448
103
440
384
400
360
187
401
448
426
113
423
402
411
164
443
474
405
204
390
421
418
446
229
398
476
446
146
439
399
479
160
398
384
367
126
449
422
410
107
390
392
426
433
246
430
438
462
224
445
484
464
181
449
431
450
179
443
434
473
169
452
480
422
443
171
390
437
419
150
439
422
436
115
388
406
449
193
448
385
479
416
180
457
512
431
180
380
445
392
176
378
425
427
172
452
432
467
124
385
437
439
471
215
401
386
445
157
443
419
464
112
447
482
468
124
455
391
448
449
203
351
395
397
151
436
444
426
148
383
415
379
160
442
436
482
132
384
402
435
379
240
380
403
402
162
441
442
416
176
445
434
415
109
447
465
448
125
441
427
456
445
245
371
454
401
122
390
418
455
200
433
412
450
174
464
487
427
448
202
425
438
426
140
454
443
482
164
440
415
489
167
435
473
453
149
441
445
463
468
189
443
421
448
143
437
472
411
137
450
436
483
131
436
449
436
466
197
401
409
434
170
434
466
475
152
438
417
469
181
391
459
454
122
390
405
373
432
117
384
428
466
147
444
451
452
168
448
465
445
139
444
396
459
471
237
409
432
398
125
483
478
483
220
451
437
456
154
400
410
391
147
398
435
488
433
189
443
438
462
161
398
431
451
179
449
424
411
134
439
382
405
424
134
457
479
529
157
459
438
437
180
455
493
505
154
437
424
474
140
446
466
442
384
197
419
427
427
168
412
388
464
119
445
415
428
186
424
445
411
172
438
414
441
431
230
227
468
441
327
500
430
445
154
450
429
408
114
451
413
455
430
210
428
440
450
142
439
449
441
152
442
466
418
145
446
424
432
160
448
370
461
399
168
446
418
452
182
452
388
490
129
382
390
479
161
396
433
425
449
225
414
422
412
153
403
447
429
114
402
437
474
125
403
425
428
161
390
448
454
407
235
423
448
434
105
905
958
926
442
445
491
479
231
414
407
391
184
452
391
475
425
192
461
387
468
164
441
463
447
153
442
461
424
179
424
442
470
460
170
447
443
401
159
448
421
474
109
446
440
476
124
431
418
476
139
392
438
401
443
224
460
420
476
132
441
474
410
163
437
454
461
142
428
455
470
401
222
409
381
385
141
448
440
446
172
447
433
468
160
442
450
450
167
378
394
456
458
182
446
424
419
206
420
427
446
178
456
468
452
125
448
416
471
134
441
487
432
422
205
411
436
465
184
451
487
416
165
417
398
413
139
393
365
480
447
181
437
417
478
156
448
426
469
136
446
442
496
165
448
418
462
123
451
418
463
416
223
386
436
447
182
446
421
485
159
438
431
402
121
442
409
453
388
266
401
503
484
150
437
400
393
137
440
379
459
119
440
405
456
118
427
460
447
454
124
391
423
488
142
440
414
489
178
452
442
480
171
447
444
401
414
187
454
456
417
173
446
434
432
152
388
381
429
184
457
374
417
99
429
387
401
513
257
406
472
456
131
379
466
419
156
438
452
436
194
397
447
435
128
442
483
474
445
228
398
421
419
150
447
442
450
166
434
412
469
138
397
390
435
493
193
413
443
390
130
452
453
481
185
397
403
421
195
425
416
434
152
432
400
466
471
485
212
295
436
449
439
397
475
251
163
404
456
416
420
474
485
487
231
397
430
418
153
428
420
432
154
446
417
463
122
449
387
428
128
440
436
465
453
185
453
464
429
109
444
381
435
184
399
446
460
134
433
413
495
135
439
421
481
435
214
383
426
469
142
447
481
457
171
442
457
399
142
442
461
416
396
195
398
365
467
139
428
443
412
189
402
492
471
196
395
455
416
146
439
425
417
437
223
452
443
429
125
438
448
421
137
386
410
405
140
447
388
424
410
205
444
360
506
123
442
475
457
170
395
391
410
129
438
390
407
140
441
422
445
328
496
214
434
432
132
433
407
476
153
385
432
484
175
436
409
424
410
196
406
478
390
170
397
420
466
128
387
436
393
142
445
420
478
125
434
463
438
469
216
395
433
409
194
402
432
450
159
453
380
485
182
401
426
462
163
387
427
441
458
170
397
356
466
119
450
428
437
156
440
448
451
122
450
453
468
463
174
399
438
949
481
407
499
507
200
445
458
390
137
459
379
384
120
446
400
445
472
215
428
431
403
169
386
422
466
177
459
385
362
118
390
427
412
456
166
450
478
421
138
391
390
431
131
447
404
475
155
447
418
480
123
396
415
444
377
123
401
383
445
227
445
430
429
188
404
414
476
139
400
404
435
421
205
430
441
398
118
391
418
409
125
420
424
397
141
417
440
406
124
415
438
418
466
108
414
364
382
147
416
428
445
181
452
443
419
101
415
398
379
170
433
406
451
370
118
415
404
417
104
417
396
451
169
455
416
412
163
383
455
420
401
195
450
421
423
173
444
427
455
185
450
439
418
135
392
413
461
111
406
457
427
454
236
422
467
450
147
442
389
435
146
399
374
468
221
391
375
438
422
237
422
396
411
158
448
433
477
178
443
441
406
127
450
400
505
146
444
444
404
437
169
389
423
409
113
390
404
446
187
407
407
387
131
393
435
471
453
189
409
374
388
120
399
363
404
117
444
400
453
148
446
379
457
137
390
387
367
362
178
435
400
433
136
446
414
415
161
395
367
478
146
431
397
445
138
453
395
386
424
158
385
413
482
167
391
404
444
158
450
423
462
182
452
484
407
415
171
435
437
442
106
439
422
468
160
435
400
414
179
438
445
416
161
437
398
435
481
220
407
405
403
150
439
412
470
142
446
471
427
149
435
405
456
448
188
448
374
481
127
446
432
453
107
434
402
454
166
393
436
488
119
443
408
459
473
242
424
433
419
133
434
445
411
159
417
446
430
157
446
434
482
157
430
471
470
485
229
406
443
426
134
452
389
428
137
439
414
474
137
447
412
441
428
173
390
388
402
118
450
417
462
120
439
366
418
160
445
447
432
126
442
411
398
421
234
445
346
453
130
443
418
445
183
446
462
467
193
389
440
498
465
123
394
476
447
170
447
411
430
163
444
394
432
179
397
453
429
125
421
262
420
432
283
494
481
493
159
398
443
415
163
428
466
408
150
443
439
434
112
407
365
457
403
184
367
460
430
150
401
473
419
191
401
412
396
389
188
405
399
456
130
444
434
479
177
426
442
417
196
449
457
446
137
385
403
454
192
447
391
441
438
234
409
412
371
162
383
448
452
124
445
421
467
134
426
489
442
498
129
900
891
946
380
461
472
485
162
417
449
433
177
395
429
459
154
385
425
393
455
216
392
504
481
174
444
419
451
121
414
469
435
114
417
458
435
441
167
434
446
443
173
415
431
455
154
412
428
497
185
418
421
397
145
367
432
437
494
110
406
461
489
197
425
409
478
139
414
478
430
113
413
429
486
406
201
427
413
454
129
416
407
455
201
413
487
492
146
438
414
440
141
428
457
440
407
195
417
463
435
129
449
390
484
175
447
414
444
172
452
432
432
158
455
399
416
445
188
399
387
365
115
449
430
430
166
408
395
485
185
464
397
477
487
180
409
436
443
122
431
470
401
138
452
482
422
174
368
459
457
135
442
420
454
447
202
420
471
454
154
443
461
405
189
379
410
466
150
390
434
404
452
226
449
434
441
204
485
464
452
135
382
413
429
165
448
420
444
138
448
441
412
399
188
385
444
439
174
444
478
491
107
441
418
385
177
437
436
445
210
428
419
466
415
190
446
425
375
175
446
429
391
180
445
432
421
137
443
427
452
452
207
364
370
393
129
445
385
432
179
392
415
406
163
455
457
474
193
393
428
468
450
208
414
439
435
168
453
368
413
133
400
402
407
188
406
390
474
400
113
383
423
447
187
424
456
435
165
445
416
410
136
449
433
473
169
445
417
433
448
233
424
411
438
137
444
420
459
187
448
425
476
179
384
444
420
140
388
359
462
418
193
350
418
468
164
448
420
392
124
441
438
489
160
353
382
369
400
187
411
445
425
157
445
423
414
155
419
382
454
132
377
479
430
148
450
384
423
442
218
397
434
417
129
439
401
444
124
441
388
432
190
426
438
422
506
208
416
385
418
120
427
415
434
154
390
436
484
123
442
454
474
188
402
443
481
468
196
451
400
455
148
452
464
433
164
451
448
419
180
438
402
413
400
195
391
464
457
139
456
498
455
136
441
431
484
180
452
437
492
322
499
425
400
397
434
480
428
461
224
388
389
452
139
440
443
418
160
388
462
429
166
387
440
469
424
211
388
429
429
173
390
424
469
130
397
441
416
136
434
437
467
458
218
420
406
373
166
452
431
460
105
449
484
477
133
446
435
459
162
445
409
451
399
220
433
438
459
134
410
453
423
164
457
396
438
139
456
432
472
1044
588
431
478
458
150
457
392
461
163
445
438
431
137
388
451
432
126
426
475
461
442
276
446
448
521
175
388
430
462
124
442
447
451
169
400
449
494
462
250
434
360
422
119
389
478
455
193
397
447
384
127
438
399
430
131
445
402
403
434
212
415
473
426
161
444
450
428
181
418
442
410
158
447
455
437
123
440
