2332
2939
3044
3033
2052
2221
2380
2473
1494
3094
2107
1525
1957
2427
1480
1597
2384
2293
2422
2769
2767
1790
1920
2017
3033
2091
2167
2206
3078
2878
3001
2944
2397
3121
2236
2352
2200
2889
2369
1533
3383
2614
2896
2979
3432
2733
2464
2878
1878
2532
2034
2625
2666
1655
2018
1615
2214
2070
2097
1305
1248
1256
1795
2103
2095
2052
1913
1877
2694
1947
1763
2409
1804
2228
2134
2290
2031
2755
2766
2721
2693
2630
1626
3305
2305
2374
1948
1843
2179
2801
1803
2397
2775
2954
1948
1869
2266
2326
2340
2056
1898
1115
1916
1358
1401
2896
2350
2742
2257
1672
1469
1439
1393
1399
1832
1431
1491
1787
2631
2801
2879
2449
1809
1428
2113
1858
2163
1399
1385
1298
1968
1459
1394
1308
1898
2157
2009
2557
1553
2217
2160
2492
2022
2182
2319
1538
1816
2813
2344
2111
1411
2048
2071
2147
1467
1270
1249
1572
2161
2144
2387
1467
1670
1860
1840
1912
2158
2160
1160
1381
1416
1114
1214
1331
1133
1040
1341
1439
1525
1716
1334
1472
1221
1401
1469
1637
1416
1849
1349
1469
1457
1289
1838
2212
2110
2141
1276
1374
1455
1408
1340
1422
1238
1357
1407
1827
1607
1444
1917
1917
1502
1970
1334
2112
1466
1095
1553
1387
1233
1725
1456
2750
2806
2475
1715
1660
2327
1850
2061
1598
1672
1944
2305
2094
1505
1445
2165
2025
1240
1356
2178
1939
1508
2164
1944
2092
2127
1470
1471
1383
1690
1531
1356
1764
1734
2169
1887
1646
2263
1921
1773
1487
1287
1862
1524
2377
1949
2520
2871
2753
2825
1822
2365
2677
2275
2147
1148
1577
2626
2439
1890
1138
1630
1342
1411
1729
1463
1567
1451
1324
2096
1424
1353
2099
1868
2679
2908
1906
1738
2499
2244
2081
1525
1721
2402
2535
1938
1463
1979
2068
2287
1541
2063
1149
1497
1726
1929
2373
1936
2626
2229
1736
1873
2004
2289
1288
1399
2277
1601
1739
1545
1699
1848
2631
2595
2480
2611
2353
2258
2063
2586
2400
1753
3011
2010
1401
2131
2290
1542
2445
1928
1327
2319
2371
1743
1804
1426
2713
2775
2768
1764
2314
1757
1720
1826
1997
1587
1592
1582
1784
2492
2016
2808
2731
2265
1868
2055
1941
1841
1969
2060
1134
2261
1808
1462
2052
2296
1789
1149
1477
1716
2582
2419
2148
1742
1285
1865
2211
2218
1376
1400
2826
1831
2297
2280
2494
2107
2185
1887
2308
2110
2947
2140
2298
1646
2480
2269
2662
2198
1571
1873
2410
2717
2167
1628
1255
1995
2375
1766
2406
1893
2122
1481
1841
2824
1844
1651
1841
2227
1976
2226
1435
2065
1493
1793
1570
2164
1578
1429
1473
1341
1424
1354
1375
1302
1540
3088
2073
1784
1126
2002
2156
1239
1300
2147
2181
2044
1212
1374
1414
1981
1076
1382
2193
1915
1733
1803
1975
1346
1394
1657
1455
2102
2108
2452
1454
1768
1441
1275
1441
1625
1490
2300
2371
1375
1942
1309
2447
1445
1573
1514
1825
1930
1485
1742
1299
1353
1476
1322
1728
1281
1334
1290
1348
1379
1328
1326
1888
2177
2438
2554
2570
2302
1913
1475
2524
2608
2328
1993
2544
1828
2053
1541
2430
1672
1560
1949
2282
1768
1842
1825
2077
1968
2750
1754
2110
1677
1826
2186
2423
2436
3311
2318
1916
1274
1618
2250
2216
1607
1647
1595
1754
1732
1994
2963
2198
2324
2439
2485
1947
1413
1837
2890
1890
2953
2484
2458
2591
1589
1706
2033
2514
1930
2342
2537
2081
1585
1969
2661
1664
1932
1755
1864
2509
2484
2122
2608
1810
2165
2769
1772
1611
2578
3775
2776
2328
2748
1746
1550
1952
2300
1896
1360
2017
2747
1750
1795
2428
1839
1735
2324
2141
2283
1705
1805
2547
2383
2005
1383
1657
1762
1924
1771
1899
1928
2450
2437
1436
1171
1480
1915
1358
1590
1936
2225
1812
1409
2411
1823
1543
2713
2337
1387
1479
1930
1921
2139
2164
1403
1404
1457
2222
1950
1039
1379
2001
1970
1192
1377
2156
2159
2044
1272
1812
1734
1744
1947
2121
2245
1480
1658
1808
1957
2250
2016
1922
1289
1378
1257
1530
1579
1480
1797
1891
1824
2153
2067
2380
2846
2218
1441
1471
1468
1426
1515
1967
2330
2222
2266
1868
2048
2280
2314
1753
1887
1936
1728
1848
2358
2272
1545
1391
2078
2154
2158
1970
1394
1469
1965
1962
2348
1351
2263
2111
1900
2097
2300
1407
1698
1874
2080
1852
1994
1291
2157
1445
2401
1397
1913
2040
1559
1991
1208
1571
1391
2176
2874
1893
2187
1930
1987
1449
1689
1765
2356
1359
2846
2467
1750
2291
2416
2837
2764
1768
2085
2741
2367
1794
1988
1411
1517
2130
2545
1701
2650
2294
2575
1573
2138
2192
2012
1159
1622
1966
2519
2313
1378
1388
1261
1497
1438
1582
1403
1446
2322
1506
1654
1582
1531
2109
1607
1724
1698
2411
1469
2119
1591
1439
2137
2139
1427
1993
3328
2323
2031
1945
2244
2166
1299
1513
2004
1916
2019
1988
2101
2242
1607
1293
1475
1704
1463
1404
2192
1126
2056
2219
1255
1686
1878
1750
2261
2297
2456
2345
2253
1733
1776
2066
1389
2425
1701
1798
2234
2238
2241
2636
1639
1521
1953
1932
2289
2783
1789
1538
1783
2365
2898
1902
1724
1733
3000
2428
2332
2246
2493
1496
2038
2032
2431
2034
2033
1391
2105
2581
2407
1408
2049
1912
2071
1281
1238
1371
2104
2360
1362
1256
1546
1960
1991
2582
1577
1404
1725
1773
1757
1551
1969
1707
2407
1783
1362
2111
2106
2115
2328
1742
1730
1623
2029
2610
2580
2197
1631
2136
2276
1276
2813
2047
1448
1493
1987
1604
1637
2095
2515
1515
2080
2642
2915
2491
1935
2328
2269
2123
2147
1820
2818
2205
2727
2175
3034
2242
2229
2756
1759
1849
2889
2605
1806
2238
1738
2455
2255
2306
1876
1861
2704
2405
1563
1882
2234
2318
2211
2143
1486
1837
1961
2171
1301
1513
2420
1939
2723
1723
2104
2135
1248
1581
1142
2058
2143
2608
3122
2890
2362
2419
1997
3056
2061
2894
2633
2162
1877
1584
3028
2599
2540
2251
2188
2033
3585
2585
2680
2924
2622
2542
2957
2920
1920
2318
2326
2759
3059
2060
2501
1501
2134
2045
1682
1757
2655
1653
661
894
1599
1136
2104
1636
640
1726
1193
1812
1926
924
1035
1954
1401
873
2217
2058
1844
2340
1796
2505
3086
2090
1752
1666
1590
1718
1651
1445
1390
1794
2338
2590
2600
2555
1983
2460
2284
2687
2383
2426
2877
1876
1705
2103
2155
2084
2612
2798
2070
2098
1710
1928
1678
2164
2263
2667
2092
2162
2166
2157
3227
2700
2805
2288
2952
2837
1840
2258
1648
2004
2313
2137
2164
1282
1459
1717
1496
2018
1902
1272
1227
1450
2084
2053
1447
2285
1394
2660
2785
2233
1230
1145
1826
2526
1527
1461
1737
1361
1531
1516
1702
1493
2553
2787
1787
1732
2213
1926
1361
2418
1698
2201
2539
1897
2543
2769
2736
2172
2133
1551
2262
1741
2744
2812
1816
1529
1733
2240
2111
1109
1123
1331
1805
1792
1846
1804
2228
2386
2413
1433
2033
1645
1400
1443
1743
1308
1869
1840
1251
1901
1988
2255
1253
1051
1232
1259
1683
1444
1396
1530
1999
2077
1812
1226
1468
1461
1455
1503
1442
1685
1442
1235
1568
1780
1393
1372
1395
2236
2711
1707
1193
1415
1396
1459
2102
2154
1435
2294
1509
1996
2241
2291
2533
1531
2108
2325
2570
1569
2175
1946
2616
2737
2650
1854
2845
2331
1610
2644
1645
2037
1418
1824
2896
2986
1991
1882
2392
1794
2144
2363
2757
1758
1547
1826
2147
2227
1463
2059
1930
2498
1497
1472
1396
1779
2242
2343
1494
1211
1730
1197
1544
1355
1458
1720
1325
1787
1501
1450
1714
1537
2056
2098
1531
2393
1795
1456
1934
2035
2726
2280
1650
2299
2225
1885
2117
1879
1820
1527
2175
2188
2765
2384
2457
2310
1749
1857
2349
2288
3440
2437
2295
2077
2366
1517
1540
1757
2112
2197
2665
2458
2446
2278
1279
1593
2976
1764
3000
2975
1978
1309
2466
1740
2109
2364
2081
1961
1712
2146
2319
1320
1508
2130
2358
1358
1320
2021
1425
1946
2404
1404
1645
1348
1390
2234
2116
1116
1965
1477
1553
1622
1512
1449
1494
2130
1826
1197
1838
991
1686
1574
2274
2329
2148
1488
1848
2103
1408
1363
2366
1770
2380
2272
1530
1963
1341
2125
1862
1334
2135
2156
1305
1492
1465
1312
1220
1063
1270
1496
1517
1359
1791
1530
2095
1417
2612
2377
2416
2249
1248
1305
1256
1327
1522
2314
2043
1362
1225
1360
1326
2297
2761
2449
2546
1848
2448
1887
2212
1838
1573
1768
1676
2132
1533
1376
1403
1142
1268
1875
2007
1445
1213
1082
1093
2274
2246
1741
2325
1464
1444
956
1413
1325
2091
2437
1546
1266
1342
1964
1637
1921
1990
3005
2320
2448
3374
2374
2266
1849
1711
2187
2467
2638
2641
2141
1720
2277
1760
2088
2245
2550
2425
2011
2008
1402
2444
1813
2312
2537
2624
2474
1476
2301
2079
1464
2165
1463
2286
2514
2304
1878
1368
1952
2139
1849
1945
2212
1614
2455
2232
1228
1907
1326
2770
2118
2287
2047
2501
2237
2906
3105
2104
1766
1883
2256
2875
1873
1292
2224
1552
2254
1900
2885
2441
1442
1613
2379
2702
2510
1512
1754
1452
1462
1640
2051
1879
1513
1677
1429
1759
1572
1494
1450
1465
1498
1532
1828
1745
1464
1538
1855
1739
1603
1765
1877
2550
2829
3099
2082
2623
1619
1930
1295
2657
2330
1512
2313
2267
2621
1622
2408
1759
2706
2730
1731
1714
1839
2017
1426
1572
2116
3619
2620
2495
3032
2030
1596
2174
2686
2604
2304
1672
1673
1779
1685
1721
2617
1977
2358
2910
2331
2465
2325
2398
2229
1704
1997
2361
1691
2570
1565
2444
2115
2616
2037
1968
2919
1920
1806
1750
1752
1469
1336
2279
1975
2723
2194
1816
1705
2566
3171
2176
1940
2294
1604
2826
2738
1739
1496
1911
1340
1775
1488
1409
1194
1603
1388
1424
1888
1981
2475
2223
2272
1530
1501
1416
1347
1528
1222
1597
1430
1876
1550
1296
2297
1307
1235
1149
1109
1835
1612
1714
1533
1422
984
1187
1347
1837
1797
1377
1491
1356
1582
1726
1845
1156
1782
1761
2895
2114
1458
1120
1457
1432
1760
1381
1659
1804
1732
1911
1672
1977
2393
1935
1414
1370
1496
1819
1891
2024
2221
2190
3269
2725
2688
2796
2495
2529
2765
2779
1957
2303
1762
1961
1830
2683
2161
1917
2537
1982
2826
1825
1643
1933
2399
1777
1716
2843
2575
2194
2008
3160
2161
2432
2359
2668
1669
2246
2007
1841
1886
1763
2208
2918
1920
1890
2168
2998
1995
1395
2845
2313
2288
1891
1334
2155
2211
2237
2890
2761
1762
2814
1813
1710
2648
2084
2182
2215
2549
2432
1432
2243
2344
1760
2510
1513
2304
2601
1571
3003
2344
1773
1838
1754
2169
2737
2836
2244
2769
2286
2685
2169
1668
2643
2442
2793
2456
1949
1883
1825
1988
1777
2712
2226
3098
2604
1608
1973
2373
2499
2489
2368
1751
1972
1548
1951
1546
2138
2142
1881
1738
1811
1248
1626
2558
1985
1998
2230
2318
1645
2442
2894
1862
2100
2225
2554
2346
3248
2248
2633
2500
1527
2034
2218
2206
1395
2293
2136
2053
2137
1257
1433
1812
2124
2085
2138
1397
1542
1921
2280
2251
1463
1356
2134
1846
2088
1191
1407
1521
2017
2088
2246
1739
1518
1570
1504
1506
1834
1985
2417
1540
2170
2325
2119
1317
2555
1554
1740
2258
1949
2708
1709
1724
1622
2156
2308
2440
1454
2363
2527
1548
1520
1370
1844
2089
2134
2388
2341
2082
1325
1462
1456
2219
1795
2079
2408
1411
1550
1522
1945
1907
2301
2417
1413
2368
1703
2457
1965
2173
2581
2766
2532
2146
2062
2051
1969
2000
2378
2587
2828
1828
1714
2380
1821
2265
1992
2276
1519
1262
1909
1918
1511
2221
2187
1439
1464
1540
1259
1595
1815
1857
1522
1579
1468
1520
1785
1793
1426
1512
1405
1469
1795
1403
1353
1823
2448
2418
2323
1844
2068
2371
1731
2386
2614
1657
1643
1775
2879
2945
2426
2988
2582
1574
1548
1535
1759
1721
2903
2799
1793
2538
2127
1549
1786
1831
2033
2247
2572
2228
1646
2533
2471
3322
2725
1738
2423
1898
2228
1830
2599
1822
2185
1945
2691
2359
1879
2304
2778
2697
2117
1317
1193
1988
2203
2226
1495
1321
1304
1452
1382
1290
2171
2337
1359
1755
1522
1566
1399
1263
1487
1819
2227
2232
1249
1266
1876
1528
1344
1554
2082
2734
1728
1565
1512
1390
1576
2138
2186
2656
1676
1311
1257
2346
2428
1425
1259
1463
2467
2417
2382
1383
1269
1989
2419
2204
1494
1149
1628
1570
1294
1505
1570
2306
2249
1867
1429
1679
1565
1377
1440
2470
2352
1524
1528
1407
1454
1944
1596
2205
1614
1581
1581
2153
1855
1751
2598
1998
2481
2787
2275
1785
1654
1980
1904
1820
2693
3425
2430
2930
2216
2458
1460
2157
2216
2674
2513
1923
2352
1815
2619
2191
1711
1673
2152
2662
2894
1881
1862
1785
2093
2624
2577
1957
2156
2119
1975
2737
3082
2083
1507
1594
2061
2358
2775
1739
1642
1800
2084
1086
1818
2056
2364
1989
1459
954
1523
2172
2389
2061
1835
2537
2038
1369
1298
1474
2099
1938
2241
1348
1524
1888
2463
1938
1596
2108
2168
1436
1872
1688
1653
1986
2042
1834
1413
1868
2013
2108
1291
1460
1540
1702
2072
1552
2276
1856
1335
1782
1623
1843
1893
1907
2086
2245
1247
1687
1840
2665
1645
1181
1656
1410
1993
2284
1316
1651
2375
1760
2067
2371
1803
1837
2591
2677
2437
2314
1769
2774
2578
1582
1200
1361
1354
1783
2208
2674
1707
1656
2624
2321
1856
1884
2536
1835
2984
2035
1966
2455
2876
2045
1584
1388
1899
2397
1783
1919
2214
2317
1702
2228
2072
2276
1960
1425
1639
2217
2343
1546
1801
1526
1405
1802
1459
1539
1569
1324
1363
1275
1544
1454
1915
1857
2367
2276
1521
1419
1584
2161
1419
2718
2749
1770
2158
2207
2820
2409
2359
2155
2160
2244
1548
1172
1977
1881
2065
1503
1940
1602
1616
1998
1199
2143
1483
1920
1503
1818
1882
1749
1472
1554
1349
1525
1536
1172
1488
1490
1410
1398
1412
1453
1859
1632
1653
1982
1996
1865
1362
1890
1513
1408
1332
2520
2794
1799
1902
2173
2736
2910
1895
1992
1829
1963
2083
1916
1436
1273
1762
1575
1365
1443
2466
2672
1675
1833
1206
1413
2081
2655
2278
1594
1914
1818
1678
2873
1849
1180
2047
1580
1224
1204
1860
1692
1534
1941
1490
1298
706
1391
2778
2016
1862
1587
1161
1159
2037
2107
1757
1830
2461
2706
2330
2748
2184
2204
3016
2220
2427
1936
2265
1387
1869
1526
1242
1609
1749
1349
1861
2217
2057
1081
1320
1456
1554
1850
1509
1838
2115
2244
2309
3364
2356
2840
2242
2081
2373
2585
2743
3140
2108
2088
2357
2126
2086
2305
1947
2979
3315
2319
1923
2149
3380
2392
2627
2531
3199
2197
2458
2621
1622
1914
1453
1459
2133
1776
2510
2048
1223
1473
1564
1568
2122
1526
2009
2140
1300
1511
2128
1937
1939
2590
1591
1617
1226
1557
2094
3001
2007
1953
1890
2237
2364
2239
2109
1121
1395
1595
2321
1471
1734
1369
1846
1567
2057
1887
2419
2588
1587
2347
1519
1337
2211
2106
2216
1580
1422
1437
1725
1534
2231
2115
2268
1511
1445
1353
1553
2140
2800
2769
1940
2385
2539
2075
1923
2538
2220
1791
1873
1502
1348
1578
1996
2302
3198
2200
2220
2526
1524
1593
2256
2094
1920
2119
1302
2432
2099
1198
1752
1675
1374
1203
1823
1567
1658
1654
2445
1831
1808
1373
1979
2096
2043
2938
2929
2881
2773
2195
2940
1955
2635
2365
2100
1841
1418
1965
2720
2614
1616
2030
1290
1714
3232
2249
3462
4392
4030
3055
2022
3053
2466
2588
2900
3161
2396
2642
3105
2104
3789
2784
1768
2185
2411
3098
2101
2648
2781
1830
2564
2954
3346
2347
2658
1808
810
2608
1606
2163
1172
2178
1182
1411
3346
2346
1377
1915
902
1475
1973
2430
1435
1638
639
1165
1202
3261
2276
1259
3010
1987
2306
2424
2510
2827
1994
1996
2254
2526
2487
1473
2515
2878
2716
1717
3499
2501
2501
2424
1427
2832
2708
1744
2914
1914
2359
3067
3591
2589
3608
2611
2522
2789
3098
2095
1732
1887
2008
2699
2986
2012
1942
2948
1950
3240
3394
2383
2223
2388
2853
2915
3044
2044
2136
2840
3097
2905
3038
3040
2039
2095
1872
1963
2027
2967
3595
2900
2614
2574
2671
2234
2829
1845
2431
2976
2603
3222
3045
2045
2251
2575
2071
2357
2504
2321
2440
3782
3935
2929
1934
1869
1796
2531
1942
2899
3049
3242
2035
1843
3442
2924
1925
1804
2487
2338
2257
1550
2564
2253
2001
2064
2021
1142
1396
1898
2115
1963
1965
2407
2648
2093
1471
1504
1329
1884
1778
1620
2005
2089
1255
2096
2473
1998
1391
1534
2086
2008
2815
2212
1369
1364
1799
1844
2727
2803
3256
2277
2405
2281
2322
2302
2723
2219
3678
2676
1678
2706
2598
2771
1618
1712
2399
2751
2693
2741
2836
2563
2763
2214
2043
2224
2313
1317
2248
2035
3793
2791
3300
2929
2869
3058
2951
3619
2641
1626
2657
1948
3070
2063
2627
2843
2589
2696
1699
1639
1545
2164
3268
2311
2674
2272
2253
2298
2912
2782
1786
2696
2226
2588
3356
2354
2599
2868
1870
2684
2870
3487
2828
3292
3148
2153
2944
2861
1822
1462
1465
1501
1491
2230
1688
2398
2422
1846
2196
2299
1484
1312
1352
1491
2337
2193
1192
1293
1481
2042
2480
1491
1482
1759
2084
3304
4144
2970
4484
3470
2485
1487
3285
3427
1792
2417
3529
2580
1619
2916
1935
2431
1433
1510
1888
1774
1837
2038
2262
2219
2549
2627
2971
1970
2511
3071
2073
2455
2131
2679
3036
2075
3096
4110
3115
2099
2097
2095
2242
2251
2286
1302
1306
1893
2124
3378
2362
1392
2475
1481
2838
1874
2140
2082
2008
1846
2577
2493
4049
2813
2021
1995
3552
2973
1972
1901
3133
3518
2521
2929
1963
2501
2594
2650
3528
2545
2398
2674
2109
2250
2739
2519
3388
3498
2495
2560
3595
3610
2633
2641
2499
2818
3167
2168
2338
3143
2645
2915
3204
2168
1200
1892
2023
2126
2300
2209
3418
3269
2237
2085
2342
2264
2461
3523
2486
2449
2200
2321
2309
2948
2032
2601
2724
2633
1659
2117
2224
2056
3475
2474
2623
2702
2860
2725
1743
1921
3529
2530
2889
3581
2580
3140
3242
2244
2345
2207
2007
2224
1992
3036
3170
3091
2700
1899
3010
3001
1986
3077
2072
2339
3396
2364
2512
2189
2769
2102
2737
1722
2575
3585
2601
1585
1554
2562
1586
2621
2606
2585
3527
3194
3340
2372
2384
2013
2401
2206
2114
2271
3416
2389
1874
2016
2716
1756
2195
2706
2721
3618
2606
2749
3101
2120
2726
3049
2565
2450
2641
2826
1830
1817
1817
1814
1891
2473
2157
2382
1418
2235
2465
2668
2803
2227
3555
2537
2708
2347
3161
2577
3236
2249
2290
2471
2716
2819
2284
1401
1805
1960
2486
2551
2045
2017
2149
1534
1414
1252
2077
2161
2223
2038
1185
1919
2131
2384
1403
1469
2106
1801
2682
2218
1368
2301
2050
2097
1322
1763
1567
1529
1846
2041
2535
1548
1523
1614
2267
2145
2269
1438
1774
1625
2059
2193
2004
2231
1481
1999
2429
1446
2259
2068
2194
1284
1406
1364
2020
2182
2155
1255
1528
1542
1749
1539
1786
2188
2090
1364
1487
1529
1998
2445
1819
1894
2242
1991
1787
2119
2191
2308
1311
2107
2061
2295
1450
1802
1634
2247
1575
1600
2093
2077
2227
1478
2220
2366
1356
1481
1461
1829
1551
2178
2339
2490
1546
1596
1815
2597
1594
2605
2032
1490
1923
2224
2157
1898
1576
2739
2787
1757
2238
2207
2305
2180
2388
3185
2972
2867
2433
2137
1736
1707
2375
1624
1497
1499
2786
1788
2779
1776
1860
2170
2243
2141
2145
2386
2755
1733
2056
1549
2090
2261
1250
1926
2445
1860
2397
2769
2740
2581
1978
1829
2192
2175
2334
1663
1229
1902
1724
1771
1381
1306
1590
2252
2762
1764
1480
1536
2287
1423
1236
1398
2562
2772
2295
2243
3155
2765
3020
2001
3398
2409
2051
1630
1834
2158
2736
1718
1872
2911
1927
1702
2368
2641
3071
2072
1846
3542
2539
3217
2218
3384
2385
1386
2470
2632
2526
3134
2133
1471
2474
2275
1243
2457
2045
2021
2244
1973
1945
2684
2855
2770
2569
2510
3407
3412
2429
2214
2154
2016
2356
2489
2345
2277
2431
2265
3116
2116
2004
2426
2282
2326
1325
2098
1978
2108
2512
3558
2561
1563
2112
2235
2626
2284
3313
2312
2702
2224
2607
2722
1692
2662
2962
1948
2020
2075
2279
2481
2489
2344
2222
2043
2908
1886
2179
2517
1878
2107
1345
1133
1714
1209
1807
1208
2043
1302
1692
1606
1222
1422
1234
1236
1623
1072
1103
1426
1466
1751
2858
2278
2301
2569
1555
2039
1432
3270
2284
1507
2522
2381
3166
2659
3068
2037
3072
2570
2453
2370
2310
2614
1616
2785
2193
2436
2339
1340
2871
1870
2422
2250
1912
1680
2519
2696
2927
1927
1772
2366
1174
1126
1911
1870
2310
2164
2501
2544
1573
1678
2667
2133
2461
2433
2407
1854
2088
1831
3068
2068
2123
1530
2293
2221
1582
2012
2281
1742
2439
1837
3097
2628
1834
2249
2865
2769
2416
3711
2712
1657
1697
2078
1887
1737
2296
1848
2279
3437
2408
2389
2567
2372
1940
2392
1706
2654
1656
1718
1911
2631
2640
2856
2255
1423
1788
1839
2019
1485
1296
1752
2761
1761
2412
2135
2601
3027
2709
3109
2093
1850
3026
2027
2130
2421
2481
2256
2076
2482
2374
3529
2597
2857
2989
1817
1740
1764
2229
1732
2988
2541
1965
1700
1798
2645
2601
2527
2689
2546
2442
2933
1846
3662
3218
2761
2324
1871
1430
2414
1972
2019
2454
3273
2797
2363
2417
1937
1939
1826
1815
2818
2373
2436
1989
2237
2223
2440
1441
1428
3149
2149
2315
2396
1833
2577
2489
1932
2701
2076
1385
2265
2008
1960
2154
1942
2653
1896
1510
1521
1685
1534
1579
2826
2777
3218
2910
3339
2375
2331
2512
1893
2449
2360
2481
2482
1483
2329
2488
2333
2465
2297
2509
2631
2406
1440
1592
1583
2082
1249
2415
2499
2215
2190
1863
2181
3661
2661
1662
1636
2329
2152
1964
2910
2456
2507
2448
2340
1991
3449
2450
1823
3003
2038
2918
1932
2695
2619
1621
2937
2167
2941
3530
2525
1784
1520
2278
2230
2715
2618
2766
2769
1771
2905
2953
3481
2483
2431
2262
1888
2316
2011
2919
2595
2759
2566
3187
2218
3087
2963
2607
2930
3486
2490
3334
2357
2499
2420
2106
1489
2243
2388
2330
2264
3250
2220
2521
1978
2636
2783
2587
2553
2506
2244
2218
2408
2580
2034
2248
2389
2220
2820
1991
2005
2266
2365
1779
1899
2039
1627
1748
2394
2326
2431
2178
2003
1734
2268
3025
2986
1971
2655
2539
1541
1859
2406
1819
1988
2406
2373
2400
1818
1581
1877
1966
3033
2986
2005
3277
2294
2296
2479
2910
2545
2115
1909
2298
2258
2008
1185
1301
1685
2060
2254
1276
1943
2053
2052
1509
1892
1816
1733
2003
1467
2113
2377
1603
1443
1497
1477
2556
2373
1689
1469
1754
1893
2089
1990
1949
1550
1314
1568
2243
1531
2454
1452
1537
1594
1260
1952
2041
1418
1523
2375
2261
2011
1504
1755
2182
2110
1519
1757
1633
2164
1555
2264
2523
1526
2278
1877
2373
2156
2428
2193
1331
1329
2308
2293
1841
1960
1831
1515
1279
2259
2160
2621
1791
2002
2227
1351
2235
1947
2267
2602
2507
2164
1580
2132
3814
2782
2752
2264
1819
2166
2181
1824
2298
2166
2190
2402
2272
3012
2003
1835
2670
2592
2405
2800
2713
2866
1884
1865
3543
2556
2794
1791
1885
2013
2043
2310
2420
2572
2464
3065
2103
2106
2758
2894
3342
2343
2461
2253
2143
2369
2241
2930
3050
2654
2113
2112
2978
1984
1850
2315
2943
1960
2114
2518
2591
2927
2656
2880
1958
1737
2230
1620
1678
1381
1741
2431
2227
2258
2246
2377
2429
2612
2488
2598
2625
2745
2772
2606
1606
1620
1551
2727
2127
3229
2227
2185
1953
3169
2351
2512
2195
2211
1666
2816
2715
2829
2993
1960
2041
2883
2654
2488
1974
2948
2938
2736
1904
2882
1887
3398
2400
2345
2388
2575
2471
2211
3221
2220
2082
2215
2353
1996
2513
2813
1780
2757
1757
3265
3061
2098
2935
2811
2347
2245
2119
2140
2001
2171
2451
2460
2860
2560
2745
2740
2834
1798
2065
2488
2228
2420
2385
2229
2272
3017
2578
2881
3512
2495
1972
2787
3106
2806
2941
1972
3243
2242
2452
1533
2447
1881
2319
1548
1375
2629
2808
1809
2726
4318
3318
2285
2708
1744
2023
2315
2439
2629
2297
1875
2577
1626
1813
1343
2260
2032
3918
2917
2993
3246
2087
2491
2583
2382
2413
1411
4028
3027
2533
2592
2063
1968
2525
2806
3158
2156
1498
2534
2780
3164
2164
2129
2200
1719
1965
1594
1935
2821
2934
1933
1880
1982
2056
3605
2579
2607
2872
2785
1845
2108
2282
2810
3199
2221
1632
3093
2061
1095
1633
2713
2487
1987
2340
2864
1864
2277
1314
2350
2327
2197
2725
3094
3346
3471
2494
2784
2710
1683
1659
2247
2757
2627
1629
2264
2884
3412
2373
2532
2744
2620
1622
2251
3062
2035
2309
2538
1538
2270
2787
2745
1745
2421
2330
3172
2345
3006
3546
2553
2646
2545
2642
1661
1986
1682
2333
1605
1669
2432
1814
2337
2847
1845
2673
2931
2947
1950
2564
2576
2674
2469
2919
2795
1797
1729
2277
2188
3004
2804
3314
2313
2068
1463
1722
1923
1879
1387
3394
2412
2353
1355
1831
1279
2650
4714
3715
2713
2595
2671
2680
1677
1567
1975
4050
3048
2075
2495
2821
1802
1877
2004
2390
2203
2215
2243
2632
2711
2702
2732
2618
3060
2062
2217
3045
2941
3149
3446
2449
1873
3307
2307
3129
3022
2036
2199
2259
2069
2371
2917
2856
2690
2320
2325
2206
3185
3096
2095
3049
2079
1936
2185
1857
1801
2148
1776
2800
2721
1705
2890
1937
2713
1748
2949
2958
1958
1869
2950
1935
2819
2020
1992
1925
2315
2383
1767
2449
1465
2048
3033
2862
2852
1854
2026
2391
2630
2542
2390
2655
2501
1528
1931
2196
2230
2618
1960
3571
3151
2151
2022
2091
2307
2061
2449
2254
2905
2823
2952
1952
2725
2612
2623
2153
2084
2995
1994
1827
2191
2695
2138
2909
1910
1779
2915
3509
2923
2318
1698
2340
2542
2326
1983
1706
2596
2319
2593
2047
1602
1511
2287
1538
1284
1374
1430
1965
2119
2091
1506
1586
2225
1319
1971
1466
1540
1514
1606
2178
2030
1202
1609
1685
1268
1137
1526
2089
2416
2061
2594
2726
2477
2439
1751
1518
1689
1667
2111
2282
2039
1608
1830
1961
1360
2120
2061
2693
1693
1764
1433
1480
1940
2002
2659
1732
1332
1593
2319
2023
2185
1241
1498
1426
1538
2072
3061
2046
2313
2475
1473
2557
2232
1716
2470
2565
1558
3054
2505
1504
2110
2245
1634
2084
1388
1930
1895
3442
2610
2599
1934
2675
2524
2649
2740
2461
2113
2119
2368
2649
2959
2782
3196
2598
3356
2355
2464
2933
2528
2779
2779
2730
3424
2421
3097
2100
4253
3239
3533
2736
2341
3430
2416
4102
3105
2104
1903
936
1460
1441
989
940
1800
1307
2318
1931
1916
2264
1899
1793
2162
1816
1463
2561
2760
2219
2327
1327
1964
2875
3375
2379
2638
2744
2669
1665
1718
1856
2106
1622
3217
2641
1647
2675
2583
1993
2414
3089
3101
2876
1874
2161
2337
1801
3204
2215
2261
2476
3012
2856
1682
1794
2761
2485
2276
2926
1925
2596
2839
2224
1561
2314
2202
2311
2176
2502
1531
2206
1482
2263
2249
2025
1745
1883
2122
2648
2078
3108
3153
2176
2067
1805
1898
1740
1796
1780
2365
1919
2810
2309
2076
2815
2209
2066
2464
1726
1280
1574
1789
2381
2172
2227
1543
2679
2472
1472
1779
2287
2187
1930
2692
2237
1906
1470
2747
2622
2594
1575
1482
1904
1941
2042
1442
2062
2104
2474
2686
2623
2052
1802
1990
2324
2047
1329
1123
1579
1369
1892
2172
1505
2585
1570
2234
1463
1483
1861
2118
2302
2255
1552
2702
1701
2255
2181
2598
1611
2192
2075
2040
2519
2125
3405
2407
1803
2193
2241
2874
2417
1416
2176
2716
2167
1880
933
2223
1392
1481
2119
2076
2435
1409
2254
2433
1867
1842
1730
1962
2534
1535
2571
3198
2199
1592
2818
2233
2822
2679
2154
2232
2958
2496
2577
1581
2385
2453
2859
2353
1860
2558
1561
2475
1885
1923
2500
2775
2620
2665
2081
2995
2605
1604
1961
2610
2557
3085
2086
2492
1832
2257
2052
1169
1364
1675
1830
2744
2141
2107
1262
1878
1558
2101
2211
1544
2070
1585
1620
1811
2313
2168
2137
1316
1576
1857
2045
2571
2332
1773
1335
1499
1758
1728
1855
1856
2387
2275
3440
2674
2705
3005
2575
3027
2063
2347
3015
2015
1911
2186
1696
2572
2197
2005
2914
2322
3082
2507
2134
2034
1997
1127
1529
1561
1494
1566
1794
2351
1578
1327
1378
1276
1498
1808
1590
1522
1527
1577
1484
1560
1542
1515
2111
1547
1383
1426
1443
1450
1414
1971
1649
1819
2653
2694
2468
1467
1999
1562
2075
1467
1461
1484
1252
1979
1714
1944
2943
2861
1890
2225
2257
2572
2117
2219
1774
2919
2694
2530
2042
1623
2232
1769
1568
1777
2873
2463
1893
1988
2542
2309
2067
1392
1504
1274
1326
1878
2038
2206
2144
1910
1340
1718
1439
1446
1900
1536
1553
2270
2259
1441
1387
1426
1460
1755
2933
2323
2164
3374
2576
1761
2370
2614
2670
1674
2355
1565
1636
2242
2188
2643
2431
2250
2720
2340
2249
1979
2958
2863
2601
1971
1462
1439
1390
1580
2391
1616
1425
1394
1385
2310
1798
1741
1439
1520
1622
1236
1375
2058
1915
2945
2422
1419
2032
1919
2092
1556
1830
2192
2344
1455
1371
1474
1603
1579
1518
1524
1552
1520
1855
1900
1763
2091
1697
2033
1126
1418
1357
1680
1455
1634
1581
1540
1869
2593
2070
1680
2538
2911
1908
1814
2079
2054
1997
1151
1524
1572
2010
1507
1433
2022
2200
2124
2028
2788
3045
2047
1320
1930
1518
1659
1820
1514
2253
2897
1933
2291
2167
1965
2232
1397
1294
1424
2177
1963
2253
1450
1908
2199
2215
1718
2166
2089
2617
2038
1891
3222
2222
2456
2146
2521
1552
1349
1892
2258
1857
2422
2585
3041
3117
2119
1981
2408
1769
2732
2552
2194
2241
1605
2699
2123
2821
1821
1474
2681
1681
2462
1777
2140
2318
1677
1708
1857
2326
2297
2341
2426
1451
2117
1465
1926
1581
2091
2101
1747
2640
2221
3010
2842
1845
2195
2417
1963
2196
1591
1179
1410
1363
1352
1501
2818
2274
2304
1982
1625
2173
1565
980
2176
1552
2444
1876
2110
1114
1443
1590
1921
1240
1861
1502
1921
1353
1696
1705
1506
1003
1797
2031
1181
1327
1215
1468
1299
2192
2135
2573
1592
1976
2725
2557
1556
1819
1420
1936
1562
1551
1950
1274
1861
1937
1885
2139
1989
1461
1590
2489
1996
1935
1873
2044
2628
2873
1891
2373
2187
1271
1494
1857
1432
1336
1573
2124
2302
1287
1571
1490
1637
1475
1475
1665
1471
1876
1839
2611
2006
1956
2762
1762
1583
2188
1578
2525
2690
2115
2065
2432
2548
1969
2289
2100
1487
2350
1522
2509
1996
1207
1535
1741
1530
1630
2190
2191
2223
2106
1323
2347
1693
1658
1615
2493
2453
2796
2680
1681
1949
1675
2059
2233
2516
1566
1865
2188
1887
1236
1704
1376
1930
1891
2555
1556
1514
1373
1228
1424
2640
2371
1412
1590
1309
1421
1491
1366
1680
2011
2654
2032
2139
1443
1363
1481
2292
2084
1469
1771
2247
1989
1543
1495
1431
2275
2046
2118
1399
1468
1781
2276
1507
1751
1571
2221
2016
2141
2507
1520
1520
1356
1444
1353
2043
1535
1440
1523
2106
2182
2245
2051
1576
1813
1781
1554
1543
2121
1518
1314
1750
1987
2406
1964
1478
1596
1765
1984
2346
2841
1842
1729
1705
2062
1590
2873
2825
2458
1854
1739
2004
2374
1752
1557
1299
1566
1693
2298
2468
2356
1372
1354
1989
2124
2199
1298
1520
1486
1388
2249
2015
2286
1463
1403
1493
1301
1306
1448
2331
1384
1400
1393
1268
2194
2095
1591
2075
2416
1996
1350
1471
1310
1522
2031
2374
2217
1535
1386
1834
1885
1566
1857
1501
2132
1447
2294
1550
2273
2119
1985
1305
2369
2317
1411
1486
2350
1639
2119
1651
1584
2348
2016
1050
1294
1347
2088
1276
1918
1853
2286
2049
3075
2079
2279
2327
1878
1305
1949
2131
2547
1548
1455
1552
1210
1484
1947
2154
2413
1550
2141
2057
1059
1211
1362
2198
2054
2391
1411
1558
1374
1895
2231
1554
1878
1403
1512
2564
2237
2056
1344
1911
1835
1749
2405
2467
2222
2176
1411
1261
1734
1164
1844
1443
2036
1406
1361
1399
1392
2292
2242
1994
1339
1544
1811
1557
2216
2311
2347
2560
1853
1398
1325
2125
2265
2262
1465
1496
1887
1461
1472
2329
2155
1584
1564
1575
1900
1923
1668
1695
2205
2221
3692
3857
2860
1861
2775
2665
2700
1703
1829
2297
2198
2980
1991
1550
1933
1860
1893
2500
2450
2316
2365
2298
2325
3031
3228
2251
2875
2827
2848
2766
2648
2510
2495
2920
2256
1634
2265
2223
2621
2175
2180
2384
2653
2375
2139
2492
2062
1546
1257
2339
2267
2677
1680
1923
1293
1766
1939
2017
3679
3087
3112
3407
2409
2863
2276
2851
2711
1708
2129
2586
2190
2432
2756
2152
1940
2574
1914
2837
1839
2853
1855
2726
2587
2694
3395
2754
2870
4015
3016
2848
1849
1843
2692
2574
3375
2375
2337
1337
2442
2430
3069
2705
2451
1623
1917
2391
3066
2491
2761
3361
3175
2279
2296
3498
2500
2398
2424
2456
2528
2944
1931
2097
1911
1875
2491
1864
1869
1523
1417
1480
2890
2751
3224
3659
2823
2797
2898
3097
2095
2726
4231
3229
2227
2045
2520
2283
2085
2826
2881
1881
1983
2550
3141
2893
2908
3206
2205
1943
2145
2253
2451
2598
2763
1762
1658
1845
1737
1704
2109
1337
1465
1342
1334
1398
1583
1830
1538
1702
1582
1552
1761
1430
2491
2064
1884
1900
1303
1565
1644
1339
1730
1701
2042
2222
2375
2484
2596
2004
3305
3145
2147
2806
2209
2231
2046
2593
2196
2303
2332
2647
2761
2614
2512
1488
2292
2359
3334
3266
2266
2207
1827
2282
2537
2569
1821
1735
2561
2150
1465
1559
1560
1807
2448
2269
1527
1579
1904
1718
1189
1436
2182
1935
2251
1507
1592
2300
2095
1323
2261
1655
1959
1528
2182
2206
1198
1439
2746
2787
2394
2456
1914
2163
2015
1156
1472
2095
2124
1415
2165
2106
2160
1162
1407
1490
2201
2391
2097
1257
1651
1317
2813
2594
2811
2249
2240
2239
2224
2070
3710
2878
2829
2317
2241
2365
3397
2399
2740
2934
1934
2994
2748
2544
3354
2797
2241
2753
2656
2813
3574
2573
2198
2468
3393
3331
2344
3228
4834
3834
2836
2244
2530
2824
2802
1800
2280
3427
3443
3854
2896
1897
2211
3232
2294
2598
2676
2800
1804
3120
2119
2546
2580
2968
1968
2268
2796
2882
1883
2249
2711
3001
1825
2644
3059
2667
2859
1862
2017
3187
2188
2136
1136
1822
2863
3305
2309
2437
2475
2248
3395
2418
2696
2847
2215
2638
2593
2651
2788
2567
2377
2174
3186
2639
1832
3494
2496
3056
2056
2387
2241
2665
2805
2704
2237
3556
2561
2194
2869
1868
2727
1726
2877
1877
2911
2576
1575
1611
1917
2192
2315
1338
1554
2155
1848
1369
1082
1590
1611
1347
1405
1373
1714
1394
1345
1266
1584
1296
1500
903
1460
1220
2030
1907
2711
3271
2271
1978
3417
2415
1414
2033
2218
1769
1144
1677
2142
1485
2150
2613
2119
1183
1320
1487
1449
1607
1579
1956
2258
2185
1480
1417
1525
1323
1356
1543
1619
1644
1658
1570
1526
1543
1812
1295
1821
1925
1394
1543
1617
1842
1731
1351
1129
2086
2026
1748
2030
1978
2339
1873
1371
1961
2055
1717
2193
2366
2292
2014
2253
2023
1977
2784
2595
2108
2289
2498
3558
2382
2634
2135
2270
2046
1996
1944
2514
1513
2665
3754
3262
2261
2356
2566
3317
2312
2601
2872
1856
2947
2862
2777
1759
2836
2749
2938
2763
1757
2306
2224
3048
3468
2473
2348
2173
3623
3565
2566
2515
2540
2904
2653
2790
3485
2486
1960
2203
2148
2239
2277
2245
2541
3121
3167
3351
2315
2171
2129
2276
2854
1856
2587
1782
1773
2732
2410
3582
2585
2374
2397
2451
2534
2469
3862
2863
2934
3013
2792
3568
2571
2863
2735
2707
2534
2494
2106
3027
3256
2260
2372
1370
2298
2994
3227
2200
2070
2753
2838
2436
1436
1918
2331
2277
2333
2272
1677
1744
1763
1356
1795
1564
1498
1791
1568
1464
1499
1879
1531
1533
1512
1631
1440
1520
1404
1916
1498
1553
1533
1800
1509
1870
2176
1794
2817
1833
1813
1616
2012
1597
1458
2270
2019
2973
1974
1732
1428
1776
1624
2165
2302
2087
1948
2349
1573
1806
1246
1862
1986
2343
2265
2360
1548
1552
1801
2157
2495
1482
1885
2206
2589
1797
1482
1399
1718
1664
2670
2228
1840
1749
2209
2151
1573
1498
1461
2019
2144
2213
1396
1746
2236
2133
1811
1535
1462
1540
1962
2326
2292
2562
1632
1777
2255
2078
2350
1354
1508
1620
2115
2139
2035
1869
1306
1502
1873
1827
2009
1815
2261
2204
2115
2234
2242
3179
2179
2211
3349
3493
3298
2299
2154
2457
2876
2744
2157
2148
1420
1494
2406
2008
2025
1194
1647
1561
2544
1914
1335
1327
1751
1951
1503
1850
2172
2099
1250
1527
2334
2246
1583
1365
1505
2278
2183
2113
1286
1564
1579
2411
2569
2142
2786
1789
1839
1786
1945
1947
1789
2086
2076
1735
2452
1450
1537
1334
1707
1420
2478
1907
1962
2531
2429
1428
1627
1472
1326
2088
2144
2030
1291
1637
1538
1476
1789
1558
1546
1973
2320
1320
1565
2055
1170
1486
1482
1497
1529
1619
1960
2650
1668
1374
2238
2232
2292
1311
1405
1186
1425
1650
2087
2191
2469
1530
1469
1632
2012
1375
1633
1575
2162
2343
2430
1936
2051
1823
1229
1391
2472
2212
1417
1789
2218
2236
2163
1266
1536
1773
2291
2278
1279
1535
2215
2067
1284
1408
2106
2159
1498
1844
1284
1471
2303
2255
1985
1357
1738
2234
2378
2176
2204
2186
2233
1463
1257
1700
2197
2369
2142
1716
2331
2179
2049
1239
1930
1917
1591
2189
1983
2416
2435
1499
2218
2305
2224
2343
1497
3399
2423
2427
1948
1490
1675
1965
1827
2260
1394
1312
1867
2102
1473
1960
2154
2074
2083
2241
1423
1538
1598
2228
2385
2526
2539
1553
1862
1823
2120
2333
1346
2399
2360
2211
3470
2959
1954
3072
2070
2146
1998
1998
2505
2718
2743
2328
1327
1780
2272
2265
1290
1925
1424
1477
1572
1818
2028
2138
2553
2064
1427
1555
1800
1295
1818
2041
2404
2226
1399
1446
1788
1518
1434
1546
1469
1708
1613
2336
2214
1572
1792
2296
2080
1440
1406
1722
1485
1755
1554
1545
1309
1459
1780
1406
2827
2536
1537
2965
2741
1770
3534
2536
1919
2377
2247
2305
2037
2182
2557
2630
2704
1713
2924
1925
1541
1497
1549
1831
2089
1489
2126
1312
2509
1509
1714
1471
2054
2232
1419
1767
2203
2195
1382
1384
1393
1524
1550
1558
2105
1806
2205
2021
1335
1557
1414
1701
1792
3089
2591
2233
2230
1379
1774
2126
2075
2206
2617
2411
3377
2376
1886
3187
2206
3333
2739
2528
3117
3035
2631
1664
2313
2514
2026
1826
2520
2689
2059
2272
2703
2853
3060
2059
3260
2086
2398
1892
3007
2811
1812
1745
2247
2522
3324
2324
3388
2405
2213
2625
2629
1630
2719
1944
2248
2178
2262
2213
2814
2879
2454
2232
2487
2293
2365
2109
2238
1410
1546
1438
1402
1160
1706
1948
1946
1471
1242
1666
1089
1493
1857
1969
2369
2323
1465
2460
1870
2452
1899
2701
2317
1319
2575
2543
1516
2728
1703
1590
2898
2321
2650
2686
2122
1090
1941
2495
3022
2853
1854
2725
2163
2627
2527
2269
2592
2702
1681
1613
1890
2896
2295
2220
2171
2425
2359
2582
2504
2759
3014
2266
2248
3008
1978
2240
2787
2459
2567
1993
2507
2306
2943
1945
2513
1945
3227
3416
2413
2240
2355
2180
2427
2644
2102
2240
1974
1781
1419
2137
2067
2153
1325
2152
2907
2591
1588
2030
1980
2479
2940
2314
1454
2328
2141
2244
1459
1357
2004
3165
2165
2402
2144
1255
2212
1577
2022
2554
1571
2009
1937
2011
1141
2192
1976
2237
2555
1624
2031
2744
1702
1286
1477
2088
2318
2956
1943
2123
3113
2949
1932
2692
2209
3842
2857
3370
3755
2749
3755
2797
2274
2346
2672
1496
2400
2695
1693
2232
2313
2662
3184
2173
2932
1933
1947
3019
3074
2058
3772
2756
2974
3012
3166
3579
2596
3748
2746
3514
2510
2547
2639
2568
2663
3013
3216
2416
1420
2753
1737
3065
2047
2036
2216
2396
2344
2976
1959
2679
2868
2976
1975
2899
1841
2526
2880
2776
2739
3331
2729
3046
2055
2008
1887
2809
2923
2484
2504
2667
2584
2067
1829
3011
2973
3173
2191
3301
2348
1349
1773
2196
2051
3240
3425
2425
1440
2446
2434
3247
2652
2078
2746
1745
1732
2458
1973
1288
1119
1542
2097
2097
1482
1520
1938
1448
1334
1470
1962
2463
2389
1391
2207
2018
2058
1166
1709
1464
1900
2672
2903
1917
1637
2003
2089
2236
1446
1418
1408
1745
1796
1825
1556
2150
2102
1436
1879
2229
1750
2101
1321
1304
1673
2126
2165
2235
1481
1344
1886
2389
2562
3007
1994
3854
3470
2473
2544
2799
3302
2336
2127
2691
3627
2631
2798
1829
3268
2269
2406
3465
3442
2462
2881
1915
2159
2698
2954
3402
2425
2568
1546
3068
3614
3799
2798
1798
4034
3021
3198
2194
2920
3168
2356
2667
3928
2927
4950
3989
2991
3191
3453
2454
4026
3025
4468
3470
4732
3732
2728
3191
3224
2229
2479
1481
2927
2972
1972
2098
1894
3336
2336
1334
3121
2330
2163
2143
2390
2715
2488
3364
2350
2648
2634
2684
2851
1851
2885
3239
2191
2659
3012
2759
2802
2822
2647
2694
2716
1720
2499
3366
3462
2466
1985
2766
3281
2784
1749
3013
2775
2463
2170
2389
1392
1802
2336
2172
2416
2009
2173
1391
2266
2449
2972
1973
2530
2607
1585
2253
2175
1228
1451
2305
2212
2767
2026
2179
1183
2078
2121
2460
2150
1320
1471
2302
1877
2006
2575
1574
1460
1783
1866
2513
2079
2652
2520
1486
2240
2109
2032
1397
1873
1589
2012
2028
2040
2233
1399
2198
2194
2097
2242
2083
1481
1537
2215
2289
1978
2667
2296
1337
1451
1827
1999
1909
2622
1624
1397
2055
2230
2098
1507
2167
2155
1254
1487
2324
1404
1988
2706
2163
2079
2321
1403
1357
2105
2178
2041
1208
1455
2190
2253
1938
2180
2055
1248
1584
2214
1578
2286
1287
1568
2186
2201
2048
1352
2119
2346
2433
1565
1515
2520
2002
1429
1592
2179
2420
2271
2086
1327
1380
1539
2214
2256
2529
1531
1790
2297
2046
1290
1782
2119
2399
1359
1540
2119
2393
2448
1532
2111
1740
2270
2236
2010
2156
2349
1506
1625
2171
1981
1951
2321
1379
2153
1996
2184
1356
1895
1756
2066
2305
1444
1534
2298
2268
2212
2283
1375
2344
2248
2139
2297
1298
1528
2166
2237
2006
2123
1549
2271
1964
1956
2495
1495
1372
2143
2208
1920
1588
2115
2328
2920
1921
1729
2387
2436
1435
1726
2020
2077
2816
2537
1709
1410
1950
2263
1237
1581
2175
2067
2351
2202
1649
1215
1556
1942
2511
1512
1422
1473
1734
1927
2172
2367
1389
1485
1890
1909
1775
3235
2234
2217
2489
1818
1633
2004
2010
2224
2165
1295
1374
1781
1584
1808
2684
2125
1778
2315
2527
1527
1421
1497
1784
2653
2387
1390
1777
2171
1760
2500
2260
2445
1806
1319
1617
2311
2016
1594
1839
1309
2251
1805
2151
1155
1385
1582
1552
2171
1575
1578
1547
1483
1754
1801
2231
2448
2556
1578
1277
1761
1416
1574
1952
2277
2007
1246
1315
2075
2170
2018
1421
1187
1417
1468
1540
1516
1726
1576
1991
1709
1570
3307
2308
2331
2325
2482
2354
2185
2057
2016
2464
3025
2761
1744
2922
2558
3109
2363
1366
2503
1948
2049
2481
2040
1510
2717
2523
1492
1391
1604
1991
2323
1344
1535
2476
2392
2279
1873
1332
2135
1534
2165
2249
1361
1794
2026
2374
1540
2080
1525
1545
1580
1516
2139
1869
1597
3343
2347
2499
2011
2620
3396
2392
2783
2559
3062
2787
2464
2805
1780
2562
1564
2751
2143
3461
2459
2705
3113
2267
2354
2246
2173
3669
2668
2765
2814
1816
2363
2848
1828
3361
2364
3541
2540
1543
1721
2632
2863
2800
2970
2965
1961
2940
3307
2303
2226
2976
2956
2803
1977
2982
3132
2098
3074
2095
2186
1997
2430
3451
2449
2186
2749
2683
1682
1607
1955
2297
1297
1403
1419
1364
1564
2100
1575
2224
2075
1454
1804
1575
1348
1359
1203
1877
1870
2146
3270
2267
3424
2424
2257
2086
3127
2152
2079
2139
2860
3500
2496
2694
3088
2087
1979
1623
1964
2703
2554
1553
1980
2206
2086
1933
1101
2030
1829
1416
1982
1434
1522
2266
2845
2350
1351
2487
1520
1888
2225
1982
3123
3269
3390
2391
2034
2899
1918
2617
2805
2832
1831
2079
1873
2577
1887
1894
2303
1755
2470
2284
2060
1329
1857
1502
2472
2391
1435
1238
1565
2072
1878
1449
1451
1370
1355
1482
1266
1506
1664
1677
1418
2074
2723
1720
1736
1573
2914
1919
1860
1443
1506
1716
1389
1348
1299
1981
2230
1925
1512
2231
2040
1094
1511
1459
2038
2168
2801
1838
1349
1397
1969
2426
2291
1465
1320
1487
1672
1845
2299
2061
1332
1581
2245
2118
1483
1171
1517
2395
1809
1756
2134
1385
1527
1608
1748
1769
1551
1247
1734
2033
2339
2625
1590
2718
1741
2054
1776
2487
2233
2789
2769
1811
1708
1760
1863
2474
1927
2187
1556
2753
2193
2345
3011
2490
2607
2525
1941
2313
2344
1403
1738
1612
1550
1587
1944
2258
2100
1183
1185
1374
2264
2069
2147
1323
1442
1448
1343
1480
1936
2169
2127
1334
2321
2182
1563
1474
1626
2127
1967
2266
1549
1372
1619
1460
1491
1472
1881
1968
2521
2230
1772
1171
1199
1474
2073
1572
2183
2271
2165
1407
1592
1282
1141
1692
1404
1529
2026
1859
2307
2485
1489
1551
2087
2394
2547
2759
1761
1844
1855
1828
2069
2146
1497
2514
2545
1515
1568
1333
1100
1965
2104
1578
2211
2730
2566
1527
1706
1694
2698
1936
2061
2440
2606
2630
2171
2095
2598
2051
2076
2176
1527
2756
1926
1287
1862
1607
2067
1608
3542
2590
2195
3249
2249
2135
1538
2584
1972
2287
2348
2432
2424
2732
1727
1715
2204
1774
1840
1860
2137
2566
2728
2990
2231
2286
1797
2563
2634
2690
1689
1768
1805
2431
2594
1914
2356
1802
1300
2609
2152
2282
1935
2164
2110
1310
1480
1496
1436
2268
2248
1304
1814
1832
1813
1538
1832
2332
2175
1171
1209
1698
1447
2128
2293
2227
2080
1081
1580
1343
1409
2170
2318
1316
2020
1181
1658
2275
2171
1473
1275
2232
1463
2131
2078
2117
1946
1115
1805
1743
2549
1932
1946
2186
1959
1727
2392
1840
1161
1637
1349
2387
1800
1669
1531
1517
1923
2000
1565
1722
2139
1225
1405
2210
2096
2279
1431
1059
1239
1470
1633
1841
1792
1503
1554
1160
1649
1489
2132
1554
2165
2974
2037
1310
1648
1132
1071
1741
2077
1303
2209
1408
1355
1373
1525
1880
1986
2261
1870
1090
1307
1446
2061
2170
1304
1402
1444
2107
1890
1378
2233
1952
1052
1426
1281
1484
1640
2090
1425
2099
1972
1113
1339
1419
1529
1461
1386
1520
1829
1424
1450
2243
1355
2190
1815
1188
1294
1352
1534
2078
1346
2070
1157
1633
2641
2601
1600
1217
1587
1227
1422
2292
2045
2210
2397
1862
1752
1541
3354
2323
1961
3238
2951
2878
3468
2506
2258
3172
2195
1803
2523
3451
2450
1882
2377
3299
2302
1687
2584
1586
2916
2608
2364
2133
2636
3549
2547
2549
1911
2556
2607
1825
2422
2217
1936
938
2259
2311
1294
1101
1569
3323
2308
2371
1323
1081
1744
757
1612
1267
1572
1294
2580
2432
1447
1461
1063
1422
1999
998
1284
1407
1501
2526
2783
2930
1932
2629
1597
3430
2830
2836
1837
2366
1364
3748
2749
2966
2854
2228
1950
2293
1884
3105
3477
2492
3793
3421
2871
2322
1721
3120
3249
2075
2823
2734
2717
2705
1706
2628
2461
2012
1766
2098
1921
1401
2043
1391
1799
1447
3023
2027
1815
1547
1968
3057
2059
1930
1738
1752
1903
2208
2536
2546
2513
1687
2389
2750
2358
1380
2164
2068
1461
1498
1408
1803
1966
2368
1469
1831
1468
1236
1285
1676
1539
2039
2284
1556
1441
1179
1800
1505
2072
2188
2763
2289
1463
1573
1417
1865
2018
1975
1331
1294
1544
1606
1528
1886
1338
1276
1985
1842
2361
1364
1533
2230
1839
2379
1317
1810
2688
3309
2325
2264
2264
2335
1916
2153
2604
1622
1709
2280
2181
3071
2069
1363
1810
2315
2568
2361
2748
2084
2736
2753
3020
2392
1392
1877
2166
1564
1656
2194
1571
2120
3452
2453
2014
1916
1473
2043
2264
1846
1885
1885
1881
2526
2227
2768
3230
2226
1722
1866
1970
2434
2422
2640
1641
1445
1908
2175
2779
1781
2453
1864
1525
2120
2333
2076
2088
1481
1235
1943
1561
2189
1505
2117
2257
1891
1417
1776
1758
1689
2308
1661
1550
1627
1525
1869
1911
1921
1577
2461
2188
1239
1422
1740
1481
3141
3217
2071
2000
2022
2505
2559
2639
2857
1798
2065
1512
2005
2591
2018
2581
2469
2927
1943
1928
2088
1882
1885
1642
2086
1807
1556
2155
1926
1542
1501
1602
1783
1998
1268
1488
1680
1510
1336
2023
1364
1921
1402
1926
1581
1381
1464
1544
2167
1483
2355
2125
1511
2171
1523
1910
1113
1750
2211
2657
2124
1588
1822
1844
1900
2203
2035
1486
1847
2009
2555
2575
2026
1990
2396
1827
2202
2247
2609
1610
1880
1427
1745
1986
1982
2481
2432
1435
1659
1347
1788
1276
1427
1347
1772
1270
2052
1774
2075
1524
1429
1817
1785
1912
1513
1692
1204
1940
1482
1880
1788
1788
1532
2225
2288
1767
1574
1516
1925
1230
1280
1366
1510
1376
1886
1531
1608
1214
1586
1977
2266
2012
2179
2036
1217
1806
1308
1652
1416
2535
2507
2109
1547
1902
2851
2219
2145
1671
3235
2257
1630
2042
2256
1822
2037
1454
1583
1310
1846
2516
2421
2095
1938
2014
2490
2245
3167
2149
1556
1978
1350
2539
2740
2095
2149
1398
1329
1947
2072
1997
1922
1210
1365
1507
1320
1697
1246
1151
904
1374
452
891
705
1022
1094
829
1603
1183
1079
1073
857
1356
1398
1555
2035
1072
1023
936
1050
1217
955
870
1032
1080
950
920
1080
833
980
941
2199
2946
1942
2136
1551
1645
1423
1159
2057
3306
2293
1613
1436
1769
1525
1301
1263
1838
1619
1671
1958
2041
2078
1653
2340
1808
2572
2704
3103
3547
2373
1983
1771
2747
1747
1787
1635
2010
1956
2703
2238
2820
2654
1708
1823
2054
2008
1876
2442
2363
2076
1710
1198
1222
1148
1332
1187
2061
1420
1363
1492
1134
1665
1328
1096
1369
1146
1357
2084
2041
1364
1189
1188
2595
1582
2229
1949
1852
1383
1753
1651
2151
2107
1836
2303
1328
1697
1471
1563
3140
2480
1917
2784
3331
2310
1736
1862
2461
2875
1876
1791
2175
2684
2115
2829
1858
1919
1867
2372
2984
2446
1766
1734
2028
1652
2531
2290
1710
2013
2130
1644
2946
2494
2618
2140
1687
2156
2785
2347
1898
1454
2627
2150
2132
2523
2054
1640
2766
2322
1886
2020
1581
2229
2318
1833
1989
1511
1695
1648
1202
2760
1794
3346
3406
3578
2730
2595
2563
3524
2500
2280
2292
2572
1576
2725
1708
2694
1693
2140
2477
1478
2162
2512
1775
1316
1459
1561
1465
2184
1867
2132
2139
1253
1423
2261
2584
2364
1396
1368
1851
2179
1465
1538
2196
2271
2156
1298
1363
1579
1577
1552
1565
1672
1564
2245
2242
1608
1458
1269
1700
1825
1898
2013
1814
3259
2843
3546
2663
2663
2985
1984
1909
2793
4320
3295
2308
2320
2026
3005
3146
2162
2301
2140
2906
2843
3139
2122
1525
2595
2397
3416
2414
2905
1906
2981
2430
3185
2937
2073
2899
1932
1968
3020
3260
3293
2293
2195
2102
2357
1969
3329
2306
2373
2625
3079
2081
2798
1798
2814
2446
2745
3536
3081
2931
1896
1699
2783
2799
3202
2396
2341
3468
3155
2183
2130
2254
2396
1402
2500
2349
2141
2241
2380
3369
3200
2712
3752
2751
1747
2595
3262
2629
2448
1983
2134
1889
1520
1784
1890
1965
2141
1884
2384
1802
1511
1988
2164
2121
2079
1515
1970
2467
1491
1677
2187
2271
2487
1488
1455
1980
2227
2393
1483
2119
2130
1230
1765
1447
1588
1474
1954
2185
2134
2180
1803
2372
2285
1338
1410
1298
1864
1498
2466
2217
1957
1507
1763
1622
2249
1995
2042
1166
1556
2028
2288
2130
2093
1178
1883
2104
2211
1776
2052
1578
2339
2422
2198
2219
1219
1855
1897
2278
3303
2772
2846
2814
1810
1936
1407
2941
1960
2165
2483
2302
2108
2190
2240
2284
2283
2195
2189
2898
2845
2389
2804
2911
1912
3235
3138
3107
2708
1692
2638
2514
2013
2863
2549
1549
1458
1765
1490
1805
1363
1915
2874
2035
1686
1914
1391
1499
1331
1504
1479
1743
2241
2142
2705
1708
2861
3670
2674
2356
3176
3477
2722
2353
2170
2328
2174
1881
2558
2905
2286
1950
1413
1469
1435
1501
2234
2015
2226
1283
1437
1437
1397
1776
1900
1494
2096
2166
2350
1982
2533
1528
1432
1351
1403
1458
2225
2011
2282
1512
2170
2198
1519
1364
1997
2398
2085
2156
1339
2112
2022
2371
2102
1664
1480
1915
1891
1762
2142
2106
2553
2476
1477
1727
1820
1420
1819
2715
2718
1711
2006
1700
2397
2955
2873
1846
2204
1514
1365
1323
1580
1584
1590
2309
1349
1809
1386
1864
2316
1700
2238
2254
2136
2071
1781
2417
2262
2680
2636
2166
2551
3606
2627
3499
3931
2903
1930
2363
2030
1945
2222
2666
3634
2652
2759
2831
3940
4238
3241
2226
2468
2531
2204
2920
1945
3101
2096
3017
2020
2760
1778
2397
2998
2954
2742
2729
3793
3369
2371
2668
3160
2743
1760
2814
1843
2497
1702
2771
1739
2740
2817
2642
2366
2508
3203
2212
2371
2371
2569
2602
2401
2168
2723
3332
2327
2486
1815
2914
1940
3105
2983
2319
3424
2451
3455
2470
2807
2318
2603
2428
2195
2546
2378
1976
2838
3147
2919
2542
1557
2037
2115
2266
1818
1498
2401
2212
2257
2103
1205
1376
1557
2114
2093
2450
2093
1314
1261
1732
1386
1624
2070
2228
2273
1655
1261
1491
1514
1956
2040
2051
1788
2514
2416
1520
1724
1280
1221
1895
1888
2317
1607
2519
2115
1261
1484
1730
1594
1555
1303
1312
2086
2394
2088
1378
1637
1818
1890
2013
1581
2306
2281
1752
1925
2603
2464
1486
1419
1536
1340
1315
2028
1579
1840
1519
2118
2046
2530
1512
1304
1578
1280
1550
1490
2417
2016
2531
1531
1621
1469
2220
2005
1752
1181
2684
2356
1787
2582
1533
2031
2722
1708
2744
2224
2150
2197
2402
2431
1552
1210
1248
1468
1770
1268
1699
1943
2644
2406
2357
1371
2019
2277
2084
1385
1351
1612
1549
2353
1625
1452
1369
1432
1504
2219
1511
2358
2162
1295
1479
1838
1997
1633
1358
1369
1786
1469
2035
2114
2252
1519
1283
1850
1301
1507
1969
2053
1915
1947
2973
1943
2135
2175
1373
1408
2078
2289
2125
1343
1494
2134
2030
2184
2164
1166
1321
1452
2086
2385
2728
1697
2107
1437
1259
1918
1697
2150
1506
1567
2231
1943
1106
1490
1516
1285
2056
2279
2059
2649
1661
1859
2091
2222
2210
2315
1317
1612
1412
1501
2208
2031
1105
1392
1451
1345
2080
1866
2235
2101
2073
2192
1512
1444
1940
1529
1559
1971
1497
1545
1767
1555
2332
2489
1508
2714
2182
1424
2019
1466
1407
1567
2141
2039
2233
1361
1476
2389
1791
1451
1484
1566
2115
1486
1573
1994
2299
2408
1410
1636
1360
1398
1958
2088
1309
1378
1878
1805
1808
2062
1895
1813
2821
2835
2534
1564
2459
3098
2849
2907
1910
2517
1517
2229
2231
2375
2502
2230
3265
2262
2304
2305
2664
2989
3864
2848
2304
2468
1992
2351
1205
1356
1686
2408
1809
2302
2254
2321
2327
1858
2805
2704
2227
1896
1392
1829
1894
1342
1661
2381
1500
1637
2400
2102
1327
1464
1866
1502
1432
2922
2655
2280
1490
2499
1496
1811
1729
1440
1737
1458
1878
2096
2543
1754
2163
2420
1420
1221
1492
1352
1321
1137
1387
2028
2327
1374
1387
1896
1897
1838
1538
2035
982
1724
1893
3113
2126
2737
2056
1652
1568
2364
1432
1424
1532
2516
2147
2138
1115
1328
1448
1062
1920
2279
2424
1422
1524
1169
1385
1560
1540
2772
2905
1769
4681
3679
4537
3534
2540
3240
2185
2704
1687
3426
2465
3230
2210
2869
1883
2710
3162
2162
3098
2097
2532
3470
2475
3236
2258
2567
1568
2495
1495
2757
1548
755
1485
2787
1788
2761
1761
710
2665
1677
2530
1519
535
2162
1108
1713
1825
1813
1954
1924
2504
2444
2331
1330
2713
2502
1479
2449
1443
2787
3172
1979
2203
2434
2636
1655
3130
2147
2245
2244
1217
2492
1502
2110
2158
2316
2238
3638
2642
2651
1651
2468
2437
2778
2503
1512
2199
2203
3136
2912
1926
1874
1735
3327
2344
2268
2877
1880
2370
2318
2744
2668
2447
2496
2226
2401
2496
2154
3152
2139
2140
3011
2921
1924
1896
2435
2425
2778
2407
2957
1959
2344
2624
2663
1836
2817
2741
2745
2266
2407
2276
2141
1963
2412
2956
3597
2939
1963
2075
1828
2398
1921
1987
2013
3736
2735
2566
2760
1762
3502
2807
2289
2919
2313
2924
2197
2292
2146
2743
2485
2603
2401
2355
2437
2704
2681
1875
1939
2555
1602
1333
2484
2209
1358
1456
1578
2219
1861
2129
1550
1121
1252
1540
2293
2888
2284
1827
1456
2176
2286
2103
1305
1413
1803
1573
2049
1921
1565
1604
1543
1653
2081
2884
1901
1470
1505
1964
2447
2165
1854
1175
1465
1221
1268
1293
1699
1376
1778
1487
1860
1656
1615
1633
1597
2238
2007
2207
1504
1498
1548
1500
1808
2026
2718
1724
1354
1499
1911
1442
2187
1402
1460
1524
1473
1572
2120
2225
2004
1912
1267
1390
1289
1503
2053
2171
1410
1821
1352
1229
1485
1400
1532
1537
1486
1350
1485
2153
2172
1966
1313
1824
1697
1563
2145
1564
1412
2134
2381
2826
1975
1305
1845
1575
2225
1938
2550
2386
1386
1549
1412
2296
2101
1838
2020
2683
1697
1567
2063
2297
1455
2115
1518
1440
2082
2121
2134
1317
1060
1543
2059
1465
1584
2319
1592
1989
1071
1445
1456
1638
1530
1405
1487
1439
1656
2148
2363
1961
1287
1405
1441
1507
1555
2183
2022
2219
1301
2058
1526
1430
1939
1364
1515
2225
2160
2154
1292
1493
1437
1561
1308
1348
1396
1453
1881
1428
2109
2340
1354
1196
1744
2429
2086
1802
1300
1465
1457
1466
2253
2390
1817
1458
1554
1209
1404
1439
2187
1460
2824
2140
2055
2255
1656
1614
2010
1979
1351
1233
1330
1746
2237
2296
1313
1279
2077
2307
2527
1975
1345
1452
1950
2270
3175
1914
1825
1776
1268
1976
1811
2821
2495
1494
2308
2237
2162
1394
1825
1398
1523
2282
2325
2351
1355
1386
1426
1209
1299
2118
2156
1232
1508
1401
1426
2243
1939
2280
1927
1799
2380
1749
1500
1558
2271
2352
1969
1159
2001
1560
2363
2238
2361
1804
1341
1478
1603
1611
2187
1950
1886
1456
1369
1450
1573
1560
1555
1267
1453
1817
1973
2357
2114
1181
1761
1427
1370
1247
2086
2277
2329
1505
1527
1796
2095
1503
1512
1936
2866
2224
1403
1422
1510
1752
1564
1488
2299
2296
2002
1174
1254
1526
1705
1559
1546
1692
1316
1175
1925
1404
1965
1810
2888
1888
1887
1684
1511
2134
2154
2289
1286
1732
1311
1574
2031
1603
1609
2185
1782
1333
1458
1623
1845
1927
1985
2207
1491
1288
1407
1186
1527
1590
1576
2257
1466
1798
1465
1422
1639
2394
1955
2234
1372
2020
2260
1254
1774
1785
2211
2218
1928
1476
1140
1315
1504
2183
2217
1184
1393
1763
1503
1351
2221
2048
2146
1273
1559
1606
1483
1366
1496
2034
2131
2340
1702
1434
1811
1803
1910
2029
1879
1941
2361
1600
1519
1254
1863
2341
2374
1452
1875
1783
1656
2212
2141
2248
1421
1843
1547
1847
1387
1952
2295
1341
1497
1507
1437
1217
1403
1872
2766
2833
2725
1896
2511
2078
1512
1598
2126
1591
1533
1385
1332
2169
2070
2093
1225
1264
1239
1287
1415
2241
2329
1961
1350
1687
1368
1609
2242
2175
2714
2644
1679
1970
1240
1854
2461
2114
1332
1877
1301
2259
1444
1632
2322
2194
1396
1307
1341
1607
1336
1215
1376
1457
1419
1477
1559
2094
2064
2547
1815
1271
2376
2340
2670
2215
1214
1161
2022
2044
2035
1541
1767
1287
1323
1343
1405
2236
2796
1795
2486
1902
1448
1754
1549
2146
2395
1373
1399
2009
1547
1429
1691
1162
1846
2239
2526
2181
2108
2453
1479
2079
2297
2233
1454
1288
1738
2182
3260
2262
2445
2174
1345
1510
1503
1982
2169
2208
1727
2115
2186
1356
1482
2286
2173
2232
1171
1827
1910
2367
2266
1269
1337
1601
1545
1519
1965
1851
2052
2361
2308
1329
1546
2031
2219
2223
1451
2289
1902
2271
2722
1723
1629
2003
1691
2471
2288
1930
1400
1608
2331
2141
2422
1491
2306
1885
1988
1624
1512
1346
1552
2025
2008
2162
2319
1448
1887
2373
2350
1752
1311
2087
1445
1556
1481
1381
2109
2432
1358
1999
2215
2047
1157
1184
1183
1492
2274
2009
1256
2284
2237
1575
1786
2279
1935
1324
2144
3287
2250
2109
2082
1354
1386
1379
1579
2090
2625
2313
1299
1366
1406
1343
1547
1558
1523
1504
1781
1308
1720
1355
1451
2090
1505
1593
1803
1486
1504
1687
1662
2029
1914
1264
1969
1652
1419
1440
1945
2135
1960
2104
1946
2202
1349
1871
1314
1811
2243
2175
1287
1136
1324
1969
2055
2217
1956
1468
2264
2068
2255
1270
1909
2199
1862
1995
1555
2114
2171
2057
2130
1299
1778
1146
1736
2308
3011
2008
1709
2636
2046
2165
1211
1442
1706
1732
1696
1384
1767
1983
2446
1445
1487
1366
1483
1605
1623
2314
2252
2275
1418
1391
2440
2531
2065
1583
1616
1648
2080
2223
2140
1692
2182
1487
2666
2407
1421
2012
2213
1550
1532
2375
1586
1484
1845
1416
2247
2036
2388
1390
1947
2374
2321
1323
1441
1229
1500
2192
2662
2619
2223
1764
1768
1968
2044
1995
2135
2860
2373
1841
1839
1826
2112
2311
2441
2834
2863
2385
2668
2168
1186
1469
1295
1367
1611
3013
1873
1690
1651
1585
2280
2132
2391
2721
2605
2410
2526
1526
1447
1404
2050
2041
2373
2228
1296
1785
2547
2152
1294
1421
1764
1443
1872
1941
1613
2721
2290
1983
1634
2073
2215
2183
1273
1742
1259
1846
1722
2277
2302
2258
1423
1503
1508
1586
1466
2123
1997
2307
1899
1463
2204
1348
1821
2151
2772
2769
2078
2511
2223
2051
1287
1282
1666
1483
1510
2755
1792
1747
2195
2101
2047
3409
2410
1892
1695
1656
2296
2013
1669
1569
2429
2604
2541
2098
2952
2679
2936
1948
2179
1939
1998
1252
1235
1316
1492
1577
2105
1442
1522
2074
2366
2222
2030
1270
1455
1700
1467
1440
1555
1451
1395
2263
2279
2308
2498
1507
1482
1337
1834
1914
2116
2320
3346
3010
1996
2018
2517
2073
1754
2456
1458
1778
1711
2728
2653
2572
2312
2929
3017
2831
2275
1387
1542
1601
2149
2134
2141
1214
1504
1440
1320
1672
2707
2672
1680
1615
1491
1345
1183
1120
1487
1428
1613
1411
1499
1428
1433
1409
1430
1432
2112
2587
1585
1401
1336
1502
1752
1424
1824
2412
2173
1270
1340
1753
2295
2212
1529
1918
1514
2943
1943
1774
2863
1860
2271
2361
1441
2002
1524
1388
1642
1477
1577
2091
1179
1742
1845
2559
2393
1382
1353
2163
2137
2369
1734
1909
2433
2520
1771
1445
1487
2038
2696
2677
1692
2075
2052
2137
2248
2856
2380
2650
2434
3706
2722
3762
2765
1773
2882
1882
2260
2614
2427
2861
2091
2852
1856
2335
2667
2780
1799
1932
1969
2187
2570
2377
2210
1708
1493
1955
1053
1626
1510
1737
2301
1774
2287
2236
2361
2987
2659
2962
2682
2488
2692
1975
2553
2976
1981
1951
3118
3040
2039
2001
2023
2690
3271
2271
2427
2263
2155
2375
2379
2352
2933
1930
1962
2296
2742
1757
1877
2431
2229
2249
2234
2124
2680
3071
2522
1546
1487
1411
1428
1632
1632
1868
1651
1554
2439
1519
2948
2491
2440
2967
1937
1901
1943
2011
2348
2334
1359
1856
1588
1532
2218
1529
1487
1608
1491
1418
1937
2689
2641
1639
1566
1821
1861
3002
2285
1258
1439
1418
2055
1567
2020
1613
1820
1866
1796
2159
1541
1345
1451
1506
1550
1543
2084
1492
1249
1516
1442
1381
1534
1422
1394
1451
1557
1576
1595
1578
2435
1982
2028
2579
2104
2210
1802
1485
1412
1609
1377
1523
1901
2272
2284
1441
1346
1337
1470
1397
1808
1896
2433
3709
3554
2553
3325
2344
2032
2860
2409
2353
1650
1531
2249
1985
2112
2210
1384
2280
2029
1906
1814
2501
1507
1427
1612
1597
2199
1530
1326
1521
2160
2455
2174
1659
1503
1785
1885
1594
2066
1613
2183
2214
1425
1333
2381
2320
1526
1565
1716
1365
1675
1423
2215
2059
1614
1872
2102
2228
1357
2250
1417
1866
1417
1441
1473
2283
1720
1580
2846
2423
1413
3281
2274
2475
2369
2893
2550
2422
2907
1941
1833
2072
1892
2746
2673
3294
2308
1683
2819
2873
1662
2122
1863
1667
2206
2316
2974
1972
2518
2444
2590
2553
2720
1729
2757
2138
2140
1568
2628
1633
1424
2401
2813
3055
2789
2745
3673
3512
2476
2710
3176
3076
2284
2707
3376
2375
2768
1772
1529
2324
2154
2331
2487
2105
2409
1879
2756
2850
1835
2249
2427
2140
2779
1799
2367
2507
2379
2267
2896
1898
2879
2478
2581
3249
3215
2218
2039
2586
1585
2443
2327
2765
2635
1659
1837
2641
1619
2393
1751
2728
1731
3133
3075
2088
2277
2450
1449
1777
1165
1736
2271
2577
2301
2635
3349
2936
2750
3442
3096
2068
2606
1606
1764
2303
2825
2092
2784
2914
2717
1714
1756
1629
2213
2402
3745
2726
2287
2330
2104
2352
2098
2581
2063
2667
3065
2236
2277
2828
3057
2960
1960
2579
2279
2272
2129
1876
2889
2667
1651
1799
1397
1493
2315
1815
2482
1509
1431
1751
1557
2005
1419
2439
2423
2175
2252
2279
2420
2257
1512
1404
1749
2243
1600
1494
1435
1628
2905
2638
2294
2151
1264
1366
1875
1457
1770
2002
2864
2772
1774
1987
1795
2081
2075
1801
2299
2129
2265
1438
2486
1504
1819
1702
1442
2438
2122
2138
2864
2484
2453
2257
2199
1920
3002
2422
3258
3530
2565
2655
1641
2887
2738
3218
2816
1800
2080
2267
2169
2130
2291
2244
2413
1402
2218
2519
2781
2735
2689
2604
1844
1571
1725
1558
2129
2776
2399
1399
1548
2171
2426
1995
1550
3466
2764
1760
2761
1761
2852
2885
2611
1815
1787
1605
1731
1175
1366
1485
1970
1653
1258
1511
2428
2732
3471
2504
3437
2436
3217
3654
3310
2307
3706
4202
3189
2182
3574
2573
2456
3193
2207
2412
3128
2127
2665
1667
2324
3123
2123
3264
2117
3812
2810
1812
3009
1993
995
1512
1650
2667
1668
666
855
2198
1186
1496
1682
1665
1967
2661
1634
660
1816
1875
1847
1981
2063
3409
2409
1412
2561
2139
1930
2401
2793
1795
2617
2987
1970
2073
1998
2043
1833
3050
2706
2917
1918
2730
2854
3526
2523
2916
3007
3240
2433
2775
2628
2318
2747
2733
2536
2592
2842
2624
2681
2958
3593
2579
2290
2353
1375
2259
2017
2280
2310
2952
2887
2781
1783
2365
2912
1881
1758
2879
1598
1874
1912
2023
2799
2605
2886
2732
1750
2094
3174
3470
2493
2486
2450
2188
1997
2711
3453
2462
2271
2236
2160
1930
2584
1590
2589
3492
2510
2748
2862
1654
3104
2094
2977
2980
1985
2853
3523
3515
2514
2688
1685
1966
2848
2377
2904
2570
2686
2584
2653
2302
2201
1222
2172
1547
2253
1763
1593
1579
2859
2056
2584
2727
1746
2185
2294
2262
1483
1231
1558
2173
2370
1367
1964
1956
2199
1827
2688
2150
1945
2637
2604
2511
1522
1763
2384
1820
1568
1983
2106
2150
2709
2131
2884
1911
2386
1814
1623
2192
1643
2104
2742
3471
2473
2286
2282
2668
1680
1768
2006
2015
2333
3538
2554
2271
2547
2778
2703
3173
2161
2114
2852
3134
1958
2569
2189
2813
2271
3953
2935
3135
2162
2780
3100
2100
2348
2240
2656
2861
1876
2170
2265
2409
1394
2772
1775
2077
1888
2273
1842
1779
2884
1870
2310
2479
2454
2456
1462
2375
3654
3344
2412
2255
4062
3063
2063
2030
2183
2694
2843
1823
2741
2766
1751
2796
3296
2323
2687
1653
3162
2161
2479
2346
1347
1418
1056
2106
2116
2543
4867
3883
3279
2303
2817
1818
2307
2350
3450
2840
1841
2672
2096
2216
3110
2968
1946
2784
2037
3332
3162
2178
2829
2799
2497
2712
3398
2238
2551
2681
2152
2211
3288
2272
2255
2998
2270
2530
3087
2893
3181
2802
2480
3312
2347
2430
3019
2020
1980
2033
1667
2627
1628
2357
1853
2153
2553
1679
2985
2176
2130
2903
1919
2057
2326
1598
2009
2958
1942
2152
1925
1824
2796
1794
2401
3006
2694
2849
2104
2106
1528
2221
2286
2200
2158
2875
2227
1249
1436
1855
2270
2294
2787
2227
2079
1858
2826
1790
2827
3325
2326
2251
2178
2466
1737
2366
2340
2288
2381
1854
2497
2803
2709
2584
2533
2441
1924
1961
2002
1970
3105
2260
2177
1985
2257
2222
2735
3319
2752
2277
2324
2216
2083
2308
2100
2925
1955
2188
2499
3418
3000
2040
1877
2496
2790
3434
2450
2331
2794
1779
2201
2680
1855
2487
1473
2585
2391
1373
1671
1700
2248
3021
2383
3115
2116
2731
1759
2794
2533
2449
1411
1973
1183
1741
2075
2198
1452
1423
2690
2048
2356
1806
2669
2944
3081
2149
3280
2295
1656
1398
1841
1977
2352
2644
2627
2190
1750
3010
3238
2926
2396
2088
2931
1934
2098
1585
2054
2449
1651
1012
1163
1380
1794
1449
2035
1368
1972
1104
1539
2108
1489
2322
2518
1519
1751
1662
1501
2192
2369
1644
1483
1367
1538
1271
1708
1993
2388
2312
1475
1239
1585
1307
1798
1512
1273
2024
2119
2256
1560
1299
1908
1777
2702
2568
1537
2712
2109
2883
2382
1404
1773
1728
2451
1452
1423
2448
2139
2957
1912
2119
2129
1936
2782
1737
2179
1698
2536
2758
1740
2058
1960
1860
2572
2739
2975
1976
1701
1125
1849
1608
2859
1862
2220
2826
1841
2697
2861
2794
2205
2453
2846
2293
1941
1636
2995
2486
3272
2444
1850
2768
2709
2014
2837
2618
2123
1965
1858
1870
2214
2258
2094
1330
1679
1880
2056
1412
1597
1762
1983
2084
2348
1978
1440
1500
1491
1580
1547
1318
1598
1574
1378
1281
1482
1861
1612
1559
1498
1430
1500
1519
1263
1334
1621
2072
1628
1913
1460
1555
1553
1600
1135
1443
1600
1359
1239
1205
1420
1344
1787
1527
1823
1380
1556
2130
2083
1085
1829
1385
1514
1613
1834
1530
2447
1770
1655
1455
1330
2202
2252
2295
1294
1257
1891
1760
2117
1559
2474
2251
1693
1613
2197
2150
1292
1240
1517
1366
1566
1530
1580
1282
1388
1567
1994
2266
1558
1452
1361
1444
1459
1579
2178
1606
1764
1939
2099
1352
1316
1464
1787
1782
1607
2290
2073
1341
1416
1582
1428
1449
1504
1389
1454
1464
2604
2348
2189
2552
2775
2493
2138
2101
2332
1329
1361
1790
1447
2160
2640
3270
2251
2862
2566
2329
2431
2752
2543
3078
2093
2706
1692
3098
4596
3566
4298
3272
2299
3578
2577
1579
2123
1120
908
1487
1134
2266
3177
2158
1158
1537
2443
1427
1739
1507
2481
1666
2051
1052
2717
1700
3237
2253
1256
2291
2448
2619
2033
1852
2208
2454
2386
2199
3516
2502
1519
2013
1783
2305
2831
1827
2186
2581
2036
2607
1815
2607
1761
1961
2542
2502
2521
3000
2783
2462
2685
2034
3008
2031
2752
3006
2025
2870
3208
2191
3336
2358
2154
2426
1794
2630
2370
2586
2930
2748
1747
3005
3043
2150
2427
2301
2490
2880
2669
2773
1795
2655
2843
2799
1808
1933
1905
2811
1826
1562
2209
3040
2422
1378
2193
2690
2117
2820
2921
2554
1983
1651
1340
2779
2007
1933
2885
1914
2524
2644
1662
2498
2460
1930
2765
3111
2780
3800
2817
1810
1600
2334
2101
3455
3340
2354
2116
1775
1496
1352
1490
2123
2271
2267
2187
1426
1435
2166
2163
2501
1796
1529
1786
1888
1567
1873
2124
2772
2756
1751
1772
2709
2142
1670
1328
1401
2006
2037
1426
1171
1152
1844
1980
1986
1980
2372
2258
1486
1346
1712
1564
1553
1447
1580
1440
1497
1473
1447
1566
1895
1450
1425
2262
2289
2007
1420
1330
1391
1516
1533
2080
2409
1942
2039
1990
1723
1146
1295
2214
2289
1288
1523
2012
2245
2046
1915
1473
1856
1797
2312
2788
1775
1673
2765
2324
1927
1372
2200
1442
1870
1915
2488
1492
1540
1287
1991
1395
1177
1954
2120
2303
1408
1564
1549
1360
1431
1447
1550
2039
2138
1492
2295
2209
1326
1372
1481
1259
1519
2059
2061
1844
2238
2122
1369
1162
1276
2235
1531
1317
1623
2045
1800
1421
1680
1652
2925
2570
2066
1972
1791
2172
1678
2982
3128
2130
2114
2713
2640
1621
1491
1460
1944
2024
1817
1729
2186
1983
1578
1440
2092
1266
1328
1542
2336
1747
2111
2180
2198
1193
1400
1268
1041
1285
1514
1320
1294
1289
1162
1253
2027
1890
1819
2592
2375
1377
1895
1932
1425
1419
2190
1574
2195
1988
2245
1794
1383
1653
1446
1509
1489
1425
1774
1157
1435
1134
1509
1312
1907
1758
1915
2097
3509
2531
2753
2845
1845
2934
2686
2405
2313
2306
2068
2407
2358
2238
3282
2277
1818
1752
2534
2503
2849
2638
2041
2524
2844
2292
2184
2159
2017
3165
2158
2271
1798
1372
1343
2009
1923
1519
1855
1975
1850
1952
2388
2810
1812
1282
1360
1719
1575
2006
2044
2504
1502
1446
1563
1489
1458
1608
2007
2204
1663
2390
2400
2349
2028
1357
1397
1505
1473
1495
1609
2157
2083
1962
2173
2055
1394
2269
2353
2180
1781
1466
1486
1599
2153
2237
2155
2326
2198
1846
1240
1787
2237
1746
1501
1545
2109
2277
2792
2564
2921
2979
1982
1531
1565
1410
2044
2245
1704
1470
1533
2012
2243
2175
1622
1322
1149
1370
1272
1296
1554
2167
2101
2357
1754
1480
1479
1542
1515
1307
1527
2088
2515
1533
1431
1924
2673
2490
1473
1807
1896
1797
2107
1901
1460
1472
1578
1543
1761
1589
1399
1491
1462
1837
1377
1694
2025
2700
2737
1735
1319
1479
1566
1488
1505
1665
1539
2496
2384
2333
1389
1571
1506
1913
1757
2545
1577
1811
2896
2760
2135
2098
1585
1527
2302
1551
1392
1557
2117
1849
1519
1519
1470
1489
1522
1427
1335
1537
1496
1399
1550
1385
1472
1503
1260
1872
1521
2100
2022
1273
1220
1542
2054
2249
1577
2201
1470
1418
1591
1390
1438
2090
2146
1570
2091
1386
2866
2400
2514
2653
2544
2609
2235
1583
2135
1564
1492
1859
1809
2238
2213
1989
2928
2647
2818
1834
1267
2401
1398
1900
1910
2695
3517
2516
2510
3512
2512
2177
1579
2441
2462
2423
2788
2719
3006
3039
2041
1947
1692
1763
1865
1835
1182
1983
2858
2385
1383
2030
1813
1878
1843
2122
1547
1539
1312
2005
2223
1971
1522
2079
1790
1369
1489
1610
2338
1511
1903
2096
1994
2267
1746
1967
1758
2198
2448
1839
1898
1361
1285
1272
1478
2198
1558
1758
1433
1366
1307
1253
2045
1502
2070
1506
1419
1382
1268
1429
1533
1571
1632
1545
1425
1425
1559
1761
1412
1650
2245
2101
2575
2712
2769
1769
2021
1386
2104
1947
1814
1555
1577
2016
2241
2127
1351
1479
2490
2190
2331
2226
1594
1489
1535
2135
1996
2781
2704
1722
1680
2403
2280
2697
2745
1746
2173
1745
2193
2016
1830
1765
1924
2515
1850
3010
2315
2316
2498
2141
2024
2827
2759
3133
2131
1491
2509
2284
2319
2292
1986
2509
2482
3064
2064
2490
2848
2244
1655
2128
2218
2662
2516
2285
2114
2493
2733
1559
1678
2685
3547
3428
2404
1979
2343
2249
2157
2169
2486
1837
2439
2250
3186
3308
2326
2103
2180
2371
2381
2399
2454
2792
2706
2057
1885
2442
1441
1427
1258
2681
2759
2650
2479
2389
2213
2415
1730
2812
2655
3713
3824
2827
2724
2793
1815
1837
2531
3368
2369
1770
1920
2357
1757
2489
1891
2465
1465
1820
2533
2625
1831
1744
1405
1743
2227
2349
2337
2292
1866
1759
2935
1950
1995
2068
2100
2972
2564
1954
2108
2035
2786
2404
2302
2834
2280
1809
2483
1920
2207
2689
2542
1717
2805
2905
1890
1798
1741
1879
2208
2644
1643
1936
1989
1797
2132
1945
2902
1898
2000
2389
1868
2758
3819
2811
2177
2730
2238
2447
3053
2052
2373
2222
1399
1379
1464
1188
1834
1825
2636
2422
2228
1520
1493
1621
1787
2282
2373
1868
1356
1442
1349
1522
1177
1754
1824
2101
1832
1315
1640
1108
1733
1488
1858
1303
1788
1505
1820
1647
1258
1889
1832
2676
2202
2484
2314
1691
1675
2283
2274
2251
1341
1216
1839
1627
1566
2090
1123
1779
1519
1307
1829
1587
1447
1588
1683
2348
1747
1447
1441
1906
2226
1684
1622
1637
1730
1662
2128
2196
2190
1484
1388
1411
1522
1375
1349
2357
2179
1615
1524
1330
2400
1810
2276
1676
2056
2597
2167
2236
2828
2349
2876
1863
1262
2584
2118
2381
2158
2601
1598
1723
1627
2243
2317
2377
2387
2270
2583
1570
2012
2309
2408
2666
1651
2614
3017
3373
2542
2171
1540
2257
1564
1811
2303
1751
2225
2957
1990
2027
2477
2911
2266
1266
2235
2556
1557
2320
2032
2254
2056
2984
3071
2065
2170
2190
2560
1974
2487
1659
1470
1718
2020
2070
2373
1871
1416
1396
1634
1571
1731
1756
1742
1564
2210
2047
1937
2281
1982
996
1701
1916
2620
1989
1471
2179
2038
1951
1868
2170
1916
2100
1272
1496
1369
1473
2438
2747
2374
1505
2112
1443
1639
1515
2307
2110
2083
1296
1537
1169
2239
1774
2103
1371
2222
2350
2328
1327
2248
2448
1272
1426
2623
2471
3166
2168
1939
2438
2008
2512
2210
2435
2490
2701
2321
2093
2637
2652
2585
2097
1836
2601
1973
1903
2300
2226
1839
2558
2152
3001
2004
2319
2325
2513
2576
1998
2205
1720
1546
2415
2514
2374
2218
1784
810
1822
1876
1935
1343
1342
998
1893
1382
2306
2330
1328
1620
1108
2182
1739
1629
2341
2200
2257
1896
2748
2767
2201
2292
1738
1592
2709
2803
2251
2535
2928
1929
1928
2431
2825
1805
2344
2634
2131
2637
1653
1879
2451
2889
1863
1747
1791
1832
2037
2444
2074
1250
1401
1935
1454
1382
1299
1248
2018
2114
2159
1509
2084
1489
1248
1223
1557
1610
1434
1530
1408
1813
1813
1831
1129
1787
1396
1446
1159
2318
1492
1286
1378
1295
1844
1284
1878
1728
1187
1455
1630
1343
2053
1596
1457
1328
2329
1343
1468
1428
1175
1152
1724
1300
1431
1482
1485
1606
1507
1228
1733
1394
2265
2197
1495
2301
1537
1416
1410
1437
1606
2247
2065
1454
1425
1385
1239
1393
2130
2234
1230
1558
1424
1534
1620
1303
1314
1255
1425
2119
1433
1699
1791
2079
1601
2228
1738
1936
1403
1723
1769
1864
1924
1762
2128
1934
2382
1837
1629
1828
1889
1842
2985
2297
3138
2137
2174
1941
2246
2297
2052
1452
2030
1471
1542
1425
1537
1782
1552
1834
1740
1393
1744
1522
1917
1465
1611
1434
1415
1541
1431
1570
1397
1371
2196
2004
1415
1359
1587
1498
1242
1780
1408
1265
1545
1401
1326
1463
1521
2202
2277
1356
2218
2233
2109
1481
2524
2414
1418
1238
1434
1332
1538
2327
2063
2066
2802
2347
1460
1386
1413
2291
1545
1949
1368
1493
1814
2165
2093
1244
2051
2096
2342
2306
1971
1417
1832
2044
2178
2645
2820
3120
2916
2600
2409
1424
1896
2414
2190
2200
2042
2023
1968
1165
1478
1865
1860
2483
1750
1906
1239
1381
2184
2090
1457
2393
1511
1401
1410
1374
1286
1852
2387
2433
1451
1521
1469
1487
1730
1421
1425
1613
1880
2035
1933
2396
2034
1517
2514
1859
2086
1904
2421
2420
1673
1250
1490
1567
2094
2155
2073
1218
1462
1505
1385
1877
2077
1987
1956
1332
1487
1574
2137
1431
1797
1373
1672
1244
1440
2295
2113
2791
1788
1472
1369
1284
1303
1808
2147
2231
1628
1194
1465
2013
2191
1192
1904
1784
1689
1458
2059
2347
1574
1571
2433
1448
1437
1705
1375
1621
1746
2170
2300
2352
1457
1436
2236
1593
2201
1538
1418
2113
2135
1270
2274
2297
1727
1266
1259
2502
2069
1645
2135
1471
1777
2199
2185
1343
1862
2145
1330
1617
1790
1794
1686
1874
2143
2173
1424
1379
1344
1579
1882
2084
2042
1540
1566
2300
2047
2462
2525
2144
1342
1405
1407
2265
1970
2138
2321
1455
1516
1518
1521
1536
1559
2139
3348
2848
2374
2475
2001
1851
1944
1496
1907
1803
1353
2561
2111
1667
1527
2238
1789
1300
2324
1836
1393
2231
1792
1346
1724
1225
1974
2065
2432
1589
1988
2317
1316
1379
1524
1937
2451
1449
2124
2457
1560
2038
2522
1518
1566
1560
2159
2384
1589
2275
2026
1248
1736
1755
2739
2377
2454
2353
1895
2166
2407
1548
2162
2984
2038
2187
2780
1782
1595
1920
1622
2685
2635
1619
2575
1576
1972
2014
2282
2056
2207
2360
1444
2110
2061
1309
1468
2039
2085
2297
1392
1468
2032
2543
1990
2642
1956
2939
1924
1819
1639
2041
1890
2780
2803
1836
1443
2265
2267
1860
1545
1875
1069
1554
2208
2078
1077
1252
1628
1799
1955
2216
1780
2570
2336
1580
1516
2248
2088
1108
1487
1593
2288
2548
2212
1964
1923
2095
2179
1432
1603
1916
1542
1450
1493
2338
1995
2155
1761
2477
1726
1653
2044
2383
2518
1489
1536
2018
1468
1445
2278
2210
2223
2063
1393
1637
2177
2628
2253
1445
2290
2255
1464
2306
2304
1304
1857
2341
2249
1461
1316
1773
2164
2183
1353
1511
1896
2054
2146
1313
1807
2237
2085
2144
1983
2188
2151
1343
2014
2270
2138
1124
1536
2376
2124
1174
1747
1562
2136
2321
1319
1327
1831
2181
2150
1625
2219
2165
1202
1402
1468
2355
2035
1394
2319
2029
1415
1876
2016
2238
1250
1601
2123
2122
1425
1948
2251
2123
1992
1461
2220
1950
3517
2687
2306
2343
1926
2035
2410
1593
1767
1435
2064
1621
2229
1976
2107
1437
1576
2274
2123
2505
2211
1395
1788
2232
2143
1323
1661
1641
2080
2926
1943
2099
1629
1519
1865
2870
2841
1866
1471
2637
1640
2069
1550
1733
1839
1868
2358
1864
1986
2230
1656
2097
2058
2476
2954
1973
1711
1708
1849
1478
1393
1496
1274
2148
2503
2010
1921
2326
2376
1835
2266
1697
1771
3013
1998
2043
1424
1779
2155
2971
2404
1401
1962
2376
2166
2592
1617
2654
2740
2005
2711
1749
2601
3259
2416
1729
2531
1852
2184
2865
2952
2950
3464
2496
2186
2369
1973
3038
2595
2339
2128
2647
1665
2312
1988
1544
1881
2233
2041
1678
676
1981
2218
1242
2150
1714
1342
1817
2229
2124
1881
1813
1802
3064
2078
2406
1393
2110
2333
2295
2251
2118
2973
2883
1883
1968
2273
1662
1709
2383
2249
2624
2660
1642
1713
2042
1766
2379
2010
2938
1956
2296
2415
2587
2260
2434
2612
2025
2709
2742
2628
1629
1974
2518
2401
2366
2883
2713
1718
2738
3002
2598
2136
2353
1818
2010
2224
1815
2505
1997
2563
2149
2264
1774
2114
1549
2061
2692
3330
2316
2185
1711
2322
1707
2081
2448
1899
2669
1668
2347
1869
2496
2978
2620
2661
2113
1944
2887
2801
2230
1869
1227
2002
2086
2095
2092
2028
1636
2009
1392
2304
1820
2454
1827
1720
2660
1694
1909
1539
1311
2222
2024
1927
1699
1625
2283
2650
1967
2053
1802
2604
2733
1801
1736
2358
1683
2165
2339
2297
2651
2250
2646
1668
1428
1759
2019
2818
1805
2068
2694
1684
1908
2241
2300
2218
2064
1517
1770
2210
2141
1832
1735
1613
2308
2578
2552
2502
2940
1943
2202
1799
1789
2640
2016
1833
2192
2378
2578
1968
1718
3106
3043
2005
2285
2152
3075
2608
2092
1947
2469
2549
1756
1766
2123
1757
2755
2157
1632
1935
2882
2507
2253
2157
2213
3294
2276
2417
1791
1910
1902
1765
1743
2438
3014
2063
2399
2968
1970
2127
2538
2350
3560
2735
2729
2525
1544
1823
1995
2003
1239
2057
2100
2247
1365
1436
1414
1498
2149
2348
1481
2152
2139
2448
1448
1632
1430
1500
1460
1595
2650
2520
1522
1216
1912
1827
1776
1244
1569
2715
2947
2428
2323
1675
2062
2379
1995
2274
2454
1471
1664
1535
2450
2358
2265
2551
1557
2086
2081
2315
1385
1926
2176
2099
2021
2317
1702
2300
2143
2069
1767
2224
2150
1240
1489
1873
2239
2116
2256
1387
2096
2418
1416
2171
2085
2309
2768
1788
1843
1866
1943
1967
2276
2529
2133
1738
1614
1884
2353
2794
1773
2318
2214
1214
1452
2111
2116
1231
2077
2324
2107
1241
1474
2184
2144
2137
2118
1308
1559
2293
1591
1511
2351
2802
2679
2109
2089
1429
1535
1536
2001
1855
2234
1349
2088
2517
1601
1901
2228
2061
1457
2015
2085
1996
1108
1496
1744
2186
1909
1333
1466
1990
2695
2407
1393
1996
2109
2040
1303
1511
2374
2514
1518
1825
2057
2221
2186
1422
1439
2205
2173
1523
1936
2150
2511
1498
2031
2350
1428
2205
2086
2222
1403
2070
2422
1461
2285
2303
2065
1819
2191
2457
1458
2300
2119
2676
2102
2086
2108
1344
2091
2191
1602
1573
2080
2677
1700
2221
2152
1466
2275
2172
1424
1540
2091
2529
1526
1598
2235
2163
1337
1561
2192
3146
2145
1850
1364
2389
1387
2172
2180
2361
1345
1954
2473
2219
1448
1958
2053
2196
1425
2064
2288
1415
2121
1881
1170
1541
1954
2153
1977
1923
2286
2247
1476
2244
2302
1429
2088
2120
2127
1455
2054
2199
1560
2193
2163
1337
2241
2020
2181
1397
2006
2080
2229
1528
1859
2437
1553
1972
2269
1934
2351
2397
1428
2001
1995
2461
1552
1972
2520
1491
2096
2453
1452
1960
2113
2308
1462
2171
1996
1488
2835
2673
1675
1539
1518
1963
2020
2520
2070
1404
1745
2194
2085
1222
1536
1956
2435
1541
1460
2095
2146
1400
1350
1584
2294
2040
1487
2141
1849
1989
1094
1570
2109
1928
2029
1465
2038
2832
1831
1669
1511
1961
1934
1362
1468
1582
2143
2124
1959
1256
1334
1400
2333
2182
1562
1461
1274
1506
1612
1826
2204
2302
1958
1336
2097
2094
1851
914
2042
1241
2456
2073
1637
2043
1623
1875
2153
1268
1528
2290
1956
2551
1572
1487
1582
1442
1441
1452
1424
1200
1301
1931
1654
1976
1297
2076
1498
2159
1507
1678
1359
1274
1911
1408
1802
1510
2208
1523
1870
1902
1805
1657
1611
1648
1475
1164
602
1406
1363
2189
1231
942
1438
1123
1217
1189
1173
1266
2316
1476
1798
1557
1394
1345
1915
1064
1571
1500
1584
1380
1037
1357
1187
1409
1202
1071
1282
1677
1777
1554
1263
1288
1635
1176
1554
1003
1174
302
1240
1289
1113
1743
1307
1645
1088
1622
1185
1028
1051
873
974
1215
1127
1011
1262
1730
1264
1575
1473
1841
1334
1429
1214
1126
1092
1966
2069
1521
1184
1434
1343
1391
1332
1149
1677
1272
1951
1558
1674
1868
2255
2165
2337
2287
3187
2273
2325
2507
2439
2440
1445
1234
1172
1709
1179
1161
2203
2445
2126
2275
2193
1822
1588
1396
2756
2468
1982
1656
1874
1926
2318
1952
2658
2580
1598
2927
2333
1332
1924
1969
1641
1974
2426
2503
2288
2496
1520
1999
2450
2140
1143
1942
2263
2500
1481
1118
1931
1474
1643
2196
1953
1235
1268
1230
1335
1388
1294
1279
1318
1395
1289
1089
1522
1429
1441
1930
2344
2397
2012
1615
2344
1784
1412
1433
1394
1451
1530
1312
1677
1813
2135
2502
2859
2944
1942
1427
2166
1461
2136
1813
1367
1763
1612
2361
2277
1294
1101
1442
1449
1581
1973
2146
2205
2054
1599
1946
1252
2115
1615
2089
1835
1416
1387
1306
1453
1716
1505
1419
1632
1381
1630
1542
1833
2051
1387
1766
1769
2249
2455
2188
1188
1230
1864
1563
2126
1483
1389
1277
1449
2190
2152
2256
1493
1221
1482
1510
1549
1602
1939
2070
2512
2259
1480
1877
1745
1565
2730
2321
2143
2226
1391
1761
2512
2219
1510
1366
2087
2521
2150
1330
1391
1669
2368
2411
2545
1588
1971
2211
2142
1348
2167
2140
1551
1446
1721
1425
1449
1903
2380
1391
1575
1592
2268
2412
2370
1523
1533
1473
1558
1612
1914
2352
2337
2281
1532
1980
2190
1312
1506
1888
2165
3193
2211
2147
1655
2114
2074
1310
1790
2101
1959
2196
2471
1521
2193
1862
2249
2090
2376
1378
1811
1889
1136
1482
1840
2140
1384
1228
1459
2019
2423
1423
1460
2065
2094
2284
1417
2013
2138
1581
2071
1926
2413
2164
1480
2100
2235
1236
1396
2325
2209
2215
1412
1492
2306
2279
1438
1478
1965
2077
2286
2228
1980
2165
1238
1519
2164
2205
2291
2222
1515
2145
2166
1344
1554
1570
1861
1846
2061
2960
2411
2142
2681
2167
1832
2552
2830
3018
2039
2160
1500
2323
2386
2654
2111
2326
1615
2441
3439
2423
2407
2793
1796
1801
1822
2636
2197
2289
2379
2270
2453
1848
1796
2099
2587
1591
2317
2610
2278
1659
1748
2127
2747
2356
1750
1884
1211
1818
2559
1939
2341
2420
2039
1358
2713
1731
2047
2447
2369
1968
2010
2245
1851
1824
2181
2919
1919
1732
2297
1785
3294
3266
2268
2819
2474
1917
1887
2181
1737
2038
1511
1666
1627
1435
1264
2107
2617
2234
2326
2144
2508
2756
2174
2530
1529
2883
1883
1694
1504
1602
1632
1585
1683
1687
1942
1316
2239
2672
2475
2324
2910
3461
2462
1888
1999
2980
3064
2069
1980
2396
1880
3112
2714
2301
1770
1904
2505
1861
2524
2080
1982
2065
1455
1444
1525
1379
1364
1551
1824
1277
1816
1901
1434
2141
1689
1645
2223
1667
2840
1844
1998
2244
3673
2673
2289
2012
2330
2041
2144
1784
1833
1095
1554
2128
1905
1491
1978
1900
1959
2250
2326
2389
2602
2043
2223
2076
1934
1887
1770
1190
1727
1666
1344
3274
3244
2882
1882
2195
2526
2957
1957
2484
2098
2832
2235
1660
2170
1707
2563
1566
2060
1440
2163
2275
2494
2100
2098
2356
1399
1550
2155
1434
2374
2500
1894
1905
1925
1835
1949
1878
1909
2393
1598
1799
2341
1851
1711
2208
1207
1932
1279
1559
1477
1566
1580
1841
1961
1453
1634
2152
1150
1326
2172
1775
2124
2093
1214
1889
2000
2009
2079
2664
2754
1754
1541
2012
2061
2165
1164
1249
1550
1454
2271
1711
1614
1157
1829
1986
2383
1802
1499
2324
1518
2445
1724
2227
1247
2997
1997
2121
2161
2227
2373
1520
1509
2052
2370
1401
1331
1243
1764
1336
1987
1410
1708
1421
1534
1362
1751
1442
1481
1752
1246
1871
1469
2067
1905
1536
1978
1390
1794
1792
2314
2130
1202
1231
1478
1290
1587
1615
1589
1530
1457
1609
1291
1831
1789
1351
1811
1699
1161
1706
1520
1699
1355
1771
1307
1209
1345
1487
1409
1492
1595
2277
2105
1270
1209
2127
1980
2149
1571
1372
1459
1719
1373
1307
1316
1479
1366
1244
1908
1807
1773
1523
1488
1639
1328
1675
1486
2174
2120
2205
2174
1170
1695
1518
1860
2064
1315
2810
1812
1867
2663
2090
2046
1550
1688
1628
1526
1379
1448
1389
1377
1135
1059
1358
1691
1874
1782
1866
1593
2229
1450
1321
1583
1666
2555
1971
1473
2749
1906
1754
1507
1519
1418
1305
1378
1636
2605
2383
1852
1657
2379
2119
1632
2682
1719
1667
1497
1442
2363
1514
2222
2260
2505
1524
1493
1521
1559
1315
2132
1306
1758
1407
1887
2269
1848
1298
1878
1427
1263
1591
1713
1290
1467
1438
1477
2153
2325
1309
1578
1509
1485
1342
2107
1495
2876
1876
1873
1996
1650
2670
1815
1777
1601
1468
1383
1713
1519
1664
1601
1349
1261
1351
1584
2926
2630
2681
2413
2888
1888
2654
3015
3653
2654
4108
3108
2837
3807
2808
1808
2567
2297
3592
2595
2316
1314
1925
2172
2210
1212
1647
1738
1330
1332
1253
1007
1411
3114
2112
2312
1867
2056
2381
2790
3064
2062
2273
2519
1520
1947
2316
1727
1865
2553
2155
2200
1641
2045
1723
1796
2098
1100
1771
1892
1841
2491
1962
2817
2330
2092
1762
1306
2574
2047
1608
1689
1884
1994
1826
1843
3067
2092
1575
3395
2613
1615
2147
2313
1890
2853
2895
1895
2620
2227
1763
1729
1914
1919
2643
2042
1697
1724
2235
2934
1907
2389
2562
2922
1922
1928
1578
2367
1837
2838
2827
2001
1558
2292
2635
2638
2128
2290
1808
2329
1864
2372
1919
2593
1593
1639
2629
2578
1966
1792
2738
2353
2659
2247
1759
2428
1786
2306
2498
2326
3130
1888
2778
2636
1821
1824
2902
2416
2178
2227
2593
2003
1611
2617
2400
1401
1347
1911
2135
1556
2145
2689
1729
2392
2965
3301
2304
1777
1806
1837
2032
1905
2266
1458
2197
2068
2078
2063
2042
2137
1442
1788
1510
1502
1487
2181
2054
2220
1980
2065
1430
2508
2088
2329
1470
1558
2203
2198
2280
1280
1238
1502
1571
1575
1535
1428
1869
1820
2282
2765
2032
1468
2160
2203
1400
1856
1891
1810
2143
2465
2113
1526
2038
2206
2282
1282
1818
1858
1513
2030
2124
2187
1189
1696
1843
2309
2039
1552
1446
1425
1556
2200
2253
1751
2246
2273
1973
1999
2229
2159
1466
1359
1769
2145
1589
2688
2329
2775
1813
1280
1393
1450
1876
2460
2391
2334
1501
2415
2387
1571
2222
2406
2454
2619
2546
1562
2156
2145
2411
1911
1477
1987
1382
1548
1583
1550
1530
1452
1390
1271
1264
1311
1390
1549
2222
2155
1932
1102
1510
1879
1879
2321
1464
2046
2268
2071
1737
1613
1807
2453
2770
2159
3077
2079
2726
1691
2070
2393
2129
1291
1240
1714
1435
1479
2008
2187
2682
2560
1732
1711
1730
1979
2463
1967
2209
1430
2112
1528
2219
1991
1554
1331
1554
2339
2796
1796
1299
1908
2090
2189
1310
1884
1448
1802
1818
1842
2550
2392
2670
2733
2518
2296
2039
1344
1373
1668
2009
2142
1413
1531
1774
2417
2139
2385
2167
1316
1413
1984
1442
1488
1412
1883
2328
1813
1351
1465
2113
2194
2265
2037
2682
1685
2041
2254
1689
2010
1850
1610
1533
2626
3648
2658
2839
2636
1638
1439
1825
1513
2151
2093
2320
1564
1540
1585
1991
2057
2165
1320
2184
1478
1772
2522
2180
1302
1387
1407
1466
2008
2165
1431
1780
1574
1467
1399
1837
2364
2898
2331
1384
2737
2276
2047
2409
2012
1152
1415
1566
2051
2225
2165
2046
2395
2289
1289
1704
1879
1362
1555
2152
1957
2023
2821
1824
1835
1882
2190
2621
2526
2705
1706
1623
2169
2618
2612
2154
1994
1960
1478
2193
2356
2137
1990
1898
2940
2360
1865
2155
2790
1790
2120
1724
2508
2023
1799
1775
2177
2093
3075
2628
1914
1807
1803
1857
1809
2490
3046
2043
1452
1934
1818
2257
2377
1786
2218
1457
1906
2009
1930
1837
2862
1848
2503
2168
1168
1413
2004
2234
2189
1330
1337
1438
1755
2050
2518
1925
1430
1463
1796
2019
1618
1343
1537
2175
1642
1892
2185
2239
1417
1405
1436
1562
2527
2073
2244
1558
1351
1266
1499
1762
1501
1906
1871
1953
2019
1306
2163
1791
2233
1823
1601
2571
1540
2261
1531
1475
1356
1510
1545
1583
2361
2079
1571
1456
1354
1312
2157
2346
1303
1650
1486
1409
1250
1957
1467
1732
1793
1950
2171
2182
2644
2211
2072
2349
1623
1501
1833
1356
1397
1817
2082
2491
1489
1718
1450
1347
1959
2188
2569
1569
1332
1486
1463
1468
1321
1426
1507
1992
2477
2356
1973
2044
2230
1214
1450
1953
2008
2160
2136
1458
2187
1559
1598
2062
2228
2127
1238
1159
1310
1277
1273
1506
1465
1532
1687
1779
1981
1357
1888
1842
1880
1873
1671
1616
1820
1643
1500
1612
2128
1385
1519
1926
2413
1816
1642
1942
1221
2640
2123
1808
2762
2480
1482
1565
1551
1659
2305
2535
1536
1424
1689
1367
1338
1507
1971
1847
2034
2175
2147
1221
1336
1391
1543
1472
2261
2276
2298
1502
1404
1193
2134
1277
1475
1554
2326
2083
2283
1284
1376
2089
2862
1861
1346
1441
2153
2310
2311
1505
1389
1472
1590
1845
1591
1542
1559
1589
2002
2064
2207
1287
1581
1411
1472
1617
2174
2730
1713
1485
1542
1553
1556
1322
1310
1321
1386
1708
2201
2292
2169
1976
1347
1440
1262
1397
1360
2047
1513
1815
2282
2098
2718
2172
2311
1794
1887
2633
2543
2019
1806
1826
1476
1470
1984
2115
2233
1438
1780
1386
1608
2138
2065
1077
1518
2071
2199
1598
1368
1548
1544
2225
2073
2794
1778
1501
1433
1448
2300
2344
1945
1874
1887
2196
2421
1925
2295
1901
2655
1660
1864
2033
2158
1822
2499
2678
2187
1698
1699
1836
1600
1641
1770
1679
1586
2260
2012
2140
1688
1617
1696
1534
1548
1519
1671
1485
1960
2406
2801
1800
2403
2494
2346
1738
2271
1652
1580
1916
2041
2452
2529
2155
1652
2219
2297
2915
2422
1401
1605
2161
1451
1161
1495
1446
1617
1724
1667
1808
1775
2033
2268
1445
1224
1581
1835
1533
1785
2062
2118
1408
1427
1430
1813
1946
2188
2539
2041
2904
1902
1941
1825
1744
2584
2195
2313
1535
1381
1376
1384
1498
1590
1542
1372
1443
1323
1882
2506
1958
2318
2671
1846
1366
1443
2033
1868
1728
1050
1948
1503
1932
1821
1312
1426
2399
2146
1486
2031
1501
1870
1405
2233
1776
2258
1786
1521
1485
1980
1377
2219
3380
2494
1698
2457
2565
2138
1512
1996
1959
1730
1453
1802
1942
2208
1622
1839
2436
2090
2083
2167
3214
2214
1542
2710
1688
1818
1924
1705
2154
2112
2391
2475
2218
1846
1847
1962
2254
1883
1935
1457
2418
2368
2812
1810
1956
1635
2165
2376
1730
2059
1377
2082
1954
2711
2682
2399
1926
2273
2317
1739
2093
2036
2276
1567
2818
2301
1791
3009
2004
1468
1576
1310
1657
2747
1748
2046
2056
2529
2533
2382
1928
2195
2447
1783
2380
2175
1838
2038
2637
2601
2145
2442
2344
1730
1745
2297
1671
2146
1799
1222
1848
2624
1658
1547
2309
1790
2046
2539
1540
1823
2643
2179
2226
2388
1456
2105
2299
2875
2365
2777
2530
2124
2438
3285
2282
2146
2874
3234
2251
1531
1860
2338
2489
1505
1840
2252
2061
2061
1317
2166
2163
2139
1456
1423
1558
2077
2055
1441
1400
1879
1838
2072
1088
1171
1615
2221
1855
2356
1453
1268
1744
1441
1281
2268
1721
1920
1376
1661
1535
2182
2251
1448
2475
2364
1406
1735
1761
1897
1748
1792
2314
3299
2312
1826
1665
1938
1759
2336
1954
2000
2304
2774
1756
2169
2233
1911
2140
2035
1925
2767
1768
1494
2767
2310
3091
2092
1612
1893
2091
2060
3004
2003
1580
1109
1296
1502
1530
2350
2062
2024
1344
2075
1829
2150
1638
999
1555
1419
2255
1239
1443
1823
1432
2323
2142
1233
1989
2405
1405
1411
1961
1610
1462
1461
1791
2179
1583
1210
1672
1878
1779
1469
2281
1517
1439
1452
1531
1609
1489
1397
1698
1586
2293
2875
2167
2513
1516
2461
2558
2907
1897
1936
2497
2360
1358
2122
1184
1419
1974
1507
2126
1342
1367
2465
1886
1958
2441
2338
1514
1825
2065
2157
1158
1328
1964
1795
1481
1463
1530
2261
1552
1344
1464
1855
2045
1581
1465
2464
2775
1777
2182
2468
2535
1858
2206
2180
1434
2006
1903
2510
1508
1587
1294
2201
1957
2267
2115
2029
2108
1928
2056
1224
1471
2036
2144
1929
2149
1389
1405
1390
2100
2122
1883
1557
1840
1339
2252
1252
1590
2146
1550
1072
1232
1168
2501
2484
1481
1674
1464
2613
2810
2755
1750
2041
2089
1927
2471
2866
2756
1757
1560
1888
2591
2166
1833
1956
1841
1817
1974
2079
2010
2397
2211
1209
1513
1173
1359
1426
1355
1449
1285
2302
1959
2144
1160
1700
1319
1558
1623
1875
1648
2155
1926
1314
1293
1632
1563
3000
2473
1478
1475
1845
1600
2578
2150
1580
2067
1763
1811
1455
1921
1885
1908
2399
2367
1996
2174
1387
1487
1441
2011
2189
2266
1314
2206
2171
1346
1569
2419
2338
2051
2249
1461
2160
1512
2358
2460
2200
1435
2380
2319
1807
1437
1535
1371
2276
2242
2229
1594
1467
1305
1436
1434
1578
2130
1999
1776
1315
1801
2293
2324
1325
1596
1382
1334
1521
1724
1466
1871
2113
2196
1416
2281
2127
1940
1287
2111
1950
1556
2397
1592
1878
2110
1632
2831
1813
1360
1330
1964
2025
2208
2025
1260
1409
1098
1430
1411
1738
2310
2246
2185
1454
1847
2264
2535
1887
1545
1455
1318
1517
1513
1591
1570
1460
1852
1465
1448
2025
1999
2127
1128
1535
1712
1843
1486
1357
1431
1586
2134
2099
2326
2590
2544
1624
1375
1511
1993
2241
2099
1294
1565
1495
1396
1870
2266
1483
1525
1528
1372
1523
2152
2278
2056
1190
1463
1559
1457
1581
1509
1417
1453
1800
1793
1408
1756
1519
1535
1764
1632
1612
1486
1874
1572
1505
1566
1772
1517
1501
2155
2320
2021
2352
3462
2464
2165
2749
2386
1383
1938
2014
1721
2799
3044
3720
2665
2801
4098
3470
2501
2537
2437
2364
2420
2725
1719
2112
2082
1877
2385
2239
3234
2423
2160
3944
2940
1973
2243
2138
1828
1737
2435
3086
3216
2213
3076
3135
3219
2220
2763
4109
3123
2124
2107
1926
2683
3134
3101
2723
3317
3207
2238
2380
2129
2675
1715
3005
2410
2419
1423
2336
2331
2311
2259
1515
1430
1737
1483
1606
1595
2158
1471
1392
1630
1803
1747
1541
1834
1993
2102
2162
1457
1272
1465
2063
2343
1491
1869
1838
1576
1505
1387
1544
2136
2082
2223
1469
1821
1526
1360
1316
1409
2248
1849
1570
1496
1450
1506
1583
2087
2260
2053
2157
1265
1317
1691
1468
2166
1991
2079
2242
1241
1388
1429
1477
2422
2294
2417
2147
1821
1277
1793
2045
2119
2135
1767
1440
1562
1419
1478
2200
2219
2252
1267
1269
1431
1225
1445
1512
2002
2319
2077
1341
1993
2190
2120
1865
2093
2612
3212
2969
2918
2755
2802
1819
1970
2245
1811
1946
2296
1777
2478
2690
2379
3083
2102
2472
1822
2948
2946
1948
3541
2538
2468
3213
3145
2143
1828
1851
3046
2049
2359
2246
2371
2197
1919
2809
1809
2544
2242
2732
2261
2732
2676
2907
1901
1453
2403
2364
1523
2072
1939
1484
1881
1842
1737
1689
1761
1580
1406
1389
1525
1421
1418
1759
2117
2299
2171
2408
2275
2900
2400
2252
2009
2590
2826
2874
2779
3134
3064
2215
2296
2315
2265
1264
2150
2179
2012
1929
2246
1938
2700
2641
2606
1608
1574
2382
2398
2331
2730
2764
1762
1513
1768
2964
1951
2556
1556
2031
2034
2803
1981
2515
2890
2457
2555
2672
2283
2005
2023
2516
1511
1457
2316
2306
2106
1848
1824
3400
2401
2107
1996
1887
3497
2495
3116
3058
2060
2381
3182
3236
2884
2045
1963
2623
2683
1682
2439
2989
2939
1958
2704
2274
2181
2142
1271
1533
1964
1893
1407
1496
1931
2153
2101
1142
1779
1911
1505
1604
1913
2481
1484
1787
1770
2034
1436
2402
2470
1464
2219
1764
1526
2291
1593
1274
1522
2070
2213
2001
1518
1374
1910
1565
2708
2213
2970
2221
1203
1424
1357
2006
2088
2057
2043
2116
2217
2320
1324
1532
1370
1898
2183
2174
1596
2219
2244
2017
1587
1684
1512
2310
1549
1793
2167
2219
1420
1429
1412
2170
2047
1046
3041
2041
1523
2036
1781
1504
1785
2612
2027
2524
1802
1207
1645
1357
2015
2461
2473
1474
1498
1731
1324
2035
1615
2076
2756
1759
1410
1785
2218
2333
1615
1499
2209
1507
1206
1498
1722
1628
2128
3185
2936
1941
2940
3413
2984
1984
3025
2025
2280
2459
2776
2696
2691
2944
3131
2130
2947
2844
2246
2301
2451
1857
2319
2213
3164
2602
2502
2646
3195
2452
1453
1232
1938
2056
1830
2086
1451
1845
1950
1994
2115
1604
1869
1989
2398
2427
1845
2821
1825
2194
2383
1384
2872
2879
1863
1718
2119
2062
2677
2726
2276
1266
2161
2237
2245
1495
1804
2032
1961
1378
2029
1361
1446
2200
2334
1589
2122
2199
2083
2193
1424
1239
1776
1435
2493
2552
2490
2350
1522
1641
1515
1462
1434
1567
2265
2327
2212
1975
2160
1763
1408
1479
1530
1353
1881
1388
1970
2208
2745
2240
2299
1297
2092
2160
1359
1298
1385
1611
1849
2078
2074
1205
1718
2689
2681
2147
2518
2224
1316
1822
1730
1766
2678
1958
2057
1439
1567
2287
2124
2236
1569
2812
2242
1243
1362
1484
1431
1493
1604
1872
1523
2336
1338
1437
2189
2289
1814
2196
1474
1291
1287
2457
1906
2104
2697
1665
1297
1999
2433
2624
1625
1486
1359
1113
1359
2309
2139
1964
1107
1702
1906
1291
1385
2131
1566
2021
2544
2297
2286
1271
1925
1394
1416
1498
1615
1602
1681
1377
1416
1512
1436
1485
1373
1172
1651
1609
1202
1149
1155
1350
2139
1914
1380
1299
1764
1272
1718
1386
1899
1802
2795
3294
2707
1690
2245
2110
2266
2503
2336
2295
2315
2726
2790
2734
2694
2807
1787
1602
1621
2239
2067
2284
2103
1333
1821
1458
1346
1451
1828
1793
1526
2094
2283
2217
1337
1501
1610
1569
1547
1411
1360
1477
1582
1570
1581
1529
1809
2174
2041
2173
1308
1451
2023
2077
2123
1280
1371
1496
1435
1392
1500
2184
2163
1284
1635
1679
2523
2699
2911
1878
1640
1919
2206
2086
1632
2555
1560
2201
2243
1718
2355
2225
2298
1575
2036
1231
1376
1984
2135
2173
1376
1761
1732
1236
1244
1402
2027
2070
2293
1534
2318
2115
2714
1713
1483
1799
1773
2153
1518
1918
1812
2333
2177
1972
1217
1434
2074
2574
1601
1422
1874
2287
1729
1886
1662
1921
2293
2428
2851
2798
1797
1716
1559
1475
1438
1550
2069
2283
1878
2119
1920
2210
1419
1151
1691
1453
2007
1611
2113
2545
1546
1834
2868
2628
1846
2359
1751
2276
2036
1527
1863
1747
1384
1287
1701
1907
2468
1908
2262
1935
1863
2877
2322
1319
1105
1515
1466
2120
1995
1938
2111
1796
1944
1888
2548
1911
2033
1755
2745
2590
3054
3544
3514
2977
3053
2808
3166
2101
2718
3362
2360
2653
2968
2895
1924
3568
2586
2137
2207
1981
2165
2022
2877
1879
1817
2889
1890
2794
3100
2815
2710
2522
3418
2415
2929
2352
2098
1830
1911
2902
3316
2316
2260
2166
2023
3030
3049
2047
1898
2303
3188
2191
1983
1509
1845
2662
2106
2293
2237
2061
3156
2620
2563
1832
1879
1856
1836
1462
1801
2171
2293
1604
1323
1428
1622
1569
1443
1688
1856
1890
1649
1699
1732
1806
1815
1705
1941
2093
1441
1561
1469
1767
1871
1824
1854
1827
2206
1510
1417
1472
1460
1459
1446
1638
1362
1410
1560
1493
1351
1754
1697
1278
2018
1793
1873
1681
1572
1962
1740
2263
2344
2162
1541
1447
1963
2221
2239
2309
2653
2705
2399
2265
2609
2010
3149
2125
2340
2437
2487
2224
2983
2672
2038
1395
1501
1489
1866
1962
1873
1578
1507
1832
1790
1742
1535
1487
1554
1605
1409
1421
1341
1548
1590
1510
1434
1534
1699
1537
1559
1539
1441
1601
1475
1676
1717
2225
1629
2149
2050
1597
1856
1578
2069
1462
1515
1450
1789
1513
1489
1566
1439
1433
1465
1423
1451
1803
1788
1569
1642
2467
2366
1368
1564
1253
1332
1539
1418
1535
1826
1667
1498
1497
1403
1639
1842
1400
1941
2147
1898
1916
2198
2114
2350
2334
1337
2085
1882
1746
1447
1529
1489
1809
1516
1938
2206
2032
2472
1473
2594
1865
1619
1911
1255
1659
3387
3122
2095
3748
2773
3235
2239
2755
3168
4304
3305
4715
3716
4541
3575
2554
3061
2066
1066
1784
3491
2519
3091
2278
3223
2224
1226
1715
718
1567
2442
1477
2345
1345
1614
2261
2669
1647
2154
2777
1763
778
2434
1433
1714
1820
2423
2660
1606
1677
658
868
2049
2563
1737
2594
1595
2302
2821
1817
2457
3310
2313
3723
2753
3164
2167
2383
2247
2511
1508
2512
2816
2622
2843
1827
2383
2487
2775
2213
3288
2270
2504
2442
3432
2592
1611
1928
1922
2406
2559
2636
2487
2555
3057
2018
2960
3109
2124
2175
2427
1429
2387
2646
2656
3399
2397
2547
2621
2708
1713
1729
3624
2647
2590
2414
2747
1734
1741
2654
2707
1706
1665
2768
1770
1560
3035
2030
2017
3024
2059
2711
1688
2378
2633
3549
2549
2937
2734
3301
2287
2240
2357
2861
3096
2581
3026
3323
2327
2572
2655
3105
2104
2551
2226
2922
2535
3294
2297
2990
3040
2404
2560
2680
2555
2294
2433
3542
3715
2766
2651
2483
3297
3375
2813
1812
2646
2765
3202
2928
1928
2041
2037
1049
1174
1282
1360
1523
2275
1555
1967
1932
1939
1774
1800
2082
2557
2299
1426
1544
1541
1686
1838
1986
2297
1315
1293
1698
1589
2469
2176
1967
1639
2732
2241
2138
2266
2068
1268
1516
1817
2319
2273
1301
1408
2293
2377
1379
1269
1883
1598
2162
2100
2786
2855
1855
1677
2242
2557
1990
2133
2304
1306
1994
3561
3181
2213
2548
2687
2661
2596
2677
1690
2606
2801
1788
2034
2687
2459
2433
1443
2182
3201
2201
2171
2442
1872
1771
2252
2989
1811
2059
2824
2671
2869
1851
2331
3149
2661
1661
2170
2260
2088
2502
3081
3057
2074
2098
2739
2885
1887
1878
2449
2142
2077
1810
2772
2926
2384
2436
1935
2530
1687
2235
3360
2384
3210
2205
2520
2921
2425
2028
1459
1217
1874
1686
2799
2852
1870
1827
1676
2454
2591
1594
1544
1205
1573
1915
1943
2009
1430
1409
2218
1505
1959
2314
1730
1234
1575
1450
1342
2328
2087
2001
1303
1702
1591
1855
1520
1494
2293
1984
1366
1983
2234
1538
1470
1399
2133
2156
1543
1547
1452
1232
1572
1525
1474
1485
1557
1520
1831
2304
1979
1931
2405
1882
1311
1403
1588
1886
1855
1913
1692
1547
2593
1591
1956
1877
1752
2334
2192
2199
1957
3130
3214
3087
2088
2084
2770
3282
3356
2355
2167
2219
3826
2805
2750
2768
2847
4008
3036
2848
2363
2058
2408
2663
2836
1821
2723
1689
1774
1930
2005
2375
1917
1787
2302
1329
3287
2670
2639
2661
1662
1924
2842
2509
1516
1444
1303
1180
1128
1766
1312
1579
1783
1703
1719
1873
1913
2435
1997
1667
1457
1292
1149
2314
1805
982
1119
1417
1662
1358
1212
1988
2295
1332
1890
1884
2061
1436
1746
1441
1747
1436
2225
1426
1213
1253
1243
1223
1405
1577
1224
1836
1945
2282
1405
2252
2387
2047
1851
1860
1443
2072
1589
1426
1400
1884
2562
2167
2255
1221
1241
1613
2869
2373
2446
1989
1536
2603
2126
3007
2559
2695
2243
2620
2173
3193
2566
2108
2636
2197
3564
3119
2662
2216
2723
3213
2772
2285
2801
2356
2971
2457
1994
3189
2882
1879
2254
2120
2562
2658
2152
1989
2440
1912
2415
1828
1264
2065
1716
2253
2270
2123
1198
1792
1946
2621
2335
1527
1433
1464
2176
2061
1435
1241
1413
1310
1228
1383
1366
1578
2091
2290
1478
2000
2107
1380
1500
1565
1359
1915
2439
1568
1622
1514
1454
1929
1868
1515
1509
1550
2184
1996
1594
1493
1502
1537
2273
1594
1500
1394
1440
2480
2106
3353
2354
2377
3245
2244
2124
3140
2313
1857
1927
1845
2262
1983
2678
2492
3370
2367
1367
2201
2960
2806
2338
1916
2380
2126
1313
1503
1846
1653
2399
2930
1929
1845
2646
2177
1803
1545
2369
2222
1284
1341
1426
1752
1869
2074
2117
2314
1543
1473
2123
1617
1458
1485
1535
1792
1998
1492
1616
2325
1725
1744
2419
2371
1450
1881
2091
1920
1296
1949
2206
1971
2867
1867
2158
2006
2110
1471
2321
2196
2195
1895
1356
2188
1837
2315
2556
1547
2005
2203
1343
2192
2321
2254
2202
1467
1568
2376
1843
2383
1297
1696
1442
2326
1771
1930
2568
2736
3213
2209
2624
2625
1607
2130
1397
1268
1799
2242
2201
1328
1578
1892
2258
1534
2153
2223
1968
1319
1510
1407
2407
1712
2163
1243
1551
1981
2280
1549
1653
1608
1431
2798
3075
3612
2614
3377
3359
2359
3925
2907
2673
1675
2981
1947
2928
3722
2720
3562
2582
3273
2244
1238
1681
3470
2440
3203
2205
3168
2143
1166
1995
2852
1873
873
1302
2915
1915
912
1538
2315
1313
1617
2214
2762
1762
2003
988
2182
2862
1862
864
1452
2022
2095
1243
1733
2129
2736
3547
2543
2874
1875
2893
3510
1466
2347
2743
2886
3169
2173
2439
2284
2590
2643
2593
2826
2636
3551
3521
2562
3300
3183
2184
3093
3046
2221
2242
2211
3240
3087
2088
2911
2904
2797
2214
2464
2580
2206
1721
2488
2367
2866
3551
2554
3434
2413
2426
2600
2561
2891
2913
3075
3114
2812
2899
3370
2650
3555
3499
2499
2979
2514
3417
3368
3556
3271
2292
2325
2633
3013
2014
2549
2796
4211
3179
2738
2596
1620
1827
2949
2008
2010
2446
2699
3792
3204
2787
3289
2230
2023
2743
1741
3912
2897
1876
3147
3055
2085
2115
3023
2695
1696
2827
2465
2566
1981
2160
3205
2180
3106
3048
2049
1897
3277
3578
2601
1572
1550
3787
2788
1789
1772
2452
2186
3195
2791
3853
2843
1867
2094
2314
2646
3031
2030
2387
3090
3084
2059
1977
2158
2507
2678
2785
2896
1898
2066
2165
3371
2174
2718
3430
2431
2565
1563
2229
1250
1323
1830
1679
2493
3304
2307
2387
2195
2213
2523
2877
3158
2143
1924
2330
2495
1494
2241
2400
2819
1819
2413
2274
2969
2141
1995
2945
3407
2402
2153
3342
2337
3595
2599
1600
2382
2220
2486
1490
1431
1588
2278
1349
2246
2110
2352
1368
1502
1520
1583
2301
2015
1344
1246
1346
2000
2276
2307
1974
1268
2159
2261
2224
1223
1549
2228
2176
1349
1430
1290
2125
2324
2098
1287
1594
1849
1871
1975
1495
1518
2050
2183
1538
1834
2167
2109
2010
2627
2712
2591
2333
1874
2669
2668
2510
2086
2160
2061
2162
2042
1886
1803
1720
1735
2099
2400
2877
2726
2171
1908
2421
2465
2115
1602
1348
1515
1195
1500
1561
1598
2696
1785
1605
2108
1988
1199
1331
1529
2039
1576
3011
2041
1278
1868
2093
2386
2520
1864
1552
1604
1806
1855
2032
2194
2984
2802
2731
2778
1915
2533
1825
1739
2033
1974
2699
2528
2510
1975
1391
2096
2293
2089
2082
2167
2263
1248
1399
2230
1603
2126
2235
1917
2192
2088
1197
1524
1531
1582
2079
1927
2376
2375
1520
2272
2521
1538
2130
1527
1459
1549
1567
2146
2044
2394
1438
2017
2074
2247
1249
1441
1312
1536
1450
1586
2035
2152
1491
1612
1514
1885
1412
1540
1860
2087
2678
1679
2141
2241
1534
1618
1918
2718
2086
1865
1543
2156
2178
2161
1541
2369
2206
1730
1410
1441
1309
1821
1904
3934
2958
3699
2522
3451
3896
2897
3059
2029
2867
1871
2704
3799
2795
3708
2709
3442
2445
3139
2108
3472
2443
2900
1901
2562
3670
2667
1671
2966
1965
933
1814
2769
3191
1952
1174
1808
3796
2797
1797
2360
1351
1213
1451
1700
3122
2121
2768
1770
2833
1833
795
1761
2919
2651
1650
1269
2006
2400
1401
2242
3319
2321
1321
1515
3909
3076
2083
1086
2139
1136
2863
1847
2370
1371
1637
2172
2704
3278
2279
2855
1858
2103
2695
2844
2397
3073
2961
2976
1976
1774
1933
1974
2885
2903
2837
3381
2556
2748
1730
2945
1929
1960
2189
2401
1816
1991
1776
1314
3341
2366
2177
3915
3402
4272
3272
2272
2376
2422
2576
1575
1859
2136
2450
3294
2323
2519
2454
2852
2899
3005
2004
2488
2395
3163
3909
2917
1917
2666
2873
1871
3051
2052
2827
3263
2263
2240
1239
1858
2129
2542
2508
2680
2627
1599
3718
2716
3259
2584
2551
2182
2013
2695
1693
2147
2616
2572
2753
2551
2570
2566
2303
2139
3256
2256
2036
2664
2465
2638
1636
2439
3590
2590
3030
2998
2002
2059
2863
1851
3194
2367
2557
2879
1865
2957
3010
2935
2994
2941
3011
2010
2569
2835
2823
3015
3107
2146
2581
2920
3098
2097
1990
2270
2509
2809
2895
3374
2377
2318
2287
1108
2252
3427
2427
2962
3035
2015
1835
2349
2318
2935
2971
2644
3752
2753
2811
2700
3503
2504
2080
2923
2698
2343
2119
2115
2763
1766
2529
2552
1880
2878
2763
1936
2404
2284
2456
2641
4060
3059
2856
2335
1564
1481
1533
2261
1882
2011
1320
1338
2116
2432
2275
1695
1465
1628
2457
2224
2169
2318
2258
1384
1426
1969
2232
2267
1250
1508
1580
1678
1987
2589
1602
1415
1752
1476
2462
1596
1560
1587
1493
1572
2051
1987
2286
1285
1791
1795
1825
1958
1755
1649
2058
2830
2839
2348
1782
1784
2186
2028
2976
3357
2361
2249
2186
2450
2840
1837
3144
2578
2053
2730
3196
2633
1635
1628
1991
2023
2041
2898
2942
1943
2333
2199
2459
2446
2425
1427
2188
2215
1344
1427
1487
2102
1964
1433
1825
1131
1386
2230
2385
1405
1606
1809
2468
2360
1731
1204
1489
1621
2007
2028
2094
1335
1095
1156
1239
2017
1914
2046
1883
1307
1558
1385
1468
2231
1993
2207
1306
1544
2340
1360
1651
1546
1931
2156
1508
1258
1560
1982
2074
1470
1971
2106
1998
1811
1226
2027
2776
2534
2447
1420
1362
1581
2058
2032
1612
2369
1366
1492
1951
2321
1320
1545
2066
2170
2153
1516
1485
1488
1514
1763
2067
2297
2285
1284
1457
1581
1442
1531
2091
1530
1632
1408
1487
2260
3066
2066
1910
2012
1866
2936
2783
2505
1507
2448
2444
1445
2061
1142
1811
1340
1830
1547
1453
1771
1487
1859
1807
1713
1634
1730
1898
1926
1917
1959
2021
2399
2194
1488
1198
1426
1067
1893
1356
1780
1207
1179
1395
1331
1414
1496
1496
1296
1890
1956
1486
2523
1525
1878
1759
2092
1930
2257
2372
2239
2397
2066
2007
1982
2195
2181
2889
2353
1896
1873
2428
2270
1491
1099
1426
1509
1497
1223
1357
1248
1540
1415
882
963
919
1014
1260
1113
1361
1100
1856
1213
1220
1765
2111
2688
3219
2743
1729
1697
1785
2618
2209
2242
2822
1821
1683
1987
2102
2390
2739
2410
2100
1897
2262
1768
2507
1682
2276
2176
2318
3005
3165
2605
2697
2666
1649
2107
2579
2743
1737
2247
2162
1195
2347
1349
2356
3423
2410
2136
3290
2290
2555
2421
2502
2281
2288
2300
2822
2497
2354
1352
2236
2402
2279
3554
2558
2794
2788
1746
2453
1889
2187
1752
3053
2051
2416
1931
2648
2673
1690
1695
2158
1994
2255
2199
2236
2406
2139
2379
1889
2039
2554
2172
2112
1499
1175
1568
1465
2174
2362
1821
1406
1741
1390
1461
1348
1422
1131
1928
2041
1274
1212
1405
1119
1418
1431
1438
