121
146
143
195
321
118
93
93
92
95
140
142
140
141
444
131
79
141
140
147
139
140
140
140
139
372
127
80
91
141
144
142
141
141
140
449
220
94
90
90
98
90
89
89
140
139
334
185
79
81
79
78
77
90
88
137
395
234
92
91
90
91
90
89
109
138
138
518
90
92
92
90
92
141
138
140
138
335
191
91
139
141
142
139
139
141
138
138
499
252
140
138
139
139
130
140
137
145
410
117
80
91
91
89
90
89
91
141
138
320
170
90
90
89
90
89
91
92
140
383
186
76
88
89
88
89
90
90
139
141
486
180
89
139
139
137
139
139
140
140
502
117
81
141
140
141
140
137
139
138
137
504
280
82
141
141
138
139
142
140
140
410
285
143
140
141
141
131
140
139
139
139
498
268
144
140
140
141
134
141
142
139
481
217
90
94
92
90
91
91
95
140
138
428
222
91
90
88
89
89
91
89
141
349
121
80
83
79
77
79
90
90
142
139
492
134
140
141
141
138
141
140
143
141
400
188
81
89
90
91
89
91
138
137
138
483
195
79
95
91
90
91
90
139
139
386
147
131
145
140
142
142
139
140
142
140
336
186
78
130
131
130
127
138
139
139
395
193
83
142
141
140
130
141
139
138
140
497
181
81
138
139
141
133
142
141
141
399
210
80
132
130
128
131
143
142
141
485
215
91
143
141
140
146
141
141
141
142
492
87
79
89
90
89
88
90
141
141
482
237
79
79
82
77
79
138
142
139
143
518
285
77
91
90
90
140
140
140
140
415
281
130
145
140
140
141
142
140
139
141
464
206
90
143
145
140
138
142
142
139
324
164
81
90
91
93
92
90
89
141
141
391
285
92
143
139
142
144
140
140
138
372
272
90
142
140
143
141
141
140
140
139
411
184
131
143
142
146
145
145
140
146
430
193
129
127
135
136
150
138
139
140
145
330
213
98
97
97
141
141
143
140
141
318
114
79
92
90
142
142
143
143
138
139
426
135
82
132
132
129
141
142
143
142
397
164
80
140
139
140
138
140
141
139
138
428
218
93
90
89
92
81
93
90
139
338
91
78
80
130
127
139
141
141
140
140
376
217
130
141
138
130
138
139
138
139
570
279
133
145
142
142
130
144
141
142
143
416
258
83
142
141
142
140
142
142
142
499
278
94
92
90
92
192
142
141
142
141
521
280
92
143
179
137
140
139
139
139
439
126
94
93
141
139
139
141
140
138
140
420
217
93
89
93
90
89
89
89
140
538
272
139
140
142
140
142
139
140
140
142
475
190
93
141
142
141
141
139
140
139
500
269
90
90
140
139
140
140
139
137
138
381
152
93
141
140
141
140
141
137
138
323
190
92
139
140
142
137
140
128
139
138
528
160
92
90
91
144
138
140
140
143
482
218
91
141
143
140
143
139
139
138
139
498
271
92
141
141
141
141
140
139
138
510
149
92
90
90
90
90
89
90
139
491
234
92
90
90
90
90
91
90
139
139
542
284
93
142
141
138
140
142
142
138
506
281
140
137
141
138
139
139
140
139
140
366
267
94
140
140
141
137
142
138
138
399
163
91
90
91
93
88
89
90
138
139
479
229
92
141
143
141
143
138
138
138
404
183
92
139
141
139
141
143
138
139
139
391
282
142
143
141
142
141
142
139
140
411
161
93
141
139
140
140
139
141
141
140
530
156
92
139
140
140
140
141
138
140
416
165
90
91
91
91
91
89
90
139
140
385
287
140
139
140
141
142
142
142
141
591
161
93
140
139
139
137
140
138
139
140
350
124
95
140
139
139
138
137
140
139
501
180
90
89
141
139
138
182
139
138
139
506
182
90
90
92
142
139
140
139
139
490
125
91
90
140
139
139
139
138
139
138
496
260
90
92
92
91
89
88
140
139
497
216
90
141
140
139
139
138
139
139
140
515
288
91
91
90
89
92
91
139
139
371
180
89
92
90
89
88
90
89
138
139
362
194
95
139
139
139
140
141
141
140
544
125
78
78
80
79
76
89
89
140
140
461
163
92
90
91
90
90
89
89
139
340
146
92
93
89
90
92
89
90
142
138
562
120
80
77
127
127
125
127
127
139
475
125
141
137
145
147
147
147
145
147
148
434
199
89
138
138
144
137
147
144
138
524
177
94
137
139
136
143
145
145
154
145
555
296
90
89
138
145
138
150
146
147
433
199
98
145
147
149
145
145
144
138
137
541
180
91
99
89
95
96
97
97
146
429
200
95
89
96
99
96
87
88
144
147
535
307
95
141
150
147
146
150
138
140
421
190
90
145
142
140
138
141
138
148
160
550
211
89
149
142
146
147
142
138
145
411
183
90
89
77
92
97
96
97
149
522
179
89
98
94
96
96
96
145
148
138
412
226
88
97
97
97
97
97
98
139
426
171
96
89
88
89
97
88
98
151
138
391
130
93
139
140
147
146
146
146
145
543
312
97
91
99
145
146
148
138
141
141
542
202
89
148
146
148
146
138
139
139
400
148
98
92
98
147
146
141
139
138
147
408
213
97
145
141
145
137
139
139
150
423
215
98
145
138
140
139
138
139
140
146
528
298
141
148
149
148
138
146
145
146
410
179
98
90
95
97
97
96
95
149
148
425
195
98
138
145
146
140
140
138
147
422
171
89
89
88
91
99
88
96
148
149
686
184
91
92
90
138
139
138
140
139
381
124
89
90
138
142
139
138
142
139
138
498
153
94
89
142
140
138
143
139
138
392
101
77
76
128
126
140
140
140
138
142
517
166
79
76
76
88
91
90
139
139
503
156
126
127
127
127
125
126
128
143
142
512
292
78
130
125
127
126
126
126
139
506
209
129
127
129
128
126
127
128
139
143
521
283
127
127
130
128
132
129
125
129
652
156
76
127
127
127
127
127
140
139
140
506
179
127
126
126
127
125
126
137
150
410
304
127
135
149
148
146
148
141
138
146
443
311
134
135
135
132
126
133
128
148
532
221
137
133
126
128
127
126
132
138
138
419
153
87
137
131
139
139
140
146
148
422
174
125
138
124
126
131
134
132
144
148
424
195
109
129
126
126
127
129
128
138
439
185
75
75
84
84
84
84
85
148
145
544
196
86
133
135
133
136
131
133
145
416
231
88
77
85
84
76
84
87
125
120
551
184
135
125
132
132
131
132
125
145
540
197
85
135
127
125
128
133
138
137
537
306
127
127
128
128
126
125
124
127
147
433
197
133
131
134
128
125
129
137
138
453
165
88
147
148
138
139
146
144
146
144
421
263
81
139
145
138
141
146
141
145
423
190
78
128
141
138
144
146
145
145
146
403
174
87
147
147
139
144
146
144
147
408
207
80
81
87
84
86
97
95
139
148
413
184
87
135
131
129
135
136
138
152
543
207
99
148
147
145
146
147
146
144
143
555
286
141
147
147
141
138
138
138
145
523
199
99
91
96
94
94
94
96
145
145
543
205
90
97
96
88
88
97
146
136
423
125
88
89
95
90
116
89
95
150
146
415
189
96
87
136
138
145
146
146
146
531
177
96
100
95
94
142
146
146
147
146
470
186
90
90
89
89
87
88
97
119
423
197
100
96
99
92
97
98
96
139
137
665
187
150
148
146
145
143
144
137
144
451
178
99
421
115
88
88
88
89
89
93
89
138
139
145
139
138
137
145
137
139
252
582
281
145
138
139
138
137
140
139
138
139
139
138
139
140
143
147
488
453
121
89
89
91
90
96
89
91
98
95
137
158
394
237
90
145
146
144
146
144
145
139
514
143
140
137
139
137
139
144
147
147
146
459
206
150
151
139
141
144
145
146
144
356
206
98
99
101
96
95
89
88
140
137
321
161
99
150
142
140
137
148
137
137
325
207
99
98
148
149
148
142
145
138
147
401
167
96
98
89
101
89
89
103
139
362
135
96
140
146
148
146
144
146
140
140
513
213
97
148
139
143
144
143
138
148
390
236
141
142
143
142
148
144
139
152
428
198
142
140
139
145
139
139
148
139
146
575
208
96
97
147
144
146
147
145
147
558
186
142
147
148
148
147
146
140
140
138
484
162
90
90
102
96
96
96
95
152
432
211
100
148
142
149
140
146
147
141
147
433
204
98
120
146
149
147
140
138
141
407
176
89
91
97
89
95
97
97
138
139
398
170
84
88
139
130
127
138
139
145
452
136
86
147
139
148
148
141
138
148
139
441
213
90
139
141
147
141
139
137
153
436
203
85
88
86
84
77
98
91
138
145
439
183
127
129
137
134
139
139
145
139
416
186
79
85
134
144
135
147
146
146
141
441
171
151
151
146
147
146
140
148
144
516
218
146
148
144
147
138
140
139
139
152
428
146
77
78
146
146
146
146
136
144
372
130
131
147
147
139
138
148
147
146
147
377
163
88
82
82
90
90
97
98
140
450
139
81
138
127
126
139
146
141
147
139
433
213
147
148
149
145
146
147
145
148
388
220
80
127
129
127
126
139
139
151
145
541
171
89
92
98
96
93
99
96
137
512
131
86
146
146
147
138
147
146
145
145
432
201
78
84
77
75
84
94
89
150
409
146
85
88
87
84
88
88
96
137
149
388
235
98
98
148
130
138
140
137
139
567
203
138
136
141
134
133
148
144
146
140
557
203
117
141
141
139
147
150
144
137
375
131
86
88
95
94
98
91
95
148
137
405
162
79
125
131
125
138
139
144
138
441
199
82
90
99
96
87
99
100
148
146
498
199
139
141
149
146
132
147
138
149
453
219
87
96
91
147
140
142
148
142
148
395
156
96
96
87
85
90
97
89
148
451
217
91
139
139
139
152
138
148
148
146
422
190
142
139
151
138
138
142
140
147
434
180
87
138
146
139
140
139
145
145
411
162
87
133
136
134
134
135
150
145
146
368
166
81
91
89
140
141
139
138
138
484
184
78
90
90
91
92
139
138
138
137
526
149
139
139
139
139
138
139
141
138
511
176
138
130
127
129
125
128
137
137
137
498
150
80
92
88
87
88
87
88
137
366
106
78
92
89
89
89
90
89
138
138
446
185
129
139
139
141
143
138
139
139
496
186
92
142
144
139
142
141
140
140
140
419
130
81
137
139
135
137
138
146
150
330
125
91
130
139
140
138
139
157
148
148
391
236
87
97
89
89
87
95
88
146
419
197
144
147
145
147
147
149
146
148
147
331
132
77
78
75
86
77
95
89
144
526
191
90
129
131
135
145
148
144
139
147
419
170
88
98
146
144
146
146
139
138
567
295
136
146
145
146
143
145
139
144
153
551
190
98
99
97
88
96
88
96
147
412
179
78
86
89
88
89
96
145
145
140
531
182
90
89
90
89
89
88
97
144
543
220
77
97
146
141
138
145
146
145
138
416
161
76
91
148
140
145
144
138
139
411
167
87
79
130
129
139
113
146
145
160
416
185
85
148
145
148
142
146
145
146
427
198
135
146
145
128
126
149
145
137
140
414
188
85
89
139
139
144
149
147
146
677
206
85
97
145
145
145
139
138
144
148
431
139
90
79
89
88
95
84
94
88
536
200
81
90
139
140
145
145
145
145
144
412
183
88
96
145
144
146
146
147
148
531
178
92
137
139
146
146
147
138
138
145
540
231
92
141
147
146
146
147
147
146
675
190
93
100
146
139
145
138
146
142
138
412
312
91
96
145
143
145
142
138
137
410
314
91
88
141
139
139
140
144
145
682
314
97
89
140
141
143
136
137
139
137
680
181
90
89
88
97
95
95
88
137
526
184
90
89
98
95
87
88
145
145
173
541
223
99
97
89
88
98
94
97
138
542
191
88
89
88
88
96
97
89
142
136
429
201
90
136
148
146
145
149
143
144
413
180
90
112
146
147
136
139
142
144
139
530
182
98
89
142
144
139
138
140
147
670
200
90
98
146
149
146
138
146
144
145
405
225
140
145
145
148
144
144
137
139
541
174
148
146
147
147
140
138
145
144
137
530
182
97
90
138
148
140
138
145
145
410
186
97
98
148
147
146
141
145
138
146
418
311
90
148
138
139
139
142
148
146
425
312
97
98
147
147
145
146
146
144
145
542
203
89
140
148
138
144
146
142
139
410
309
90
95
139
139
139
138
138
144
147
655
167
139
138
145
147
138
137
145
136
399
194
91
97
98
89
98
97
95
138
138
532
190
92
96
138
137
138
144
137
144
412
175
146
146
148
147
145
143
137
148
148
538
206
137
145
139
149
141
146
139
148
413
194
99
96
138
140
139
139
138
138
140
494
185
90
87
91
141
139
139
138
140
517
179
90
89
91
89
90
91
139
148
144
539
195
149
142
138
139
147
145
145
138
535
188
89
140
146
145
144
146
147
137
147
530
191
141
146
148
145
144
138
147
138
417
169
97
111
139
140
138
137
137
148
146
541
175
97
98
147
149
137
140
142
145
674
193
147
147
148
148
140
146
147
147
145
426
236
140
138
140
138
142
139
139
145
552
211
98
147
144
147
142
140
139
146
145
427
234
89
90
139
146
145
146
144
139
546
192
139
139
140
138
145
144
145
142
419
193
90
144
146
145
141
145
146
145
146
543
181
98
145
147
145
146
147
145
146
526
205
99
138
138
145
146
146
144
138
146
413
175
91
145
148
146
145
147
138
137
426
229
89
91
140
138
140
146
146
141
139
329
112
98
90
140
139
138
139
139
138
365
256
96
98
149
144
148
144
145
147
147
542
222
86
78
127
128
132
131
135
148
399
105
79
88
78
129
142
138
148
145
146
437
209
134
133
128
135
136
136
135
135
423
177
83
134
133
133
137
146
149
150
148
338
183
78
126
128
134
127
134
135
139
392
210
86
83
134
133
133
132
133
121
111
383
155
86
83
133
136
125
126
134
145
395
185
79
86
136
132
145
137
140
138
138
425
176
84
130
129
128
161
139
137
147
467
254
137
133
129
127
126
133
133
146
139
379
162
77
125
134
132
146
141
138
138
456
131
79
78
127
139
134
144
138
146
146
433
202
83
133
125
136
127
125
135
137
441
200
78
79
131
125
146
138
143
147
137
441
207
145
150
147
139
146
145
146
138
440
212
97
99
139
138
147
144
147
140
143
422
190
91
149
146
147
148
139
142
148
461
216
97
90
95
98
147
147
146
148
138
391
160
99
96
146
139
140
139
145
138
436
124
97
140
143
145
147
145
146
139
148
458
123
95
91
144
145
149
146
150
139
476
167
91
140
145
142
145
142
140
140
146
565
183
138
141
148
149
146
140
138
144
390
158
89
140
149
145
142
138
145
146
139
419
201
94
142
149
144
149
139
137
145
521
222
95
148
138
138
146
139
140
148
141
444
190
98
96
98
95
94
98
97
149
433
205
96
141
147
148
140
139
140
138
396
222
89
90
148
148
143
147
140
148
148
373
144
97
141
139
140
140
138
145
147
387
234
99
163
148
147
137
141
139
138
145
603
219
90
97
146
146
136
146
145
144
562
198
98
98
146
142
143
139
147
146
146
374
144
98
95
138
145
140
137
144
138
384
133
93
97
149
139
138
147
140
137
139
424
188
97
96
145
145
147
145
148
146
394
145
88
87
96
149
138
138
138
138
137
394
219
89
141
138
145
145
145
144
147
386
167
98
138
145
140
140
143
145
143
148
469
127
146
138
148
140
145
138
138
137
422
187
90
140
138
147
147
141
146
146
137
399
221
89
91
147
146
140
145
144
144
566
200
96
146
148
137
138
138
143
138
136
425
189
97
96
145
146
147
138
145
139
540
190
99
95
97
96
96
88
90
147
140
318
211
99
146
139
138
140
142
138
138
431
203
149
148
138
138
138
139
146
139
141
734
194
92
94
96
88
138
144
145
145
909
238
90
143
138
137
137
137
146
139
146
836
159
92
89
140
137
145
145
144
137
598
117
97
89
146
138
145
145
144
137
146
782
154
90
93
92
95
95
95
94
138
818
159
91
99
148
146
146
138
138
138
137
666
122
93
91
141
148
147
147
140
139
767
135
147
140
139
140
140
146
138
138
145
605
165
89
145
145
140
149
137
143
146
746
253
140
175
146
140
144
146
140
146
137
863
191
94
90
89
140
140
141
141
139
869
192
90
147
139
138
145
145
144
147
139
785
128
98
96
96
86
88
94
96
146
715
116
102
141
140
139
146
147
147
139
138
824
148
95
146
145
145
138
145
146
143
932
246
91
98
145
145
144
143
143
137
907
199
142
142
144
149
138
145
143
139
136
994
133
89
89
97
88
96
87
87
137
835
197
90
91
139
139
144
140
142
140
144
823
126
90
87
96
88
96
88
88
137
866
231
96
89
91
96
87
88
95
146
138
880
167
90
94
95
148
145
144
138
137
1037
100
97
138
136
137
135
137
138
137
144
806
135
97
142
139
146
139
139
144
144
884
232
90
137
145
137
144
144
139
137
146
545
142
141
137
138
145
146
145
143
137
751
99
99
148
139
144
145
144
143
143
143
1019
220
98
140
146
140
138
138
139
140
539
122
91
96
140
146
143
143
138
138
146
744
123
137
143
137
141
138
144
143
138
928
255
93
91
146
139
148
148
138
145
138
1072
262
90
91
138
137
147
147
147
143
883
214
95
149
140
147
146
146
140
140
142
921
186
91
90
97
96
92
90
90
139
681
306
139
146
148
141
146
147
147
140
140
908
162
88
88
145
137
144
140
143
143
855
231
145
140
139
139
137
138
137
137
137
881
153
90
144
140
145
145
144
144
138
783
122
94
96
142
137
147
144
144
136
144
886
232
98
150
139
148
138
145
138
141
854
141
89
98
89
98
96
88
96
137
138
731
190
139
147
147
141
146
143
145
138
868
200
89
94
149
148
145
146
145
139
137
1004
244
90
139
136
139
144
138
145
150
888
175
96
96
140
149
145
138
141
146
137
1043
228
90
146
137
145
146
140
138
138
925
229
149
139
147
137
138
139
139
138
138
759
119
99
98
146
146
140
145
138
146
807
128
93
150
140
148
146
139
137
138
145
846
212
140
140
140
139
146
140
145
137
838
223
96
144
138
144
144
145
146
139
965
184
152
140
138
148
138
137
137
137
138
845
178
77
137
128
133
134
126
131
138
854
154
88
139
145
147
149
138
138
138
139
854
125
149
148
143
143
140
137
138
139
846
122
90
91
97
97
96
91
99
145
145
856
168
90
99
147
139
140
140
147
137
1291
182
140
140
139
139
137
139
141
136
140
909
205
89
101
91
141
137
145
144
136
1034
225
150
153
148
146
150
147
148
139
146
970
200
141
139
139
139
137
141
138
138
864
228
142
140
149
142
146
146
139
144
140
826
123
89
142
138
138
146
138
140
140
846
120
91
146
147
139
140
139
138
137
139
841
191
91
91
141
146
141
138
146
146
888
154
88
146
149
140
139
140
140
139
145
794
122
90
147
139
138
140
144
146
147
904
199
100
151
141
147
140
139
141
137
148
765
123
92
99
97
92
89
91
95
138
899
144
92
147
139
142
139
137
144
144
146
792
124
91
149
147
147
144
144
139
144
757
122
139
138
146
150
149
139
147
137
141
843
188
140
145
139
147
148
148
146
137
554
99
88
87
139
139
148
140
141
146
153
801
128
101
99
95
87
92
137
140
136
940
226
98
94
142
144
144
138
146
145
145
945
230
102
95
146
139
145
140
144
140
828
211
90
138
147
139
146
147
146
145
145
838
215
104
140
138
139
138
138
137
145
802
123
139
151
145
145
137
139
139
140
144
778
101
90
140
146
139
142
147
138
138
671
127
90
88
140
140
150
148
139
138
146
761
124
149
147
147
149
139
145
147
156
849
123
138
146
138
144
143
141
140
142
138
911
140
88
89
145
139
138
147
146
139
866
132
142
150
143
146
150
137
146
146
859
129
99
96
98
88
95
98
97
137
139
853
98
90
99
97
92
88
97
99
139
861
200
98
88
150
148
146
138
144
143
139
797
115
88
138
139
140
146
147
150
144
864
110
90
140
146
147
149
138
146
140
143
776
125
139
149
147
140
145
146
143
142
901
127
142
147
142
142
142
138
138
138
138
415
127
88
88
141
150
147
147
147
1107
275
88
88
148
138
147
138
146
138
138
144
857
187
148
146
138
148
146
138
139
145
684
121
93
139
151
140
139
139
140
143
145
934
165
91
141
145
148
144
139
139
138
832
122
99
138
138
142
139
139
143
137
138
848
178
101
98
147
140
146
144
145
138
832
117
88
141
145
144
147
145
138
138
144
979
200
139
143
146
148
138
140
144
138
889
219
140
146
144
144
137
139
143
139
138
871
222
103
94
89
89
142
138
140
138
755
123
101
145
146
140
141
179
140
139
139
774
123
91
147
146
144
137
146
137
139
1008
208
97
90
88
88
95
94
95
147
138
935
157
97
146
138
145
143
145
142
139
1017
202
92
139
139
141
139
146
139
138
147
841
202
91
137
148
146
139
147
145
138
794
102
99
89
95
96
96
94
106
140
144
791
122
141
142
148
146
138
140
138
144
860
156
90
149
149
149
148
147
149
140
139
976
179
91
149
147
147
146
140
139
146
802
113
89
99
95
95
139
139
139
137
149
857
182
98
99
139
146
147
147
139
138
877
125
90
89
97
139
137
136
139
138
139
778
123
90
88
147
148
147
138
137
137
774
149
87
90
140
144
144
143
138
146
145
841
226
96
95
148
145
139
139
137
136
788
121
88
89
88
138
147
147
146
144
829
181
89
139
146
146
139
148
137
140
139
668
126
89
145
145
144
138
140
144
138
870
198
91
139
150
146
147
139
140
146
139
760
122
142
147
145
144
137
144
140
137
834
217
99
92
87
98
88
88
96
137
138
847
221
99
91
144
139
138
146
144
143
785
125
98
100
138
148
147
147
137
139
139
793
121
88
90
100
140
137
147
146
144
964
198
139
139
138
145
146
146
139
120
139
960
231
89
99
138
148
145
149
147
138
826
121
90
95
94
91
88
95
96
136
137
840
105
140
150
150
148
149
145
142
146
957
179
149
140
150
151
139
148
136
137
137
976
194
143
150
141
141
140
141
142
139
819
191
91
145
138
145
139
146
139
139
146
860
175
77
75
126
132
134
133
147
139
962
183
79
78
126
128
128
134
133
140
146
936
178
78
126
133
131
131
132
144
139
1001
191
88
84
105
83
81
74
93
136
144
966
189
80
82
135
126
132
131
134
142
983
150
78
84
133
135
131
123
125
137
137
802
134
78
83
127
140
124
133
131
145
862
166
87
95
137
127
133
127
126
146
137
942
159
87
133
128
130
130
140
147
139
1129
278
85
133
127
128
128
133
126
139
139
1002
189
79
85
86
90
76
88
146
145
947
207
80
77
135
136
135
134
136
127
145
763
115
77
77
133
134
133
135
148
144
825
123
85
124
128
126
132
133
131
139
144
861
205
100
99
139
146
146
148
146
139
987
224
100
91
140
140
136
139
139
142
148
868
106
91
119
138
147
138
140
140
146
945
151
89
86
98
89
88
96
96
147
147
858
215
101
95
139
144
138
151
145
144
1012
113
89
99
90
100
100
90
146
147
784
98
102
93
139
138
145
145
144
153
145
787
164
100
88
149
145
145
139
147
148
863
122
88
90
89
94
141
138
137
145
138
786
136
104
101
96
87
98
98
89
138
837
105
90
90
98
100
87
97
97
140
145
427
100
101
97
99
95
139
148
141
145
892
222
91
95
148
139
140
149
144
139
145
969
193
92
147
147
149
137
138
139
141
636
121
80
77
145
145
145
140
145
137
146
963
167
101
99
140
138
146
147
146
138
859
224
90
90
90
101
98
99
90
146
140
959
180
91
139
148
146
147
149
140
139
863
171
98
98
139
146
146
143
147
139
137
949
184
88
88
95
96
87
95
96
136
772
123
90
90
89
100
96
97
138
137
139
772
125
103
98
88
144
138
145
140
146
917
201
90
99
95
98
102
88
89
137
140
966
202
91
90
141
139
141
148
145
137
935
164
99
97
96
90
90
89
98
138
139
743
114
97
99
140
138
146
137
138
139
728
116
88
137
138
147
139
139
139
140
138
770
192
90
138
146
146
145
139
136
140
799
226
90
98
138
144
144
139
139
137
138
753
230
101
89
139
138
144
145
145
138
716
125
90
91
147
147
141
137
139
138
138
850
204
90
100
148
146
146
138
139
144
976
203
100
98
148
147
148
146
147
139
146
774
124
92
147
146
139
137
141
145
145
998
205
90
90
148
146
145
99
140
140
146
967
196
93
89
89
95
95
89
89
146
963
202
99
96
146
146
142
144
144
138
138
885
195
92
100
98
97
90
98
148
138
987
199
88
92
90
97
94
89
88
154
138
781
124
93
139
147
141
152
148
151
145
561
112
89
94
99
90
103
136
138
138
980
280
90
147
148
145
145
145
141
148
138
781
125
98
97
89
100
88
97
88
140
788
173
88
98
139
139
140
137
147
146
144
905
261
98
100
138
141
149
147
138
139
784
124
110
84
122
140
145
146
138
145
140
834
86
91
140
150
139
139
142
146
140
843
169
87
97
146
147
148
147
146
137
140
967
183
91
147
139
148
145
146
147
138
858
208
98
146
144
137
145
144
145
138
137
1174
175
142
148
146
146
139
137
145
149
776
133
91
100
139
140
138
137
138
138
144
791
122
90
89
101
138
146
147
139
144
838
175
89
98
147
138
138
146
137
137
136
830
182
90
88
147
147
147
139
149
138
845
126
92
90
141
140
148
147
150
141
147
776
122
99
146
141
147
146
140
144
137
745
115
88
98
88
100
92
97
96
146
145
793
242
92
90
91
89
91
95
88
139
839
148
98
87
94
94
94
88
94
137
143
848
213
98
97
96
88
88
90
88
139
902
244
89
106
144
137
144
139
145
138
137
788
228
91
98
139
138
139
144
147
145
703
124
97
96
139
146
140
143
146
145
144
716
223
106
142
138
141
147
138
148
139
815
183
91
97
140
138
148
149
146
141
142
860
194
89
90
147
146
141
141
138
139
868
168
92
88
90
98
89
89
97
139
140
776
123
103
90
138
138
149
140
149
145
882
128
93
96
146
147
147
146
141
147
139
858
118
91
90
99
96
87
90
94
145
836
147
101
100
145
146
138
137
140
145
142
819
165
94
98
142
146
140
140
148
144
860
106
94
139
139
138
145
145
145
138
140
865
132
94
100
89
100
100
144
145
140
867
175
93
92
89
95
95
139
138
137
140
446
107
150
148
148
146
146
138
138
138
634
122
101
100
87
98
96
97
149
138
780
162
94
100
97
89
96
94
92
139
137
240
127
102
103
89
92
100
99
96
145
825
213
95
93
149
149
146
143
139
142
138
787
136
92
89
99
99
97
97
97
141
239
125
92
137
139
138
139
137
146
138
146
617
127
105
89
91
90
89
96
90
139
671
126
100
102
88
96
87
96
139
147
137
796
124
93
142
147
148
140
147
147
138
813
263
140
140
139
148
146
145
145
139
991
120
93
93
92
100
99
87
87
89
140
657
89
80
80
87
77
75
79
76
129
148
790
172
102
102
97
100
98
139
139
144
696
170
79
88
88
87
130
135
140
138
139
816
194
79
146
144
138
138
138
147
140
805
131
131
135
136
133
137
143
137
143
145
666
98
79
88
91
89
138
149
138
137
815
189
77
89
88
97
99
100
96
138
138
802
125
78
129
136
126
133
147
147
141
698
95
90
97
97
96
98
96
102
137
138
813
191
79
153
147
148
135
187
143
149
807
123
82
149
151
139
138
138
146
139
146
618
123
78
77
76
87
102
91
88
146
743
123
128
143
130
135
131
138
138
144
144
802
116
90
120
146
137
147
149
146
139
789
126
78
126
129
128
151
144
141
137
139
658
92
79
138
131
133
134
140
137
140
657
122
81
131
137
136
133
149
146
141
142
671
126
91
150
149
148
139
150
150
145
785
122
76
87
95
137
144
136
141
141
143
711
125
93
148
145
148
144
143
137
140
726
123
91
89
139
139
139
139
142
140
141
776
208
82
95
98
87
88
87
97
136
726
123
99
142
139
141
146
147
146
139
954
106
100
98
96
89
90
89
91
148
147
793
182
88
148
147
146
148
146
145
146
748
115
92
89
140
142
147
145
139
137
146
785
221
112
146
139
145
140
144
137
148
800
120
88
101
90
96
97
97
96
147
138
785
187
91
101
96
96
97
89
95
139
905
124
141
142
150
138
138
141
145
144
136
787
124
100
97
97
90
99
89
138
145
790
179
89
97
87
101
97
98
96
137
143
772
204
90
89
145
139
138
140
137
138
828
92
101
100
120
97
99
98
97
138
143
800
276
141
140
139
148
148
148
146
139
845
226
91
141
139
138
144
148
147
138
138
945
236
90
103
148
141
147
139
149
147
804
96
90
99
100
142
139
139
151
141
138
791
85
90
90
92
92
97
88
101
144
816
188
98
96
145
148
148
139
139
142
138
818
226
91
148
149
141
150
149
145
146
780
176
89
93
97
89
90
96
98
139
141
754
124
93
148
140
148
149
159
142
147
728
124
91
141
139
140
140
140
141
141
135
768
99
92
94
99
141
148
148
141
146
807
167
89
89
97
96
97
98
95
138
138
956
275
141
138
150
146
143
138
138
146
122
90
90
89
88
87
89
102
139
138
139
788
137
148
148
146
148
146
148
139
139
803
278
150
148
140
141
139
138
138
147
155
847
92
93
88
88
91
138
137
145
144
926
238
102
148
150
141
138
140
140
137
138
906
193
99
148
141
140
145
141
145
143
772
97
92
141
141
139
150
137
148
146
142
921
217
77
89
90
95
138
139
150
137
739
119
89
90
139
148
149
145
146
141
146
530
81
91
92
100
89
91
97
98
146
779
155
139
127
176
127
126
127
139
139
143
746
105
76
148
145
146
148
145
147
144
346
123
88
91
90
89
88
88
87
144
797
208
90
129
140
129
126
146
138
139
145
769
126
140
147
139
140
138
141
141
138
381
99
78
92
100
90
96
91
98
147
148
777
225
118
90
89
139
138
141
151
142
268
124
77
76
76
75
88
76
92
89
138
139
141
139
147
140
624
203
140
139
134
138
140
141
142
138
138
152
138
137
144
138
760
167
77
90
96
89
89
141
143
137
632
126
76
101
89
91
99
100
90
137
138
654
150
138
143
135
135
148
140
140
145
609
126
76
92
88
88
79
88
89
139
139
700
180
88
101
97
96
95
95
93
148
796
166
93
99
94
89
95
95
93
138
138
801
204
81
91
91
100
97
139
140
139
652
184
79
141
139
141
149
148
146
139
146
605
104
78
86
78
79
89
96
139
146
589
92
79
99
91
90
89
148
138
138
140
666
297
129
140
141
147
148
149
141
136
615
126
79
138
138
141
149
150
139
149
137
674
154
89
129
136
134
139
144
137
138
636
124
79
97
95
88
90
95
101
137
146
768
111
88
88
89
96
138
138
140
137
742
93
75
100
99
89
97
90
96
149
140
677
141
88
88
88
87
101
147
149
146
685
126
83
98
148
149
148
148
149
137
147
757
108
128
135
134
133
139
138
146
139
679
126
89
89
98
89
90
89
88
139
146
682
127
128
137
136
138
126
136
136
144
729
200
136
138
135
139
139
141
141
139
147
710
124
129
133
145
145
145
146
146
146
927
192
127
126
134
124
125
126
134
137
113
795
289
128
142
148
141
138
137
140
146
726
125
126
128
139
132
135
131
127
148
139
893
123
127
136
139
138
139
145
148
139
897
192
127
139
140
140
138
151
146
138
717
186
127
133
135
136
128
126
131
144
140
780
237
128
133
144
145
147
139
136
140
717
201
132
126
137
126
127
142
137
139
136
584
172
140
124
134
135
147
145
147
139
901
180
140
148
147
138
136
140
146
143
136
756
160
125
126
139
148
140
142
140
145
759
124
130
141
142
148
145
147
139
146
139
926
250
130
148
143
139
146
145
142
145
733
124
126
128
139
128
127
138
148
145
147
912
194
142
149
138
149
146
140
146
141
1215
482
141
149
149
148
147
138
142
141
139
777
255
130
143
140
149
151
141
142
137
914
303
154
152
148
155
129
148
146
141
148
769
151
137
152
152
145
141
140
147
139
750
285
128
145
138
146
147
137
141
147
140
923
197
138
147
137
140
138
146
144
143
716
188
131
136
141
147
140
147
147
138
137
885
127
130
127
142
138
141
137
137
140
938
191
127
141
148
139
146
146
138
137
137
793
152
127
140
152
149
149
148
139
158
972
266
140
141
140
141
138
141
146
137
136
939
190
138
126
136
137
135
127
138
146
808
242
140
137
134
132
134
129
125
146
141
752
125
127
128
140
147
150
148
148
141
752
200
136
133
128
129
127
136
127
139
138
706
114
137
137
130
126
139
146
139
140
682
160
130
143
143
147
128
147
148
148
147
660
164
139
136
148
146
147
147
139
137
681
145
138
140
139
146
139
147
144
146
146
494
192
135
148
146
140
141
150
140
140
791
188
130
141
138
151
147
146
146
144
156
643
202
129
143
139
137
147
139
140
137
349
123
138
128
145
139
138
145
137
138
136
679
124
141
138
136
127
127
135
136
139
1060
200
128
148
146
138
149
149
160
145
363
167
138
128
129
129
126
142
148
145
138
675
221
138
136
137
138
139
142
148
145
788
196
130
127
137
127
128
133
132
145
142
681
202
140
151
150
149
138
148
147
140
574
194
128
138
139
138
128
146
138
139
145
747
231
127
139
136
137
140
141
139
138
736
212
137
149
148
139
139
145
140
138
145
633
202
136
137
137
136
126
134
136
144
766
155
129
128
138
126
133
131
127
140
137
655
124
139
126
127
131
137
145
140
139
751
206
151
151
147
148
141
141
146
145
141
675
191
126
129
128
129
137
141
139
138
864
91
126
140
149
146
148
136
144
146
138
672
231
134
134
137
125
125
132
138
145
285
129
130
125
138
140
140
139
138
136
139
623
125
130
133
145
148
148
149
144
144
786
252
151
139
140
147
147
139
138
147
138
804
185
132
134
132
132
134
125
132
139
603
192
127
126
148
138
139
146
147
146
138
793
244
129
125
137
136
140
148
138
138
751
122
140
126
129
129
150
140
138
143
138
729
127
129
128
141
140
148
139
147
145
803
292
127
149
151
147
136
146
192
145
143
738
268
126
136
127
125
128
127
134
137
598
122
127
139
141
146
146
147
147
144
138
650
101
150
148
140
147
139
139
138
137
677
282
129
136
128
148
140
139
140
140
138
750
184
127
124
147
149
139
147
139
144
742
231
138
150
146
147
138
140
144
140
146
683
201
137
124
139
139
140
141
148
147
788
285
126
148
146
138
141
139
146
140
140
777
252
126
125
134
133
129
141
139
147
649
261
135
125
135
126
125
125
134
141
138
719
264
136
134
125
128
134
132
137
147
661
167
80
135
136
127
137
145
139
141
635
123
78
142
138
139
138
130
148
146
145
746
126
79
127
148
147
138
146
145
145
764
218
86
85
84
80
78
98
137
145
144
641
123
77
129
138
129
137
147
138
143
788
260
125
138
148
145
129
137
139
144
139
696
202
76
137
150
138
139
141
138
143
803
201
79
77
144
142
137
137
141
137
136
786
192
89
78
147
141
147
147
147
138
779
193
76
87
84
87
137
135
132
139
139
645
122
76
142
125
128
140
144
143
136
663
119
86
95
146
138
138
138
138
137
137
812
203
86
87
97
87
99
99
89
137
813
220
77
93
88
88
88
137
140
147
146
641
123
88
138
147
148
147
144
142
144
742
188
77
79
89
96
76
98
138
139
137
623
120
90
88
149
146
145
140
137
142
777
104
129
129
137
140
136
140
144
139
138
784
155
77
77
78
77
78
76
77
138
544
122
77
79
136
136
136
127
128
144
142
606
124
84
133
131
133
143
145
145
136
654
123
88
98
149
147
147
138
147
144
145
748
112
79
78
130
126
125
136
137
139
748
199
88
84
78
80
85
90
95
143
145
586
127
98
88
87
146
137
141
137
136
688
89
79
89
75
85
85
79
138
138
139
644
125
79
152
141
145
147
138
137
144
613
125
78
77
148
150
146
151
144
137
139
381
111
89
77
154
147
142
148
146
145
755
202
85
77
149
149
149
147
141
138
144
705
125
78
139
146
141
147
143
137
148
516
115
85
77
141
142
139
138
141
146
137
788
133
87
135
139
149
148
137
138
151
904
144
105
138
139
148
145
138
144
136
140
800
142
77
76
98
96
78
98
96
144
823
207
78
78
85
79
77
83
95
144
850
222
77
84
137
173
135
140
139
139
138
811
165
78
76
126
137
136
137
138
146
870
171
137
134
127
136
133
144
143
138
139
837
202
86
83
136
145
138
138
142
137
800
138
88
87
85
85
78
77
77
145
137
623
124
80
135
133
134
137
136
138
138
751
154
85
76
127
127
125
126
124
139
143
716
222
77
75
84
79
84
88
96
145
809
200
80
75
126
134
147
148
147
145
144
701
216
77
75
146
128
147
140
138
143
789
150
77
137
138
145
145
137
138
147
139
702
116
88
78
87
85
90
98
99
137
686
151
75
87
139
144
145
138
139
137
139
721
116
81
77
84
134
146
139
138
139
813
150
85
88
127
135
125
125
134
144
137
951
186
77
148
149
140
138
138
140
144
930
201
78
78
88
96
88
95
144
143
153
962
188
80
142
143
137
144
139
140
145
814
147
78
78
79
78
75
78
76
143
139
804
130
78
89
90
100
98
97
97
140
833
200
84
84
139
137
139
141
139
138
139
778
124
79
91
145
148
141
140
145
138
810
125
76
75
98
94
146
144
140
140
138
787
124
89
79
129
140
131
149
148
149
924
219
80
97
138
139
139
141
139
138
138
750
125
74
75
83
83
82
90
91
146
718
125
84
79
127
127
145
145
139
138
139
895
168
85
83
137
125
123
125
124
146
945
156
78
128
146
148
148
146
145
138
137
688
124
80
86
135
134
126
126
133
138
794
204
80
133
133
148
129
140
139
143
138
745
106
77
81
83
82
96
87
141
138
826
166
77
98
146
143
146
139
140
138
138
954
257
78
141
129
138
139
140
146
144
794
129
87
148
149
141
148
147
146
145
796
185
78
97
87
89
88
88
88
139
138
1104
224
82
81
76
79
76
82
95
139
706
122
78
79
127
125
136
126
128
136
139
660
118
84
85
148
144
138
146
138
138
872
177
76
80
141
138
145
148
138
143
136
890
179
87
95
88
144
137
141
138
139
807
125
84
99
148
138
145
148
140
144
139
859
142
78
90
128
128
135
127
127
148
814
216
80
96
139
147
147
147
144
136
146
806
133
84
85
140
139
147
145
147
137
720
122
78
104
140
145
146
141
145
144
140
846
111
77
77
141
148
145
142
140
148
829
123
81
83
83
96
96
96
90
138
137
1163
340
170
130
131
130
136
136
139
137
837
180
87
84
135
126
133
125
127
136
147
868
210
85
82
131
124
124
145
137
137
912
246
78
82
146
145
140
140
138
139
147
787
248
87
85
135
139
138
138
138
138
787
190
79
81
84
82
77
77
124
137
144
816
114
78
146
147
146
138
139
145
138
855
187
86
77
83
77
81
82
82
137
138
764
133
84
76
96
90
87
88
89
136
840
121
78
90
89
95
98
88
87
138
153
765
159
87
76
88
87
95
95
95
138
788
229
78
83
76
77
84
134
144
138
146
604
119
86
84
84
84
85
83
75
136
888
231
77
96
142
144
145
146
148
145
146
865
143
84
78
125
133
126
130
140
138
636
109
86
84
76
129
132
128
134
148
137
880
158
85
97
88
91
97
96
90
141
895
231
77
84
97
88
95
97
146
147
142
863
215
75
75
77
78
77
96
91
139
825
145
84
77
128
134
133
147
145
138
137
839
176
86
85
132
145
138
144
146
140
1033
256
79
77
94
95
95
88
89
137
957
148
80
86
82
80
83
81
75
137
144
1017
275
86
146
139
144
139
139
137
140
1008
264
75
96
97
94
96
88
89
140
144
1044
149
79
139
139
140
148
143
146
138
1150
286
86
89
148
145
148
145
138
138
140
996
145
85
77
90
97
96
96
95
144
1093
224
85
86
80
77
78
94
98
138
137
1171
292
77
89
88
87
89
96
103
138
997
192
129
128
134
129
146
141
145
139
139
1009
164
85
78
133
133
125
135
148
137
1005
162
131
132
139
137
144
137
138
137
137
1021
175
85
94
96
99
87
87
91
94
994
177
86
76
125
145
138
138
140
137
143
1141
275
79
133
134
125
128
126
126
138
902
161
79
86
132
132
127
143
146
136
157
1221
545
124
78
130
124
132
128
145
147
1015
154
81
78
134
130
125
130
126
147
138
1009
197
90
133
127
134
134
148
147
147
989
139
80
86
134
136
140
139
135
143
146
1135
270
81
79
77
78
75
85
134
143
994
145
77
83
76
75
81
88
98
91
93
1184
289
86
83
77
77
75
82
97
141
1009
150
86
82
139
146
141
141
139
146
138
1011
144
82
86
75
79
83
83
82
120
1015
189
78
83
83
83
82
96
147
140
141
918
186
77
75
81
76
84
81
120
92
1000
143
77
86
76
79
75
79
127
137
139
1142
277
88
85
79
76
127
125
127
139
1143
273
86
80
76
80
77
77
83
108
141
1034
158
79
82
78
87
80
82
85
144
1133
273
84
84
79
135
140
141
139
138
140
1011
156
77
86
76
78
81
134
131
145
1015
198
83
83
84
79
79
85
140
146
146
1023
145
78
75
75
76
83
83
82
136
1027
151
83
75
75
84
76
75
138
147
998
193
80
83
82
85
90
95
138
146
138
1150
287
78
76
77
83
84
95
89
137
1007
156
85
88
95
90
87
96
94
138
137
992
183
98
90
90
78
146
137
138
138
1027
179
90
98
98
96
97
93
88
95
94
1019
288
93
90
87
89
94
94
94
138
1004
162
141
139
138
140
139
148
138
139
145
996
194
100
139
139
146
138
147
137
139
1011
151
95
91
88
89
148
145
138
147
139
1006
184
98
95
88
94
95
96
98
144
988
168
91
90
140
146
148
147
144
138
139
993
146
116
145
139
145
136
137
137
139
1009
194
99
96
94
95
88
145
141
138
143
1007
187
100
88
88
96
140
144
137
138
1127
270
79
81
82
85
83
77
125
137
144
1006
145
87
133
126
131
125
124
151
138
1130
285
77
84
84
87
133
133
148
138
139
1009
176
79
86
78
77
75
82
95
144
990
187
84
79
83
82
83
84
124
138
144
1008
134
78
80
83
75
85
85
89
137
1003
121
77
85
79
84
84
134
135
140
137
991
138
76
74
87
83
82
87
94
111
1003
158
85
84
76
75
88
89
88
139
138
812
176
77
74
85
76
73
80
102
138
1008
162
87
84
75
96
87
88
93
132
140
1001
190
85
78
77
81
86
83
74
110
783
154
84
85
82
81
78
78
88
137
137
1118
283
86
76
78
82
82
146
137
138
994
142
84
77
76
85
83
82
82
139
139
1013
147
78
84
77
88
89
133
140
145
1023
218
77
86
84
84
89
117
137
137
139
1129
291
78
78
98
90
96
97
90
140
1129
307
78
147
138
140
142
138
138
137
138
1029
204
78
136
146
146
145
136
144
145
925
213
81
87
96
88
95
137
147
142
894
191
83
78
82
80
74
84
116
136
137
842
123
80
78
79
86
148
146
139
139
870
231
86
77
77
76
78
75
77
138
140
736
223
73
74
83
133
74
78
125
142
1016
242
77
78
133
134
135
126
137
139
155
895
103
81
75
81
85
83
91
139
139
864
219
79
80
74
75
81
132
134
135
138
892
211
86
77
78
78
82
78
89
138
997
188
75
83
75
85
94
138
141
138
139
977
190
75
75
83
97
89
86
98
146
869
228
87
85
86
84
84
77
128
138
149
862
215
85
82
88
113
142
139
139
140
995
226
79
84
147
139
145
145
145
144
138
980
222
79
78
76
76
82
128
138
137
1004
239
85
78
76
76
76
76
76
138
139
841
139
83
83
85
131
134
131
138
143
982
232
84
86
88
95
87
88
88
138
138
1037
249
76
76
126
124
141
148
140
137
853
227
87
83
85
76
82
88
88
108
144
788
133
78
75
75
124
138
146
137
139
1008
204
78
80
82
77
78
76
77
138
137
873
235
76
78
80
133
125
124
137
139
846
147
87
79
79
81
75
97
146
144
139
1005
212
86
86
80
76
76
81
79
137
880
155
99
133
137
135
134
133
128
149
148
879
214
84
83
84
89
133
131
126
130
1001
215
78
87
85
78
88
97
99
147
138
857
126
75
86
77
83
82
76
94
137
830
144
85
83
74
82
78
108
125
139
140
998
226
77
82
92
87
87
89
95
147
878
203
85
78
78
94
97
121
138
137
138
993
207
85
81
77
132
133
132
145
146
961
207
75
84
74
75
76
89
88
136
136
882
229
76
74
83
82
84
82
73
122
990
208
87
145
137
146
144
146
143
144
727
141
77
76
88
96
99
143
139
145
155
826
125
85
85
83
76
76
76
92
110
859
221
84
80
126
133
132
133
127
138
139
856
233
78
76
82
86
75
75
76
140
865
234
75
87
96
96
91
95
96
143
138
841
138
76
82
79
90
90
96
87
138
985
150
136
128
126
133
133
134
134
139
148
1018
181
77
83
135
146
138
145
147
149
882
145
84
84
75
75
85
81
80
147
142
1021
184
81
76
76
86
76
75
82
145
1012
179
133
126
132
133
135
146
137
137
137
1022
168
86
135
126
125
131
140
146
146
989
143
76
78
78
82
94
89
139
140
139
1035
197
80
84
86
82
75
81
76
146
1030
198
76
83
76
75
77
99
112
144
137
1176
152
75
76
83
85
81
83
133
138
1034
172
135
90
101
145
146
139
138
146
139
1033
180
85
80
81
75
83
81
74
134
993
103
77
76
84
84
82
78
133
138
145
1005
151
78
85
96
138
146
146
138
138
1011
178
81
84
76
82
83
132
124
124
127
661
178
127
132
127
134
126
126
127
125
1015
279
79
85
134
133
130
134
132
134
128
1165
289
137
132
135
132
126
128
134
136
777
152
85
78
85
83
134
127
124
131
126
1032
152
82
75
83
85
77
83
84
132
1009
278
79
86
84
84
83
85
133
133
126
1015
144
78
81
82
135
125
133
133
134
1154
283
85
77
82
85
74
82
77
125
125
929
209
77
84
83
77
85
76
77
91
881
217
77
76
83
87
86
86
100
124
133
868
235
76
84
84
78
77
80
84
132
809
124
87
83
87
78
80
130
132
126
129
891
236
84
75
132
128
125
132
129
125
997
245
77
84
78
75
81
87
133
126
1020
216
78
88
85
76
83
83
84
125
129
1040
196
76
77
87
83
83
86
133
132
1138
281
78
86
82
77
85
86
84
125
128
1095
219
76
75
76
78
104
128
126
126
892
183
79
88
82
74
79
83
132
128
125
918
108
84
81
86
75
75
78
76
114
1042
177
85
138
134
131
133
126
125
129
132
909
90
84
83
89
78
87
124
128
125
933
124
75
76
78
85
85
83
86
125
132
894
196
86
78
86
77
82
129
127
126
886
118
126
126
125
136
134
134
127
128
132
893
145
83
75
84
82
77
135
132
132
1029
288
79
82
126
125
127
126
124
130
127
993
199
135
127
126
134
100
127
124
123
986
221
87
135
130
126
132
135
136
133
134
885
194
129
124
128
124
127
128
126
133
1031
158
84
79
126
131
128
133
139
132
132
901
153
76
75
85
75
88
134
125
134
1657
302
127
133
135
135
126
126
133
135
132
1001
187
84
78
79
83
85
78
128
127
1048
149
83
83
84
77
76
79
78
133
130
1025
154
128
127
128
124
125
125
128
126
1003
234
76
77
84
75
74
128
124
124
127
1005
193
80
77
86
75
81
74
77
125
1004
186
85
87
80
76
75
76
75
123
126
1037
173
88
135
135
135
128
128
135
135
916
296
87
103
129
133
125
127
134
128
129
958
132
85
86
101
96
77
128
135
134
892
129
78
108
126
127
127
126
131
151
134
1049
169
86
134
135
137
134
134
124
132
894
121
77
79
129
128
136
126
133
131
127
1036
169
87
133
136
133
110
139
126
131
1032
164
86
84
137
132
132
128
135
133
126
1060
278
87
96
130
135
134
129
125
126
980
242
80
127
128
135
107
137
128
127
942
230
85
75
134
130
130
127
127
134
133
903
118
86
89
135
128
126
134
134
132
1024
140
86
135
133
129
128
133
136
128
133
853
116
84
99
127
125
126
134
127
131
811
196
79
131
127
126
126
130
133
131
127
920
181
85
86
135
135
132
133
127
126
1024
150
82
109
133
133
135
135
133
125
128
987
190
92
97
129
134
134
135
134
125
899
90
87
85
133
131
129
130
131
132
125
1034
172
89
129
127
131
135
127
125
130
988
182
78
126
135
132
109
126
132
124
128
910
167
85
88
136
124
135
135
132
130
996
204
86
136
131
132
127
127
126
135
130
827
124
86
77
129
132
124
135
136
128
1042
168
80
137
132
127
126
132
126
130
126
1019
189
80
100
129
132
124
135
131
135
885
124
79
126
131
134
135
133
134
133
126
957
160
86
83
138
127
127
132
133
132
932
125
80
129
132
133
135
131
126
124
132
757
207
78
127
137
127
119
141
127
126
1032
155
87
134
129
133
125
130
133
133
128
903
136
87
133
138
134
127
129
128
125
656
201
128
133
128
127
129
134
132
132
131
1041
168
133
132
133
126
124
126
124
134
1029
160
126
126
128
132
132
128
133
133
127
916
143
135
133
138
127
129
134
132
134
897
118
135
131
132
127
129
134
124
125
125
1000
188
137
133
135
134
135
134
126
125
1042
147
129
134
136
126
124
135
134
131
128
1027
199
134
133
137
125
126
125
135
132
1004
190
134
133
135
134
134
133
139
127
127
943
191
138
134
129
129
134
138
131
124
1016
127
128
128
138
127
134
128
128
127
133
947
133
129
135
136
131
132
133
129
125
811
147
136
127
128
133
134
135
125
128
1036
150
129
132
135
135
133
133
130
127
126
1059
166
128
128
129
133
134
129
128
125
1019
160
127
126
129
133
127
129
129
133
126
1059
170
89
77
83
85
77
78
79
101
1006
192
127
133
127
134
135
131
131
132
135
1004
303
127
128
135
127
125
136
125
131
937
89
125
126
133
131
189
139
124
124
127
1033
201
234
133
135
134
133
129
127
128
1010
194
138
127
136
126
125
129
127
126
127
1020
200
126
134
128
134
132
136
132
132
1020
192
135
134
136
131
131
127
125
134
128
912
119
77
76
80
78
73
77
84
131
925
174
74
74
125
133
125
132
128
132
125
906
96
87
84
78
77
127
127
132
130
915
138
86
85
84
76
86
134
133
133
128
802
133
86
86
137
127
126
129
132
133
911
193
78
85
130
130
128
125
126
132
127
1004
163
84
86
136
127
132
123
129
124
892
173
127
132
135
133
124
145
134
132
127
922
181
77
82
133
128
128
135
137
132
980
184
77
133
135
125
134
134
133
124
126
1029
151
84
132
134
133
125
134
125
127
993
240
75
75
124
131
126
126
126
130
131
1009
146
85
126
134
133
125
129
131
130
1005
157
81
85
133
133
132
129
126
132
129
891
173
86
76
132
126
125
126
135
127
990
197
77
85
135
138
125
134
132
132
128
1000
168
78
136
135
137
126
124
127
132
920
115
146
89
127
128
128
128
128
124
123
972
178
83
83
84
84
76
85
82
128
909
121
85
127
126
132
132
131
133
128
130
1017
149
83
89
126
124
132
133
125
124
998
275
78
135
136
136
132
132
139
125
124
1008
188
81
100
91
96
94
94
88
145
892
126
82
109
136
139
137
147
138
141
141
999
150
85
94
137
136
147
147
137
138
905
137
86
81
78
83
85
90
90
139
931
137
84
89
94
91
88
95
143
137
138
1012
159
78
97
139
146
143
139
137
136
899
120
85
95
93
88
99
119
138
139
137
885
192
98
87
87
86
94
96
96
138
929
151
76
97
147
145
145
138
139
138
145
1002
191
78
87
97
96
87
88
96
140
928
96
100
137
145
142
137
145
143
144
137
865
116
79
96
146
139
143
138
139
145
913
207
86
129
126
127
139
140
139
139
142
909
104
89
88
143
145
143
138
144
144
996
186
76
78
139
133
133
138
145
145
137
1048
293
86
95
145
145
139
144
147
143
909
125
128
140
140
138
147
142
145
138
138
900
111
84
88
87
97
125
138
137
137
1005
192
76
80
135
133
129
142
146
147
137
681
186
78
89
96
88
92
140
146
139
1021
196
83
83
134
123
134
146
139
137
145
1052
170
155
97
86
87
86
88
86
142
618
167
109
137
135
125
125
134
146
137
139
898
192
80
88
137
144
134
137
142
138
897
128
77
96
146
144
139
141
136
139
140
921
205
99
94
99
99
87
88
93
144
1022
147
127
148
139
147
145
144
142
137
139
1041
124
77
76
89
80
89
76
75
138
138
137
141
137
139
139
137
1218
578
208
88
138
141
136
139
138
138
139
140
139
144
1022
155
85
83
76
75
89
89
97
137
139
903
192
79
87
138
133
138
136
138
137
925
181
89
90
139
147
139
138
147
146
137
942
136
90
78
134
137
124
135
139
139
1039
159
79
100
146
146
146
139
140
138
139
899
119
87
85
127
125
137
144
147
137
903
123
85
90
140
148
147
143
140
139
1012
198
86
96
146
144
146
146
139
138
145
884
194
77
145
144
146
144
137
140
140
900
123
77
139
130
132
140
139
141
139
144
898
157
88
90
146
146
137
145
146
144
926
174
96
96
137
146
145
138
138
145
149
894
118
85
77
83
85
82
147
137
136
1028
168
78
88
87
89
94
89
89
137
143
940
115
85
140
139
139
143
138
148
145
909
171
83
84
75
75
88
87
87
137
148
901
150
94
87
89
137
139
144
137
137
924
136
84
145
145
141
145
138
145
139
144
896
127
76
88
139
139
139
140
138
137
1017
200
79
121
148
145
146
144
136
139
138
1046
145
79
91
88
88
98
97
89
147
992
187
84
89
113
140
139
152
147
138
145
914
294
126
135
135
127
147
147
147
138
1016
194
78
136
137
134
149
144
144
140
148
906
96
90
140
146
140
141
146
139
136
1052
121
78
128
145
146
147
144
142
147
138
888
192
92
147
147
145
139
139
142
139
937
185
86
145
145
139
137
136
138
137
139
1535
97
76
89
97
89
98
100
86
138
945
247
77
80
135
128
144
139
138
139
146
811
163
79
91
142
138
129
137
144
139
824
142
85
89
141
141
136
145
139
146
145
942
254
83
143
142
138
140
147
148
146
909
204
78
90
141
141
142
141
148
137
136
953
285
99
88
89
90
97
97
96
137
782
161
85
97
140
146
147
148
139
142
147
817
144
84
81
77
82
85
89
88
94
847
166
89
149
139
149
148
147
143
147
141
940
146
76
80
131
125
125
134
131
190
804
171
84
79
79
75
78
87
91
138
138
825
127
85
88
140
145
140
138
146
139
825
192
101
137
145
146
145
138
138
139
967
158
80
111
142
139
138
139
143
137
144
947
247
81
89
139
139
138
146
140
138
957
277
80
89
136
127
140
140
144
146
146
802
119
92
78
85
85
95
95
88
137
954
289
147
146
141
139
145
146
140
139
148
808
185
85
83
135
124
137
137
138
138
829
272
159
140
137
146
139
145
144
137
143
811
157
80
88
89
88
137
143
145
138
741
243
78
80
78
76
78
76
75
145
144
896
127
79
78
136
134
146
146
140
139
764
179
79
87
137
132
136
148
143
144
138
915
250
76
89
140
142
148
148
150
150
778
101
78
96
145
137
139
145
138
136
145
747
162
85
87
127
126
138
146
151
143
839
231
79
135
133
132
133
139
139
149
139
575
210
76
97
98
145
138
138
143
138
752
107
87
90
100
139
139
140
145
140
141
899
228
81
127
127
134
138
146
137
138
593
123
76
77
77
83
95
97
89
145
137
767
130
77
88
136
136
146
138
145
137
872
175
76
101
97
96
87
90
137
144
140
877
190
87
98
148
143
134
146
139
138
926
109
76
144
137
146
135
145
137
140
143
1053
156
79
138
144
148
145
138
137
138
1009
258
77
145
139
138
138
139
137
146
138
896
163
83
85
133
129
128
144
138
143
916
172
83
140
146
138
144
146
137
139
137
930
183
98
88
89
136
139
137
145
145
1042
297
97
96
97
91
96
138
145
139
140
916
167
97
95
145
138
144
145
140
137
917
167
87
137
145
145
140
138
138
139
138
890
122
75
95
95
95
93
91
88
138
904
129
87
79
86
78
95
94
98
138
138
982
186
86
96
138
146
133
139
141
139
931
106
85
89
86
84
75
78
81
125
947
118
76
90
98
96
88
122
138
137
137
997
88
77
126
139
139
145
144
137
143
919
94
78
97
143
146
137
137
137
155
137
895
116
90
140
137
145
146
138
144
139
918
169
303
140
139
146
137
147
146
144
144
880
119
83
96
95
89
80
95
94
144
920
171
135
137
134
125
136
140
138
138
136
912
163
109
147
143
140
139
143
136
139
921
172
85
97
95
94
95
87
96
146
139
920
173
79
108
137
134
139
146
146
138
925
177
87
89
144
139
136
146
145
137
137
904
168
81
79
85
84
85
133
137
139
923
175
98
137
139
137
139
138
139
137
138
930
177
79
135
130
125
132
134
144
137
1002
229
75
100
95
88
87
89
138
136
143
1035
231
78
138
139
138
143
147
145
139
913
233
91
91
91
147
140
140
141
138
139
924
192
95
95
90
98
144
137
139
146
897
164
85
138
137
142
130
140
138
139
144
900
166
85
136
137
125
126
147
139
145
897
122
95
100
96
80
141
141
148
140
138
904
185
80
89
141
130
139
140
139
141
902
206
84
85
126
127
138
140
138
142
141
885
126
89
96
96
88
94
95
94
143
917
121
79
85
88
75
99
144
144
145
139
926
118
77
85
77
79
81
81
82
145
999
181
86
98
95
97
94
95
87
141
139
912
170
91
93
139
148
145
144
139
142
912
191
80
128
135
134
127
139
145
144
143
881
179
90
137
131
131
146
144
137
143
900
130
91
77
100
127
145
138
138
144
140
1009
153
87
126
131
125
129
146
137
142
934
210
91
142
147
147
142
147
146
143
145
1049
171
105
139
147
147
138
139
147
144
936
118
87
147
145
139
138
144
143
145
142
886
190
78
138
145
148
142
138
137
146
907
168
78
131
128
132
138
136
147
136
809
193
81
136
135
135
146
143
137
142
143
1022
286
109
140
140
141
139
147
140
144
998
238
101
139
145
140
145
147
145
145
148
894
187
87
106
136
134
142
145
144
147
1046
168
79
81
79
79
84
89
95
144
143
906
119
78
91
87
94
87
88
95
143
975
238
80
81
85
82
83
83
90
147
141
892
195
100
96
146
147
147
146
139
141
1013
125
77
100
96
90
95
97
88
141
143
997
190
89
85
127
147
137
138
139
143
1036
182
85
87
133
127
143
144
139
146
142
663
121
79
127
131
125
137
145
145
144
899
124
84
88
84
83
81
82
82
144
142
1024
157
87
78
91
98
87
86
95
144
763
152
75
78
124
134
143
138
142
144
140
959
173
80
80
78
77
148
148
146
146
918
194
80
78
131
135
144
134
141
144
138
878
127
78
87
85
82
76
76
76
145
1025
230
82
88
89
97
90
95
95
141
140
926
119
88
148
144
147
141
145
147
141
889
125
79
148
75
83
89
90
88
142
141
1008
155
88
125
134
135
146
145
146
147
920
191
85
126
129
124
124
138
143
157
137
1024
283
101
88
88
97
95
95
95
142
927
124
89
98
88
96
89
97
95
141
140
921
192
87
116
134
126
132
148
139
140
1005
142
81
80
83
85
97
94
99
144
143
991
185
85
91
95
87
98
88
93
142
1028
222
81
96
147
140
147
146
142
140
140
909
207
88
139
147
146
139
146
136
143
1042
169
79
97
138
137
138
140
137
137
146
922
126
85
85
78
82
146
138
137
141
1024
151
86
94
89
95
94
96
94
142
141
908
290
91
88
145
148
140
140
139
149
1022
151
88
84
87
88
96
92
90
135
914
181
79
84
127
134
143
139
144
142
145
1025
164
87
112
132
127
137
144
147
139
908
291
104
139
138
134
147
138
142
142
142
1001
190
81
99
145
138
131
140
145
146
989
184
77
89
97
96
88
88
95
146
142
920
120
84
85
88
128
145
138
141
142
923
122
85
91
79
75
87
94
96
143
144
908
293
110
138
147
138
144
140
139
143
917
196
79
85
127
128
139
142
147
145
145
1044
167
79
95
139
145
137
146
144
143
885
120
86
87
135
134
137
143
143
141
141
902
177
82
80
78
138
137
146
145
142
907
162
79
86
137
125
133
143
140
141
144
901
129
91
97
98
98
96
95
88
143
1019
162
78
84
75
96
89
90
97
141
141
916
209
80
136
133
133
140
144
144
141
919
227
86
126
139
137
145
139
140
144
143
885
190
79
79
78
75
97
88
97
137
1016
160
77
88
86
85
90
89
95
140
145
1020
283
93
121
140
147
147
135
145
143
879
189
80
136
145
126
145
146
146
143
146
898
192
86
139
134
127
127
145
137
139
915
121
144
137
148
146
136
145
145
143
141
1010
176
77
138
139
146
139
138
145
141
904
204
96
97
89
94
86
97
138
147
149
894
101
83
139
138
139
137
145
138
145
1012
155
98
104
145
145
138
145
145
147
142
900
122
77
76
80
75
99
91
140
143
995
191
84
128
137
128
137
144
144
143
145
903
200
101
89
137
139
128
140
138
143
1014
172
138
146
137
146
146
147
139
140
144
895
194
96
145
137
145
139
138
140
143
809
121
92
140
139
140
145
139
137
144
216
924
196
79
130
135
127
142
144
144
139
892
185
85
87
147
141
141
141
148
139
941
121
153
141
140
146
147
147
144
146
145
916
97
76
141
138
147
145
146
139
146
1050
153
84
84
132
132
131
136
145
146
139
908
85
77
96
150
142
145
146
146
145
825
160
75
100
138
140
139
145
138
144
143
805
195
79
114
127
130
137
137
145
142
1035
120
81
132
126
133
132
146
139
140
142
897
286
99
95
87
88
89
89
97
145
1021
155
85
85
83
81
83
82
94
88
95
659
130
88
147
148
147
146
146
146
139
886
193
86
103
127
127
147
138
145
143
141
1040
169
88
128
127
133
138
145
146
140
798
293
80
77
134
125
128
146
147
144
141
1026
157
85
88
87
96
82
96
87
146
904
162
90
80
81
75
75
76
75
144
138
885
122
84
96
97
95
97
94
86
90
899
161
80
140
130
134
144
144
139
147
141
886
193
85
85
76
76
87
87
87
141
1015
148
79
84
79
82
77
98
94
141
143
1041
148
85
97
138
136
146
146
145
143
1049
150
86
97
147
149
148
145
140
142
143
886
122
77
100
125
134
135
146
145
146
979
211
87
138
147
139
148
146
144
136
148
906
291
81
86
131
126
127
142
139
161
906
289
90
142
136
129
144
141
147
138
147
884
147
87
99
147
145
149
147
146
145
885
118
78
89
132
133
135
138
144
139
142
802
196
93
123
146
134
141
143
139
147
998
182
83
87
95
87
93
88
87
142
144
897
126
90
99
97
96
94
91
90
142
895
290
107
130
132
132
141
138
145
148
147
913
157
90
79
140
139
137
144
138
142
1041
291
83
148
141
146
131
140
139
141
143
877
190
88
87
86
84
85
98
96
140
1018
151
85
81
85
74
83
87
96
145
143
843
124
85
127
149
145
139
139
138
139
988
243
91
153
136
139
138
138
141
144
1001
185
84
93
95
138
139
137
146
143
145
937
224
101
88
94
90
92
94
94
144
1019
159
90
90
147
137
142
143
144
146
144
1025
154
81
146
147
147
147
146
139
142
892
192
79
77
126
127
128
126
126
127
141
1017
162
81
87
75
84
75
87
73
145
1007
150
79
87
77
85
89
95
88
134
126
1022
150
79
86
90
88
90
96
97
142
1020
153
86
91
149
146
146
204
146
143
144
1033
159
93
132
132
134
139
139
140
143
880
189
82
126
128
144
142
141
138
143
140
907
290
87
88
127
127
133
141
146
146
896
122
89
81
84
74
94
137
137
143
145
1025
154
79
80
128
126
146
143
143
145
989
179
79
88
130
132
128
140
137
143
144
909
206
83
87
88
78
89
94
95
148
1045
153
81
139
140
139
138
140
142
138
141
894
152
86
86
78
75
149
140
148
141
1020
274
83
89
135
125
125
128
138
141
144
1015
150
77
149
127
132
139
141
143
143
1000
211
87
105
134
130
137
144
145
142
145
987
188
85
79
128
128
144
138
139
140
915
190
81
137
128
126
134
146
145
143
147
1019
208
99
120
137
138
137
147
137
144
1045
144
130
138
147
147
142
143
141
141
148
1037
163
100
80
137
134
145
145
139
139
881
176
79
135
134
131
136
139
139
147
141
894
152
77
88
86
75
94
88
86
141
933
212
93
97
96
88
95
94
97
145
143
915
294
101
96
97
88
97
94
145
142
916
119
90
86
77
88
75
88
88
146
145
893
125
79
78
78
85
134
125
145
143
905
129
97
89
137
138
146
147
143
144
914
93
78
98
138
145
141
138
144
145
143
918
122
82
130
136
135
132
146
138
142
904
204
78
86
99
94
88
95
93
140
144
1008
195
85
85
80
134
130
146
139
141
915
124
89
78
85
75
75
74
74
139
143
1020
149
86
79
125
125
146
138
146
142
898
154
88
100
147
139
145
148
145
141
142
769
150
79
77
126
126
139
140
145
138
906
194
87
90
95
95
88
96
79
134
131
1048
150
79
100
135
135
137
141
138
128
749
243
78
134
138
146
146
139
146
144
144
1043
147
88
96
95
97
145
146
139
143
905
192
87
98
96
98
103
93
90
139
139
902
124
84
85
83
84
88
90
89
144
805
209
145
147
146
145
140
139
142
144
144
1023
161
75
86
125
125
128
139
137
137
893
148
96
99
94
87
88
96
87
142
142
917
218
88
87
126
126
138
145
136
144
1025
149
81
88
89
91
88
89
89
141
140
885
149
86
86
128
136
145
144
146
141
1019
149
84
99
97
92
95
97
94
147
145
897
153
98
99
96
89
90
89
142
140
1012
151
78
78
132
126
138
144
137
140
144
890
121
89
148
79
85
83
75
78
137
797
142
74
78
128
127
139
139
144
138
142
792
225
79
130
137
125
139
148
145
146
929
220
82
148
141
149
137
147
140
139
143
815
229
81
138
140
137
138
139
137
144
788
139
151
149
148
149
150
149
146
143
145
940
228
90
149
149
152
147
148
142
139
925
222
137
135
132
132
126
139
138
143
141
903
196
91
90
140
141
146
145
138
144
788
147
98
98
147
148
147
139
139
138
144
811
138
89
138
129
127
141
143
141
141
926
230
77
99
148
148
139
140
147
148
813
221
76
139
126
126
150
148
128
141
147
922
221
88
98
140
147
138
137
138
140
928
231
79
141
148
145
140
139
148
143
142
839
116
92
88
88
148
148
139
138
146
1047
151
96
89
145
144
140
138
146
143
144
1039
155
136
146
144
141
137
140
139
145
1019
162
126
133
131
131
133
144
137
139
139
1011
152
129
129
143
145
129
137
145
144
915
188
136
136
129
135
138
138
140
146
142
1039
165
87
74
75
80
76
90
96
144
994
224
76
90
95
88
128
146
140
142
143
1023
156
127
138
130
132
135
144
137
145
1036
291
98
139
139
143
127
138
138
144
144
979
244
89
137
138
138
145
147
138
143
1024
270
77
85
85
85
82
75
96
145
142
1032
153
78
85
136
135
127
145
142
143
1021
277
97
138
138
146
140
143
138
147
142
1004
241
83
89
97
96
96
88
97
142
1044
167
137
128
135
125
138
144
145
150
144
918
124
80
89
127
127
131
140
147
144
1028
155
84
98
147
141
141
146
146
147
145
951
128
84
77
83
80
94
87
88
146
1045
149
126
134
129
133
127
132
134
149
139
1030
121
130
132
147
146
137
144
145
137
915
209
86
148
137
147
137
138
143
141
137
907
285
95
136
139
146
144
144
139
141
924
270
127
136
125
126
141
147
139
140
139
992
135
86
135
138
135
139
146
138
142
1021
273
90
89
87
95
138
142
139
139
141
946
115
87
78
77
83
88
139
142
144
905
161
127
146
140
145
133
145
140
149
145
895
159
129
127
129
126
133
145
143
141
1026
155
89
139
145
138
136
149
145
143
144
919
127
85
85
85
83
93
95
94
141
986
92
79
131
129
134
126
128
138
144
996
222
139
145
138
147
136
137
144
145
140
1220
279
98
107
100
138
144
130
141
141
1021
102
77
82
82
81
82
88
91
141
139
909
178
99
139
145
150
140
140
143
139
947
213
97
137
147
140
139
140
146
144
145
746
181
132
130
128
128
146
139
147
140
913
226
77
139
139
144
146
143
137
147
142
890
196
78
85
134
125
134
146
144
144
793
160
75
75
140
143
144
146
139
144
141
997
224
85
88
95
98
93
143
144
150
908
294
97
99
139
145
146
144
140
145
138
887
127
97
95
140
146
139
138
137
141
918
126
84
128
132
136
142
145
144
150
142
910
132
85
94
148
140
139
138
139
141
1029
285
78
87
86
82
128
141
137
141
140
1027
241
128
138
145
144
138
146
146
142
1047
173
136
147
145
145
127
139
140
138
140
1030
290
79
87
86
84
82
82
81
144
914
301
79
79
129
125
146
144
143
144
140
898
165
77
95
98
94
89
96
97
141
1013
118
80
127
131
133
148
140
138
140
141
941
225
135
148
149
140
146
140
145
142
942
229
84
85
85
87
76
89
158
141
145
1020
210
77
137
136
126
127
138
138
149
917
217
89
135
130
127
128
139
144
145
143
896
135
88
78
127
125
126
125
138
139
1040
148
87
89
95
95
144
138
143
140
141
1042
150
79
135
133
135
147
147
147
139
1039
148
78
128
135
125
131
138
137
139
139
920
213
128
129
129
135
124
146
140
138
946
125
85
133
127
124
140
139
139
146
139
945
128
75
128
138
144
139
138
143
138
874
117
88
81
137
129
137
145
142
143
143
924
209
86
86
128
126
145
144
145
144
916
96
85
78
127
125
138
138
144
142
996
232
84
78
77
75
83
83
83
145
142
990
179
78
90
139
147
138
148
145
141
1028
148
80
149
140
146
139
141
137
141
1208
542
171
87
138
135
134
136
145
145
143
884
97
84
79
136
128
138
145
138
145
144
884
121
83
146
140
139
140
139
138
139
894
181
89
138
146
145
138
140
138
142
143
919
132
75
86
83
76
125
139
146
139
1041
268
131
139
138
139
139
147
143
145
143
914
226
85
90
138
146
139
139
143
142
1044
175
86
145
147
139
142
143
141
139
145
1036
143
76
88
101
90
81
96
144
142
1044
153
77
138
146
145
145
145
138
145
140
906
169
87
135
134
131
132
204
137
147
1024
154
89
147
140
138
130
139
138
140
142
1016
117
86
88
146
148
138
140
139
143
887
195
85
86
133
132
139
146
145
142
142
1006
180
88
148
140
148
141
139
146
145
1047
151
85
149
139
146
148
145
141
144
142
1041
161
134
140
148
145
145
139
142
141
907
163
77
145
129
126
140
143
147
141
139
911
167
83
144
141
141
130
141
141
140
1016
153
89
86
139
136
134
126
149
138
139
1020
211
147
141
140
138
143
139
138
141
918
118
88
86
135
129
137
147
138
143
144
896
192
87
86
86
87
88
96
98
142
1018
154
79
92
145
140
140
144
145
144
145
895
94
86
135
129
129
140
134
146
144
880
149
87
138
131
134
140
141
146
144
141
898
83
78
131
128
127
136
137
147
140
1041
285
84
84
84
76
82
97
94
141
144
1038
290
85
89
140
147
134
144
138
139
994
193
139
147
144
145
145
145
144
143
140
1003
157
87
136
135
133
131
146
146
145
883
169
97
137
148
138
139
138
137
142
891
129
78
98
147
144
129
146
137
146
144
986
189
148
147
139
140
147
144
145
146
879
152
81
140
148
146
142
145
150
141
141
654
103
77
138
141
145
138
143
141
148
887
152
84
88
126
132
106
145
138
145
142
921
191
90
89
139
148
139
147
140
149
750
176
98
96
88
94
95
95
97
143
140
929
221
100
96
96
87
88
96
95
144
881
167
90
98
95
88
96
95
88
140
138
1014
166
88
91
98
95
95
95
98
143
930
126
98
97
95
96
88
88
88
139
142
996
153
101
141
147
139
140
138
139
140
872
118
147
146
146
138
145
144
148
144
139
1004
146
143
145
146
147
138
145
144
139
1004
180
94
89
141
140
120
140
138
143
147
896
120
97
96
147
139
146
139
140
132
850
179
99
94
138
146
145
140
138
137
140
916
124
92
94
90
95
96
98
153
138
1013
200
138
139
143
143
144
138
147
137
141
1015
168
87
85
83
78
87
88
95
138
1037
166
99
146
139
148
146
144
140
137
143
893
161
99
146
138
139
139
139
138
141
973
187
99
99
138
146
145
146
139
140
138
881
191
93
90
89
106
96
88
91
139
1057
180
91
98
95
96
139
137
139
138
138
883
181
89
92
94
89
90
96
93
136
925
144
100
96
151
87
92
88
88
141
137
936
166
88
91
95
88
87
93
93
138
959
204
102
93
98
96
87
89
93
107
147
766
121
100
97
87
88
91
89
85
140
905
194
97
145
138
139
140
140
146
138
138
884
187
99
95
88
88
89
96
96
137
895
132
100
90
96
94
88
93
88
137
140
896
189
141
140
148
143
140
138
138
154
939
133
99
88
96
88
144
144
141
138
942
131
100
96
95
87
88
88
141
137
139
1033
167
139
148
146
145
145
137
145
139
914
132
90
101
97
96
96
94
87
90
96
811
98
99
92
94
89
87
138
139
137
997
192
88
99
96
96
94
89
90
87
96
827
126
86
91
98
94
88
91
137
139
1011
196
90
89
89
86
92
138
143
139
143
798
195
117
145
145
138
147
144
144
138
907
132
101
127
134
134
132
127
132
138
140
900
154
126
141
138
145
144
136
139
147
907
120
84
136
130
136
145
140
138
146
138
1006
187
132
138
143
133
140
144
139
138
914
165
128
131
127
124
144
139
138
139
145
1046
167
81
137
132
135
139
140
144
147
1036
164
99
144
145
139
138
144
147
139
145
906
131
139
140
137
129
137
139
138
138
851
124
86
92
138
136
139
149
139
139
145
1038
162
77
89
98
91
77
96
97
77
1164
263
126
125
127
131
126
126
126
146
139
1028
147
84
90
147
145
147
146
139
144
994
182
83
89
95
88
97
96
96
89
89
991
190
100
141
139
148
147
146
145
137
1015
154
78
82
130
128
146
146
144
137
138
1152
153
133
128
140
144
140
141
138
138
1012
165
141
137
138
139
144
144
137
139
144
1014
262
88
136
147
148
138
145
145
154
1032
156
120
140
141
140
140
149
148
138
146
1001
124
128
127
126
126
137
126
145
138
1012
151
128
126
124
126
124
131
132
140
144
897
147
126
132
142
144
137
144
139
140
1027
111
127
147
136
147
138
137
137
137
143
1033
162
137
128
142
145
145
136
141
138
1039
176
95
145
146
146
146
145
141
138
139
712
153
128
125
147
140
138
138
144
146
1041
277
140
147
141
139
138
142
145
146
1162
272
127
149
140
140
146
145
144
139
138
799
292
76
87
145
148
145
146
144
144
1018
271
76
74
92
89
89
88
95
93
89
1041
197
125
145
145
137
141
140
138
139
1300
569
126
145
139
138
141
147
137
141
145
1024
162
134
133
136
135
132
145
140
139
1040
157
133
126
146
139
143
139
139
137
140
1019
273
126
139
137
139
147
138
128
139
1037
288
85
95
97
89
94
95
89
88
95
1160
167
130
133
140
138
145
146
138
138
1007
130
140
140
140
139
141
140
140
1338
691
203
73
77
123
138
143
137
138
138
145
137
139
139
140
138
139
138
136
1084
175
126
127
125
125
129
124
132
134
133
134
148
891
129
75
96
138
145
142
145
146
138
144
1021
149
90
89
89
96
85
97
89
138
905
104
80
136
146
147
145
139
137
144
143
910
133
135
132
146
144
145
137
146
144
900
145
83
87
147
139
127
139
147
137
140
932
126
133
130
136
137
145
148
145
138
940
103
135
147
145
138
140
147
146
139
138
887
125
79
128
146
144
150
139
141
140
973
171
92
148
147
136
146
145
145
140
145
928
125
146
149
141
144
137
140
140
140
939
138
77
102
139
130
140
145
137
138
136
895
151
79
101
147
141
142
129
130
132
912
188
124
132
124
126
127
132
131
148
138
918
124
91
91
90
78
90
140
146
142
945
97
79
136
138
148
145
146
144
142
145
1112
241
135
140
147
139
147
144
141
147
1021
219
87
139
146
148
139
140
148
139
148
1026
269
85
148
138
146
144
141
142
148
1018
146
135
145
137
146
144
138
144
139
138
1037
278
148
145
146
138
138
137
138
139
1020
238
87
148
143
139
143
136
138
138
988
188
100
139
140
141
147
145
145
139
139
1019
168
132
127
144
154
141
138
139
145
1021
147
85
145
138
140
148
147
146
145
138
1033
176
134
126
128
134
126
137
135
139
1014
188
77
132
125
138
139
140
146
148
138
1002
193
126
137
138
139
146
144
138
141
1214
577
137
134
126
140
139
142
144
145
140
1136
290
139
141
140
146
150
146
147
146
1016
176
126
132
126
136
137
126
132
140
144
992
154
82
78
132
132
134
135
146
137
993
206
79
127
137
139
138
139
137
139
140
1011
198
137
138
146
146
147
141
145
146
999
155
79
77
89
88
95
93
94
95
94
1001
192
126
149
139
145
146
147
145
139
1146
287
126
126
138
146
139
151
147
137
144
1130
276
82
133
146
138
88
96
145
110
1008
267
99
150
141
141
141
133
216
147
138
996
148
81
149
146
149
147
147
145
140
923
129
86
134
134
128
147
147
142
138
146
905
117
92
138
145
145
147
139
138
138
1026
151
80
129
145
144
142
145
146
137
146
918
124
126
139
139
138
140
138
138
145
1036
230
154
140
138
139
145
145
138
146
137
875
173
134
128
140
146
139
139
141
138
904
137
86
133
136
137
146
140
146
143
139
903
124
126
137
126
134
129
140
146
149
897
172
88
144
138
146
146
140
142
142
138
887
125
133
147
148
147
145
146
138
140
881
98
126
140
149
144
145
146
139
138
148
1008
156
83
84
145
138
136
144
144
140
920
132
91
135
133
136
138
144
144
137
138
686
148
126
136
134
132
133
145
145
138
992
101
128
128
137
144
144
145
144
136
142
906
132
84
86
140
144
145
144
145
145
743
232
139
140
139
142
147
138
146
137
1012
100
126
133
145
144
138
140
139
137
138
908
118
77
134
129
135
146
139
139
137
685
195
135
147
146
146
142
138
146
137
146
920
208
81
146
145
148
146
147
142
139
799
130
137
127
129
131
127
130
134
138
109
1014
164
82
136
136
129
147
144
147
146
1006
163
134
130
137
137
137
147
146
138
144
915
123
131
132
132
126
131
135
132
138
992
193
89
128
139
144
143
147
147
139
147
915
126
98
140
147
143
145
148
138
138
892
190
84
135
137
132
126
124
133
139
144
885
96
87
133
136
137
141
139
145
140
932
122
77
129
129
129
139
141
138
138
136
1022
166
130
133
133
132
131
127
145
138
987
98
88
136
137
135
147
145
148
144
137
1016
150
149
151
147
140
140
149
148
140
905
176
98
136
148
146
140
147
138
140
139
978
180
81
127
139
142
147
146
149
141
1002
173
134
135
137
138
145
138
140
137
145
932
121
78
134
133
125
133
125
126
138
998
203
127
135
133
128
137
144
137
148
137
892
129
76
137
134
134
137
140
137
139
1037
169
133
141
148
138
139
141
138
138
140
892
123
136
133
137
130
147
139
146
147
916
151
127
129
141
147
148
138
137
145
145
782
207
80
128
149
139
140
142
145
138
846
181
128
125
127
125
126
132
131
141
146
741
123
86
133
130
131
140
139
147
140
778
146
99
125
126
130
127
128
132
138
138
746
202
82
134
192
131
144
145
145
139
847
189
128
133
140
140
147
140
141
140
141
757
136
77
133
134
141
141
138
141
137
700
124
129
133
134
135
129
132
132
140
137
741
216
128
136
126
126
128
127
134
134
869
146
137
136
135
141
141
139
145
138
822
169
129
134
147
140
139
145
138
141
138
908
230
130
147
152
146
146
149
146
148
791
162
128
127
139
147
140
142
147
145
138
978
178
137
150
148
139
148
150
145
140
1022
149
136
137
134
129
138
147
148
141
139
1018
288
80
150
138
139
140
149
146
141
1004
205
85
126
132
130
122
140
149
140
139
933
121
141
127
142
133
133
127
127
132
1034
200
87
83
79
136
134
145
142
138
145
907
125
85
100
95
90
88
97
96
95
939
176
131
132
147
151
145
146
147
146
138
1018
198
79
143
127
135
139
145
150
142
943
128
84
85
86
75
85
89
98
87
95
915
128
126
137
131
137
128
140
139
141
907
112
95
90
138
144
146
144
145
149
138
1020
202
136
136
148
147
148
141
138
144
900
123
77
87
79
83
83
76
90
140
139
993
190
93
90
91
90
89
97
97
144
891
126
99
138
146
148
139
141
147
139
137
1044
169
95
90
149
139
147
146
140
140
1004
193
150
149
137
137
146
146
142
137
146
946
126
92
139
143
138
143
146
139
138
926
182
90
91
90
91
95
95
96
88
94
892
126
93
88
97
91
88
88
95
139
900
129
91
148
148
141
142
140
142
148
138
918
131
86
77
76
80
76
77
90
89
938
141
80
137
127
134
136
133
133
139
147
1029
165
86
133
131
134
140
138
146
145
928
151
84
133
134
134
138
135
126
145
139
275
112
78
76
125
126
132
133
138
138
855
200
93
140
145
145
140
147
147
140
139
732
85
94
93
87
95
90
96
93
146
425
112
88
134
134
126
127
126
124
139
136
719
125
80
86
133
147
141
146
143
139
762
125
98
146
146
146
145
141
137
138
400
127
100
92
145
140
142
140
140
144
143
882
109
104
139
138
139
138
139
138
140
997
239
140
147
149
139
138
139
143
139
140
805
124
93
147
139
140
141
146
146
146
989
208
101
142
138
141
144
145
139
141
138
829
205
99
138
138
145
145
144
149
138
841
81
93
138
146
128
137
138
144
145
138
1455
599
163
140
142
145
144
139
138
140
872
232
138
145
138
137
139
146
144
140
139
830
125
101
96
146
147
139
141
138
137
1018
249
99
95
90
94
87
95
90
145
146
864
202
79
138
138
138
138
145
138
142
764
124
91
148
139
142
138
137
146
147
138
848
183
98
94
139
144
145
144
138
138
871
153
144
148
138
144
145
139
143
137
148
848
154
101
97
88
95
95
95
95
137
836
127
91
89
95
98
96
95
94
145
144
832
124
94
148
145
139
139
139
139
138
853
235
91
87
95
145
139
144
138
139
144
838
210
99
90
91
101
95
95
89
138
888
183
99
96
95
89
89
90
89
144
138
847
162
95
98
88
90
91
97
90
152
866
153
102
146
146
146
143
139
147
144
147
858
177
88
89
140
138
149
137
143
146
811
122
145
147
145
140
138
147
144
138
137
735
103
93
94
88
95
95
98
94
147
853
136
92
138
138
145
137
139
144
143
138
815
122
136
138
137
145
146
138
141
145
873
221
92
144
139
144
136
139
137
137
138
866
141
93
137
144
139
137
143
144
146
831
162
103
146
140
138
138
138
139
137
138
1103
320
103
96
140
145
138
139
137
137
832
168
90
93
138
139
138
139
137
145
144
878
223
106
96
96
92
97
94
95
144
807
124
90
139
140
146
144
147
139
137
139
846
207
92
93
88
89
88
87
87
146
830
126
141
140
146
148
139
146
144
146
778
137
148
147
145
138
138
138
138
147
138
870
223
101
147
140
139
146
137
144
138
839
136
119
114
109
108
147
144
138
138
138
853
218
95
131
138
144
144
140
144
146
968
217
122
140
127
126
127
138
137
140
141
857
190
92
87
97
145
135
139
146
139
893
231
101
146
140
136
142
139
144
146
139
1227
167
92
102
139
147
137
143
142
138
809
129
93
142
139
150
148
145
140
139
138
857
225
148
148
138
140
144
147
143
136
980
221
112
140
136
139
139
137
145
145
138
862
183
102
95
88
97
95
138
138
139
834
174
99
87
91
95
96
88
95
135
144
858
156
110
137
137
145
139
138
144
145
681
146
86
76
82
77
83
81
83
128
139
868
232
85
84
77
127
134
125
133
140
890
191
79
78
135
135
135
134
132
138
139
887
154
80
77
136
134
133
138
218
156
994
197
91
134
126
134
128
135
146
146
142
894
126
81
134
133
131
133
128
126
146
1009
151
99
89
95
89
89
99
90
138
140
891
190
82
81
86
88
95
97
145
138
908
140
146
128
127
129
135
127
127
136
126
1001
285
135
125
135
134
126
127
132
135
988
187
86
85
97
95
89
96
96
95
90
751
197
95
148
147
147
139
142
146
137
900
101
99
137
137
141
147
146
151
138
139
1007
177
89
147
141
141
150
143
138
140
538
177
110
140
141
139
139
139
145
146
144
1035
176
96
146
143
146
145
146
151
141
881
173
100
139
145
147
142
139
144
137
139
921
191
92
92
94
97
87
86
94
139
1017
186
150
140
139
145
140
140
140
140
145
1007
211
146
138
148
141
146
138
144
137
953
166
93
98
92
90
147
144
145
137
910
98
100
141
139
139
146
139
141
146
141
978
107
91
140
145
148
147
141
148
140
1036
161
81
127
127
138
132
125
132
131
147
984
238
81
125
134
133
139
146
148
141
1025
164
100
147
141
134
150
140
140
138
140
894
194
88
125
132
137
124
127
125
140
1015
166
90
95
90
95
88
88
88
90
88
878
169
98
96
94
89
91
88
88
146
914
173
102
97
91
96
89
96
87
145
137
1016
278
92
140
140
139
145
138
145
150
949
260
140
145
141
144
146
146
138
139
141
957
265
92
89
141
141
150
143
146
145
959
257
102
100
146
142
146
145
146
144
140
925
188
97
97
98
96
91
90
88
147
868
197
92
146
138
147
139
149
144
139
145
781
255
94
91
89
99
91
99
96
138
770
217
94
92
90
98
88
94
91
137
137
890
241
89
148
142
150
146
142
143
138
763
127
91
139
138
138
138
144
145
146
141
819
231
150
148
139
138
138
152
138
138
808
151
105
89
138
141
140
146
149
145
138
784
238
99
149
146
145
145
144
137
144
805
149
88
91
92
88
140
137
138
139
147
805
158
91
138
146
147
147
139
146
138
755
146
77
90
101
99
97
100
96
138
138
753
80
79
139
134
150
147
138
137
140
915
221
92
91
97
90
96
89
87
140
139
903
226
151
148
150
138
139
152
139
139
770
161
91
140
149
141
141
139
137
146
139
786
251
82
127
138
136
133
134
130
141
811
176
77
96
97
226
146
139
146
138
138
1006
179
128
138
151
140
140
138
145
138
966
128
147
140
148
139
140
139
149
144
904
128
127
130
137
135
147
140
145
147
141
1009
192
132
133
130
128
126
135
126
129
903
135
87
127
128
133
136
134
134
130
128
920
294
87
133
125
133
130
127
126
128
825
132
86
78
78
79
85
75
82
128
133
889
192
84
84
79
124
132
135
126
134
1030
155
147
139
149
145
136
147
136
137
141
925
180
78
78
75
74
84
97
88
137
901
101
81
135
136
129
131
144
144
138
147
904
121
86
97
96
138
131
148
139
138
1046
226
129
147
136
135
136
139
143
138
139
1043
148
79
96
89
89
87
95
95
138
980
184
138
137
125
133
140
140
138
138
139
1046
149
164
140
139
141
148
148
144
145
897
188
89
146
148
139
141
140
146
139
137
1027
154
87
97
96
89
95
89
89
145
925
213
90
89
88
97
149
96
99
147
143
935
165
95
140
146
138
141
145
147
139
1046
152
78
136
137
125
132
145
144
144
148
1013
127
79
96
137
137
138
145
140
136
885
195
78
148
148
147
144
146
146
147
139
926
162
80
149
147
142
145
140
137
148
933
95
88
138
145
139
147
148
144
140
137
1027
154
86
88
91
88
89
96
96
138
948
178
100
89
97
145
145
142
145
140
139
655
163
128
127
126
134
145
148
140
138
1012
199
85
135
145
146
144
138
143
146
136
1046
167
78
84
134
125
147
142
137
138
676
174
89
137
128
130
131
144
144
137
140
1047
156
75
144
144
146
145
147
138
138
926
131
81
139
138
142
142
126
127
139
145
971
221
99
133
132
134
126
127
142
138
1003
198
88
76
76
127
129
145
137
145
137
935
97
90
98
96
96
96
88
88
138
1049
178
88
136
128
139
131
145
146
141
980
129
89
132
126
125
145
146
146
144
139
839
125
79
82
85
84
97
87
90
138
947
198
89
128
135
135
135
145
140
138
147
944
240
85
145
146
143
144
139
144
139
917
172
101
97
145
141
138
140
146
139
137
1037
161
82
137
145
148
145
140
137
147
1021
187
83
84
75
82
83
77
84
133
129
928
177
87
82
74
85
78
89
96
138
1032
166
89
137
136
126
125
148
146
144
139
938
176
104
94
89
88
86
144
148
144
906
193
160
81
85
84
84
85
142
137
144
910
135
91
91
96
99
97
89
97
95
995
187
86
99
90
95
97
90
89
96
88
1040
155
87
95
94
87
95
88
92
139
925
131
79
84
83
83
74
75
76
87
87
915
189
76
86
85
77
77
94
89
88
1011
195
90
84
96
85
89
91
88
141
139
949
130
84
84
76
90
87
87
88
88
821
135
94
148
151
128
145
140
139
136
152
1028
164
145
143
142
143
141
145
143
142
1044
174
99
98
146
149
147
141
137
145
145
1046
146
93
146
140
139
141
145
137
142
947
139
138
137
145
144
139
137
140
138
144
1008
192
90
100
139
145
145
139
138
139
967
142
141
142
144
149
138
148
140
138
140
966
86
94
90
88
88
88
88
93
138
1045
180
92
95
146
146
146
138
146
144
146
885
178
91
145
144
150
145
145
146
144
995
221
94
89
91
140
140
138
145
147
145
917
154
91
87
94
87
94
145
141
139
898
120
89
89
98
95
91
95
93
95
89
807
92
90
97
87
88
88
94
144
146
889
182
95
94
88
95
96
97
88
96
94
1021
155
100
98
98
96
91
91
138
147
1033
170
93
89
89
90
109
138
138
140
138
1031
174
91
90
90
95
88
90
146
138
1033
252
102
88
88
90
89
92
147
139
763
112
99
90
150
137
140
139
146
138
140
674
123
95
95
96
95
89
95
96
146
726
179
101
88
138
139
146
147
147
156
143
846
211
101
90
97
94
96
95
95
137
521
126
92
102
87
141
140
143
141
139
140
633
81
92
95
139
137
138
143
144
138
666
126
99
95
89
90
89
88
89
138
144
577
128
100
92
96
90
140
138
146
150
782
211
99
90
90
89
98
142
146
144
145
640
133
95
89
98
140
140
140
143
146
1387
131
90
140
142
146
145
140
147
144
146
568
121
103
89
87
94
92
145
144
143
801
198
102
91
90
95
93
94
95
145
139
812
198
92
89
149
142
146
145
137
145
664
124
98
88
95
88
94
89
94
138
140
703
100
91
95
88
99
96
90
142
137
709
188
100
98
145
142
137
145
139
138
145
827
234
92
96
89
95
96
89
96
145
