149
134
132
131
130
132
133
450
667
151
132
131
136
131
128
137
139
529
116
157
134
132
132
155
134
128
134
583
661
92
119
119
128
119
116
118
118
794
88
138
127
127
128
146
126
129
135
126
134
186
525
385
90
142
140
138
137
138
132
178
707
695
101
124
128
127
130
128
116
168
179
678
653
87
144
137
141
139
141
128
163
696
1446
217
91
130
126
126
126
127
129
127
689
667
111
140
148
138
141
133
138
173
722
107
117
119
145
141
127
144
139
141
190
828
655
84
139
129
143
139
137
139
147
785
537
135
131
128
128
128
115
129
164
170
781
171
133
125
152
137
126
139
158
145
869
648
110
154
130
141
138
142
137
129
175
730
645
145
118
131
127
117
115
146
134
779
101
120
117
127
129
123
132
129
160
187
1126
1525
824
142
149
142
143
141
143
147
708
219
78
91
144
140
130
142
137
176
710
621
86
130
128
128
130
129
127
162
155
855
730
84
130
142
139
138
137
145
148
679
634
94
144
136
128
129
137
139
157
169
521
584
88
144
140
140
138
139
142
193
701
598
84
140
125
144
130
140
127
141
186
702
518
94
118
147
128
140
140
138
146
989
981
93
102
158
145
142
140
158
135
145
706
716
95
142
156
148
133
147
134
144
668
643
92
141
140
128
137
140
145
164
201
659
879
88
87
165
140
145
146
143
205
825
663
106
91
127
125
134
130
131
129
148
708
614
85
94
139
128
139
133
133
172
729
696
78
83
129
130
148
143
141
142
156
1345
329
78
117
82
131
131
132
127
149
988
1570
624
171
122
125
127
93
94
140
147
722
714
96
95
139
142
138
138
142
156
764
123
117
118
129
128
126
128
130
128
146
784
771
101
79
78
133
128
130
128
184
870
1316
441
122
130
117
132
129
132
133
147
748
226
105
134
151
127
143
132
129
138
832
755
82
140
143
134
147
141
128
141
147
863
1087
163
78
138
128
142
143
142
148
719
707
112
125
125
123
129
124
131
141
148
688
666
88
91
139
140
139
141
139
175
703
628
79
88
127
131
129
129
132
153
158
905
1065
252
92
91
166
148
131
149
148
687
672
96
140
140
138
91
137
140
126
146
664
769
79
96
129
130
128
131
134
168
630
589
121
88
128
140
142
138
137
134
182
734
354
82
87
142
141
143
139
137
144
661
462
105
137
146
128
129
117
147
152
191
712
962
258
98
155
146
147
149
148
256
761
290
82
89
130
129
127
128
128
127
168
771
692
116
94
135
142
144
142
137
147
527
333
87
93
144
130
143
141
143
192
1119
289
92
134
126
128
128
128
129
172
172
737
420
77
83
131
166
131
135
154
150
710
558
104
96
95
141
133
142
145
146
158
740
374
86
79
129
129
124
131
128
211
739
1332
324
90
136
161
165
143
139
131
172
793
793
109
135
130
132
132
132
135
143
802
761
100
79
136
130
128
132
128
130
142
782
1266
267
87
92
133
140
141
141
144
761
609
156
116
128
131
135
116
128
141
441
577
637
84
131
148
138
138
137
149
157
950
827
103
129
132
127
129
126
132
129
181
723
697
109
97
140
141
138
138
137
300
796
108
78
81
130
147
142
148
143
134
210
727
684
137
88
133
138
117
133
131
163
878
626
82
89
147
139
144
139
148
128
151
703
656
124
89
125
116
130
127
129
170
488
451
97
91
140
142
139
138
140
129
146
789
706
123
91
155
135
142
135
128
186
787
632
118
141
141
143
136
140
139
141
158
697
597
81
81
130
130
126
128
128
187
748
595
78
90
132
130
130
128
151
156
170
668
697
110
88
130
139
139
143
139
145
603
217
112
144
138
138
138
139
138
145
167
723
156
107
118
143
145
141
130
129
212
725
695
105
89
127
156
144
141
134
139
171
536
337
85
94
133
130
133
134
120
397
988
804
84
77
132
133
134
126
134
132
170
777
780
106
91
136
133
134
127
131
136
709
325
92
91
135
138
133
134
134
133
140
700
758
89
79
130
134
129
132
133
133
805
450
83
80
130
130
133
136
129
135
134
766
1144
186
92
133
128
133
140
133
137
757
757
90
78
133
132
118
118
130
130
141
728
722
78
79
131
135
140
132
128
131
732
733
103
78
134
133
130
130
134
126
744
786
83
78
114
109
127
134
133
133
128
749
784
79
78
129
127
140
128
133
130
707
400
78
78
131
133
133
134
133
133
140
706
728
102
90
140
127
132
131
136
129
699
370
109
83
130
132
140
134
127
131
138
705
721
92
78
133
130
135
127
133
129
700
681
109
89
132
127
132
133
140
118
136
681
392
103
79
129
134
134
134
141
146
743
736
94
82
130
130
129
133
114
129
137
728
688
90
91
91
87
134
133
131
135
756
678
78
117
129
129
136
129
141
119
139
638
642
107
89
133
133
128
135
127
136
695
752
105
81
128
132
127
131
133
138
139
619
642
103
79
131
133
140
133
134
142
699
945
89
78
77
133
132
127
137
131
138
736
710
124
80
129
132
135
140
139
145
980
1347
403
102
78
132
127
136
136
135
121
680
636
77
80
139
127
138
128
132
119
699
721
97
82
80
135
132
138
139
132
138
828
732
88
77
128
140
144
130
133
134
685
753
106
78
135
133
133
128
131
130
137
693
714
107
90
136
127
132
129
133
144
731
403
76
77
131
117
131
130
132
130
128
591
638
102
89
133
132
134
131
132
133
828
770
112
76
127
132
133
133
131
126
139
826
734
102
82
131
141
136
127
134
137
693
662
112
78
130
132
126
120
132
117
129
681
100
97
81
135
134
132
133
127
125
708
696
82
78
118
132
129
134
135
131
125
705
760
100
79
81
133
132
132
134
130
735
394
104
81
133
127
143
126
139
119
139
719
413
84
77
130
132
133
133
134
136
696
1180
215
95
77
132
134
134
132
134
130
642
545
97
92
131
134
134
127
133
118
778
674
99
77
124
134
139
134
140
133
794
527
102
93
135
141
140
135
133
136
138
875
685
87
77
130
128
127
133
129
127
591
380
106
80
131
133
135
130
135
136
144
564
379
110
90
139
133
128
141
133
137
706
672
97
91
135
132
133
134
135
134
138
726
763
117
80
78
142
140
139
132
136
713
693
90
141
141
134
126
146
133
133
250
778
740
105
79
124
119
132
116
132
117
765
712
94
130
141
136
137
128
134
126
146
760
335
95
81
141
133
133
135
134
355
823
786
89
129
133
135
134
136
133
137
133
790
692
100
78
129
116
132
117
133
120
732
680
109
78
130
135
140
125
116
129
137
665
599
104
79
128
137
133
132
147
149
758
840
106
126
131
132
132
132
118
128
132
809
771
77
129
130
135
117
129
115
124
718
705
89
119
116
131
131
127
131
131
107
571
576
116
78
133
132
133
132
116
146
714
289
120
134
116
130
127
126
127
132
132
690
671
100
78
123
127
134
136
133
117
483
345
104
131
132
132
134
134
136
138
129
751
759
80
128
135
134
134
131
127
144
707
720
92
132
131
128
127
133
126
133
146
773
283
120
116
133
127
130
115
127
130
759
665
99
90
131
131
133
129
126
138
139
705
725
94
127
117
116
119
131
132
141
519
481
91
77
137
138
133
143
126
131
149
726
574
85
132
127
118
117
115
115
120
722
727
90
129
129
132
128
130
131
120
131
838
1332
320
92
130
132
134
133
142
146
550
331
120
127
132
134
128
143
130
120
132
700
702
107
76
128
132
127
133
131
134
724
626
108
118
116
127
137
134
133
129
148
690
404
96
133
127
131
143
134
129
147
662
673
77
131
116
131
114
117
114
131
616
610
82
77
117
129
127
130
132
133
145
674
675
97
129
131
115
131
129
126
123
681
215
84
90
134
127
128
127
129
129
152
675
815
126
86
129
138
128
132
140
133
755
747
87
119
125
128
128
140
128
130
131
536
294
80
80
135
137
128
127
129
145
706
695
78
128
135
127
127
127
133
134
130
672
739
77
134
128
132
134
132
139
125
679
516
85
132
128
132
141
139
141
133
130
836
834
126
133
136
136
131
129
127
127
688
684
86
132
129
132
132
148
140
129
130
711
742
88
77
140
134
127
132
130
130
694
547
109
130
137
141
134
127
127
136
137
575
532
123
121
128
128
132
140
131
133
1017
1139
341
131
127
140
140
141
132
118
131
723
656
81
80
116
141
129
128
128
133
930
1737
168
131
116
118
118
115
128
131
137
726
684
108
128
136
135
135
137
135
132
500
387
141
130
128
129
140
125
128
119
140
782
690
95
134
127
139
132
132
126
135
768
825
151
118
118
131
126
133
117
132
120
631
585
108
118
134
133
138
127
117
129
713
648
116
116
123
115
115
118
132
132
135
705
747
111
116
117
133
134
132
140
131
673
650
74
131
132
140
133
137
118
129
136
684
510
82
78
130
123
123
136
129
135
728
779
77
77
130
131
134
132
145
128
126
706
693
96
133
133
132
132
132
114
115
781
338
120
125
128
130
130
130
130
133
143
781
702
108
133
128
138
95
132
132
134
703
722
77
135
140
129
129
136
133
127
132
796
660
79
79
131
133
127
133
150
129
697
749
80
132
119
128
134
140
132
135
143
679
670
77
129
133
134
133
133
143
131
704
819
110
131
139
132
134
127
128
134
142
751
801
90
79
134
133
132
141
131
133
737
160
120
116
131
128
116
131
131
136
533
312
118
128
133
130
132
131
133
132
144
507
357
116
131
133
137
139
133
134
125
491
234
117
135
132
133
131
121
131
133
333
717
650
82
131
127
129
130
133
136
117
771
323
78
131
132
143
128
129
133
135
141
755
657
118
117
119
134
132
127
133
297
530
399
135
127
131
136
134
133
131
128
134
788
358
131
128
131
131
126
116
136
129
702
755
112
129
118
127
131
133
132
131
155
717
659
138
127
131
129
126
128
131
128
671
663
79
124
126
129
133
129
129
132
136
751
687
78
77
130
132
135
131
129
142
796
201
119
128
129
141
130
138
137
113
133
770
683
79
78
127
140
133
139
138
138
491
295
101
131
128
118
116
136
116
116
147
899
667
76
117
142
133
132
132
139
134
666
552
144
128
117
139
131
134
128
127
135
701
718
116
81
133
135
127
132
126
137
517
382
136
128
117
135
140
135
133
129
138
867
672
117
133
133
139
138
133
129
130
719
632
97
83
132
132
117
116
131
129
132
1272
1060
356
94
116
140
134
138
132
131
729
153
148
132
131
132
135
130
133
133
145
695
681
91
131
133
131
128
131
133
142
759
208
87
136
117
116
130
127
127
125
147
761
722
77
126
129
133
138
131
131
128
771
290
118
131
128
129
116
127
128
341
597
712
111
123
132
115
117
129
131
134
135
720
737
92
117
137
135
135
134
135
132
141
704
763
77
132
133
128
132
139
128
128
704
759
89
142
133
128
128
141
133
129
142
639
733
78
135
134
131
130
131
132
139
724
771
113
143
131
127
133
140
127
127
146
688
763
78
133
134
115
117
127
133
131
666
740
111
133
130
140
139
129
130
135
716
715
77
135
135
128
136
133
141
131
143
743
797
81
115
117
128
124
126
122
120
766
790
94
132
129
127
140
134
133
149
145
741
776
110
79
129
133
141
134
141
136
686
820
96
130
131
128
134
132
131
133
131
691
751
78
85
135
126
132
126
126
143
717
749
78
135
128
140
132
133
132
128
138
699
751
100
78
127
133
142
133
127
130
684
750
71
133
132
132
143
135
140
139
134
712
777
75
118
131
129
129
133
132
124
672
701
90
131
125
131
126
135
132
117
147
674
746
93
79
127
133
132
133
132
132
737
744
106
80
128
128
131
125
127
133
134
667
732
119
133
133
131
131
133
133
137
699
768
78
138
131
134
133
131
132
135
144
773
793
140
130
133
125
128
131
131
146
697
763
79
134
132
133
134
132
140
134
132
679
765
109
76
132
132
135
134
125
126
726
789
97
133
143
140
130
132
136
131
134
701
808
78
79
135
126
133
140
135
145
688
757
77
130
132
139
133
140
133
135
135
718
427
108
90
144
132
146
135
140
128
723
828
108
126
132
139
143
131
130
139
145
753
822
106
136
141
133
133
134
132
134
679
536
74
80
134
136
125
131
131
131
133
695
626
79
118
117
125
132
125
126
129
694
775
99
134
132
132
132
132
127
126
147
687
774
82
132
134
141
132
133
135
135
669
753
117
132
131
139
133
132
131
121
154
732
763
73
136
128
132
139
140
133
137
686
730
80
134
117
127
127
116
118
134
139
725
766
120
140
129
132
143
139
133
131
699
733
107
91
140
140
130
125
132
140
214
797
891
91
135
116
127
132
127
131
129
656
777
125
142
132
134
130
140
133
135
712
753
79
132
128
134
134
135
128
132
363
691
600
75
141
140
135
138
131
132
130
672
767
78
89
141
132
129
127
137
132
148
754
792
77
128
128
132
132
133
134
269
777
812
110
136
141
139
130
128
133
133
133
723
768
89
137
141
141
132
141
132
140
683
706
115
142
135
132
136
137
140
128
135
729
744
78
135
134
133
127
133
140
127
702
266
91
90
134
132
137
132
133
136
132
793
591
144
141
141
134
132
131
127
126
765
246
132
146
141
132
139
142
141
141
127
656
508
92
88
144
141
132
140
135
132
758
240
125
137
129
127
131
132
130
146
127
781
425
79
77
130
131
134
126
132
129
810
209
118
119
118
128
123
127
141
132
159
757
801
98
135
117
126
115
116
133
125
731
741
77
133
129
135
133
132
127
133
128
652
682
79
84
139
126
131
131
132
131
759
844
307
131
135
130
134
128
144
129
138
686
760
94
134
116
132
134
128
130
129
626
702
78
134
134
133
117
128
118
131
126
610
588
96
78
81
86
119
117
133
127
720
621
423
97
131
128
141
140
140
128
134
747
637
84
142
134
132
129
134
128
133
743
643
91
131
117
142
130
132
126
133
134
790
620
105
117
131
134
139
128
131
126
731
644
94
78
130
141
132
141
133
133
133
762
664
94
130
131
134
128
132
127
137
700
676
83
129
127
139
161
146
135
132
132
769
691
78
118
134
133
134
128
136
127
769
613
96
79
134
126
135
129
134
141
137
763
677
104
130
120
132
128
134
127
133
806
710
78
128
117
131
142
133
133
132
128
768
588
92
76
117
116
136
134
131
128
777
678
83
76
133
115
131
124
130
127
756
671
92
120
132
116
137
133
131
117
134
755
607
99
136
128
131
128
138
127
131
698
106
130
130
129
134
117
126
118
135
132
641
182
141
119
133
115
130
127
132
117
661
162
101
132
128
132
134
128
134
129
133
610
93
120
133
119
133
127
135
129
136
595
111
136
137
127
133
141
141
134
132
134
559
99
120
118
129
131
129
130
133
119
669
99
118
121
125
140
135
128
133
127
131
726
531
118
131
136
132
129
140
141
133
702
652
98
118
119
131
136
129
116
136
128
767
655
92
78
132
129
133
131
132
132
771
667
95
119
141
128
133
130
140
137
135
727
682
118
127
132
135
141
134
139
147
784
677
78
130
133
138
135
141
132
134
135
748
686
82
132
134
133
134
134
140
376
538
526
122
122
126
133
132
132
133
139
134
769
1342
83
129
135
126
117
125
117
131
648
716
79
135
135
145
127
132
129
131
134
672
513
77
130
141
130
139
134
133
128
621
738
77
117
125
129
128
132
134
135
132
613
732
82
137
129
133
128
140
128
132
666
427
93
130
116
132
130
132
126
131
129
652
681
117
80
136
135
141
135
135
133
682
762
94
78
127
117
127
119
132
117
132
629
672
84
124
130
132
140
137
139
146
680
613
97
132
116
132
134
132
115
116
138
766
734
80
134
131
129
128
131
133
127
523
412
85
133
130
132
129
131
140
133
130
749
650
86
117
133
133
133
137
135
134
760
699
85
132
134
139
143
100
137
131
250
759
726
96
133
141
130
127
134
138
145
761
655
88
119
117
130
133
134
118
135
137
653
568
119
130
118
132
139
140
129
250
749
709
105
117
134
134
128
128
134
133
718
700
77
130
118
126
132
134
133
141
134
709
661
108
133
129
126
135
129
129
264
795
704
111
130
132
136
132
137
133
131
135
785
660
87
128
132
132
132
131
133
118
686
659
77
81
129
133
116
125
132
133
130
639
616
108
82
132
133
134
133
129
133
766
671
108
80
135
135
116
133
130
132
135
727
656
77
78
132
132
132
130
114
138
737
650
79
132
134
132
134
134
128
129
133
792
696
82
129
133
131
134
131
136
146
707
620
87
118
115
140
141
141
128
137
132
685
704
78
80
131
130
141
134
140
136
707
676
108
77
134
133
132
139
141
134
138
716
666
85
131
135
131
138
128
133
145
764
672
80
130
128
140
131
133
132
138
132
713
677
76
133
131
136
132
132
131
144
721
670
83
127
115
115
130
115
127
127
131
777
697
103
78
127
129
135
133
133
132
684
667
104
132
120
132
132
128
128
132
130
684
619
99
80
117
132
128
132
126
144
699
682
106
116
130
136
133
118
133
132
125
668
609
95
79
134
132
133
128
129
132
693
656
78
131
130
133
126
139
141
141
136
777
740
81
79
131
139
133
133
134
136
706
660
79
130
132
127
130
131
132
131
132
778
659
92
134
135
127
131
142
132
133
693
676
109
131
131
138
138
140
133
141
134
695
662
88
80
133
141
134
135
140
135
774
668
84
129
127
116
117
126
139
139
131
715
676
80
117
116
139
131
133
134
341
669
606
85
131
132
132
115
125
135
133
117
694
665
88
117
120
127
117
127
130
126
720
668
82
133
132
128
133
133
133
128
131
797
658
82
77
135
131
135
131
133
132
696
633
93
129
128
134
141
128
128
132
789
632
92
130
136
117
116
140
132
134
131
775
644
83
78
133
132
132
133
133
138
781
674
90
131
130
132
134
143
128
133
131
687
668
79
78
133
135
131
132
131
133
704
675
82
118
115
140
125
123
124
122
132
774
732
84
80
127
115
132
130
113
130
696
648
81
133
130
127
119
118
127
125
131
762
670
88
80
131
134
135
138
141
133
702
683
85
119
81
127
127
139
139
132
144
799
748
77
77
133
137
132
133
133
143
713
725
109
143
127
140
147
135
138
138
142
782
721
118
129
127
132
140
133
136
132
671
626
96
78
133
126
135
116
129
131
134
752
663
88
78
116
115
140
139
140
127
717
690
81
77
132
139
139
128
143
136
132
774
698
85
81
132
134
133
135
132
133
728
653
87
135
141
133
133
140
138
135
137
704
363
100
126
126
134
141
133
135
134
641
588
80
133
135
131
131
130
121
115
132
767
671
78
79
129
134
115
130
131
128
680
337
82
77
113
131
126
127
114
132
131
654
644
119
78
115
131
134
135
117
115
695
668
97
90
135
134
134
127
133
134
132
518
226
79
76
118
134
127
132
132
147
727
682
83
77
131
132
131
134
134
132
131
698
659
94
80
134
139
127
127
140
131
508
361
122
130
116
128
134
132
135
128
135
770
619
106
130
132
115
129
132
134
129
694
679
85
132
114
132
133
127
128
133
262
791
696
123
78
114
113
132
143
129
133
721
693
80
134
132
134
133
133
133
134
132
788
681
113
133
126
128
132
132
132
229
778
696
77
131
134
135
134
139
131
133
127
782
644
101
78
132
132
128
131
132
132
655
602
78
129
132
132
137
130
129
259
768
690
116
119
128
129
132
116
129
127
133
713
692
82
136
115
131
133
127
129
127
720
665
80
134
131
133
126
135
133
126
129
687
672
87
91
140
134
133
136
133
133
714
627
93
135
211
648
653
88
119
133
116
130
127
127
127
127
128
133
129
128
379
619
595
117
135
134
140
133
142
128
139
139
692
621
94
81
134
129
131
129
127
132
718
665
84
132
133
126
132
117
118
132
135
639
607
90
77
133
131
134
131
118
124
703
663
98
81
132
127
133
140
132
140
143
756
715
85
77
131
140
141
128
140
145
687
585
115
135
133
127
132
134
127
127
132
719
693
82
79
133
115
123
133
133
129
678
667
107
82
128
139
134
128
133
133
143
696
587
114
83
130
140
133
133
134
126
768
662
92
79
130
140
132
140
131
135
140
768
697
91
79
115
112
111
113
111
115
788
715
99
78
128
136
127
132
134
134
128
691
648
85
78
135
137
140
128
132
147
721
678
89
131
130
138
120
130
133
132
134
729
831
191
78
78
131
118
132
134
130
681
649
94
134
134
143
141
136
134
133
145
792
674
80
80
133
117
130
125
132
130
794
755
89
79
133
134
134
139
136
142
133
717
373
104
133
131
129
136
132
135
129
772
688
79
89
143
127
134
132
134
137
133
772
675
103
78
131
133
133
134
139
137
790
688
78
78
134
133
135
142
132
133
137
764
678
104
78
121
127
131
131
132
141
707
696
80
77
133
134
140
134
134
134
134
785
742
77
78
137
132
133
136
134
133
703
762
104
90
130
135
133
139
140
133
132
693
756
98
77
127
127
133
134
133
133
696
762
102
133
129
133
133
134
132
132
709
753
92
80
127
132
134
138
128
133
132
697
690
102
79
130
116
132
129
131
126
712
748
97
119
133
139
134
127
141
140
139
704
714
93
77
128
130
132
128
139
125
755
802
109
145
134
137
132
131
140
134
127
701
744
106
78
126
138
136
128
134
131
649
764
93
118
127
134
138
137
133
134
152
733
762
92
80
133
140
136
140
131
142
685
763
102
135
134
140
133
137
133
137
135
673
693
81
79
133
142
133
139
141
144
773
796
86
80
129
132
132
115
133
127
131
719
720
115
78
128
133
129
132
119
146
711
765
81
82
130
131
139
131
141
135
132
711
680
80
77
135
133
140
128
141
147
715
620
98
81
128
133
131
134
141
127
150
718
362
78
79
133
128
127
131
132
125
754
665
83
90
134
142
136
132
126
133
133
692
641
103
90
134
133
140
133
141
133
708
356
108
132
140
134
134
133
141
135
133
742
696
115
91
141
143
134
133
139
138
724
676
77
152
90
138
138
131
139
134
132
638
495
79
91
134
141
133
132
134
140
745
690
87
92
134
132
142
132
131
133
132
688
711
91
91
141
133
133
133
134
144
511
540
105
90
135
142
142
133
131
131
135
707
357
95
90
139
134
141
133
132
131
622
193
93
90
133
140
133
127
133
133
300
603
102
90
150
133
138
132
133
132
144
575
185
96
93
134
133
137
134
135
131
134
668
257
94
90
141
141
136
126
139
282
683
115
91
92
124
124
123
136
141
132
153
738
382
108
140
142
133
133
138
135
126
661
206
95
90
134
138
135
127
135
127
143
640
186
93
92
132
141
142
102
136
134
583
204
105
141
134
134
135
141
135
147
563
253
97
89
136
136
134
135
133
126
146
577
261
93
90
137
138
137
132
131
132
692
754
82
88
133
135
131
128
133
139
133
676
701
76
90
133
133
138
143
127
134
697
760
108
90
133
142
133
132
141
127
134
707
797
87
91
134
148
135
141
140
134
694
752
104
133
135
134
134
133
128
140
132
636
721
105
88
140
133
133
132
144
133
681
752
106
92
133
141
133
135
129
133
131
678
698
82
93
140
140
131
127
134
138
688
731
92
91
136
141
134
129
133
133
133
689
733
79
93
138
132
133
132
133
142
697
758
108
90
140
135
132
126
132
135
131
688
807
98
91
133
137
135
132
140
160
723
755
105
90
141
140
137
133
132
134
132
684
758
98
90
135
134
129
135
132
137
692
762
96
93
132
134
133
142
144
139
137
706
755
97
91
136
132
140
137
136
145
653
751
110
90
133
135
131
134
139
132
148
680
750
89
89
141
132
131
142
128
132
689
672
79
89
142
134
140
140
135
142
134
706
761
91
91
139
127
140
134
134
133
690
750
80
89
134
134
132
134
135
141
134
718
778
93
89
139
136
139
141
145
132
688
733
103
92
133
129
130
133
132
132
146
701
740
93
90
140
140
132
132
134
142
705
753
105
93
140
134
133
134
133
134
134
694
748
79
93
127
132
132
137
133
132
724
756
80
88
138
135
129
133
131
134
128
693
735
80
89
136
132
134
127
139
133
700
702
108
90
130
128
132
138
133
139
131
698
758
99
90
132
135
134
133
141
146
707
759
106
90
140
138
133
136
132
140
296
771
727
118
93
93
133
132
137
131
132
731
750
96
90
140
147
135
133
137
133
693
746
104
132
134
128
132
140
137
130
131
728
775
89
92
89
141
128
131
132
133
681
753
91
136
133
135
133
134
134
140
133
679
748
105
90
142
132
132
133
135
138
629
726
107
92
138
134
135
130
133
146
134
756
779
98
91
133
133
132
135
134
132
694
775
85
77
131
132
139
133
132
134
127
676
758
96
89
131
133
133
139
133
123
723
820
80
93
128
124
123
133
135
134
133
694
762
79
92
89
88
140
131
134
133
677
646
133
132
130
132
133
136
132
126
133
713
756
94
133
100
127
139
134
131
133
688
762
108
129
128
137
134
133
132
139
147
701
432
96
138
129
135
134
133
134
132
702
751
103
133
134
141
129
126
141
132
134
687
747
89
134
133
133
138
139
132
132
670
507
80
135
140
132
140
137
133
132
132
684
744
96
140
140
133
141
140
135
137
694
753
86
138
134
140
132
133
141
135
132
692
719
98
143
139
134
139
133
135
137
705
756
107
143
133
134
136
126
128
132
137
616
700
77
135
129
132
139
132
127
134
582
654
104
134
135
139
134
142
133
137
140
701
755
98
133
141
134
133
133
139
144
698
747
95
133
142
134
141
133
134
140
325
785
770
95
140
140
134
134
133
134
135
696
706
111
134
133
127
133
134
127
127
140
686
747
112
92
132
128
134
132
143
294
750
766
92
137
130
131
132
142
133
131
134
670
681
78
139
139
128
141
134
133
127
687
740
92
91
136
143
132
125
131
128
144
671
733
108
128
130
140
139
129
140
134
696
706
119
134
136
137
140
132
134
126
132
680
740
97
141
132
137
125
129
127
144
703
758
107
137
141
141
136
133
141
130
708
743
98
129
134
141
133
130
133
134
129
648
714
113
91
140
134
133
129
131
152
722
720
77
135
143
128
128
142
141
141
139
686
752
98
133
134
133
143
133
138
133
700
747
81
88
141
133
135
134
128
132
145
656
97
147
134
137
141
132
135
131
134
646
274
135
133
132
140
140
132
132
132
133
650
485
77
89
143
135
132
130
132
144
666
782
101
134
141
135
132
135
142
134
136
701
756
107
134
141
133
138
129
142
133
677
733
107
133
135
134
132
131
133
130
132
722
278
141
141
133
140
132
130
132
147
471
119
140
141
128
132
141
142
138
132
131
592
177
101
92
132
131
126
132
134
134
618
177
137
140
135
132
140
128
132
139
133
517
111
154
139
130
140
133
139
136
144
731
310
132
146
134
134
128
139
132
133
127
588
287
94
90
142
144
142
127
140
157
543
218
138
132
135
140
133
137
132
133
132
648
281
132
132
133
127
134
139
135
145
607
594
78
144
133
132
133
123
128
125
121
775
742
106
91
136
132
129
135
132
136
713
668
91
134
133
128
136
142
132
136
137
777
659
94
131
128
128
116
127
118
130
1294
547
202
140
133
136
128
132
129
135
144
774
628
93
119
127
129
138
133
132
132
712
698
86
133
128
137
128
130
132
139
133
698
653
89
130
133
138
133
133
129
132
712
704
107
79
127
140
127
137
140
139
126
706
620
85
78
130
127
132
132
134
129
690
594
97
82
134
129
140
126
138
127
144
755
663
85
121
132
134
131
134
133
133
738
676
88
134
120
134
126
126
129
135
124
689
618
103
80
132
133
132
127
133
127
751
637
101
79
133
128
131
126
133
129
687
667
105
77
132
140
135
133
133
140
132
692
609
97
128
133
141
131
133
134
132
663
665
92
120
116
144
142
140
129
139
134
744
204
119
118
130
128
139
126
132
131
560
78
117
118
133
122
133
118
130
121
133
463
110
118
117
136
135
118
132
118
127
603
91
116
120
118
133
145
134
127
132
128
561
82
77
127
134
142
133
129
133
139
603
85
116
116
130
132
140
132
132
131
132
506
85
76
129
115
126
116
134
116
141
546
111
118
118
119
131
129
127
132
134
126
591
96
76
78
136
127
133
126
132
136
475
79
117
116
137
134
129
141
125
127
132
459
106
116
126
115
129
129
132
132
144
514
117
117
120
133
131
135
135
126
129
132
519
407
136
119
132
128
136
129
132
127
700
633
92
78
128
127
135
135
139
133
134
505
335
80
78
133
136
117
136
131
132
696
661
102
135
133
131
131
134
119
131
131
610
112
117
118
126
115
130
121
130
120
662
105
75
117
132
133
133
117
134
115
137
545
79
118
128
133
134
127
139
128
145
494
135
121
137
116
133
115
133
137
131
255
749
676
81
120
127
140
132
127
134
141
714
712
112
135
140
133
135
132
132
140
139
632
698
75
127
119
131
130
140
129
365
736
768
87
132
117
134
133
140
133
136
127
741
396
108
129
129
128
134
129
133
129
735
430
84
78
129
133
126
127
133
129
145
726
548
102
130
118
127
129
131
131
129
716
476
142
127
130
131
127
135
128
131
127
745
427
78
77
132
120
127
116
117
118
732
551
82
119
135
120
128
114
115
115
128
706
463
100
78
114
115
115
119
121
116
803
819
94
78
131
138
133
129
116
143
721
774
88
132
133
131
131
133
129
130
116
617
712
97
78
128
134
128
135
100
133
686
715
95
77
132
127
127
129
117
132
127
648
747
101
133
126
136
133
133
129
145
712
770
81
127
134
133
131
132
131
135
136
693
716
94
135
133
132
133
128
133
133
697
806
94
133
134
135
127
120
132
129
130
634
729
95
137
120
135
133
136
134
127
697
268
150
133
131
135
142
130
140
134
134
624
216
124
133
129
134
132
133
141
144
572
159
95
75
127
133
129
128
134
129
149
567
248
122
132
130
136
129
144
141
144
536
117
134
136
127
134
130
127
128
129
126
610
238
146
136
126
131
130
131
115
116
730
270
84
77
133
127
114
130
124
130
139
667
256
122
132
134
140
143
131
140
133
653
296
160
134
128
136
140
133
134
133
143
638
258
132
133
133
118
128
113
126
126
641
220
118
133
132
131
127
133
131
117
141
716
293
121
140
126
133
133
134
136
132
560
221
120
129
131
129
133
132
133
133
136
540
80
136
130
133
130
131
133
130
127
601
222
144
128
134
129
128
131
126
135
145
624
218
146
134
115
133
126
127
135
135
583
234
162
135
133
140
127
133
143
141
132
597
272
131
134
134
131
133
133
129
131
623
493
106
134
127
131
134
133
141
130
132
707
741
82
132
133
127
131
131
130
128
716
347
144
133
126
132
130
115
116
128
146
633
321
83
84
128
131
135
132
131
147
671
357
119
134
132
136
129
118
129
127
132
747
391
119
132
129
134
128
131
130
143
654
295
142
118
133
134
129
132
128
131
146
701
760
106
132
126
134
133
132
135
136
720
779
89
128
127
132
130
132
132
144
638
778
77
119
131
119
126
116
132
134
132
513
347
93
135
117
136
127
142
134
132
666
719
107
135
128
133
133
128
127
134
140
672
740
117
129
130
140
131
168
141
139
668
757
92
137
127
139
132
140
132
140
145
694
710
94
133
135
130
135
133
115
130
697
722
118
130
128
134
138
130
126
128
131
704
713
112
134
132
117
133
137
129
127
702
728
82
80
127
144
127
127
147
140
133
693
489
99
135
126
130
134
133
122
128
719
750
89
80
128
125
133
133
127
134
122
666
767
105
78
115
114
125
124
125
126
711
558
105
82
129
128
131
128
132
119
127
697
723
92
130
118
131
117
131
120
132
707
749
83
131
115
94
140
127
130
132
126
685
649
113
78
133
125
133
131
140
150
822
801
83
120
129
129
134
128
131
132
131
687
709
100
135
132
130
129
131
113
141
578
663
115
127
134
128
130
130
115
115
126
703
731
98
79
126
128
135
129
140
129
711
784
104
80
129
128
135
132
133
139
342
750
755
90
135
130
140
133
138
142
133
688
757
88
135
131
131
125
129
128
128
142
715
746
92
134
127
135
128
126
131
282
765
771
93
131
131
141
132
133
133
129
140
757
725
103
133
125
133
126
131
126
134
640
743
96
133
118
137
117
132
132
130
128
701
680
78
117
132
127
130
117
125
131
715
731
93
132
134
125
134
132
134
128
138
699
758
79
134
136
115
114
131
115
143
645
704
76
126
117
135
129
126
127
129
128
709
694
112
77
130
130
130
118
129
120
696
733
110
77
132
120
132
121
116
131
151
704
714
79
125
117
132
134
134
117
127
656
745
104
133
132
125
130
128
130
128
728
761
95
132
133
125
131
132
117
130
138
619
658
88
77
133
117
128
114
129
129
704
712
123
118
129
115
130
126
140
127
138
717
755
99
135
122
134
134
129
131
145
660
759
98
135
132
133
133
133
132
130
132
696
704
113
116
129
120
129
115
129
120
691
767
80
121
133
128
131
127
138
126
137
720
761
92
137
117
134
126
131
129
128
695
759
79
76
115
141
131
132
127
134
138
702
712
79
121
126
126
127
133
133
129
713
729
80
131
126
131
131
117
129
136
139
651
711
99
134
124
133
128
133
128
134
602
695
79
80
116
127
113
129
119
127
127
708
724
95
80
133
131
131
129
127
133
718
654
120
137
130
135
133
127
134
127
134
710
712
97
135
131
116
126
130
130
132
713
747
82
136
122
130
127
126
132
128
132
701
686
88
79
127
142
131
132
132
136
720
663
79
134
134
127
136
131
138
135
131
745
606
95
132
119
134
135
129
126
133
669
617
98
130
127
130
131
132
132
126
132
787
622
103
118
114
116
130
131
130
122
717
607
80
137
135
117
130
115
127
126
134
692
662
85
135
118
134
128
132
131
131
804
762
77
113
114
118
128
136
132
132
142
780
774
81
143
130
136
132
131
119
129
784
715
80
130
131
134
120
132
132
128
127
1257
628
173
77
76
128
128
139
134
134
856
586
80
138
126
140
130
139
135
127
132
773
683
91
135
128
134
141
133
130
133
715
684
108
118
134
140
142
140
132
139
147
772
676
91
133
134
135
134
141
141
132
769
687
84
132
127
128
130
137
133
136
138
677
631
133
116
116
133
133
128
132
132
767
670
92
136
128
130
129
131
130
121
645
611
121
80
132
138
142
143
134
142
151
701
655
120
136
131
139
136
132
133
133
619
122
156
130
135
140
140
134
132
135
133
601
109
134
118
127
132
131
122
121
128
541
89
143
116
131
126
126
139
133
136
126
600
209
84
77
127
133
132
132
141
136
561
224
78
77
128
132
127
127
133
127
133
615
79
76
78
131
132
131
126
117
117
710
288
105
133
131
127
127
128
131
128
116
591
244
106
128
133
132
140
131
133
131
728
100
116
122
132
128
119
118
126
135
127
636
292
123
132
128
127
130
115
133
142
591
218
118
135
132
130
129
130
133
132
133
726
79
116
119
133
133
129
130
131
129
680
254
78
76
135
116
132
132
115
132
131
668
305
120
132
134
134
133
134
135
146
644
95
78
124
129
129
130
128
130
130
133
606
272
122
133
138
127
133
134
128
133
644
297
158
127
134
132
132
130
128
129
306
637
117
121
132
127
127
143
133
134
146
640
309
117
130
129
135
126
115
133
132
127
607
267
82
78
130
131
133
129
132
288
687
77
116
115
133
116
131
135
131
126
132
715
292
159
127
118
135
128
131
132
146
544
143
135
119
117
133
133
134
129
128
144
621
208
122
131
135
132
131
129
132
120
685
265
79
76
120
117
123
120
113
130
130
546
564
103
132
132
141
133
133
126
145
712
729
94
133
134
134
126
135
128
127
129
709
758
94
133
134
126
133
134
135
135
744
746
110
134
133
133
127
134
129
135
133
630
279
117
134
133
131
131
136
131
132
679
428
77
135
127
124
134
133
120
115
150
710
700
77
135
127
131
152
113
131
128
719
793
79
129
127
131
132
131
132
134
709
734
88
77
116
134
135
132
140
133
133
684
757
103
77
131
127
133
125
129
127
717
824
105
117
116
111
132
130
130
131
133
715
761
103
135
133
128
132
130
130
115
705
749
94
78
129
132
129
115
133
87
140
706
749
93
81
133
130
130
114
114
115
700
787
94
80
134
136
139
134
139
129
128
728
722
80
130
127
138
128
139
126
133
702
778
94
135
135
115
117
118
128
137
133
693
742
97
133
131
131
131
132
117
129
706
777
99
134
131
133
130
133
132
132
134
717
767
95
134
130
134
132
134
131
130
705
726
92
76
133
138
137
136
134
132
129
715
692
81
78
134
128
138
127
132
126
700
746
82
77
124
127
127
128
134
133
127
657
758
100
77
116
131
134
135
127
132
656
701
97
133
133
128
132
133
127
132
127
702
673
81
136
127
130
133
128
132
133
712
753
102
127
131
117
127
131
129
115
146
739
773
97
134
119
134
120
131
131
126
704
690
114
134
132
131
134
115
116
131
127
703
739
78
79
132
126
131
130
133
128
700
676
77
79
119
125
132
128
130
128
126
726
749
120
79
131
115
120
114
120
126
710
752
77
137
128
131
114
132
129
132
132
736
787
106
120
132
132
132
130
131
122
695
704
76
80
133
129
115
120
131
119
135
617
706
115
132
116
132
119
128
117
131
714
750
95
119
115
133
133
133
139
141
127
718
611
114
79
128
118
130
134
129
144
724
763
111
77
131
138
131
135
132
133
133
663
796
147
131
126
133
132
133
133
147
661
737
98
135
134
134
126
133
128
128
140
621
682
114
136
128
119
132
117
131
119
637
747
79
81
134
127
132
130
134
126
638
728
79
79
133
129
127
126
132
140
127
653
713
95
78
132
129
127
127
126
127
676
693
81
79
136
132
125
135
133
131
128
718
681
77
77
129
133
132
136
126
132
1273
151
103
90
127
129
136
126
134
128
138
712
516
84
90
134
133
131
131
138
129
687
689
93
89
128
131
133
125
133
133
128
696
712
121
90
133
127
128
128
132
128
691
417
94
90
141
129
130
124
132
139
139
689
333
93
90
132
143
129
125
131
140
629
435
133
143
133
132
132
132
132
133
139
583
98
91
126
134
134
133
130
133
133
683
352
109
133
133
126
133
127
139
129
132
626
722
84
89
134
128
132
132
129
148
663
619
82
92
134
134
123
124
122
123
125
746
828
98
94
146
147
132
142
140
133
719
802
96
91
136
132
133
134
134
133
261
778
796
88
89
136
97
142
126
132
131
700
708
83
91
131
127
126
131
128
132
142
707
754
81
89
134
137
134
141
141
294
705
753
108
135
136
133
134
149
132
140
131
697
747
94
93
130
127
129
128
135
132
701
763
92
89
156
139
132
132
136
129
131
700
750
108
78
132
133
131
134
133
137
703
771
93
129
137
133
131
141
132
135
136
722
750
100
79
133
141
132
132
127
149
717
768
103
78
130
132
134
141
135
127
137
698
725
106
76
135
130
122
129
129
143
728
742
92
80
133
133
133
126
127
130
134
725
748
94
80
134
129
115
130
134
129
723
772
90
133
126
142
138
130
131
132
140
695
757
113
79
136
131
129
115
132
142
648
776
101
135
130
132
130
134
129
130
118
699
757
108
78
126
127
131
126
133
141
712
752
92
80
137
130
116
115
115
118
138
750
740
117
78
141
130
126
132
127
127
767
673
86
77
126
134
135
127
127
132
772
668
83
134
132
129
134
129
131
131
133
724
789
97
79
129
127
134
116
114
132
771
797
94
135
128
121
127
139
134
128
127
639
730
93
78
129
142
127
126
132
131
721
754
81
78
129
127
134
136
133
132
127
715
695
75
77
127
127
133
140
140
126
616
703
115
76
132
133
130
133
127
136
127
648
719
119
78
132
128
133
135
127
134
698
772
81
78
130
132
126
127
128
132
130
595
681
124
77
130
128
140
130
132
147
691
757
96
79
130
127
126
133
134
132
148
699
770
95
82
134
131
117
120
133
128
725
689
80
81
132
128
132
135
134
133
140
692
763
93
79
128
131
132
114
116
116
699
755
108
78
129
132
131
131
117
128
138
724
787
86
79
128
132
140
140
136
151
725
742
104
79
129
134
134
132
135
129
129
718
749
107
77
134
133
134
128
127
135
709
695
87
79
131
133
127
131
133
127
140
724
745
79
77
134
133
128
133
128
135
719
537
80
78
134
128
131
135
127
131
127
631
241
104
81
128
130
131
133
134
132
875
850
104
80
130
134
133
126
127
133
139
724
760
109
83
128
126
132
134
138
126
655
697
85
77
134
137
128
128
139
133
125
626
683
77
77
119
120
113
114
115
116
724
808
106
77
131
132
132
138
133
138
139
687
771
104
130
130
133
128
134
129
134
697
1051
344
79
89
134
133
134
127
127
138
697
349
77
79
138
132
131
125
130
133
737
356
81
82
128
132
135
132
140
139
135
774
466
99
78
129
132
136
127
141
133
709
753
93
77
128
129
132
136
131
131
143
661
529
97
76
131
139
133
139
132
146
700
733
77
79
130
126
132
140
131
132
703
745
78
77
132
131
132
114
117
132
128
718
497
97
80
129
117
141
134
131
131
700
768
109
80
128
131
130
128
129
129
132
706
750
102
77
127
139
134
142
134
134
713
512
103
80
128
128
135
130
131
134
129
698
743
91
79
134
128
140
127
129
136
706
707
78
80
129
133
134
141
140
130
133
627
695
93
80
133
127
130
131
134
127
743
749
108
79
131
136
116
129
130
134
130
716
764
94
81
129
133
127
131
130
145
594
673
76
77
135
133
127
127
126
138
127
609
264
109
76
146
135
132
132
138
133
698
389
82
80
132
130
126
127
135
132
319
598
123
77
95
131
131
133
132
142
140
734
514
98
81
130
134
131
131
135
126
129
710
773
102
77
131
128
115
128
128
315
793
766
96
79
129
135
136
128
127
131
139
687
756
91
79
129
119
127
129
132
128
703
752
80
77
129
133
132
127
137
131
132
728
767
95
79
136
133
134
133
127
145
727
795
93
77
130
133
133
132
130
135
135
731
755
105
76
133
131
127
126
117
127
727
790
90
78
137
129
133
139
140
139
150
694
747
78
77
133
132
132
131
133
132
728
770
103
77
77
117
117
118
114
117
117
117
124
115
115
428
550
537
79
77
75
116
117
115
118
119
125
115
116
128
116
131
706
752
106
77
118
127
127
125
137
133
716
762
81
79
128
129
128
136
127
124
127
703
725
104
81
131
133
115
117
115
114
706
758
95
76
132
132
127
118
131
132
144
722
780
96
81
139
113
133
134
132
138
742
744
97
78
128
136
133
131
128
133
139
720
696
81
78
128
118
119
136
127
129
695
758
97
78
132
132
141
130
133
139
659
712
76
79
131
119
129
117
114
117
133
713
1425
467
79
79
78
116
133
134
127
655
1182
201
81
77
127
133
131
134
129
132
745
831
77
118
119
114
123
125
133
126
728
783
89
79
136
115
116
117
132
134
145
702
697
82
131
129
127
114
133
127
97
698
767
85
81
132
138
140
134
134
134
126
709
763
108
82
132
127
130
133
134
129
645
685
79
135
130
127
134
131
136
131
150
714
759
79
131
137
133
140
128
134
132
712
748
94
133
133
119
132
129
129
128
134
713
732
81
135
133
138
129
135
130
131
723
758
104
134
128
134
135
143
127
141
134
710
746
92
134
129
141
140
135
136
140
719
687
82
138
137
131
127
132
132
133
127
770
687
82
78
131
134
141
133
137
150
773
688
81
135
129
134
142
127
134
133
125
755
675
87
78
137
133
140
126
128
128
777
704
81
79
130
131
128
133
123
115
129
779
630
93
78
127
130
132
129
133
116
775
693
81
80
116
133
132
127
122
133
147
724
669
92
135
129
132
128
128
118
141
766
753
94
120
136
135
133
141
131
133
139
680
776
79
117
118
133
115
115
115
116
700
708
78
81
116
115
130
122
130
126
132
649
771
119
131
131
117
118
136
134
117
724
765
98
83
118
130
134
135
130
132
126
638
772
78
78
131
126
129
128
136
131
676
768
144
126
127
131
128
115
117
131
135
743
803
81
130
116
129
127
128
127
137
690
737
94
134
131
133
141
133
136
134
128
699
490
93
79
134
134
132
132
128
132
706
748
111
134
130
129
130
116
132
126
126
725
762
79
82
132
134
131
126
134
133
705
497
94
135
145
137
133
126
133
134
722
758
78
133
128
133
133
136
136
134
128
834
790
96
76
136
131
116
116
133
131
697
496
102
135
130
150
133
134
133
135
129
680
770
81
78
131
132
127
127
132
133
701
739
79
127
132
137
128
133
128
135
127
992
122
117
119
131
128
133
128
135
134
686
771
78
129
128
129
132
132
116
129
141
720
771
98
77
119
133
128
130
119
130
636
696
115
130
134
135
153
128
131
127
126
716
767
94
77
131
133
132
132
127
134
712
705
115
130
136
115
131
115
129
114
352
696
781
106
135
132
129
129
115
132
115
717
747
81
78
134
128
129
132
114
129
139
713
773
111
132
117
121
133
129
133
261
763
764
93
132
116
117
115
115
117
117
115
707
757
79
77
119
130
118
134
116
114
765
855
82
80
118
113
117
128
129
128
128
704
784
77
130
133
136
131
132
130
142
693
769
105
134
132
117
88
119
131
122
126
701
730
80
79
144
128
128
131
117
145
652
696
81
132
116
128
130
127
130
128
127
687
711
114
76
132
118
130
119
114
128
717
766
94
133
126
130
127
126
117
132
129
701
468
89
136
129
126
135
129
114
128
646
761
77
136
133
134
130
125
117
130
127
801
785
78
78
134
131
136
113
132
132
491
96
122
135
130
132
129
134
114
115
135
570
217
130
129
130
133
117
126
133
133
530
182
132
132
129
141
135
130
140
138
133
558
96
124
117
127
120
131
117
133
116
624
245
78
133
133
131
131
120
116
120
126
565
121
78
77
117
140
127
140
127
135
510
132
128
127
132
115
128
129
131
131
161
550
417
129
135
132
132
135
140
132
138
579
175
121
130
114
131
115
127
133
141
632
273
159
130
127
130
130
132
132
132
116
596
241
80
75
132
136
134
132
132
144
571
210
131
128
133
131
115
132
134
135
130
587
250
154
133
133
134
132
132
131
136
597
125
145
129
128
139
134
135
127
133
133
641
202
134
133
132
118
116
133
128
129
621
277
121
116
133
127
144
141
132
141
136
665
209
117
117
130
134
127
133
135
128
680
226
119
130
127
116
128
114
131
130
140
646
304
124
128
130
131
128
132
129
142
607
278
118
131
118
130
115
131
127
132
127
665
162
79
79
115
134
133
115
132
133
687
181
119
132
132
147
133
128
134
127
149
534
198
122
133
121
131
133
130
130
130
589
215
119
132
116
129
131
137
127
131
127
611
216
83
78
134
122
131
121
115
120
687
256
104
132
134
119
133
128
133
129
133
701
213
155
116
117
126
135
127
118
265
560
120
119
135
130
127
134
134
130
127
137
606
286
144
128
134
132
132
127
135
142
560
136
118
119
134
119
128
131
134
115
128
723
616
83
79
133
114
119
133
132
116
714
749
98
77
114
126
116
131
129
128
132
679
707
125
117
127
127
133
133
127
126
721
723
91
78
130
133
140
126
127
133
130
599
721
104
82
128
134
132
131
133
139
726
815
132
128
132
133
138
136
135
132
139
741
474
119
135
133
131
131
115
133
120
641
91
121
134
131
142
141
124
129
130
134
864
103
118
114
141
132
141
133
140
138
590
367
120
137
142
116
132
140
127
132
141
774
1202
330
145
129
128
128
127
127
126
725
375
94
89
132
128
133
139
133
141
150
783
642
94
131
121
133
134
132
127
128
789
664
104
75
133
139
157
132
125
142
777
353
144
137
119
133
133
139
126
129
150
687
627
92
134
127
118
128
127
126
127
772
631
79
79
130
129
139
132
126
127
126
492
406
77
79
130
131
115
130
118
115
759
671
77
80
148
134
127
137
140
128
128
759
662
91
79
129
134
132
131
137
127
507
387
106
135
128
127
140
141
140
131
153
805
683
83
136
128
140
128
129
127
130
708
648
110
77
130
132
130
117
130
129
253
767
703
81
135
131
121
132
129
137
127
776
661
99
77
128
133
128
139
127
132
140
709
683
93
132
129
130
130
130
129
252
768
698
78
136
128
133
128
126
133
126
128
799
695
79
78
131
114
128
132
134
126
793
750
119
81
131
114
126
133
140
127
131
660
735
80
124
133
133
127
127
128
127
711
769
119
77
119
134
113
114
115
117
128
745
718
79
79
133
128
132
130
127
135
658
761
79
133
117
128
127
135
126
128
150
742
769
100
131
132
118
116
135
118
120
736
771
84
90
130
133
129
133
129
135
147
675
680
81
116
133
128
127
126
127
147
658
761
77
138
132
128
127
139
128
127
135
666
769
80
132
133
117
120
117
137
132
602
690
76
133
117
118
116
135
117
117
128
634
696
81
80
117
116
116
115
116
115
660
758
77
77
127
129
127
128
132
136
130
663
729
121
78
114
129
127
128
128
126
686
759
102
78
118
127
126
126
126
140
128
645
734
81
79
134
127
129
131
133
128
727
710
77
78
132
134
128
127
127
128
127
681
774
85
80
136
129
126
128
133
128
737
774
77
79
133
129
131
144
127
127
143
697
735
77
129
132
115
128
129
118
118
710
762
78
81
116
130
130
126
140
130
729
788
95
78
127
132
130
130
128
133
138
687
772
77
131
117
116
118
118
117
136
650
771
124
131
129
138
129
129
135
127
127
725
759
78
79
116
117
129
128
133
117
683
768
76
79
133
128
129
128
129
128
127
634
711
98
128
128
127
129
125
129
139
680
749
103
137
130
123
124
124
125
125
124
671
849
92
91
130
127
128
132
141
127
676
759
78
91
127
129
127
128
134
126
96
661
726
80
92
129
137
140
128
128
127
685
671
117
89
128
127
130
127
132
128
127
703
736
92
91
128
126
136
128
141
128
714
767
85
91
129
135
127
137
132
127
127
686
738
81
90
133
128
126
129
128
128
720
729
97
90
134
130
128
126
130
136
127
693
745
94
89
128
128
140
127
127
131
723
713
77
130
129
127
129
127
135
128
130
675
715
117
89
128
127
127
126
129
127
721
754
79
90
133
143
134
131
132
128
127
704
763
117
92
135
127
132
128
129
133
733
773
78
134
132
118
126
128
127
128
127
640
755
95
88
127
129
131
131
129
127
632
719
80
92
135
127
127
132
129
127
127
647
774
78
92
128
128
128
132
134
136
671
754
94
88
138
133
135
128
126
126
127
719
762
80
90
131
131
127
127
129
126
712
754
83
89
130
129
129
128
127
132
129
713
190
94
89
127
128
137
126
132
127
760
766
94
89
129
131
129
126
136
127
129
545
273
94
90
134
140
129
128
135
136
755
115
131
133
134
134
128
130
130
131
132
720
497
96
88
129
137
128
149
127
128
731
632
117
93
128
127
128
129
128
128
128
647
711
94
90
134
127
129
128
135
129
640
720
77
91
129
129
129
126
128
133
725
781
78
138
129
127
126
127
134
127
129
656
747
94
92
128
131
152
131
135
127
712
596
103
90
130
127
126
129
127
127
128
739
552
81
90
137
131
132
133
140
131
530
130
95
93
132
135
127
127
138
127
126
758
561
115
90
127
128
130
128
128
129
756
459
94
88
133
133
130
136
126
127
260
776
729
79
134
133
133
140
137
126
127
756
1255
97
128
129
129
133
128
140
130
133
733
662
90
141
135
129
128
127
129
292
783
729
100
91
134
140
127
128
126
127
130
758
670
77
89
133
142
127
133
129
127
751
672
104
87
134
134
132
132
139
126
146
774
681
80
143
132
126
129
128
133
131
762
684
84
140
134
133
133
127
127
140
141
753
690
85
138
133
134
139
133
129
133
754
693
76
90
137
136
132
131
132
132
126
747
678
84
90
129
131
127
132
127
129
790
720
95
88
141
133
136
133
129
139
134
766
732
108
135
143
133
128
136
131
149
767
752
97
140
128
127
130
135
136
138
136
719
705
79
135
136
132
97
127
142
128
616
724
119
129
127
129
127
128
127
130
127
618
741
76
90
129
133
127
128
132
128
720
764
95
91
127
127
126
129
132
129
128
691
671
121
91
128
130
127
126
128
128
717
768
102
89
143
128
127
127
127
127
126
641
761
82
90
133
133
129
134
127
120
664
735
83
88
126
128
130
130
129
132
127
679
768
86
89
129
127
125
129
127
127
673
764
78
93
132
127
127
131
133
133
127
626
676
107
92
134
126
129
127
129
127
705
769
96
91
137
133
134
133
134
133
128
628
722
109
136
139
127
134
132
135
134
701
741
77
92
135
136
136
128
126
125
649
751
76
89
134
134
134
129
143
128
141
686
684
123
136
127
129
128
141
137
134
699
773
98
133
130
127
128
141
129
135
151
700
754
104
138
135
134
131
127
134
138
702
737
79
136
135
127
132
128
132
132
130
717
760
81
89
129
134
128
129
130
131
639
716
78
92
128
134
134
128
127
133
139
690
716
119
127
128
128
132
128
127
140
694
762
90
128
133
133
137
128
134
134
139
694
764
96
128
128
134
127
128
127
143
664
711
78
140
129
132
127
128
128
130
129
496
106
97
90
134
134
133
127
132
134
625
309
132
126
137
133
142
127
133
138
128
637
268
94
90
145
133
132
131
133
150
549
192
162
133
126
135
128
126
125
138
141
653
331
146
128
136
144
135
138
128
128
695
690
114
129
133
128
133
136
125
128
127
669
752
76
91
126
132
128
127
136
127
678
776
81
88
128
129
128
129
128
133
130
641
750
106
134
133
138
135
128
128
127
761
496
98
89
129
138
133
129
129
331
513
341
135
140
129
127
129
127
129
128
141
691
752
133
135
128
127
130
128
128
133
129
740
553
105
90
132
128
128
127
128
127
735
585
86
89
133
132
133
132
133
133
128
765
109
93
87
135
134
133
134
132
141
688
302
132
136
128
132
126
127
129
133
127
704
328
93
92
135
127
126
129
128
128
707
92
89
100
137
140
140
127
128
131
132
614
282
132
136
135
127
125
128
129
127
620
256
95
89
134
137
129
129
127
128
127
706
77
91
131
139
135
126
132
128
130
738
855
82
104
124
123
122
130
127
128
130
736
784
81
92
129
127
130
126
144
128
734
802
97
95
128
127
133
133
127
130
635
656
107
89
135
129
147
134
128
127
128
713
757
120
89
129
141
133
141
133
134
624
665
91
148
135
130
139
128
127
141
138
685
694
80
137
140
135
128
127
128
134
695
756
93
134
134
126
126
126
129
127
302
819
820
94
89
133
132
135
126
126
126
715
765
96
92
136
126
128
128
128
127
150
703
753
96
142
128
136
126
126
141
303
688
770
91
136
129
132
129
130
126
133
129
697
703
79
131
128
134
135
135
136
133
735
761
98
90
139
127
134
131
127
133
138
741
781
98
144
135
141
129
127
127
129
699
758
113
89
134
126
129
141
128
136
136
744
761
104
129
133
131
131
125
127
144
670
676
78
133
127
132
132
127
126
126
126
684
751
85
89
135
130
140
127
133
135
656
710
78
134
129
133
133
126
127
133
135
701
513
143
127
128
129
128
132
129
135
613
249
135
132
140
134
127
134
133
133
132
616
266
140
136
142
126
130
131
132
140
706
281
139
141
132
142
132
127
127
128
126
697
242
93
89
141
142
131
127
128
132
468
125
139
136
133
134
132
128
134
127
133
583
208
94
90
132
127
134
132
135
149
562
252
110
134
151
141
133
128
127
136
140
539
134
131
135
134
133
127
131
139
139
521
110
134
126
128
129
133
128
125
127
127
565
160
94
87
132
125
128
133
127
129
697
306
94
89
130
127
127
126
126
126
127
643
240
105
140
129
136
125
140
126
127
657
242
93
87
135
126
126
127
127
132
130
637
302
94
88
136
131
133
133
135
133
539
126
142
133
128
133
127
135
126
138
129
697
178
94
90
128
130
126
130
146
175
691
106
128
134
137
129
141
127
145
170
603
96
89
133
142
130
148
150
144
145
137
578
92
90
140
129
146
143
149
146
175
651
101
87
139
146
128
145
144
142
143
179
700
95
88
134
138
143
143
126
146
175
620
81
91
138
150
129
127
127
129
129
138
624
116
88
136
127
147
132
145
128
179
674
79
89
151
140
150
146
134
144
151
141
618
121
90
142
139
147
148
127
141
174
702
83
91
128
136
148
147
129
129
127
176
758
112
131
129
130
147
124
126
125
132
663
83
92
138
124
154
133
128
144
146
167
626
107
90
130
127
127
126
130
127
152
579
302
107
128
91
131
144
144
140
146
167
723
85
91
133
128
128
126
128
178
181
636
119
88
133
132
140
127
145
130
143
142
574
90
91
145
150
128
126
127
148
181
723
84
88
132
142
142
127
128
129
127
140
691
111
97
130
128
128
128
127
128
174
661
95
88
146
129
145
127
146
143
146
177
645
105
89
140
148
127
127
126
129
164
595
116
91
126
129
129
131
127
127
146
141
727
708
95
93
152
149
129
146
127
141
730
706
112
148
150
144
129
128
118
143
174
726
385
94
102
149
144
145
128
146
175
785
691
102
96
147
128
127
131
148
141
139
794
758
88
97
146
144
144
147
146
176
706
331
151
142
145
147
127
126
138
127
141
739
693
95
96
149
129
127
128
127
175
737
701
108
95
144
149
128
127
129
153
179
453
350
108
151
142
145
131
148
147
173
783
720
78
109
144
147
130
148
143
128
161
711
739
111
89
149
128
126
147
145
181
534
249
94
93
147
127
145
147
128
138
135
695
669
113
100
127
131
128
128
127
137
733
723
94
96
146
141
144
148
128
138
481
415
131
145
130
147
140
141
128
126
167
706
641
96
90
153
128
128
130
140
161
727
654
111
97
148
129
144
132
128
129
320
656
665
79
103
146
127
144
147
147
140
714
705
98
150
148
146
127
145
127
143
175
753
477
95
96
151
129
126
129
146
316
497
265
109
135
148
129
148
144
129
128
135
736
474
93
97
142
129
145
147
138
135
775
506
92
97
130
141
143
149
144
129
174
747
491
94
95
148
147
150
144
143
144
760
493
94
96
142
144
142
146
128
149
175
762
1089
133
135
125
132
128
133
128
136
657
656
100
93
133
128
129
127
126
128
126
755
620
100
93
135
128
127
126
128
129
706
662
95
90
141
137
133
127
126
133
142
753
672
82
89
141
128
137
127
128
128
693
696
107
91
141
134
128
128
127
129
133
736
642
94
91
135
141
134
128
128
130
672
673
121
79
75
133
127
128
128
129
128
695
740
81
90
137
136
140
132
139
151
692
736
78
78
130
131
156
129
126
126
137
648
732
98
79
128
127
127
129
130
138
690
739
80
81
125
131
129
127
129
129
129
710
733
103
79
128
129
126
133
127
128
688
734
82
80
129
130
128
96
129
128
129
687
736
103
123
128
129
126
126
133
127
679
733
107
79
127
138
132
132
135
131
129
587
723
78
76
128
128
134
126
128
126
632
722
100
81
128
127
127
143
127
126
127
611
713
77
83
130
130
133
133
132
127
620
646
79
80
144
127
128
127
127
144
127
628
714
103
78
131
127
128
129
128
127
625
738
82
88
139
128
126
129
136
126
127
681
737
76
89
127
130
127
129
126
129
674
639
104
90
134
132
135
139
128
128
702
668
92
91
128
130
140
136
134
131
128
738
668
94
90
140
128
130
139
126
127
757
698
79
89
127
141
128
140
131
133
134
679
669
94
91
128
135
127
126
137
135
750
703
78
94
136
128
140
133
128
129
127
688
651
104
91
128
127
127
127
128
147
677
668
93
88
127
133
135
129
132
132
128
749
672
85
90
132
128
129
126
129
129
710
679
84
90
136
127
127
128
128
136
136
715
638
97
93
88
135
129
140
128
141
752
727
96
88
129
144
126
129
131
129
131
712
665
92
89
132
142
140
128
128
127
744
682
81
93
88
133
127
128
127
126
135
498
77
89
89
145
126
128
127
126
132
486
81
91
141
127
139
132
126
127
131
128
519
76
90
90
133
129
132
133
126
124
510
100
91
106
140
128
131
126
126
126
126
569
95
91
89
141
127
129
127
125
126
532
79
89
103
128
128
127
130
128
129
127
546
80
95
89
134
138
128
129
127
127
607
101
94
91
127
132
133
131
136
144
140
662
81
89
89
127
130
128
126
132
126
562
188
98
88
140
134
129
128
126
128
126
514
102
88
91
142
129
128
128
128
383
695
93
91
89
103
128
126
132
127
142
142
582
104
95
95
127
126
129
127
128
126
524
115
88
93
129
134
132
132
134
130
129
656
102
88
89
127
132
134
126
132
129
561
108
93
90
128
128
139
134
135
128
146
547
98
90
91
134
126
134
133
140
127
692
85
91
92
128
127
128
127
126
126
134
600
229
99
92
137
127
129
128
133
118
690
346
106
127
133
131
127
138
134
131
381
518
107
89
89
127
127
126
133
127
127
655
311
94
90
127
141
127
127
128
127
788
833
77
92
88
89
128
133
126
128
295
738
783
95
130
136
128
128
130
126
128
701
498
146
141
97
127
133
126
129
130
126
660
370
106
133
130
127
130
134
134
297
644
786
86
142
144
133
133
127
127
128
129
697
763
77
90
129
131
139
133
134
127
713
748
107
91
130
133
131
127
126
127
130
695
756
90
88
140
133
126
128
128
127
698
744
121
89
134
136
134
135
126
128
129
698
743
115
133
127
135
127
140
127
143
712
760
106
130
133
127
126
128
129
128
137
672
692
123
137
131
128
126
126
127
128
709
752
75
89
129
136
128
128
128
132
134
711
763
117
134
127
130
129
132
128
128
696
711
79
93
130
142
135
136
126
127
132
699
763
113
136
140
121
133
146
137
147
686
752
106
138
133
136
137
128
126
136
140
630
707
77
136
126
128
142
126
127
129
719
754
93
91
127
141
135
127
139
129
128
710
461
94
88
141
133
135
132
129
129
645
275
93
89
140
127
127
134
128
129
157
741
776
82
135
134
127
128
132
141
148
723
769
81
143
128
128
132
128
126
126
127
698
768
81
88
129
135
127
134
127
126
740
779
75
90
136
133
128
127
126
127
127
686
746
81
90
134
135
141
133
129
130
718
780
85
89
134
129
129
137
133
128
127
659
706
82
88
128
128
134
127
128
143
705
708
78
135
129
129
126
127
127
128
138
691
750
120
128
129
129
129
127
127
140
708
757
95
136
127
129
132
128
142
132
150
723
772
80
93
135
127
126
128
127
129
641
744
81
90
128
129
136
131
126
133
134
691
753
81
130
129
133
133
136
140
145
721
686
78
128
127
132
127
127
128
127
682
753
80
91
126
128
127
127
136
127
127
697
502
107
136
128
131
130
142
126
135
598
266
138
128
137
130
126
126
127
127
146
596
257
132
129
137
126
129
129
127
126
705
294
96
88
128
144
132
131
127
131
152
478
95
136
117
127
129
127
128
126
128
605
267
106
118
128
133
126
128
139
133
126
669
254
106
128
132
127
139
127
137
129
555
95
84
79
142
141
134
143
128
127
129
582
215
81
79
140
128
128
129
127
136
597
245
145
128
133
135
123
129
135
141
148
592
227
126
116
127
133
128
128
128
127
562
112
120
129
127
129
127
143
122
124
125
809
377
109
127
128
133
127
129
127
127
604
284
104
133
128
129
129
128
135
139
128
754
525
79
80
88
140
136
127
132
137
568
318
143
133
135
127
131
127
129
131
151
722
774
80
136
134
128
132
135
127
140
638
700
77
135
128
127
128
127
126
127
153
711
501
78
132
139
139
128
127
126
116
687
729
78
78
127
129
130
127
130
136
136
680
702
78
130
133
127
129
129
134
133
709
203
126
134
131
133
129
128
128
137
139
559
116
127
128
134
127
128
128
129
139
587
264
85
76
127
127
128
128
128
131
128
645
77
78
94
128
129
126
127
128
129
639
161
88
137
138
126
128
131
132
134
126
602
269
95
92
127
127
126
127
136
134
726
108
130
129
142
135
127
126
128
126
147
677
750
78
129
129
129
129
127
128
128
748
753
109
92
126
130
129
128
128
132
252
701
761
78
130
131
126
127
127
128
128
670
743
76
90
133
129
128
128
129
132
137
731
799
116
142
133
129
134
125
126
327
760
833
94
134
127
128
128
129
128
129
752
737
85
90
129
130
127
127
128
135
151
772
781
96
134
134
128
127
128
128
267
801
844
77
138
134
127
135
131
131
127
136
609
246
138
137
128
128
126
128
128
141
604
310
136
143
129
129
129
128
128
131
148
622
240
134
135
135
126
130
126
125
132
628
163
106
135
129
126
127
126
128
128
136
707
316
131
129
127
143
128
129
128
137
639
262
138
136
129
128
128
128
126
141
154
640
371
134
135
135
128
126
129
141
127
684
332
95
89
138
128
127
127
128
127
126
631
140
135
128
128
126
127
132
559
585
113
114
130
125
142
127
127
142
125
138
125
130
141
456
747
104
122
128
139
124
135
126
126
126
132
127
132
181
621
175
152
117
129
129
128
130
124
126
125
133
126
133
606
237
77
76
125
127
127
127
128
127
141
681
276
131
127
133
128
129
128
128
127
553
174
80
78
141
128
126
125
128
127
150
675
349
156
122
139
126
127
125
134
135
552
274
119
120
127
127
127
126
128
134
138
657
276
80
78
127
128
129
130
127
137
536
162
118
140
134
140
129
134
134
126
138
597
206
114
119
128
127
129
126
127
137
650
297
130
132
126
127
127
127
126
128
128
643
306
81
87
126
124
127
127
129
127
725
433
80
79
128
126
127
127
127
127
138
639
342
117
129
128
128
127
95
129
133
549
148
76
119
133
130
132
127
129
132
127
571
203
94
79
130
123
130
127
129
127
544
182
81
78
136
129
128
128
129
128
141
591
255
119
136
127
140
132
128
128
135
624
296
118
117
128
142
127
126
127
126
127
698
296
75
78
131
127
126
125
125
133
586
231
131
122
129
127
125
125
129
126
658
260
120
141
140
127
127
127
126
132
126
562
166
81
78
128
126
127
126
126
136
502
93
122
132
129
129
126
127
125
126
126
597
137
80
76
128
125
127
128
127
143
590
242
79
78
128
127
139
127
128
131
126
613
289
80
78
134
128
138
130
126
144
597
470
77
133
133
137
128
126
130
126
139
685
730
78
134
137
132
129
128
131
137
696
757
75
128
133
129
127
126
129
132
128
685
706
81
78
129
127
129
129
121
119
703
766
83
91
127
128
127
127
127
125
128
764
812
79
90
133
135
127
127
127
125
721
686
73
80
131
129
127
127
127
127
137
661
764
74
131
127
128
130
133
129
137
614
709
140
131
133
127
130
135
127
127
133
719
764
91
117
128
127
127
128
127
127
663
739
75
76
129
132
131
125
127
134
153
672
437
80
131
127
132
133
127
125
126
723
743
78
90
135
125
126
127
127
127
127
682
734
77
90
136
125
129
127
125
126
685
510
81
120
126
128
128
129
126
125
134
721
746
80
136
130
133
135
127
126
146
658
753
90
119
129
129
128
129
128
128
141
720
736
82
78
128
128
126
134
128
139
708
741
76
133
127
128
128
129
126
125
128
751
782
96
78
127
135
126
126
127
146
592
687
76
134
133
126
128
128
128
121
300
743
698
260
135
130
133
128
127
127
127
700
757
95
78
133
127
128
132
128
116
279
759
808
85
132
131
134
126
127
128
126
653
744
79
133
127
128
128
127
126
127
133
715
696
77
136
135
126
129
127
134
241
708
740
82
128
128
131
129
127
126
133
148
726
742
118
116
127
126
130
128
128
127
690
766
82
91
127
129
126
128
129
127
126
742
776
81
77
129
127
126
129
125
129
638
728
82
78
141
127
129
128
128
127
686
730
92
77
133
129
129
127
128
127
134
710
789
80
124
122
123
124
116
125
127
751
792
103
92
129
128
127
127
128
126
128
678
726
121
90
97
130
127
127
130
135
696
679
76
134
128
127
125
128
129
132
134
700
759
99
134
129
126
126
126
126
126
723
740
75
89
134
128
129
127
128
132
152
659
785
94
128
133
127
127
125
128
127
685
712
78
91
128
126
127
130
128
127
134
673
716
121
129
127
129
127
125
126
138
732
738
105
145
128
128
126
127
126
125
133
767
823
106
143
131
128
127
130
127
126
696
709
118
90
136
128
128
129
126
128
136
704
761
109
134
127
128
128
126
129
134
696
716
122
128
129
128
127
129
128
133
127
685
684
78
90
127
127
127
133
126
136
722
765
106
132
127
132
128
126
127
127
148
673
747
76
139
141
128
126
127
130
126
691
719
93
90
133
128
126
127
126
127
130
675
747
76
137
127
126
130
127
126
125
701
737
82
91
132
128
128
129
128
129
134
625
726
95
135
135
128
127
128
127
145
744
760
115
135
129
129
126
138
128
128
137
709
818
88
130
128
128
129
134
132
129
697
700
96
90
135
127
135
129
128
132
128
651
725
79
140
132
128
126
125
125
127
682
756
84
88
128
127
127
142
127
128
127
655
747
92
89
128
125
128
127
129
135
707
757
100
129
127
128
126
127
128
133
136
719
781
77
146
126
129
128
129
127
129
716
758
98
89
127
127
126
126
127
127
140
695
693
113
130
128
128
130
128
129
149
708
764
106
128
127
127
127
128
129
125
152
634
713
91
128
129
126
126
127
132
147
734
770
93
135
127
131
129
127
127
128
700
756
76
91
127
127
127
127
129
128
136
711
799
80
128
133
126
126
126
130
128
699
733
79
91
129
127
127
130
127
126
131
704
750
118
128
126
127
128
127
129
128
689
747
82
93
132
129
126
126
126
128
125
690
727
76
92
127
128
126
126
127
128
715
776
95
92
129
127
126
127
129
127
129
659
740
100
90
129
128
128
127
140
134
667
735
78
91
135
130
127
128
129
128
136
661
732
111
129
130
128
127
129
128
130
787
827
94
90
126
132
128
126
127
126
129
734
791
109
91
128
142
126
131
131
126
752
823
95
91
127
128
127
128
128
127
128
700
524
77
92
134
127
128
129
128
128
732
852
81
90
127
124
130
128
127
129
126
702
753
93
90
140
128
127
128
128
120
1245
632
314
95
91
126
128
130
126
127
139
702
755
106
139
126
129
132
127
128
146
666
719
89
142
127
129
128
129
127
131
149
617
704
104
136
130
130
135
133
129
151
710
785
110
128
127
129
129
135
139
133
139
708
729
119
131
128
120
143
127
129
127
586
689
82
91
134
134
134
127
127
129
134
733
775
91
136
136
127
129
129
129
150
704
753
80
135
128
126
128
127
127
134
282
746
784
103
129
139
129
127
126
127
126
684
756
101
91
127
126
129
128
127
128
128
714
764
81
92
134
128
127
126
142
282
800
755
91
134
127
128
128
127
128
128
127
720
755
106
90
126
129
128
128
130
139
713
755
115
137
128
128
130
129
128
132
148
710
773
80
132
133
133
132
133
130
147
691
760
112
129
131
129
125
127
128
128
128
723
707
112
91
128
127
129
130
134
144
674
737
79
137
128
128
127
130
130
127
725
764
113
89
127
126
129
126
127
129
127
721
748
81
92
128
134
128
127
127
148
720
766
106
141
134
128
128
127
131
128
134
701
771
97
135
129
127
128
129
129
130
709
757
78
92
128
126
139
133
131
132
139
656
702
79
136
128
129
128
131
134
148
709
766
82
128
127
131
127
127
128
127
129
717
756
78
89
139
128
129
126
126
127
689
750
80
92
129
130
128
127
130
128
126
696
617
99
88
129
129
128
128
127
128
691
740
91
89
135
127
130
126
128
132
147
654
275
94
132
136
133
130
128
127
127
738
759
79
88
139
127
126
127
129
132
129
731
749
107
128
130
127
128
130
128
130
708
754
77
129
127
126
129
128
131
128
131
680
762
102
131
127
127
126
128
127
125
705
770
110
91
136
132
128
141
140
134
126
694
736
104
90
129
128
127
128
127
127
732
745
96
90
128
129
127
127
127
126
127
682
755
78
90
127
131
126
127
128
126
735
751
121
89
129
127
127
129
127
126
130
707
763
111
92
126
128
127
126
127
140
701
763
106
139
132
127
128
129
128
128
126
698
759
76
91
128
126
134
134
127
127
638
708
75
90
127
128
127
129
128
129
126
612
1513
626
121
96
126
128
127
127
131
685
1111
124
95
127
135
128
126
123
123
123
679
797
84
128
128
127
128
127
127
128
625
717
78
91
130
127
130
127
97
128
126
601
705
105
129
128
127
128
126
128
129
698
754
112
89
130
117
116
127
127
128
127
711
787
78
91
130
129
129
128
126
126
619
774
104
130
128
129
128
134
128
129
129
641
749
106
131
127
128
126
128
126
130
685
714
117
88
127
128
127
127
127
126
637
720
94
90
129
127
126
127
128
130
134
712
744
123
133
128
128
127
128
128
130
671
699
110
90
126
128
130
127
125
128
151
656
723
82
128
128
131
127
127
127
126
681
738
80
91
130
129
128
129
128
128
126
665
682
98
91
132
129
129
128
131
130
713
720
80
90
128
127
127
126
128
129
142
616
726
78
131
129
128
128
129
128
129
657
772
95
88
129
130
130
131
130
133
127
717
762
78
90
128
127
127
126
127
125
673
757
78
90
138
127
127
126
129
128
128
663
514
78
89
127
128
127
128
128
126
683
740
81
90
129
129
128
128
126
126
127
684
758
84
90
131
128
129
128
128
126
663
507
80
90
129
127
128
129
131
128
142
636
710
121
129
134
126
127
130
129
140
626
727
99
132
128
128
128
127
128
127
137
704
729
78
136
133
126
127
128
129
128
683
690
76
91
129
128
129
127
129
128
145
700
742
124
130
128
129
130
126
127
128
665
708
95
90
127
127
126
130
119
129
128
683
763
76
89
127
129
128
128
127
129
741
720
109
96
129
127
126
128
128
127
261
732
777
108
140
129
130
128
128
130
129
694
740
82
93
139
129
126
128
128
128
126
706
703
114
91
145
127
129
130
126
246
716
711
98
130
127
129
126
128
127
128
127
725
759
121
89
116
134
115
114
114
134
531
263
93
153
142
134
135
133
129
129
128
700
757
84
89
126
127
129
126
127
136
724
756
77
132
128
128
130
129
127
127
128
694
712
78
91
129
128
126
129
128
151
698
710
78
131
128
127
128
127
130
143
130
696
739
119
92
128
135
129
133
130
128
694
774
98
135
127
128
128
127
127
157
715
773
76
90
129
129
131
128
127
136
129
714
763
77
91
130
127
128
127
128
127
694
755
80
90
135
128
129
130
130
138
131
701
717
77
92
128
128
127
128
127
128
696
756
113
90
127
129
130
124
123
125
123
718
823
81
92
136
130
134
130
128
128
681
801
83
89
126
96
129
127
128
127
127
685
717
78
91
140
127
129
130
141
128
682
751
78
93
127
128
127
127
141
126
127
700
754
78
93
128
127
126
126
127
138
723
771
78
137
129
130
136
128
133
132
128
721
774
81
91
130
126
126
134
127
135
701
725
119
143
130
137
127
127
129
126
128
655
758
114
91
127
143
128
128
127
127
714
755
76
90
128
128
132
127
128
128
127
685
747
119
91
130
127
128
129
128
136
722
759
103
92
129
128
127
138
128
128
129
714
790
80
79
142
128
136
138
135
148
726
751
76
119
127
127
127
127
130
132
128
727
730
78
92
130
127
126
128
130
126
487
143
78
89
130
127
140
127
139
132
129
574
262
84
77
128
128
132
135
129
148
577
276
80
89
131
135
133
131
138
140
145
615
292
76
88
129
135
127
140
127
128
613
618
94
91
129
127
127
128
128
128
129
639
735
79
91
128
129
128
127
129
129
712
750
75
128
129
135
121
129
129
127
128
719
749
74
81
127
126
129
128
128
130
676
713
80
131
129
127
128
128
129
128
126
671
736
82
89
133
127
128
138
127
132
715
739
77
135
128
127
127
127
128
126
128
709
698
76
80
132
128
128
127
128
131
675
733
76
89
135
133
128
127
126
126
127
726
746
78
92
138
128
126
127
127
128
680
752
79
77
130
131
127
126
128
136
701
741
74
90
139
141
135
129
126
134
125
663
731
118
89
129
131
129
126
126
128
679
760
79
90
127
134
128
131
127
126
127
667
758
76
90
141
126
135
130
126
139
670
720
78
81
128
128
130
127
130
129
127
624
730
85
80
127
127
134
132
132
128
693
769
78
89
126
127
129
127
127
128
125
672
751
78
91
126
136
128
127
127
131
697
697
73
77
128
127
128
127
128
128
128
705
431
74
77
128
127
128
128
131
128
671
687
93
90
130
129
129
129
130
128
140
731
764
79
89
126
128
127
127
129
144
703
490
79
89
128
129
126
127
127
133
128
732
768
80
91
129
126
127
128
128
142
527
199
92
91
127
129
127
139
128
129
131
657
93
95
99
127
129
128
127
134
127
481
107
89
88
133
135
126
125
128
129
129
651
243
93
90
128
122
124
123
122
125
670
97
93
107
134
128
127
128
129
126
127
1165
622
98
95
90
133
128
132
128
130
624
297
91
94
130
127
128
127
126
127
273
675
95
91
89
128
128
129
127
127
133
544
134
92
88
129
129
128
128
126
126
131
616
280
92
90
134
127
133
135
132
293
621
102
94
94
129
128
128
129
129
127
126
684
349
106
90
128
129
129
127
130
127
692
244
93
90
128
128
128
129
128
131
129
719
228
93
90
127
135
127
128
129
139
495
104
92
88
130
130
127
129
126
127
129
643
561
78
88
136
128
136
128
130
142
692
728
92
92
127
129
137
128
127
128
143
627
302
94
90
127
128
128
128
127
136
607
226
91
89
129
127
128
129
127
128
139
617
268
95
89
129
131
136
131
130
128
579
234
92
87
129
128
141
128
129
127
615
253
93
92
128
126
126
132
127
127
127
576
250
92
92
126
126
125
128
127
129
630
301
94
90
130
127
127
127
128
128
127
594
491
95
89
130
127
127
128
126
129
663
662
95
91
132
130
130
127
128
127
127
684
632
97
89
127
129
129
127
129
131
736
694
84
90
128
129
129
128
128
136
133
722
656
84
90
130
128
129
126
127
128
689
608
92
89
126
128
127
130
128
128
128
731
693
102
91
129
130
127
129
127
125
748
691
83
90
130
128
126
128
130
128
126
683
636
92
89
140
129
127
126
130
128
747
693
97
88
127
127
127
127
127
128
127
669
634
90
90
129
128
127
130
127
141
765
688
81
90
126
129
129
127
128
129
132
757
694
90
89
141
128
126
127
128
130
743
681
90
91
129
131
128
128
129
129
131
698
658
101
90
128
127
127
127
126
149
751
648
108
89
130
135
128
129
128
131
128
707
665
100
90
129
134
129
128
127
141
704
655
118
90
127
128
126
127
127
126
126
728
685
93
89
127
128
131
129
127
126
755
680
75
92
127
127
128
128
127
126
128
742
654
116
92
129
128
129
127
126
126
700
635
99
89
131
126
127
127
125
127
130
757
698
75
89
130
127
127
130
128
128
708
679
92
90
126
127
130
129
126
125
128
744
681
89
92
87
128
130
127
125
126
732
666
78
93
130
127
128
130
127
127
128
813
776
78
91
127
127
127
130
127
127
905
859
80
90
90
124
123
131
129
128
126
800
763
96
89
129
127
129
128
99
128
743
698
100
90
127
128
128
129
127
129
129
734
688
93
92
128
128
128
128
126
141
746
671
89
137
127
128
128
129
128
127
744
737
77
91
128
127
128
127
128
127
131
681
765
93
91
129
128
130
127
130
127
701
759
79
89
128
128
128
128
127
132
129
651
744
94
91
128
126
127
126
127
127
645
732
93
95
128
128
126
126
126
128
126
682
766
79
91
128
127
126
127
126
130
693
757
117
89
130
126
128
127
126
127
128
717
510
79
90
131
128
130
128
129
128
704
764
96
88
127
129
126
127
128
130
128
702
774
77
89
128
130
130
128
126
129
722
558
76
90
127
130
131
127
127
128
129
703
766
80
91
129
130
129
126
127
126
665
759
77
91
131
129
128
129
127
127
128
651
748
76
90
127
129
129
130
128
127
699
761
79
89
128
128
128
128
130
129
127
635
731
112
90
129
130
127
127
131
134
683
803
80
90
130
132
129
130
127
129
126
708
733
78
89
128
128
140
134
128
137
700
764
101
129
128
129
128
127
130
129
268
730
785
107
134
127
134
129
128
128
128
729
753
74
90
128
128
128
128
128
128
128
697
745
75
91
130
128
131
128
128
285
754
767
103
129
127
129
127
127
129
128
131
727
694
100
134
128
127
128
129
127
128
726
695
95
90
127
132
126
129
128
126
129
699
696
88
130
126
128
127
128
129
127
744
671
111
93
130
129
127
129
126
128
128
758
674
97
92
128
130
127
129
129
127
738
175
156
128
128
127
127
130
129
127
126
490
91
92
140
127
129
125
127
128
137
769
526
93
129
129
128
129
128
128
128
130
451
95
91
158
128
130
131
129
127
131
733
593
109
92
128
127
128
128
127
129
128
741
582
92
91
130
128
131
127
130
129
764
569
102
91
129
127
127
128
126
130
737
610
106
88
130
126
128
127
127
128
130
754
599
106
89
130
130
129
129
132
130
742
466
154
127
126
127
127
127
125
126
125
666
111
105
99
127
127
129
125
127
128
638
340
143
128
129
128
129
128
127
127
126
587
302
92
89
129
128
127
140
126
128
648
286
92
89
129
129
128
128
128
127
127
617
269
92
89
127
130
129
127
124
123
810
343
129
124
124
124
118
127
127
128
129
644
313
93
90
127
97
129
129
128
130
641
303
131
128
127
128
130
129
139
129
121
688
273
138
135
129
129
129
129
127
130
649
343
94
89
127
128
128
128
130
128
147
619
290
130
127
128
130
133
130
131
143
637
301
131
128
130
129
128
127
135
127
130
594
265
133
128
128
131
128
127
137
139
647
160
146
128
127
130
133
128
128
128
130
626
294
92
90
128
127
128
128
127
137
661
337
130
128
127
129
126
126
128
125
127
613
295
91
89
126
139
128
127
129
126
605
263
131
137
128
127
127
127
129
129
126
605
241
92
92
125
128
128
127
128
127
562
492
92
91
128
127
128
129
126
128
127
662
341
91
92
131
128
129
127
126
126
515
327
132
129
130
129
129
128
128
127
127
667
303
130
128
128
134
135
135
127
133
565
286
132
128
130
133
128
130
131
127
127
658
353
132
129
129
129
128
130
129
137
590
217
75
118
135
118
135
128
128
128
129
635
273
80
78
117
127
127
127
131
138
620
341
120
116
118
118
116
135
118
130
129
738
327
76
78
116
117
118
117
116
116
511
180
97
79
115
114
114
116
115
116
121
642
315
118
119
115
116
115
117
118
141
634
238
125
139
127
128
129
128
127
128
626
309
82
78
118
115
115
119
113
115
128
599
256
77
79
116
131
132
117
116
136
684
742
126
135
116
128
128
126
125
128
131
678
741
82
80
118
118
118
117
116
119
708
741
78
141
129
129
127
129
127
127
130
707
498
94
133
115
117
118
117
118
116
695
713
77
78
118
120
119
117
116
117
129
539
175
82
118
116
116
116
132
117
120
535
74
115
119
117
114
117
115
134
135
126
643
321
94
88
128
128
128
128
127
140
566
211
136
127
129
128
130
126
128
128
129
619
90
94
92
128
129
127
127
127
129
572
274
131
140
129
128
128
127
127
128
127
689
407
134
128
126
127
128
126
131
141
625
97
89
96
127
133
126
129
127
128
126
683
323
93
90
130
129
126
126
128
127
617
272
97
90
130
129
131
127
127
130
269
602
97
129
132
127
128
128
137
128
129
651
320
133
133
129
127
127
137
128
130
128
557
236
94
88
145
128
127
128
127
316
614
105
134
127
128
127
124
124
124
124
134
676
255
160
127
138
129
129
129
128
141
602
742
99
132
128
128
129
128
130
127
131
552
110
135
127
131
128
128
118
129
131
511
92
130
136
126
128
129
126
127
127
127
571
106
91
90
129
126
134
127
128
151
511
93
128
150
129
129
126
126
127
128
127
529
90
90
88
127
128
127
135
128
127
581
102
130
142
128
128
127
133
126
128
128
604
88
89
89
129
127
127
126
129
129
570
100
90
90
129
127
130
127
129
129
129
541
100
132
127
126
131
134
129
128
128
554
106
92
91
134
127
127
130
127
128
129
558
88
90
102
127
127
128
127
128
127
506
91
93
93
128
128
129
128
128
130
542
104
91
94
129
129
127
127
127
128
132
493
91
130
140
129
128
128
142
126
129
546
92
89
94
129
126
127
129
134
127
127
514
93
92
89
129
127
127
126
128
127
570
114
90
128
132
128
126
127
127
128
129
543
106
91
98
128
129
127
127
127
138
509
90
131
137
133
128
127
133
126
126
141
518
85
131
130
128
132
130
128
128
128
523
95
89
94
129
127
128
127
129
125
128
526
98
130
137
127
129
129
127
128
145
504
90
134
146
129
128
130
129
127
134
130
541
106
91
88
132
132
140
140
137
131
529
91
128
133
130
128
130
129
128
128
128
466
93
92
101
127
127
127
128
131
129
707
156
97
90
128
128
133
127
127
129
128
569
112
94
94
128
128
128
129
127
128
506
105
90
138
129
130
129
129
128
127
129
568
96
91
95
130
129
128
127
128
127
561
96
91
102
128
131
128
129
129
128
128
494
106
91
142
131
131
130
128
130
126
503
101
99
90
128
129
129
121
127
129
126
641
355
92
89
140
140
127
130
132
127
618
255
94
90
128
129
129
128
134
130
127
639
292
98
89
128
129
128
130
129
146
570
85
134
127
136
127
128
127
129
128
127
528
105
94
96
130
128
129
128
129
128
563
97
92
90
127
128
130
128
128
131
128
673
458
106
128
129
127
129
128
128
127
759
579
99
89
128
127
128
129
127
127
128
752
516
93
88
128
129
128
130
128
136
770
467
125
133
131
128
129
128
128
128
128
768
583
96
94
127
130
128
128
129
131
719
571
117
127
129
128
128
130
128
129
128
749
623
80
77
126
123
124
124
125
129
728
546
84
89
130
129
130
128
129
97
741
603
80
80
127
128
129
128
128
127
129
753
595
112
78
129
129
127
127
130
129
718
591
102
76
128
117
128
127
127
128
127
745
94
91
89
127
127
128
128
127
128
702
470
81
89
130
132
129
129
127
129
125
745
553
93
77
128
131
128
126
127
140
745
166
141
127
129
129
128
131
126
127
129
755
550
77
79
129
127
128
128
130
130
728
510
76
89
131
128
130
128
128
127
131
695
87
80
129
128
127
138
128
128
142
597
283
131
127
128
129
128
133
129
130
129
616
286
101
77
129
127
127
129
130
130
655
79
78
141
130
130
130
127
128
127
127
611
298
81
91
128
131
128
128
127
128
642
238
115
133
133
128
130
128
129
128
282
615
102
117
123
128
128
130
127
127
129
549
209
116
119
131
127
130
129
128
129
127
728
242
146
116
127
131
129
128
143
288
597
103
118
133
128
128
131
129
127
130
127
596
205
116
129
129
132
130
132
127
143
557
191
147
134
135
129
130
130
136
132
126
623
294
77
77
128
129
132
126
130
130
472
81
147
132
131
127
129
129
128
128
127
566
265
78
80
129
128
128
128
128
148
643
362
131
127
128
131
130
129
129
128
131
633
254
79
91
129
127
128
131
128
139
513
157
123
128
136
128
128
127
130
128
127
689
288
118
129
128
127
127
134
125
127
593
282
101
120
127
126
128
126
129
126
126
677
310
79
80
131
134
128
130
127
129
634
268
116
118
128
129
128
126
130
128
127
113
116
115
114
128
114
116
127
116
115
116
118
114
116
116
675
371
76
100
115
115
114
130
117
116
116
114
125
116
235
82
116
116
116
116
117
132
116
117
119
123
541
234
132
118
119
117
114
116
131
116
119
598
260
77
76
116
117
116
119
116
120
632
98
133
117
115
116
115
113
115
132
121
640
323
100
136
127
118
116
133
114
117
589
223
79
85
125
116
114
117
119
131
121
636
266
108
118
118
114
113
114
114
148
574
218
117
117
120
118
116
131
115
117
121
729
311
139
118
118
117
116
116
115
119
638
277
116
116
117
117
118
114
114
115
136
594
261
118
119
117
119
119
117
116
117
570
222
121
115
117
118
117
116
115
116
129
737
290
104
116
117
119
118
117
116
120
596
259
79
79
115
116
83
115
117
115
115
633
302
107
118
115
117
118
118
118
124
628
340
148
134
130
118
116
113
115
118
116
622
288
78
78
117
133
118
117
115
146
533
92
119
125
117
118
118
116
115
115
122
660
348
78
77
117
116
116
118
118
146
592
274
144
118
119
118
118
120
117
119
114
605
304
81
77
117
116
117
119
118
116
699
271
106
119
117
118
116
117
116
117
120
596
252
144
118
117
134
117
115
117
120
655
334
81
77
114
116
115
113
113
113
115
632
276
123
115
118
114
116
117
117
118
608
254
122
118
115
116
115
116
115
115
121
682
618
75
77
113
114
118
114
114
116
687
351
126
136
118
116
115
116
115
115
117
655
328
149
116
116
116
115
113
115
116
651
336
104
116
127
116
115
115
137
115
119
616
343
122
117
129
118
115
114
115
118
637
302
123
128
117
130
117
114
113
116
119
689
358
116
132
117
133
117
116
117
137
746
354
117
118
134
116
133
117
117
116
140
705
109
119
135
117
116
132
119
117
119
579
99
133
116
114
116
115
131
116
120
744
365
118
117
117
116
116
115
128
117
143
612
82
116
132
123
116
116
115
132
119
657
339
104
117
119
115
118
116
119
134
139
588
278
143
117
117
118
127
117
119
125
483
105
117
117
118
117
122
128
132
117
132
650
379
117
118
118
117
118
116
116
122
739
305
109
117
118
119
117
134
117
118
118
638
78
76
83
116
117
119
115
116
142
535
237
120
115
114
115
116
118
115
116
118
608
269
79
78
116
117
116
125
142
118
619
99
120
131
114
116
116
115
114
117
119
622
303
104
130
114
116
114
117
117
246
515
185
128
117
130
115
115
115
117
114
306
577
97
125
115
134
115
117
116
117
118
634
356
153
118
117
117
114
115
117
114
139
660
347
142
116
115
116
115
116
129
290
617
113
116
131
116
116
118
115
116
115
142
584
280
121
118
115
115
118
115
113
116
717
278
116
132
117
118
118
116
114
115
115
796
445
131
116
115
114
114
117
114
118
657
328
143
116
118
116
116
114
117
116
120
701
370
119
133
118
116
116
116
117
146
624
305
123
114
115
115
115
134
117
131
119
691
362
148
119
127
118
115
111
114
115
760
375
82
75
115
116
131
115
116
133
118
673
929
232
94
76
114
116
114
116
115
611
99
117
118
113
113
115
117
113
115
114
567
262
100
118
117
113
