1074
278
631
292
359
383
287
740
312
113
243
646
262
127
840
787
637
388
491
560
584
549
1949
1900
1186
1026
772
585
625
690
485
741
499
329
1309
851
549
228
217
308
383
520
334
291
170
505
295
511
644
408
1220
859
272
373
449
129
1353
1324
613
667
354
476
583
542
580
731
932
214
391
800
392
369
974
692
353
783
387
396
641
610
403
140
277
193
636
384
169
262
212
178
859
592
402
283
95
1200
954
1153
614
1156
549
685
542
948
437
1073
350
450
693
209
214
1157
698
558
788
664
677
491
810
305
1237
644
705
833
259
475
274
246
139
265
229
160
644
906
526
1016
454
366
1006
579
365
410
387
473
306
296
269
288
321
299
771
324
136
231
341
466
209
118
210
191
119
406
237
834
1117
307
240
564
457
168
141
184
209
186
1007
742
1227
518
1150
962
902
871
502
638
435
580
572
238
418
642
231
300
308
789
220
812
647
525
873
254
427
822
269
564
728
321
661
160
766
346
360
569
734
635
920
778
321
966
532
493
635
1297
867
482
217
321
274
877
298
282
257
366
179
142
208
230
142
212
173
599
227
120
537
377
537
197
141
553
694
164
618
582
1141
304
777
336
249
159
379
659
1426
1202
295
242
258
392
424
183
317
147
145
785
1058
1012
796
262
755
477
613
374
621
338
683
300
673
390
778
820
430
598
483
417
1260
943
1395
1438
908
1063
905
1066
663
797
1470
621
290
674
273
644
1207
277
286
525
302
501
561
302
156
166
213
287
323
680
144
1056
664
627
1038
416
205
350
254
669
249
118
256
333
506
649
168
707
282
519
534
181
663
339
170
238
346
364
212
178
542
270
562
557
219
336
338
148
521
247
583
349
180
469
483
162
708
597
400
610
154
613
611
327
268
161
635
263
103
456
471
642
201
135
564
444
118
348
662
1469
908
526
650
544
954
668
270
574
262
111
241
361
302
399
109
273
134
209
332
304
310
196
116
721
913
1483
1611
751
468
332
308
372
531
1002
444
181
169
286
168
1026
631
1400
985
676
505
573
241
445
257
530
335
191
601
286
1437
1417
783
398
647
310
428
239
308
251
95
224
185
277
219
124
211
263
130
288
278
568
172
118
649
546
421
134
120
245
222
112
267
302
483
216
216
805
345
173
268
227
573
742
106
224
215
270
134
183
264
232
236
309
109
1170
1079
389
1038
436
628
456
462
326
564
116
413
354
436
853
834
423
410
336
1047
583
324
372
164
524
136
141
267
201
437
217
189
323
124
1751
1352
538
686
431
126
398
686
559
365
196
503
153
271
373
137
243
300
231
298
289
266
215
173
247
680
341
495
515
1135
416
551
405
416
389
151
140
413
333
222
221
322
376
729
182
589
263
108
262
197
267
110
114
231
220
724
489
163
639
428
221
457
227
917
483
215
684
419
177
652
441
360
92
109
337
238
513
617
114
261
222
111
281
276
995
970
466
351
233
121
262
257
302
84
116
237
219
363
210
161
243
150
134
320
253
472
278
119
184
251
299
206
154
516
310
173
228
133
577
163
115
177
141
177
190
292
303
132
152
242
288
351
218
153
492
365
121
476
442
534
243
119
445
259
132
313
233
343
161
147
409
402
413
1213
201
268
541
134
275
607
814
395
104
203
170
192
194
299
327
233
92
281
237
644
264
177
870
573
316
475
702
570
296
95
352
253
643
542
102
593
322
149
350
248
204
230
182
266
110
195
371
203
268
120
160
188
243
244
117
191
261
186
165
193
203
214
199
191
253
179
174
229
435
447
293
88
345
802
700
367
213
248
172
154
310
479
464
280
81
290
311
229
265
253
279
148
144
193
132
429
714
199
373
472
109
702
661
302
510
147
458
315
99
194
332
298
167
93
215
212
275
232
153
226
193
97
234
365
612
369
153
961
868
682
364
1031
275
253
203
289
249
233
233
221
243
164
143
230
418
409
151
244
248
439
183
158
155
217
154
143
710
522
681
340
192
249
235
193
262
179
462
630
168
512
271
287
85
148
238
194
153
147
350
524
322
178
157
86
151
336
181
638
562
111
244
250
286
356
142
209
208
243
245
321
583
447
192
536
308
153
318
466
533
422
103
216
299
244
227
152
229
116
180
238
138
206
182
143
532
403
568
363
95
231
306
149
269
320
380
235
168
163
173
133
216
188
244
269
130
228
171
456
236
121
475
311
173
310
168
225
173
150
358
187
164
261
228
474
425
114
202
236
438
377
165
240
277
146
856
1523
1124
1360
526
928
564
374
416
240
457
233
133
237
236
192
84
110
262
209
89
419
464
1194
292
173
188
88
147
237
213
397
219
153
251
260
293
205
118
185
176
166
232
185
301
506
105
246
549
810
287
89
772
803
236
554
545
519
724
108
499
278
142
402
585
1040
266
128
181
291
334
197
141
360
152
170
173
215
281
298
91
592
584
91
891
1657
1173
594
578
558
684
857
871
264
285
490
193
270
338
365
203
106
175
223
98
734
749
1160
786
755
1140
343
322
486
426
303
579
448
478
394
441
507
119
399
224
85
174
230
287
170
105
177
325
284
261
178
201
120
96
187
256
534
455
168
234
599
572
874
484
536
592
102
1135
1146
865
324
373
434
383
174
325
413
195
183
109
193
320
205
133
168
230
399
165
382
230
396
125
159
239
295
110
311
230
209
118
181
168
552
322
586
178
519
801
269
1182
1047
681
343
581
321
495
163
257
977
390
244
110
227
197
268
259
179
241
191
158
383
268
522
224
177
243
281
240
165
157
296
508
274
292
142
213
165
206
257
388
110
244
314
269
87
221
264
418
386
264
154
181
222
186
175
175
273
181
164
754
368
102
247
114
219
146
163
214
176
185
205
152
205
127
133
179
230
229
255
174
255
122
186
222
285
274
120
158
752
320
469
648
92
176
219
156
208
157
170
124
231
187
214
152
291
474
344
199
178
154
190
226
315
162
158
245
150
219
234
458
179
295
204
275
246
203
149
214
100
137
206
311
407
146
160
231
114
160
304
372
316
105
277
336
269
269
130
199
241
111
211
209
871
508
959
1052
452
953
468
1007
809
753
326
695
314
348
279
391
585
319
371
365
728
260
343
357
186
202
160
180
282
287
340
310
189
445
417
307
135
189
217
96
146
260
222
780
706
231
960
265
214
291
223
336
186
230
906
298
472
529
157
220
235
99
254
464
389
386
191
249
448
1104
1039
264
538
354
242
531
499
440
114
156
157
126
172
276
707
682
301
132
842
797
411
234
150
243
190
143
312
198
275
103
173
244
165
147
452
350
451
82
211
406
312
404
426
107
591
1328
336
262
229
237
199
147
726
481
529
347
152
228
186
223
252
202
290
132
165
171
256
218
650
934
978
614
234
281
223
259
106
159
217
123
151
214
636
457
1559
565
1090
721
403
373
431
583
311
106
489
300
530
258
120
357
260
109
251
113
343
340
187
275
175
171
221
174
298
88
236
169
224
219
124
87
211
158
157
656
483
897
279
212
189
191
184
160
180
201
237
168
290
546
355
195
150
215
162
161
302
296
268
172
248
184
138
165
427
306
427
176
250
192
318
325
204
147
190
165
175
352
182
295
195
164
227
282
275
201
186
311
113
129
256
260
314
241
181
378
220
295
217
191
286
104
156
230
237
204
107
249
292
190
219
274
218
309
262
152
333
121
157
237
161
329
194
158
292
378
217
153
217
233
194
235
226
306
267
217
156
234
94
184
344
226
251
96
196
168
157
294
116
194
195
211
215
212
280
749
283
185
304
172
227
274
212
255
176
153
211
315
287
242
222
446
420
116
457
299
344
185
194
249
240
313
184
147
295
225
217
317
169
275
144
132
270
161
182
327
268
355
169
151
246
310
305
148
221
233
165
239
232
303
358
215
158
203
108
186
217
252
360
174
221
330
219
216
135
150
208
118
154
236
259
435
715
181
488
173
187
252
249
239
262
182
549
628
768
664
190
807
544
199
460
926
220
267
864
321
273
114
919
746
1098
635
952
570
679
711
601
771
424
733
270
327
346
354
123
177
264
192
304
179
204
292
493
127
279
583
592
741
381
521
706
96
329
341
343
275
274
265
247
281
122
243
278
484
103
577
259
270
189
200
242
204
253
258
296
310
155
234
272
507
585
684
173
301
141
177
1337
740
880
446
361
294
144
245
254
275
323
257
249
1205
817
370
186
275
146
184
208
361
185
307
171
112
519
479
347
123
194
280
605
105
595
262
383
1165
285
855
921
1179
1326
489
853
909
332
429
829
347
443
783
268
374
237
194
331
416
474
193
524
290
172
283
232
405
282
87
209
219
327
467
431
525
207
266
258
348
451
202
180
591
727
102
299
731
370
317
153
300
304
397
209
199
1311
908
1020
824
403
543
485
888
874
308
151
304
123
296
186
226
223
178
652
922
198
276
90
244
229
455
438
154
198
166
277
251
178
145
183
123
150
373
299
266
180
170
237
200
197
266
301
383
272
359
278
322
296
148
163
283
81
155
265
420
467
107
183
251
212
151
289
245
360
167
184
230
291
243
255
149
159
150
151
362
664
660
336
94
398
84
173
363
274
230
243
148
230
174
448
278
198
181
208
236
303
202
293
181
159
260
144
178
245
224
237
112
155
176
209
352
290
143
323
85
149
233
573
617
148
97
324
515
450
107
123
249
251
193
212
198
301
158
166
239
294
150
517
682
531
155
174
256
314
332
473
150
218
169
159
245
252
291
177
189
230
191
188
312
562
758
230
86
433
235
323
123
155
358
161
166
273
227
240
137
226
286
167
210
289
255
711
348
100
316
217
272
224
167
294
148
197
168
287
266
175
118
271
380
160
280
337
326
213
167
236
248
385
144
165
235
185
157
178
221
212
166
155
272
299
330
165
242
195
166
212
160
295
316
211
183
511
231
187
574
363
565
709
190
262
281
274
219
221
222
114
205
286
355
541
260
199
291
106
204
227
261
728
133
165
1233
386
596
811
847
511
819
656
362
222
535
330
108
241
182
133
189
276
187
139
192
208
129
261
209
165
242
184
142
268
356
307
162
198
369
255
149
188
230
279
223
227
327
276
409
232
169
410
144
132
152
200
272
170
176
244
416
302
208
127
225
138
198
141
204
229
108
147
265
530
95
630
347
550
325
270
319
514
555
426
183
412
218
179
218
168
231
136
154
193
144
135
150
167
405
157
132
176
509
680
285
108
302
275
138
231
352
238
121
144
234
192
148
210
148
198
150
145
170
285
217
132
150
171
189
150
194
251
284
123
137
214
184
191
280
287
704
237
105
201
105
221
136
133
225
107
153
453
385
456
390
147
284
173
267
201
159
269
623
111
992
440
642
291
123
440
298
131
272
165
241
193
137
284
130
531
283
136
362
146
158
159
185
227
237
138
202
112
141
264
208
210
207
146
266
204
165
200
151
284
149
145
275
181
228
258
138
315
222
200
270
187
230
215
145
715
474
365
200
105
214
214
146
270
108
204
155
143
164
212
190
157
151
198
174
145
230
293
477
578
174
301
174
157
225
582
341
276
175
223
249
249
218
211
190
182
173
235
168
195
165
162
235
129
149
154
201
272
122
146
247
352
290
207
146
210
95
161
236
245
271
178
268
225
146
198
223
163
148
165
157
173
201
366
539
173
291
327
143
225
288
279
198
155
220
192
176
225
161
260
205
153
281
189
293
220
150
158
188
197
257
221
378
590
98
287
264
344
162
188
217
126
148
238
207
253
208
151
205
159
146
222
228
314
156
188
175
236
259
210
118
257
153
143
218
204
226
198
130
195
155
124
238
176
331
157
169
207
168
232
266
131
199
91
116
269
220
264
200
144
262
150
112
304
186
220
229
155
136
163
293
278
128
200
145
186
212
198
299
214
129
280
162
151
143
197
391
474
99
271
207
232
225
131
169
196
127
271
194
277
148
163
226
320
220
201
157
210
170
129
226
198
216
249
169
204
226
123
189
170
197
87
121
272
200
308
183
132
239
158
127
170
147
548
421
133
270
172
118
266
138
217
168
163
208
191
223
202
136
255
202
130
215
130
169
123
175
242
311
132
129
164
311
92
140
228
178
451
200
107
230
176
140
166
298
299
226
178
165
200
152
232
248
286
219
142
188
150
316
539
158
184
211
152
236
452
319
518
103
195
242
224
209
147
201
152
139
141
235
204
156
164
274
117
139
262
242
313
231
162
207
211
750
673
282
1819
1273
871
1867
1614
1477
732
711
811
600
2193
1601
645
290
341
360
334
280
388
227
178
300
190
100
203
277
596
267
172
193
140
162
165
247
205
146
200
201
348
239
194
175
447
366
87
212
273
223
223
131
373
309
487
182
93
402
553
180
478
324
464
305
693
884
327
302
411
502
1140
770
426
900
569
1685
1215
503
601
413
292
951
300
1309
575
345
387
312
107
537
718
295
549
106
240
260
336
191
119
374
148
130
214
186
333
187
128
189
223
123
209
186
203
80
147
136
183
351
165
131
222
180
146
199
144
190
93
135
217
116
215
217
300
292
152
134
144
185
199
118
149
264
185
241
152
194
254
110
152
227
208
276
162
175
166
205
154
164
137
160
169
156
299
117
155
163
199
273
161
159
209
194
271
167
150
160
199
146
235
225
285
249
159
170
195
157
234
183
244
189
174
336
190
251
191
149
190
81
161
219
291
318
231
145
251
97
161
170
205
235
186
146
296
177
309
152
152
194
193
166
177
166
290
180
177
214
174
154
240
218
317
169
139
309
181
308
162
142
187
132
156
166
175
198
134
147
281
265
265
166
141
232
169
140
170
191
321
160
155
447
205
214
215
149
242
187
150
191
199
205
93
154
235
144
142
157
521
483
439
117
414
335
82
274
403
182
180
152
175
192
251
208
181
171
112
148
229
192
267
221
153
165
191
148
239
199
195
116
157
233
188
489
134
137
214
167
201
190
153
207
96
153
231
196
157
258
189
266
138
157
202
165
270
102
144
152
510
163
252
351
278
208
155
231
297
225
80
142
880
331
416
346
184
298
164
145
223
207
205
392
262
465
374
155
178
198
336
515
100
443
165
143
174
149
197
177
134
178
190
140
163
200
170
174
138
163
146
227
230
142
215
79
130
207
204
243
232
144
300
125
142
216
187
263
255
162
174
208
574
199
242
300
156
148
174
122
496
361
88
176
530
295
467
93
334
539
93
195
669
477
788
523
736
292
184
361
472
338
87
106
224
191
176
253
153
192
376
104
251
421
371
500
87
184
164
130
221
153
208
175
130
542
399
347
402
103
333
391
93
213
435
485
455
103
241
206
151
154
199
253
214
143
233
240
255
97
128
505
353
90
378
591
349
498
378
451
564
110
190
298
598
347
291
617
620
534
367
116
271
381
199
218
238
297
252
147
237
200
260
153
151
247
110
181
191
179
261
207
136
216
163
119
300
254
260
160
149
213
463
338
244
136
406
451
126
318
584
332
218
128
308
96
133
504
451
361
333
108
262
318
326
254
106
211
553
134
240
280
301
267
138
265
104
118
193
514
591
223
127
247
169
225
200
116
264
116
136
503
623
356
220
115
515
192
118
154
469
330
227
134
231
167
229
90
132
352
324
83
221
370
258
178
144
519
323
415
202
154
203
163
153
212
299
576
385
89
194
105
142
156
259
245
253
92
217
323
270
223
145
166
327
174
369
479
347
723
90
437
568
103
234
282
228
211
129
281
211
523
150
88
167
322
121
569
573
390
287
111
217
243
116
243
117
550
309
109
594
426
315
341
97
176
413
88
225
229
301
138
155
476
345
102
226
310
162
145
145
329
218
331
359
93
522
373
97
156
527
450
664
88
201
322
207
221
151
233
378
97
454
558
406
339
109
508
245
144
169
207
270
217
140
155
209
262
157
143
240
135
145
160
184
329
142
143
267
145
146
237
182
210
120
137
249
203
261
228
142
177
94
138
154
184
261
155
153
271
148
140
242
236
312
220
153
238
109
183
173
142
155
178
151
250
207
432
193
133
152
249
221
277
439
618
444
77
154
316
253
159
195
214
166
184
118
152
138
190
206
114
112
173
217
248
273
305
796
428
80
159
137
418
479
95
92
402
253
223
117
134
242
109
232
181
126
302
265
144
303
170
425
665
103
206
268
152
254
196
341
120
161
504
1018
272
430
124
271
106
128
207
240
316
177
142
228
112
173
224
208
256
212
151
162
296
360
216
148
171
149
148
221
370
515
670
85
209
343
217
260
167
234
177
142
151
209
238
186
146
241
151
155
170
206
356
167
153
210
254
328
180
163
233
196
144
243
262
241
124
145
156
135
142
224
229
208
139
138
241
268
276
172
145
127
112
152
173
267
353
233
231
276
103
156
227
200
349
212
140
271
295
220
81
171
228
194
165
167
223
216
84
160
227
94
149
161
277
240
443
111
264
342
188
128
84
260
346
141
206
298
343
273
81
495
481
957
319
113
1114
836
101
529
519
769
432
408
754
238
460
519
403
607
221
97
481
340
305
202
103
239
198
129
233
287
294
224
140
327
175
150
290
120
322
151
178
401
167
272
191
148
213
191
125
230
273
317
142
158
222
175
154
302
127
249
158
188
246
209
191
125
155
228
196
142
218
187
370
156
156
140
123
171
141
239
296
160
185
372
166
325
181
168
194
109
141
228
162
167
150
138
212
124
210
152
130
182
115
136
209
180
257
104
143
230
190
172
224
188
272
170
132
266
265
245
182
141
289
165
147
226
258
388
234
161
229
87
162
158
149
212
282
160
235
107
242
177
161
387
371
107
290
148
308
226
152
594
270
128
263
180
306
87
123
202
504
386
112
127
246
198
124
445
280
270
208
141
291
175
154
528
394
512
326
95
242
420
460
154
144
267
197
134
224
346
257
174
121
479
256
287
140
162
282
173
113
205
413
430
203
105
186
224
132
236
187
261
168
124
293
144
237
153
123
233
150
196
253
298
335
306
179
189
189
129
215
94
298
84
145
328
297
346
239
142
205
157
147
192
177
379
152
149
234
324
130
282
181
234
163
133
238
308
326
292
161
248
273
142
213
281
286
92
136
379
366
472
333
116
140
189
133
283
188
326
180
123
287
273
141
155
275
319
160
124
225
287
345
237
142
238
117
200
284
277
311
246
114
279
89
153
216
359
271
88
147
286
201
385
225
123
234
165
143
209
305
273
220
112
283
88
165
290
211
266
231
145
249
273
302
144
150
213
155
119
207
152
231
181
138
247
212
177
254
278
518
219
107
255
243
221
325
127
269
172
139
151
164
196
161
201
283
173
302
233
156
225
146
166
151
319
360
313
154
168
110
142
294
150
232
100
159
219
177
285
148
159
293
156
167
342
251
333
182
182
247
122
152
280
207
449
153
143
301
288
238
206
169
230
84
143
181
218
233
188
144
323
178
139
211
188
254
153
138
297
196
256
213
156
273
132
146
213
190
274
99
166
238
84
133
294
294
343
268
163
197
232
347
218
142
161
138
203
233
461
479
364
89
225
283
212
156
146
283
154
150
318
157
362
202
151
280
79
110
332
296
375
273
175
190
279
267
124
140
232
195
149
251
222
291
107
116
292
134
139
360
175
301
173
148
231
237
204
150
125
238
120
177
251
453
668
509
153
181
130
226
206
191
353
139
123
207
279
250
207
118
207
140
146
190
215
203
172
128
285
151
138
218
193
214
204
150
178
186
298
183
147
221
253
122
219
279
278
82
119
209
135
309
295
95
190
235
118
226
317
376
191
117
185
198
123
229
199
355
221
136
356
274
280
222
121
282
177
134
290
260
323
241
123
248
134
127
373
254
274
299
134
286
697
298
416
106
241
226
151
321
282
307
146
138
315
208
130
278
87
333
194
102
354
164
266
220
145
170
169
137
278
175
215
127
103
272
162
216
264
147
279
148
156
205
226
275
192
141
297
158
232
249
146
277
145
120
235
96
300
197
119
262
107
146
268
168
215
177
185
267
156
148
198
187
376
157
85
214
237
240
223
101
242
233
102
233
103
213
153
93
319
134
156
255
280
268
117
100
184
172
291
181
170
300
202
141
228
227
215
123
108
267
155
123
182
109
487
226
94
246
279
801
497
132
202
142
162
275
147
235
161
102
181
255
311
144
123
223
178
168
250
216
275
229
154
251
159
140
205
264
235
216
157
349
240
357
204
129
215
217
140
298
122
211
193
135
244
112
128
183
134
329
402
101
304
309
295
123
101
211
187
128
269
383
346
142
109
305
82
146
311
318
251
235
136
338
260
475
641
127
207
246
109
230
360
282
206
157
307
168
151
262
485
478
535
130
260
608
669
311
106
206
201
221
345
301
315
445
229
220
207
273
113
151
300
191
117
227
189
220
90
139
292
108
136
284
193
1009
872
526
670
604
400
431
414
1450
457
749
437
485
412
568
113
428
188
214
232
266
228
224
159
299
204
350
153
109
214
148
151
258
164
236
193
148
326
175
122
276
298
242
85
138
278
185
273
114
159
305
200
145
200
223
278
163
150
225
92
146
212
274
264
179
143
215
215
310
119
125
219
218
166
299
136
285
148
136
160
302
275
218
138
295
194
147
226
287
273
228
145
237
215
151
260
303
252
134
155
230
302
367
229
173
220
178
92
327
267
327
252
162
287
90
152
268
178
297
102
148
236
215
212
99
101
265
225
122
288
234
276
189
134
318
120
132
220
265
245
119
138
248
133
208
138
163
334
81
141
168
206
410
422
232
259
226
243
172
132
229
193
207
266
167
265
412
355
497
292
154
222
182
307
156
192
262
205
250
233
129
275
121
158
303
185
264
129
117
153
161
133
259
401
305
216
144
218
270
359
243
154
295
176
139
296
187
241
88
151
280
105
152
233
296
278
221
152
157
190
366
232
149
160
139
148
223
195
203
128
148
230
182
193
178
369
317
169
162
271
133
215
116
133
246
162
160
270
210
261
245
158
159
275
234
128
138
281
176
181
313
265
288
186
123
300
139
163
349
357
281
204
109
285
112
179
210
155
284
131
136
231
279
391
167
99
262
218
148
236
300
329
225
134
201
300
236
221
155
287
175
147
242
375
354
118
164
196
177
146
188
167
284
104
140
175
135
220
188
119
251
94
163
251
115
179
221
168
171
183
156
229
165
225
243
181
223
103
283
160
170
321
84
147
263
203
245
223
147
178
300
217
230
156
189
171
154
209
239
321
158
138
285
214
155
281
147
270
183
164
233
160
243
120
146
223
143
146
183
195
220
160
132
558
492
114
368
349
357
461
105
207
757
483
831
283
605
380
116
520
232
211
701
153
401
188
290
241
141
488
233
87
192
309
549
225
111
360
365
120
259
381
465
562
105
223
181
140
219
186
393
452
124
166
293
584
160
157
324
180
139
214
284
375
129
128
302
263
419
349
126
377
484
113
301
231
313
116
238
245
203
99
322
173
200
105
134
224
173
235
240
124
434
93
113
185
516
468
381
259
556
464
101
310
458
375
152
110
415
492
658
572
94
187
199
146
194
162
245
94
149
278
159
182
257
193
238
192
114
344
270
233
273
152
205
141
172
206
199
256
152
147
226
173
234
95
172
171
164
214
193
204
233
138
197
250
116
220
217
102
188
170
156
162
318
218
90
140
226
187
154
158
155
745
339
128
258
236
101
168
337
611
377
95
272
740
527
515
126
277
509
114
427
412
958
1170
661
2009
1076
350
1926
1531
1138
822
314
2711
1715
849
701
981
1171
655
1697
2544
2373
1374
938
586
1381
601
598
481
338
542
270
450
358
522
322
293
531
670
276
513
486
392
393
221
128
442
258
391
251
175
275
241
162
177
309
262
209
138
226
102
97
299
171
233
233
110
312
184
264
503
106
257
277
112
244
313
361
193
139
275
167
154
226
270
291
180
194
309
141
278
168
238
290
144
156
298
335
532
172
145
218
109
149
265
137
269
190
141
326
113
442
114
83
363
209
234
281
337
479
256
203
258
130
137
222
278
281
105
91
296
286
246
211
156
195
93
140
222
92
450
299
114
260
482
640
401
308
331
225
156
233
154
610
849
431
500
629
272
456
131
244
351
121
300
417
653
1779
779
282
850
249
268
208
539
530
127
533
163
101
243
321
574
213
133
586
313
324
183
144
324
155
159
620
494
940
576
670
580
547
105
430
496
781
560
130
265
99
232
152
124
274
164
135
401
194
441
767
203
494
543
755
621
104
311
288
97
242
292
333
427
171
547
317
186
242
484
300
314
188
284
284
265
245
203
294
259
94
289
190
388
264
140
250
199
167
333
210
371
216
145
213
317
303
172
192
450
179
155
377
250
410
157
149
172
191
157
173
191
246
213
164
284
186
339
123
175
447
276
112
395
229
218
181
164
259
221
104
242
294
234
220
284
309
362
569
911
236
344
493
102
308
328
216
129
168
492
389
288
603
106
269
274
137
205
162
562
352
192
297
171
159
319
398
303
178
168
185
307
285
247
130
303
266
94
329
320
200
169
145
282
164
146
236
303
341
174
145
167
280
248
146
136
251
141
136
247
188
452
541
210
176
178
132
222
274
231
186
139
316
700
343
209
154
219
159
146
238
302
216
148
200
226
162
153
188
204
276
87
154
240
188
382
214
138
223
96
100
196
737
569
964
379
506
658
947
279
256
1163
568
85
579
566
693
614
424
323
205
102
226
737
657
381
118
201
304
345
225
166
200
206
133
184
219
255
268
152
304
106
146
258
182
257
174
139
251
187
250
92
157
308
197
152
170
292
205
211
154
294
216
160
193
201
203
88
157
182
195
214
122
151
270
121
142
235
338
382
229
163
337
162
373
212
141
232
153
136
237
152
302
175
143
162
236
136
192
150
218
135
147
239
186
353
179
153
205
185
146
200
281
410
137
144
231
137
142
308
218
199
191
162
254
304
290
100
176
196
198
148
246
205
268
239
148
169
175
163
243
219
329
189
152
260
276
334
152
156
220
181
139
280
232
287
210
145
232
171
156
219
238
272
210
142
197
208
242
257
150
269
172
147
230
156
319
247
161
271
168
151
238
204
139
78
164
178
148
235
164
142
213
177
147
184
263
290
145
151
241
248
265
225
160
273
204
203
218
290
262
190
176
354
178
149
213
202
295
177
160
214
806
498
258
154
845
277
92
697
455
377
447
104
200
201
237
566
479
475
228
94
196
244
211
108
160
266
147
128
240
413
611
482
102
231
221
203
178
236
241
225
157
151
184
499
564
215
509
284
155
226
237
330
159
150
207
244
433
415
202
485
909
215
319
252
202
144
159
333
162
219
252
218
391
521
168
534
503
573
260
161
165
128
151
226
354
575
302
126
218
197
142
497
294
474
840
221
313
342
201
211
166
560
252
188
232
263
516
168
150
293
307
97
403
195
206
152
239
202
245
408
254
154
439
338
107
224
338
326
290
162
238
196
150
402
382
640
587
278
284
268
336
141
155
239
107
151
174
210
462
196
91
190
208
306
360
225
233
176
182
184
138
323
216
150
230
640
297
539
163
322
526
490
386
722
555
695
357
430
170
164
157
111
375
314
115
291
391
118
234
213
271
256
165
380
300
474
658
120
310
339
176
513
275
224
180
173
565
318
149
323
382
474
866
137
363
389
589
698
339
421
817
502
474
452
410
504
582
414
269
520
520
143
285
223
106
209
267
301
132
202
236
127
148
242
239
801
410
101
228
235
472
232
156
189
711
162
309
379
339
167
157
297
158
149
193
224
285
233
182
215
121
289
180
190
330
923
183
257
416
813
598
642
664
372
108
198
242
317
140
104
195
362
200
139
142
231
178
189
208
231
263
189
165
172
181
172
245
212
287
190
134
221
324
250
198
138
404
123
167
234
198
186
225
157
252
159
149
219
280
268
167
134
308
341
315
161
148
254
141
157
235
229
301
217
200
250
234
244
270
163
340
218
127
170
171
248
89
125
233
146
222
172
261
298
204
140
241
209
349
122
164
327
141
201
275
149
214
172
122
193
87
168
230
222
306
233
243
374
284
270
129
103
199
227
104
303
379
608
876
185
253
250
143
217
133
425
692
116
333
389
524
235
144
326
330
140
403
198
254
268
178
308
310
119
144
260
191
113
182
402
652
631
277
108
513
224
90
240
638
404
371
386
325
317
603
589
173
954
465
165
295
240
259
252
130
255
161
157
217
107
300
238
189
209
282
336
213
161
228
215
188
275
220
263
312
142
176
164
166
168
151
254
91
155
232
274
238
255
190
186
171
202
192
186
199
96
228
238
177
143
165
218
272
205
149
218
202
257
242
151
197
224
161
223
272
267
225
137
580
406
448
294
166
495
419
88
370
461
275
249
155
195
202
137
242
179
283
152
158
177
295
293
179
148
174
102
176
166
204
240
232
137
164
182
134
225
186
403
221
171
285
130
293
254
124
200
158
149
171
201
440
450
194
260
121
129
225
205
243
210
184
223
216
268
145
184
315
118
106
275
275
716
1056
268
337
421
159
269
150
345
243
236
1014
757
885
314
640
687
400
123
205
815
554
290
203
174
280
490
581
353
389
286
106
197
348
832
508
157
317
259
115
202
259
442
333
92
383
516
345
295
115
188
159
139
259
317
239
205
155
221
280
132
201
162
431
267
156
246
275
298
229
166
252
198
147
165
201
257
134
131
236
152
150
160
296
296
164
169
240
170
321
230
115
253
81
138
172
193
279
151
171
159
161
137
207
265
361
140
125
202
118
230
170
139
246
190
152
243
193
279
212
163
260
285
264
230
132
192
127
175
277
208
246
190
148
149
180
185
282
109
313
201
133
226
180
319
298
142
254
173
134
194
209
377
84
109
241
214
160
193
190
448
667
151
375
290
351
276
167
222
198
188
258
178
210
167
144
487
173
126
202
313
280
231
135
397
286
352
283
142
288
169
137
244
189
430
481
170
153
240
117
251
247
281
84
162
216
167
242
180
119
208
190
144
478
276
812
302
94
153
296
341
194
131
295
81
145
307
265
478
293
217
344
206
160
214
314
355
202
142
279
172
467
348
106
318
174
161
254
178
241
145
139
289
167
163
332
145
249
182
156
243
312
237
178
130
300
141
139
258
185
190
187
147
390
173
174
255
172
318
82
151
224
346
309
255
130
301
109
134
189
179
278
178
127
230
102
135
212
260
300
246
140
259
193
305
205
145
214
191
135
249
166
291
129
150
199
321
302
182
142
222
193
182
211
307
352
263
137
221
142
144
210
256
362
177
117
364
135
189
148
94
200
224
120
313
250
339
103
192
534
822
116
289
156
214
92
167
176
173
177
139
126
263
133
127
311
168
281
186
105
267
308
328
303
240
291
138
143
205
311
237
151
130
272
231
119
285
283
427
319
108
306
176
134
155
181
403
680
138
437
954
437
329
93
216
169
105
194
245
211
107
121
252
300
262
137
112
257
262
115
212
332
298
133
205
301
98
128
236
271
439
108
173
247
149
231
122
177
290
221
144
209
230
309
290
130
413
120
151
259
144
259
122
145
279
305
239
166
147
254
152
139
253
217
294
272
100
217
485
269
154
203
232
96
168
240
151
271
208
167
238
186
142
267
147
250
184
163
377
405
400
369
109
217
172
178
246
156
279
92
154
276
135
152
288
181
287
188
173
203
379
356
167
150
185
80
131
205
169
325
229
117
165
197
152
278
174
223
148
176
277
155
216
82
148
231
181
146
227
539
424
351
90
258
216
157
285
275
488
359
173
222
260
289
150
172
298
222
160
256
244
273
151
161
227
171
151
190
293
295
202
131
193
183
300
218
160
158
179
196
248
215
283
165
154
288
182
251
230
92
360
264
104
247
233
218
195
158
198
88
170
323
223
482
305
100
455
334
506
187
109
211
110
106
239
205
263
213
152
243
211
166
272
180
207
156
120
154
306
378
239
186
466
263
125
237
290
191
151
184
306
149
170
283
176
240
174
198
296
210
320
105
150
244
188
191
212
201
519
588
194
306
226
190
178
277
307
181
178
238
209
321
225
144
223
185
177
206
219
238
237
207
240
229
382
628
103
310
157
201
309
204
260
218
139
188
116
133
212
176
343
550
105
258
276
231
188
136
150
186
130
214
121
346
190
98
173
134
134
287
112
237
172
154
189
259
309
245
148
160
161
126
204
106
198
187
156
182
219
144
220
203
260
133
136
231
204
252
221
103
190
240
117
156
241
281
144
150
268
175
256
96
125
211
152
135
214
177
504
538
90
229
175
163
163
118
210
165
131
197
257
249
89
159
182
165
132
240
148
287
236
157
198
269
128
215
204
259
325
132
237
249
520
567
109
200
175
122
206
282
270
141
145
252
95
186
184
213
270
151
111
195
309
165
172
198
278
169
188
265
174
252
164
107
232
229
108
248
187
239
401
106
237
305
349
193
108
191
222
152
218
412
316
267
161
206
178
255
157
157
185
173
160
222
180
308
89
152
171
137
162
606
458
529
252
117
189
293
344
216
184
235
166
150
172
210
325
169
146
245
144
206
142
174
247
176
129
248
362
294
212
147
280
203
171
207
196
274
598
168
270
100
191
288
144
256
173
192
218
212
202
92
139
259
163
162
155
216
226
275
153
314
183
153
240
158
209
88
146
222
232
264
280
150
261
192
167
197
465
632
605
178
274
331
346
187
134
202
84
162
203
431
378
542
108
673
1025
559
1090
478
516
217
889
310
1067
541
259
352
370
256
140
134
164
244
230
102
848
232
141
391
360
563
872
89
181
196
289
500
129
334
869
103
317
258
210
238
169
181
190
123
551
278
338
174
130
208
171
232
231
115
306
428
124
587
345
585
924
166
361
341
166
323
260
266
169
124
264
246
265
81
173
230
188
144
190
227
372
227
108
165
239
288
98
153
290
171
130
203
217
342
221
126
354
235
152
223
196
235
136
140
274
301
252
212
155
258
161
188
181
206
234
250
94
355
211
119
206
224
294
195
119
254
255
429
218
176
182
174
89
181
385
396
153
155
248
390
141
233
212
248
181
112
278
306
370
221
146
246
158
140
228
298
284
130
145
300
204
247
149
130
222
204
141
291
302
294
215
135
232
161
154
228
184
294
179
135
246
93
274
204
105
214
114
153
249
221
254
90
119
239
116
138
290
146
294
207
151
280
275
245
230
148
174
143
130
250
231
288
206
128
242
148
134
149
147
212
78
138
193
221
279
171
135
183
165
131
206
230
293
193
141
228
99
188
234
242
290
240
143
274
106
183
125
124
269
146
147
220
235
291
234
166
256
204
98
281
205
271
200
139
190
154
224
119
134
288
98
196
241
203
220
116
104
234
287
299
251
136
214
245
139
245
283
293
203
150
226
164
101
200
365
275
168
135
186
140
253
110
149
192
157
103
202
306
241
225
175
261
156
145
199
251
242
153
145
240
806
392
237
103
223
159
138
235
223
222
215
163
218
152
168
159
223
311
228
141
235
165
282
118
94
185
94
140
228
301
205
100
128
200
239
239
196
105
216
168
134
238
157
230
165
123
224
146
149
237
137
265
202
122
247
128
277
158
141
293
87
141
178
106
222
514
106
175
172
113
695
319
863
290
284
330
1139
544
859
247
327
489
125
212
341
463
214
127
239
238
170
193
272
195
176
143
248
157
264
234
149
166
181
151
177
207
270
131
188
222
137
162
254
158
295
206
154
233
191
261
155
213
281
191
211
190
217
277
96
163
196
208
241
143
166
216
187
102
923
419
320
257
104
473
658
97
390
608
511
514
348
378
674
342
214
317
227
419
113
202
506
355
173
161
181
175
135
223
233
298
158
145
258
141
251
208
136
241
170
136
273
176
242
245
144
205
175
195
230
218
336
269
201
202
305
368
274
206
306
177
231
266
154
306
131
113
384
219
670
148
168
249
187
198
572
296
332
78
263
274
181
183
293
152
542
243
169
236
162
283
285
172
310
142
152
271
172
276
190
100
259
159
173
222
203
257
217
174
235
207
265
238
187
301
129
185
203
199
257
144
176
287
176
173
153
193
257
125
206
184
217
282
235
179
225
164
170
159
188
255
310
162
298
160
176
147
189
254
231
177
306
199
278
174
167
319
221
165
329
169
248
97
182
299
198
248
210
141
150
113
189
235
212
272
167
171
232
192
170
215
280
331
164
186
308
220
346
217
185
190
105
172
244
235
238
170
122
257
209
160
307
182
234
191
129
278
185
204
214
119
264
206
145
236
306
276
159
123
187
196
129
335
339
351
201
150
191
174
191
232
133
176
111
151
285
277
219
170
134
214
236
231
107
179
303
168
153
236
330
250
489
96
252
208
132
209
189
450
686
97
621
718
325
302
162
251
278
178
320
187
248
356
98
245
259
120
393
355
387
224
133
351
198
373
104
168
204
98
155
271
250
351
200
198
241
199
180
225
150
286
185
159
196
155
339
177
141
278
150
149
297
326
226
216
110
268
96
138
300
306
243
816
239
305
366
289
261
160
231
190
137
227
527
645
568
214
293
103
145
228
282
258
205
152
181
233
434
187
135
279
176
136
220
254
251
232
141
306
216
278
228
145
227
193
150
227
372
207
424
99
192
187
160
262
312
252
222
160
297
305
171
131
154
229
174
155
283
244
280
91
153
230
190
141
297
189
228
108
142
267
283
226
217
130
260
191
136
170
237
261
144
147
234
82
171
303
202
243
216
138
260
162
227
200
136
721
940
150
202
188
217
104
148
236
311
667
337
238
289
110
165
216
110
238
207
155
280
282
334
242
294
262
92
151
270
219
268
221
151
232
190
163
264
206
328
166
157
236
162
156
228
179
203
207
110
174
677
532
1395
499
930
451
937
672
792
908
230
878
336
223
530
305
301
281
184
89
276
202
271
196
152
182
204
153
225
147
247
484
202
180
291
139
297
194
255
206
131
232
177
274
164
143
289
181
146
301
198
456
215
100
237
374
325
224
141
177
138
110
135
170
260
302
159
283
162
145
225
176
236
232
144
155
314
265
226
148
225
166
143
237
144
252
144
155
169
184
162
188
259
323
194
89
195
326
405
222
107
182
319
102
427
475
603
604
509
375
119
156
176
666
381
306
105
180
320
264
206
138
209
128
142
313
280
237
186
150
179
91
133
225
202
263
221
137
276
262
260
170
179
306
83
156
256
320
245
203
151
192
134
301
135
158
296
152
145
265
174
211
116
111
224
142
117
232
300
278
149
125
209
186
241
339
160
224
337
119
269
185
349
332
97
488
236
242
286
298
252
213
161
620
415
589
929
140
327
322
97
185
244
273
85
151
235
168
157
198
166
569
377
154
603
498
589
928
246
282
191
85
256
249
319
420
115
308
288
95
226
425
255
132
162
268
210
224
287
144
298
208
96
424
323
245
124
150
268
357
424
695
101
240
364
98
243
291
174
168
149
136
392
646
87
115
227
315
219
299
742
1031
807
247
138
182
359
415
198
145
169
198
259
326
355
505
537
209
133
188
334
388
398
835
117
353
1114
413
390
151
282
325
188
229
329
85
241
508
595
404
101
200
460
389
812
304
584
837
137
301
643
975
346
555
1304
1270
807
249
453
1177
218
118
265
285
300
259
113
313
248
101
198
258
258
477
204
242
381
611
441
458
308
193
130
159
243
638
242
102
179
211
147
158
179
296
190
139
270
195
290
86
134
211
122
192
186
192
210
470
83
177
313
135
229
381
445
376
109
183
176
341
139
141
231
198
144
238
182
270
202
138
246
188
137
200
333
293
235
149
172
174
321
298
103
183
180
146
164
204
214
223
152
168
312
563
174
185
166
196
155
258
194
291
215
144
158
81
145
159
210
273
230
158
158
194
243
230
156
152
195
144
155
266
283
229
153
225
230
160
187
185
212
85
117
198
218
243
184
148
230
173
204
658
157
221
201
155
189
206
138
215
237
436
191
147
174
205
267
250
132
223
124
158
178
172
172
199
141
247
120
141
207
208
201
188
147
231
235
242
113
132
162
139
146
158
119
233
86
138
152
214
194
160
152
182
172
134
224
249
311
231
118
249
166
110
184
199
201
126
97
220
162
830
291
157
214
143
155
165
192
290
150
137
582
507
105
297
187
211
253
176
221
222
221
152
142
162
187
146
296
188
260
177
147
245
173
142
225
207
256
212
89
267
614
322
619
96
241
155
135
244
247
316
127
155
204
180
259
200
150
162
140
142
247
202
209
225
128
339
255
158
368
258
212
139
120
219
156
299
240
132
213
144
130
166
718
469
799
211
234
200
112
244
280
278
125
124
230
132
222
166
107
177
231
154
169
217
266
169
128
140
211
134
213
163
211
129
135
230
192
222
266
146
215
248
141
222
176
244
370
116
175
209
137
170
217
241
228
125
211
209
279
203
107
158
174
151
150
189
287
164
135
271
185
248
236
103
221
153
116
178
476
492
419
170
316
216
153
178
223
253
154
148
230
145
264
110
151
157
128
155
176
211
331
271
94
232
287
149
158
211
271
227
136
253
204
366
230
142
162
101
142
216
194
224
110
169
226
190
148
230
197
226
267
127
212
137
197
149
155
169
148
161
225
185
263
232
106
228
198
147
151
282
339
82
148
491
353
325
271
161
164
458
109
203
245
214
221
110
260
151
205
171
120
256
466
115
240
140
367
250
121
249
138
188
210
208
190
220
146
297
148
411
248
148
170
148
81
187
292
311
245
168
183
242
140
154
147
421
260
155
178
194
229
156
135
302
105
155
233
157
429
263
140
219
150
144
227
237
339
716
110
295
716
1226
438
799
573
409
127
474
275
287
216
106
234
213
148
501
402
540
770
344
818
702
322
328
139
236
334
131
272
173
411
410
94
473
510
1012
259
273
308
218
127
158
282
825
304
433
648
281
192
415
220
405
655
130
350
278
393
84
98
265
209
175
303
303
274
124
141
238
85
153
250
474
494
328
107
304
277
386
317
198
215
184
140
226
281
288
241
170
243
114
149
201
245
773
575
197
194
425
211
210
151
240
175
162
277
226
288
161
152
227
143
181
272
300
211
118
148
305
295
415
233
128
318
218
167
221
180
316
214
146
236
195
275
111
138
175
170
157
227
289
335
131
135
295
142
154
167
176
233
124
157
265
185
237
83
188
151
195
154
206
177
229
172
159
869
262
169
204
314
331
209
129
152
207
285
250
180
160
166
226
182
140
309
234
156
235
164
192
238
123
211
96
149
221
193
248
274
158
231
192
208
288
262
239
146
189
279
176
193
246
205
254
204
112
224
273
147
144
134
240
112
151
164
198
267
154
159
368
198
242
115
177
229
87
171
220
168
272
177
156
240
173
197
297
232
277
203
158
261
141
252
123
175
346
152
192
499
311
308
132
184
155
201
138
195
200
225
147
196
293
355
392
209
208
189
340
209
504
544
801
722
165
262
96
99
199
426
327
203
99
303
219
241
144
231
284
155
123
219
306
387
234
196
224
172
295
257
93
265
221
177
218
183
271
126
192
254
146
141
179
276
412
247
155
216
267
338
194
148
198
207
196
288
295
227
223
187
236
174
144
298
315
343
232
192
259
216
297
129
204
265
225
178
268
332
258
225
198
303
147
131
196
104
182
117
137
225
316
422
177
137
216
147
173
166
148
242
122
82
204
225
130
268
335
618
394
111
230
280
273
245
120
262
105
141
642
600
371
266
114
286
293
211
214
138
251
131
135
287
281
322
154
202
162
190
156
223
209
328
220
191
225
310
279
229
176
216
217
166
234
220
284
221
196
191
116
135
651
838
1111
797
976
670
783
484
608
427
657
585
459
471
488
337
227
89
408
219
109
230
342
714
618
112
309
326
215
178
153
189
155
160
200
161
310
127
148
185
341
103
382
120
354
144
99
182
221
244
179
153
202
122
144
325
204
243
151
158
272
136
222
154
173
305
178
105
260
312
292
148
98
261
180
111
490
434
339
323
89
243
329
287
250
114
321
165
166
238
195
255
216
147
192
130
189
315
218
376
174
171
168
210
268
219
153
277
160
176
194
233
347
166
152
182
110
188
182
231
283
193
140
237
210
261
153
146
224
162
179
258
201
178
167
191
162
182
318
116
134
170
186
100
185
313
168
91
89
258
232
175
346
226
237
179
148
226
197
297
210
175
193
180
153
365
168
285
227
173
361
159
200
175
158
271
1256
257
667
2163
1421
1136
686
912
840
903
871
1246
628
1972
1284
414
1170
397
319
284
291
1004
473
249
517
702
417
295
402
774
416
301
190
433
256
192
339
517
100
166
91
253
155
119
242
239
531
355
118
171
204
103
253
371
277
107
120
237
396
343
205
89
184
207
145
174
228
280
230
149
174
159
155
233
299
236
177
187
262
217
249
155
167
186
143
146
219
194
252
157
149
215
86
143
215
180
255
234
165
155
232
260
215
157
230
139
153
195
234
322
240
149
265
241
147
172
231
247
152
130
241
156
227
259
197
156
110
124
223
177
231
225
134
207
176
121
238
151
172
167
130
243
221
584
233
118
264
151
179
218
192
249
210
174
213
174
318
173
165
235
174
185
297
196
244
219
160
261
113
207
222
344
512
118
135
241
373
369
158
135
219
137
139
284
374
395
91
128
185
298
115
197
258
240
195
141
159
801
432
410
244
678
318
111
215
100
483
228
93
177
160
144
219
264
388
253
100
190
234
242
225
146
184
206
149
178
235
286
89
105
174
160
151
167
222
199
236
154
152
239
217
144
136
166
178
139
224
168
293
197
162
218
307
384
240
138
369
255
135
154
212
266
92
106
181
136
142
188
180
192
89
115
237
226
214
204
188
181
287
84
168
236
272
193
171
249
148
147
204
239
199
281
146
351
328
800
563
238
309
420
156
512
482
352
420
90
202
240
150
174
155
227
90
155
166
194
198
121
147
166
189
182
168
205
229
296
147
224
110
144
227
162
264
190
225
219
220
297
175
153
243
198
157
222
196
256
207
150
282
192
269
216
149
254
247
152
152
180
214
153
150
209
111
144
205
241
170
158
179
174
213
271
166
142
180
145
158
168
199
243
306
134
217
154
144
201
195
254
161
188
169
188
290
158
147
160
223
133
202
103
171
426
93
652
361
106
453
229
507
347
153
237
184
238
128
146
165
142
149
306
148
207
143
160
234
205
306
182
175
169
207
155
195
175
350
155
185
291
130
141
276
184
237
158
158
163
196
239
210
155
182
171
155
165
169
817
284
183
549
515
93
162
220
163
173
156
200
202
158
138
155
276
134
132
150
198
242
199
143
164
80
139
231
280
357
228
147
160
186
252
299
138
155
111
153
158
164
234
209
139
225
158
141
169
235
255
203
115
246
303
329
174
130
272
177
124
208
317
189
183
169
204
188
242
140
167
218
156
152
221
148
292
229
149
180
105
143
251
274
318
234
150
284
203
207
179
157
268
208
153
161
295
256
196
143
195
148
140
266
209
347
161
133
166
149
381
822
92
446
633
130
217
210
201
79
133
344
145
139
160
192
285
184
134
193
212
278
189
141
187
111
153
160
195
256
219
163
166
199
152
185
281
252
258
139
162
217
237
220
157
178
129
132
328
169
394
174
91
178
237
300
159
153
174
203
161
219
184
177
261
137
210
87
136
352
181
260
156
139
164
165
205
169
261
306
196
134
242
109
178
139
199
168
155
144
162
603
381
816
90
191
206
265
229
124
229
159
156
238
385
775
262
108
176
353
144
281
309
468
279
382
445
660
651
206
593
329
757
468
365
739
395
1066
414
329
164
95
174
489
308
218
151
159
172
177
161
229
274
80
85
219
564
382
241
94
250
370
377
140
142
791
431
226
617
258
1477
579
655
303
440
377
362
504
349
1283
353
407
403
334
557
98
180
239
87
205
322
431
860
93
324
302
86
273
268
206
92
140
154
192
286
252
156
158
85
142
187
152
221
150
133
549
437
94
544
566
940
296
829
390
1448
1415
479
973
736
265
173
258
324
399
242
172
221
106
189
258
184
314
143
156
230
181
288
234
144
432
203
142
347
193
223
195
119
198
205
271
228
189
185
82
122
192
213
315
144
155
185
210
128
226
151
230
101
126
181
240
407
477
107
218
275
196
192
195
242
242
87
239
183
150
177
239
254
211
126
194
496
486
961
479
382
491
200
436
466
825
326
263
649
563
154
289
476
365
150
140
513
377
256
232
102
189
212
164
249
341
366
166
150
230
266
305
248
221
511
273
87
299
303
187
107
141
238
151
139
225
262
299
113
174
172
274
289
178
194
213
109
161
161
215
306
102
157
237
175
136
285
203
296
155
84
248
291
230
165
143
162
164
171
170
160
281
195
164
184
130
157
167
203
267
221
145
513
334
352
244
172
236
197
157
238
289
322
171
136
247
122
148
166
116
269
220
142
220
126
417
310
91
256
264
145
481
388
673
631
93
426
408
514
791
308
207
339
89
233
379
232
210
144
352
91
156
291
288
426
706
377
315
542
395
420
95
282
168
103
167
107
295
197
143
226
162
143
160
144
325
167
111
167
203
221
208
133
148
138
128
261
160
228
129
147
158
160
156
232
186
320
162
139
254
210
370
349
170
210
81
149
158
163
209
180
190
170
189
126
195
377
511
653
223
373
333
227
137
146
160
181
146
171
253
230
167
155
206
199
285
154
164
147
167
164
177
224
280
246
147
163
141
149
158
202
259
212
156
224
202
256
207
136
133
94
138
508
397
504
755
299
212
244
109
355
308
253
147
151
307
177
271
196
144
156
166
198
340
297
335
247
83
172
212
120
218
202
238
365
183
493
363
284
319
94
377
200
94
330
213
160
132
144
216
335
217
224
110
141
182
115
253
210
1001
651
1448
1088
434
360
388
154
1046
305
528
650
786
640
230
137
300
65
150
195
347
415
674
96
239
219
154
146
249
637
877
86
399
664
522
263
280
346
132
130
227
260
285
232
138
169
126
154
231
149
229
104
132
227
198
359
330
108
228
167
146
164
185
310
177
161
221
151
155
161
176
372
152
99
204
227
464
286
162
205
143
157
459
161
462
199
89
370
314
700
369
102
202
247
130
164
214
209
284
135
209
442
158
162
462
716
271
164
377
383
249
155
104
243
81
142
362
190
385
300
115
258
194
149
231
290
256
267
134
466
201
308
206
180
185
161
213
202
188
268
157
154
215
98
168
236
197
256
152
140
224
102
304
118
128
155
189
200
340
223
424
270
142
179
135
137
244
183
788
809
99
202
319
269
210
142
265
92
163
261
400
373
78
136
235
202
269
199
141
224
187
128
318
164
165
126
134
173
148
152
163
188
379
465
180
334
520
952
216
271
525
366
247
336
307
293
153
137
288
131
160
227
209
285
222
124
284
201
220
251
113
214
132
145
262
444
650
444
106
239
402
118
529
429
501
182
198
300
226
282
1022
868
686
537
361
647
689
585
390
745
435
309
113
430
341
384
1379
598
554
391
330
1819
816
1138
1689
689
1428
612
700
1175
481
856
623
324
311
935
872
549
268
245
266
287
310
129
246
215
184
338
223
295
206
160
348
165
279
210
183
228
93
181
229
194
238
238
217
231
196
147
237
262
304
171
174
221
168
273
194
122
226
167
314
222
208
287
188
193
355
208
237
353
194
840
889
770
423
674
341
198
104
218
85
228
167
158
350
239
163
512
135
251
323
256
530
169
255
241
307
427
120
161
369
128
135
285
351
414
109
151
415
254
308
138
219
483
145
198
281
185
522
207
168
357
160
166
322
394
1181
394
617
472
847
482
488
511
923
422
250
461
131
228
257
115
301
126
115
414
287
279
168
130
228
191
397
304
106
209
174
196
245
155
203
84
124
217
158
144
274
215
279
148
181
261
175
255
185
141
219
155
178
250
234
482
675
140
580
715
1099
286
796
400
507
138
184
318
577
205
126
267
221
185
219
211
184
235
118
428
265
368
172
138
203
215
159
202
203
220
336
85
173
191
107
326
421
293
138
117
177
350
266
177
274
247
177
147
186
235
236
184
202
215
172
175
222
207
260
316
173
208
175
309
500
472
385
384
653
512
358
294
228
186
251
139
197
217
162
312
221
210
211
218
368
310
114
214
234
181
302
332
334
100
285
171
196
258
318
95
222
180
174
247
209
505
219
133
202
235
173
287
232
196
155
158
187
311
413
306
176
232
121
113
223
116
272
242
220
195
203
164
207
232
456
215
162
195
400
229
210
244
185
202
162
167
160
288
280
99
186
245
175
296
201
368
238
229
238
562
473
387
127
264
253
118
731
493
904
252
699
404
628
685
389
1039
381
524
161
355
232
333
269
142
357
227
127
225
308
299
121
148
266
117
177
127
136
291
242
174
927
538
779
501
89
196
218
134
199
171
233
181
116
233
193
284
192
354
210
292
109
193
146
288
220
133
155
166
146
252
180
326
426
97
250
205
209
223
167
263
89
138
235
207
242
175
165
223
200
170
230
154
343
159
166
198
266
613
270
117
292
209
131
265
292
307
102
160
209
114
132
384
444
764
265
417
298
516
347
664
426
253
433
152
243
121
181
185
139
237
334
207
176
147
276
153
201
255
134
252
191
183
311
127
197
233
126
287
142
157
161
287
263
283
165
243
169
172
169
134
252
119
194
191
91
196
236
179
293
301
182
238
214
216
166
138
317
143
241
174
220
237
202
171
244
182
190
241
205
240
219
135
170
277
327
179
151
298
163
134
170
205
400
360
230
275
267
431
220
153
250
109
193
196
210
511
346
153
257
128
209
175
535
474
458
90
379
424
290
158
127
227
130
142
425
331
394
547
104
179
221
150
250
210
262
215
139
366
309
302
345
162
227
269
183
224
180
308
181
203
383
169
232
228
261
269
147
186
173
344
253
242
156
175
135
129
248
153
341
178
183
174
151
218
796
569
410
313
111
210
265
247
153
171
225
143
217
303
84
195
233
186
251
239
229
200
175
240
189
169
209
131
274
233
145
190
211
178
294
133
230
131
187
230
202
239
263
165
190
213
261
205
259
267
225
156
189
197
212
214
392
431
325
203
183
228
460
1200
1181
1167
333
385
636
670
345
651
249
342
252
401
228
156
219
86
149
191
243
274
177
175
210
132
217
233
213
259
211
302
256
213
178
295
145
183
165
197
210
133
307
217
147
243
125
158
380
381
486
212
167
226
100
357
304
94
189
137
249
221
282
432
216
203
1170
579
451
400
156
381
89
160
251
213
362
230
143
249
139
112
225
303
275
309
112
364
193
180
234
251
327
260
223
212
179
226
246
158
286
1001
114
271
172
322
449
270
258
325
107
584
474
658
618
604
433
328
642
159
125
235
210
216
338
212
953
341
113
208
162
195
882
397
556
1087
537
1037
328
289
220
176
256
168
234
359
188
403
653
255
928
1240
1788
1354
815
1569
1555
1060
1057
1919
920
408
172
231
181
145
253
112
320
208
170
524
912
1210
1407
691
1039
338
196
307
184
290
157
153
214
148
140
510
376
442
605
88
288
514
411
369
93
221
214
209
272
198
531
477
202
803
543
907
265
808
676
880
103
806
799
1612
1060
420
1125
715
102
245
404
541
230
102
183
254
213
210
154
290
94
222
226
362
1046
724
155
235
373
171
560
282
459
149
173
146
118
284
267
165
174
193
153
154
265
304
235
138
219
396
199
235
506
490
257
148
195
105
585
202
133
298
172
152
431
331
472
860
112
384
130
220
152
269
296
225
140
157
192
240
206
146
209
130
157
217
265
308
240
148
285
150
173
161
196
253
213
161
157
203
411
406
151
275
209
186
225
210
267
240
138
179
222
180
222
179
208
175
220
166
107
259
561
164
243
316
145
410
176
283
527
611
725
564
260
341
123
212
364
108
337
148
253
581
125
412
403
262
227
301
292
191
203
192
282
236
130
254
237
202
200
147
368
314
298
188
192
131
193
241
169
322
118
175
267
325
286
182
166
263
578
171
272
282
420
202
236
259
217
160
586
401
1348
913
323
738
531
679
325
471
511
232
162
565
328
345
80
175
180
260
325
381
144
558
425
167
682
736
976
661
779
379
511
327
276
214
230
95
136
182
203
259
214
193
270
178
204
223
389
337
264
195
212
205
195
264
240
274
162
164
181
206
259
221
160
244
199
219
214
240
325
163
228
561
427
150
284
205
296
254
162
258
207
279
173
200
330
176
141
217
245
295
235
153
741
343
314
380
104
244
141
133
280
103
206
164
171
242
202
130
344
442
302
244
182
167
231
239
218
181
183
95
206
282
221
346
216
273
524
315
308
367
459
284
207
252
214
175
265
243
214
293
153
248
408
262
321
167
213
443
116
127
262
313
255
192
199
221
226
297
121
172
365
309
119
283
239
320
214
146
296
217
239
274
212
263
256
163
332
227
368
245
174
132
115
207
361
369
347
235
267
471
333
135
416
451
256
246
166
214
243
307
228
148
294
88
232
431
397
284
285
161
298
463
313
112
219
245
204
224
372
283
337
286
110
351
226
167
311
208
345
217
169
309
236
326
240
193
359
315
160
369
465
264
259
186
330
211
203
292
203
271
169
192
364
191
370
108
161
321
263
178
343
211
235
97
135
276
125
167
236
220
267
126
188
342
364
303
293
175
287
226
256
294
207
495
274
132
334
485
437
356
146
370
238
151
285
278
312
228
151
283
214
156
188
300
339
216
175
427
326
309
290
204
207
200
194
285
245
384
243
164
487
323
149
544
340
364
276
187
188
260
210
641
209
416
340
125
336
348
356
184
149
266
235
210
179
235
258
235
196
242
216
405
255
205
246
206
166
236
199
273
212
141
273
139
146
235
268
313
290
138
262
219
362
233
177
253
239
149
250
270
179
221
179
222
248
296
235
260
311
172
175
289
140
231
281
105
193
211
213
193
603
1228
880
228
391
666
788
212
168
184
94
170
305
246
299
216
179
247
188
192
306
197
260
188
147
186
229
249
203
212
237
194
221
231
256
329
246
244
303
158
127
189
498
544
316
145
391
1401
788
703
681
399
274
118
204
253
307
198
212
340
143
155
211
229
250
242
168
246
185
263
233
232
200
217
185
272
236
286
146
104
178
173
152
173
399
211
193
131
313
169
298
169
193
199
159
157
157
230
214
113
145
228
165
220
91
165
234
194
179
160
153
225
160
183
259
208
191
230
201
267
156
162
170
205
263
167
207
189
92
152
228
276
296
208
151
257
193
206
215
176
209
163
209
258
222
248
222
201
250
180
158
237
195
258
209
149
207
204
255
187
159
161
86
209
229
93
222
221
123
157
184
192
179
218
264
227
148
190
121
185
123
177
268
223
142
195
234
247
266
137
234
149
157
276
176
300
169
148
172
123
302
108
91
638
613
155
296
676
243
216
192
235
598
482
728
1222
606
580
309
497
1040
395
529
168
367
241
131
243
321
569
380
84
227
195
201
227
197
275
163
184
196
232
262
222
145
166
199
233
317
171
405
262
235
289
186
294
244
143
153
107
159
234
210
258
217
199
286
209
219
228
599
408
256
111
217
244
159
158
212
221
188
179
213
158
211
124
162
182
84
149
273
152
236
261
224
202
194
244
82
179
220
95
188
194
348
256
195
189
185
94
155
203
233
306
182
174
185
257
284
221
138
207
166
163
255
203
257
223
158
165
192
176
259
236
266
186
150
160
224
234
157
161
254
162
153
219
188
197
112
184
164
141
249
93
179
288
726
104
400
309
968
513
154
372
360
201
253
231
234
174
156
279
132
314
150
130
218
141
176
225
200
325
157
229
222
176
215
495
233
190
163
106
189
203
233
159
136
304
219
167
318
143
326
187
162
226
166
178
240
230
276
219
180
344
351
380
137
152
271
180
184
239
227
429
159
148
185
241
131
233
185
252
243
200
209
151
274
105
165
160
177
161
227
311
211
236
160
177
260
267
282
155
222
258
149
280
249
375
144
178
227
194
161
302
384
213
181
207
283
190
257
271
153
324
196
203
168
225
277
263
155
248
233
171
219
131
308
197
162
185
169
222
211
157
371
231
234
234
252
233
209
198
166
210
223
228
177
285
277
183
201
378
305
168
220
205
135
179
215
607
397
135
129
371
145
110
219
294
370
204
173
232
181
236
129
148
254
235
210
281
257
272
201
187
259
201
261
154
146
288
83
207
186
233
267
142
144
250
228
178
210
372
292
121
157
271
192
196
97
183
449
253
95
177
369
232
233
148
250
296
187
296
287
340
126
152
172
266
237
213
167
270
196
211
231
274
428
163
257
289
365
206
216
202
242
96
149
186
191
270
233
237
266
170
170
309
95
176
212
220
158
414
369
138
189
210
241
171
212
243
252
230
203
295
113
144
309
248
346
243
217
367
322
265
183
198
263
162
159
225
256
269
159
139
346
171
173
260
385
317
259
190
238
527
331
187
192
214
149
143
227
264
288
85
125
283
217
136
227
158
244
174
158
266
155
194
159
144
274
116
146
227
192
193
125
109
243
148
111
218
234
255
123
209
156
316
232
214
186
497
197
138
201
132
244
197
203
293
262
287
197
156
253
102
162
214
235
236
153
121
224
160
105
204
152
218
163
173
188
157
215
237
182
147
207
132
152
204
295
142
218
157
106
165
151
141
237
97
210
312
203
269
149
137
230
121
189
240
220
259
156
136
171
132
151
232
188
287
163
206
167
228
245
193
172
208
202
133
177
159
234
233
125
206
118
143
297
123
204
179
115
245
207
247
175
119
206
136
123
194
245
401
159
132
342
177
319
168
361
309
196
141
270
149
252
231
175
236
153
119
204
188
234
227
178
206
316
202
164
129
214
118
125
240
206
290
91
194
188
89
155
185
158
222
104
140
248
244
248
126
242
234
86
89
150
259
210
313
186
199
214
180
269
114
213
267
312
149
122
329
945
580
357
833
521
327
257
124
159
225
277
150
148
176
218
206
137
150
241
275
187
145
175
264
140
222
246
211
242
130
250
158
228
286
160
139
217
162
183
161
202
322
166
169
165
79
202
233
99
231
82
193
191
253
234
208
138
181
184
201
329
137
358
103
149
168
114
179
275
193
256
241
157
258
136
238
101
189
224
138
152
244
224
210
237
207
255
165
207
246
195
198
127
147
218
144
224
108
159
268
174
205
161
174
261
92
151
166
204
198
95
164
169
159
226
230
276
280
249
93
209
216
148
176
187
263
182
220
171
205
254
220
152
165
195
155
183
226
273
229
185
224
193
190
190
168
201
117
227
153
90
260
214
219
229
144
191
232
196
261
212
160
290
166
156
155
200
262
214
227
213
144
209
114
218
223
109
176
263
228
275
224
215
239
192
195
263
185
243
194
158
175
204
224
98
159
187
107
178
171
222
295
146
145
253
130
203
153
173
162
122
194
216
175
253
162
128
229
83
205
148
195
246
102
175
267
161
190
102
139
207
173
118
219
178
283
239
166
244
179
202
235
102
242
225
117
251
181
249
239
151
212
135
140
258
187
303
234
144
209
206
130
156
165
197
191
157
281
211
300
230
168
131
170
140
172
196
253
209
183
206
172
146
188
139
203
87
245
208
176
269
87
111
245
112
166
211
183
296
249
122
164
208
194
216
132
234
174
187
232
137
223
174
145
210
151
135
171
204
266
215
166
203
183
301
134
130
230
194
281
352
406
423
809
154
296
177
180
230
187
271
116
185
152
147
291
202
216
212
137
145
249
243
247
167
179
304
237
183
251
165
204
188
147
254
318
259
95
193
189
124
138
248
196
296
171
233
229
192
182
157
198
269
230
157
213
137
254
101
218
158
175
180
201
241
281
162
223
179
253
247
223
246
237
129
148
230
152
220
102
148
264
200
212
155
207
256
212
207
191
126
218
222
231
242
187
165
176
227
293
238
199
240
167
141
204
208
303
157
233
171
245
280
229
198
211
113
136
152
161
239
162
228
176
176
186
191
291
265
244
221
171
206
267
243
144
152
186
178
210
94
218
195
160
223
97
193
110
205
165
185
147
227
221
290
171
213
225
125
153
207
220
241
282
159
232
238
247
229
134
225
132
215
230
234
241
236
246
286
198
181
226
227
274
144
182
201
213
261
180
182
177
134
161
167
204
205
135
231
193
181
241
285
152
262
134
145
236
199
292
215
137
211
183
140
252
213
278
156
172
228
159
146
234
198
260
214
160
271
178
278
101
155
229
110
150
242
245
255
210
239
215
198
204
114
217
219
185
225
265
153
190
102
221
172
167
188
256
203
258
152
168
209
269
276
229
145
155
182
246
194
186
270
147
148
152
113
204
213
225
289
235
268
188
334
285
96
196
202
158
218
250
285
263
191
152
258
83
156
130
280
277
267
160
201
320
279
211
196
196
168
137
220
278
251
143
148
254
164
150
236
178
212
122
204
243
101
160
160
145
156
135
219
236
280
239
238
158
304
804
405
362
238
260
508
359
391
234
271
120
161
173
178
193
217
234
259
244
196
217
321
281
272
213
277
254
115
259
113
208
171
180
294
444
159
257
212
304
366
101
241
311
216
247
152
249
198
193
153
234
260
139
178
179
130
134
209
275
215
188
148
210
236
309
151
157
245
157
190
246
219
246
216
172
213
82
148
235
154
197
93
109
223
237
246
263
225
218
161
169
163
211
275
250
131
219
218
324
231
126
139
107
126
246
235
552
218
195
331
148
169
225
203
237
130
225
284
185
232
119
218
225
165
160
161
284
263
290
171
250
147
119
529
532
870
772
708
586
1188
1236
936
245
654
329
344
687
222
300
630
963
857
655
450
668
309
345
282
183
331
280
372
369
182
461
404
217
247
230
174
233
194
233
275
235
422
290
586
414
168
677
343
274
152
114
232
181
150
241
435
312
113
139
577
1313
621
670
547
313
492
196
232
209
306
251
204
256
134
136
254
289
327
141
197
216
338
242
135
169
267
117
192
261
245
268
210
165
171
189
183
260
243
275
135
159
234
325
339
176
131
267
122
202
198
270
231
124
128
374
205
228
287
210
300
152
136
300
318
303
188
136
199
95
159
236
303
252
147
137
296
287
277
105
183
283
195
165
275
340
303
214
202
278
145
255
220
361
331
146
185
215
359
326
127
144
312
124
175
197
329
259
212
196
297
143
170
268
320
331
244
145
236
336
365
177
263
273
152
241
208
143
244
172
136
291
140
145
322
328
429
214
137
189
332
293
184
215
249
202
178
309
312
311
180
195
196
167
142
213
181
297
223
165
245
192
281
148
161
239
161
135
184
150
210
115
172
241
150
226
202
162
173
157
204
221
310
225
251
563
335
326
289
232
375
220
415
708
345
608
709
220
652
439
255
702
381
624
376
578
1068
387
682
380
431
558
370
712
962
944
864
843
398
711
642
372
697
1100
1746
1584
586
1768
2513
1514
1994
1378
449
614
576
929
715
364
256
233
233
410
258
230
251
255
361
351
115
281
1963
1848
841
378
358
249
298
348
251
390
294
405
498
1237
474
310
256
361
298
135
280
282
717
327
499
392
277
287
275
212
769
437
160
641
438
503
370
305
409
142
235
297
460
342
785
697
630
463
468
350
259
282
261
364
296
381
368
398
345
321
287
424
687
584
829
582
228
356
671
309
414
111
308
567
93
443
590
1419
576
263
562
316
506
305
269
370
301
870
462
385
131
337
263
382
352
90
214
230
118
245
397
303
522
177
425
146
483
305
101
253
234
134
957
279
321
126
145
187
236
260
176
148
174
308
132
270
149
295
238
134
158
258
142
205
588
331
322
167
228
277
318
191
204
168
196
133
262
204
215
96
160
154
195
132
261
529
471
193
96
195
264
244
204
163
203
170
222
276
527
451
369
99
201
139
213
303
508
846
238
83
256
424
383
265
246
299
190
181
218
172
283
204
169
215
566
1395
680
475
502
276
431
385
272
447
270
118
249
142
135
249
178
254
273
207
242
151
261
249
195
252
330
106
352
222
308
217
138
191
173
137
165
194
349
176
207
215
210
254
230
172
210
296
87
257
280
377
246
174
219
683
279
289
262
302
200
219
258
229
258
112
218
227
216
155
214
232
254
210
150
254
153
201
652
230
373
165
220
640
997
1081
361
255
587
377
117
155
429
476
722
266
468
378
414
500
180
623
404
126
242
204
188
118
172
297
298
130
329
143
387
184
185
266
208
455
144
159
654
453
106
187
429
1422
1041
521
1209
518
344
656
633
510
333
128
249
266
377
200
172
311
195
203
609
623
1101
580
300
633
431
658
1455
671
655
461
252
758
354
405
129
150
236
329
122
452
346
974
1209
794
1105
548
797
212
324
1077
403
255
405
412
338
163
160
207
731
116
573
141
242
211
91
222
567
720
282
106
635
166
96
274
387
368
414
188
243
205
226
191
166
672
403
94
390
666
813
351
135
181
179
196
263
321
445
191
176
836
1109
289
387
233
245
247
163
229
280
533
375
92
209
544
130
370
408
390
444
157
189
157
178
238
156
272
125
154
277
444
448
593
119
377
508
129
146
282
405
212
101
451
576
740
376
166
218
150
176
150
189
216
177
162
202
567
120
239
463
501
330
103
231
531
348
182
158
167
107
190
312
353
822
474
105
423
221
161
250
343
542
130
121
250
313
702
281
97
423
304
130
348
620
361
754
137
247
600
104
241
416
399
270
153
154
375
445
129
131
348
223
113
241
300
259
262
162
256
252
165
219
151
400
226
187
256
487
449
420
160
218
207
221
241
294
287
194
164
241
93
140
221
203
318
116
88
299
592
454
448
105
489
339
84
228
254
524
240
114
180
351
810
274
314
284
292
161
288
1179
687
507
337
471
457
172
329
324
326
176
149
166
109
298
244
157
300
146
161
144
181
335
162
156
213
171
220
238
177
205
92
86
219
263
259
162
195
176
186
155
220
218
286
165
232
165
181
185
180
354
259
185
166
222
200
249
183
193
351
259
154
212
257
289
165
194
173
263
399
171
173
497
289
163
149
151
312
88
141
461
268
88
187
241
334
229
204
246
274
248
216
152
358
269
149
380
689
565
280
105
335
127
250
258
110
301
204
224
237
159
259
203
170
184
339
85
278
258
266
232
202
465
563
123
615
476
646
329
233
403
280
652
545
596
542
1889
1127
853
299
326
292
103
210
241
211
623
650
378
862
237
645
622
509
289
149
446
732
403
495
1298
811
307
591
422
907
380
553
783
357
256
103
243
218
223
226
116
293
1013
174
653
673
820
352
165
217
425
287
256
142
152
192
179
200
253
211
233
121
498
274
111
305
517
385
609
200
490
250
315
222
152
324
172
167
268
289
203
192
114
282
204
259
620
863
496
378
167
271
338
384
228
121
441
312
92
288
256
273
196
142
312
201
132
287
413
626
339
79
426
692
558
753
146
395
650
344
368
273
311
161
133
190
190
415
369
145
942
284
150
206
308
261
173
187
370
782
97
230
273
253
272
141
171
242
925
370
337
371
404
108
190
236
353
211
142
194
650
91
294
671
687
704
534
400
250
374
603
146
218
99
145
212
150
431
282
97
189
451
100
285
424
589
308
136
194
362
714
877
158
376
343
170
194
311
514
339
173
256
313
336
179
143
359
451
170
256
228
469
520
166
1074
1104
310
508
335
806
241
125
244
665
992
644
469
1114
270
365
322
293
227
1044
121
890
346
240
291
264
205
287
166
284
330
272
213
214
334
193
153
219
164
515
324
138
155
507
91
191
192
242
305
190
474
382
335
535
182
251
214
169
228
211
709
295
159
222
428
172
283
463
264
208
168
202
531
926
308
457
335
176
143
650
767
431
770
99
685
334
323
295
170
449
286
108
300
271
245
192
134
230
147
132
234
230
359
329
230
247
506
380
721
94
333
155
117
522
288
525
960
368
827
953
256
765
624
1781
849
428
929
346
867
909
649
844
483
434
822
383
475
392
193
182
296
238
369
460
868
237
87
495
436
505
884
140
541
572
104
452
502
429
447
153
370
276
101
340
386
571
490
93
254
244
305
84
147
186
158
203
200
233
454
210
163
311
210
229
209
142
229
319
104
276
486
1549
550
870
815
377
525
401
748
582
301
228
277
175
167
774
132
419
518
306
525
873
519
312
534
306
211
559
361
339
269
318
160
167
248
249
154
148
307
193
136
380
255
220
211
131
366
237
125
199
190
585
270
145
224
176
231
228
139
256
422
146
229
312
320
260
111
164
223
161
398
295
192
234
166
325
210
275
152
146
239
192
151
301
194
199
120
294
306
112
245
247
197
178
200
124
163
201
257
211
146
186
124
156
241
196
220
188
158
214
232
242
140
163
201
232
149
179
755
389
302
267
250
120
141
237
296
240
152
144
231
177
265
112
149
152
178
197
415
400
565
315
157
288
187
170
175
137
263
232
133
233
163
208
113
189
164
105
132
195
180
242
144
135
227
194
122
267
236
220
198
167
174
275
193
175
214
220
111
179
260
201
240
185
212
177
227
219
104
137
239
89
143
206
152
216
179
142
179
156
129
245
289
201
186
196
246
208
338
167
150
180
187
205
276
243
302
208
99
501
412
180
175
217
224
112
146
199
267
150
223
243
199
170
146
234
242
312
116
202
170
162
194
243
192
262
169
188
223
158
255
167
152
236
195
165
227
188
267
176
192
217
132
225
109
233
264
204
145
259
176
353
131
191
194
216
192
211
182
235
199
142
146
178
267
243
177
214
136
210
165
196
236
220
139
251
185
201
187
145
383
143
152
241
144
310
194
128
189
224
149
367
878
818
458
771
435
708
1332
740
272
353
912
180
203
509
397
437
138
194
246
150
297
196
295
188
134
341
427
164
338
362
510
259
167
185
449
346
636
98
246
178
163
231
295
267
320
154
273
221
302
150
180
216
163
160
210
127
440
303
183
258
229
101
180
95
254
132
135
168
364
1512
872
256
730
546
80
645
180
234
127
101
180
198
190
293
268
435
952
693
580
260
694
375
116
385
398
164
152
180
500
780
547
364
437
106
244
276
575
420
195
279
430
941
304
405
377
168
149
260
142
237
140
150
225
172
182
193
209
211
104
168
225
245
257
268
139
1194
298
1144
651
764
433
521
402
525
617
432
296
154
160
204
135
217
239
577
377
142
240
151
156
221
218
315
167
155
239
200
235
300
154
254
197
153
194
194
232
228
161
196
113
197
182
149
224
161
204
222
172
293
251
139
180
119
147
210
207
309
226
169
159
186
159
191
375
393
211
170
287
272
273
132
220
210
245
142
300
341
630
749
81
305
661
96
346
414
381
153
196
236
331
318
125
156
188
176
197
273
265
293
352
108
268
578
724
810
261
596
325
120
243
335
230
228
150
253
250
241
469
349
1410
422
722
666
317
1222
616
249
422
601
91
312
257
700
418
95
546
338
420
730
113
258
170
186
346
225
479
386
129
250
368
122
739
614
733
479
124
234
158
118
208
300
362
222
264
161
177
343
136
159
176
579
218
257
240
312
143
261
229
200
267
220
188
161
145
183
152
388
295
239
134
176
204
184
227
298
253
386
158
831
556
688
596
106
556
945
1147
773
332
815
223
110
396
477
565
430
418
591
481
99
232
979
1197
294
449
578
304
272
393
445
358
162
177
177
573
102
640
613
671
359
529
946
417
307
155
157
177
239
125
300
344
375
327
119
361
234
192
292
305
559
1150
351
1467
766
703
438
247
820
487
120
327
345
199
222
113
273
302
344
129
153
678
592
98
301
283
166
188
198
219
94
174
230
899
1340
576
371
356
373
262
211
178
458
200
183
161
269
241
116
131
283
173
226
208
235
554
838
202
666
430
527
148
201
149
176
201
151
283
437
282
191
499
147
211
195
133
229
93
186
129
286
222
173
158
242
95
169
229
310
539
309
158
493
330
189
505
375
559
860
142
228
417
295
463
103
657
368
163
304
360
416
545
199
433
173
300
244
182
289
161
188
147
149
512
180
198
251
202
195
453
243
682
131
124
238
266
258
361
173
236
194
158
292
223
340
277
199
362
395
174
347
373
374
221
177
438
353
637
726
92
409
146
141
230
288
267
104
142
355
303
130
158
260
279
100
165
228
186
246
207
147
728
879
100
326
517
377
367
115
229
248
133
253
103
181
189
123
153
174
494
248
121
281
722
154
1491
1365
1548
1678
1664
1426
1450
1511
1131
576
1147
493
284
355
452
391
207
679
376
348
145
576
643
596
252
275
420
272
405
188
119
554
721
1650
600
307
331
857
112
607
273
147
257
330
380
302
123
224
314
631
405
100
641
504
175
495
808
579
355
133
284
217
119
448
234
516
700
98
457
225
701
943
317
462
802
114
463
232
248
371
110
543
228
319
203
103
1641
1601
760
2099
1606
1334
1432
1289
1090
1901
1161
786
600
403
520
493
541
913
444
405
110
556
443
114
172
333
385
321
108
240
228
167
319
912
807
401
490
442
197
591
155
140
177
135
104
292
551
478
267
158
313
184
182
166
195
224
117
141
280
188
381
140
151
708
861
97
541
309
382
584
89
697
273
266
370
100
265
197
150
233
138
237
166
138
155
224
204
543
321
404
177
121
256
112
190
174
172
217
241
155
639
463
1075
350
1014
649
401
283
350
149
239
215
149
251
114
257
139
109
275
216
144
200
258
471
132
212
167
155
210
213
169
290
157
173
189
716
358
758
114
215
236
154
263
108
319
293
228
185
276
146
1029
803
1000
1177
1682
792
971
383
575
1040
553
869
187
246
2395
1595
793
154
200
141
147
237
200
264
240
144
160
554
549
617
130
598
645
168
158
169
240
98
192
174
196
235
96
147
516
792
231
366
630
660
814
122
543
923
788
736
524
718
432
237
541
1240
1105
1079
526
1586
824
659
1401
559
1216
855
667
608
1647
928
510
771
563
1510
509
954
1048
1894
1104
1465
1382
676
172
320
430
453
208
551
871
656
128
1169
1504
1921
1140
1312
1388
1256
1054
850
236
259
215
152
608
449
979
651
1229
1227
527
690
348
584
468
234
113
285
582
843
204
157
377
208
172
250
243
637
304
116
237
397
251
283
111
189
202
157
252
296
293
315
159
214
451
509
547
133
225
233
201
244
234
312
109
166
220
174
131
276
159
697
479
84
285
386
126
219
343
457
515
139
888
835
811
271
93
256
348
152
242
182
437
448
377
412
1056
171
461
479
433
612
91
226
291
323
280
125
154
253
144
149
256
470
218
133
217
188
287
221
87
194
123
132
588
321
1132
273
379
366
1092
533
655
725
227
497
640
373
918
639
216
290
336
239
156
234
229
445
1216
450
1279
509
1104
631
358
747
256
250
327
250
220
180
166
542
430
198
585
1170
544
464
387
235
123
91
197
278
283
163
131
485
452
799
226
164
537
240
124
274
275
326
231
115
196
149
106
272
354
713
651
159
224
1397
505
230
97
257
229
148
177
215
434
466
88
354
476
1073
716
240
415
244
177
217
288
261
113
160
196
128
158
284
298
270
80
123
238
229
420
749
140
574
286
99
327
464
790
262
602
469
418
130
217
222
346
329
177
748
596
827
402
238
390
371
173
282
149
207
98
138
294
170
150
294
496
1356
360
1389
543
1255
729
739
357
1447
971
453
219
536
411
642
159
141
361
106
738
457
1313
309
549
692
564
456
948
108
258
248
99
177
251
377
179
99
181
251
286
126
107
202
86
156
167
153
401
522
150
238
205
194
169
166
280
168
172
230
115
239
83
145
262
342
91
174
536
677
212
144
300
150
138
286
326
274
218
161
156
171
240
294
176
251
195
152
219
272
1153
337
105
275
357
92
197
250
384
311
142
350
118
230
410
136
866
672
413
428
474
385
157
145
185
232
103
212
318
253
214
138
219
505
461
366
410
344
290
90
174
185
347
160
116
201
198
238
187
154
420
233
135
440
100
213
426
154
214
487
93
209
233
335
474
87
185
413
351
182
156
152
302
91
202
282
324
185
97
1024
426
737
583
929
450
899
221
571
727
701
308
125
248
171
168
176
215
247
229
125
418
197
117
1109
360
803
248
245
322
534
901
351
108
200
227
116
186
268
431
235
154
248
737
371
587
165
161
179
142
278
430
382
242
161
152
173
150
222
193
448
390
158
251
232
251
159
154
166
180
156
200
402
356
183
132
214
163
245
269
424
479
203
243
218
327
269
204
182
177
188
138
293
205
205
217
118
273
252
140
152
761
672
306
846
415
616
428
844
1085
525
809
922
413
659
223
298
213
334
257
202
233
295
270
229
188
227
349
1552
553
1361
1107
613
462
692
564
377
852
268
324
1330
742
512
358
563
875
107
248
321
332
143
106
249
461
95
1306
757
730
777
449
1790
997
1216
1270
2046
2642
2390
1551
818
282
450
404
273
277
332
832
482
286
346
318
186
495
237
1125
813
419
299
104
101
444
528
814
255
108
206
237
106
248
331
501
577
126
379
584
1294
720
241
541
745
90
194
187
274
376
114
238
85
161
150
227
488
210
152
205
537
1150
701
458
1317
522
244
723
450
523
267
94
264
193
258
159
170
247
109
148
367
194
265
245
158
435
259
145
160
243
253
201
198
224
172
188
179
190
261
220
114
1005
326
618
540
561
342
252
77
190
291
285
371
152
189
272
231
165
143
239
282
149
186
185
200
212
150
168
183
167
182
191
211
165
148
578
534
550
363
110
197
169
135
186
140
249
179
118
214
131
121
202
148
217
155
110
203
133
258
217
151
165
167
149
177
209
510
493
92
190
247
288
269
151
182
179
164
271
369
779
303
119
724
585
296
400
293
201
190
167
213
273
326
213
89
167
162
138
217
619
689
297
165
250
653
113
264
227
432
284
140
137
212
352
271
140
217
101
128
500
482
1212
575
311
737
546
104
186
313
579
476
126
308
243
241
203
315
758
367
756
724
1157
528
528
944
535
603
949
1110
709
444
328
178
258
436
253
262
131
143
160
174
234
103
164
229
146
305
289
277
174
219
304
146
140
310
152
162
102
151
226
104
146
274
234
370
1102
341
455
480
393
653
102
198
160
110
190
284
259
209
122
178
315
113
293
281
253
449
107
251
230
281
464
91
211
122
190
195
272
244
125
182
222
183
159
219
207
201
209
155
197
480
244
173
133
168
311
94
327
224
520
494
121
336
412
365
423
182
521
454
163
271
279
450
308
208
962
523
504
370
226
235
91
195
327
395
356
466
218
237
302
154
230
289
202
298
147
215
317
151
706
775
860
567
728
880
266
783
377
196
305
212
204
228
192
204
177
141
277
178
182
404
296
484
458
144
175
201
405
305
141
207
69
158
147
732
632
423
291
410
381
125
145
265
317
98
168
228
199
428
275
90
171
312
87
227
321
505
707
92
480
394
1278
986
360
1451
752
482
1306
505
551
320
239
387
275
96
183
514
459
743
263
545
479
919
458
442
694
807
403
466
254
339
616
181
324
391
86
170
343
706
968
623
573
733
636
342
369
729
526
129
316
412
355
195
126
583
224
98
226
478
568
470
88
1045
802
698
295
559
493
1183
695
315
809
343
559
96
610
836
112
552
330
420
279
92
760
471
347
535
102
389
355
129
439
391
1030
260
741
305
1200
1321
321
257
733
359
134
273
402
347
608
274
556
262
145
154
636
872
541
478
397
755
1178
398
303
716
722
172
687
531
359
238
99
681
213
101
199
300
178
121
143
226
168
260
237
132
215
115
151
181
200
284
82
144
523
377
92
269
711
1719
722
747
560
252
342
364
106
266
223
146
225
193
368
296
183
472
524
129
361
274
391
204
184
230
181
328
227
158
441
522
178
676
352
848
623
371
619
379
327
233
106
206
213
148
225
638
396
218
142
192
126
141
228
504
648
800
116
174
466
398
782
187
305
222
167
223
217
209
204
145
256
133
119
200
1110
971
262
224
564
376
607
288
153
168
162
140
227
204
934
661
434
305
274
122
256
351
328
177
147
208
282
225
148
159
236
94
152
224
154
291
103
139
223
190
227
697
92
277
232
184
218
183
301
83
192
284
140
142
188
257
232
220
101
183
162
435
161
159
229
304
136
201
127
213
162
129
244
101
126
186
530
491
220
101
220
243
208
237
114
199
226
132
221
168
326
258
136
285
388
157
165
457
266
200
129
209
213
197
197
137
185
386
181
671
360
327
467
337
908
281
90
449
331
324
174
155
145
178
248
166
129
159
374
112
377
428
450
271
120
259
212
167
204
153
185
192
102
225
302
482
318
152
248
97
173
243
231
296
236
145
449
353
398
582
442
324
329
113
162
292
214
227
158
348
122
147
275
190
148
190
131
230
262
198
243
175
161
188
153
161
202
313
244
148
293
214
150
170
133
317
126
190
180
211
244
286
149
255
110
127
153
142
269
236
148
165
191
142
227
164
206
158
84
216
349
337
261
482
228
126
211
722
483
163
166
219
202
175
328
248
274
294
115
123
236
192
217
276
147
132
119
158
121
204
141
158
151
171
264
293
245
140
183
205
143
235
197
260
220
160
180
219
154
618
545
845
844
221
339
145
258
225
135
150
157
174
168
218
242
111
148
225
165
136
160
106
178
425
189
526
643
428
329
108
234
159
140
194
237
542
240
174
187
411
278
665
350
660
490
176
483
737
607
312
597
356
322
129
1084
508
965
308
152
247
430
437
295
106
177
218
141
164
185
460
298
100
605
133
197
227
269
548
379
105
654
366
986
295
531
556
787
238
500
237
352
403
167
358
553
117
580
262
1172
244
653
596
237
382
289
341
906
411
98
298
198
318
245
154
676
736
140
473
970
560
278
340
210
96
473
755
422
428
657
542
336
533
690
961
247
831
426
149
918
604
1257
555
402
533
577
470
572
243
338
225
105
214
227
350
125
164
1556
1112
943
867
322
892
257
232
296
181
490
168
169
173
193
100
177
250
216
208
149
257
119
182
125
159
175
194
161
315
203
772
1060
762
481
689
98
176
362
233
188
142
930
470
779
293
649
299
952
85
289
311
463
210
154
143
164
370
692
101
481
830
586
346
802
503
527
108
232
214
139
208
275
246
148
150
169
200
254
214
181
168
589
170
188
290
296
547
220
240
266
159
235
165
339
624
134
697
796
421
304
246
696
588
95
234
359
196
352
106
302
241
199
218
311
270
197
210
287
359
301
272
113
188
105
271
295
317
338
107
143
161
144
125
1008
572
1434
1322
540
643
895
364
589
151
230
103
179
242
180
188
147
254
1128
1226
224
1395
1442
1304
918
698
470
1396
858
603
109
331
141
112
194
168
230
227
188
230
298
299
325
160
1020
839
136
667
1386
1070
545
154
299
191
138
304
174
233
97
158
232
292
312
368
177
1014
974
187
254
159
1072
877
118
1103
1404
401
1235
1448
1280
1377
1108
1078
1238
965
792
117
1145
1206
209
1038
721
835
700
340
405
437
96
488
831
1539
793
227
768
260
247
311
1209
773
254
606
327
625
377
83
589
319
478
120
621
305
642
242
291
330
266
507
294
145
155
480
365
905
269
468
396
162
214
195
264
252
159
1328
1016
102
594
630
418
576
110
178
250
174
397
909
1632
411
210
567
514
574
436
234
279
422
109
252
194
275
208
155
224
330
181
561
546
381
480
155
603
405
605
258
234
534
429
131
274
468
382
464
348
451
224
272
548
320
570
673
172
414
619
424
278
265
347
161
205
173
128
252
203
143
175
149
1121
738
411
372
202
158
248
445
376
438
99
671
810
309
324
574
314
696
131
263
733
272
266
170
325
740
148
1023
567
1112
676
586
267
212
196
242
335
263
222
189
234
364
459
403
166
554
533
107
189
204
193
164
177
160
165
142
514
380
237
363
158
265
216
255
228
167
158
224
165
213
167
338
299
161
154
111
145
208
175
262
139
152
211
389
273
222
108
243
219
156
178
243
253
293
145
430
505
359
646
105
759
558
107
249
548
370
661
176
766
489
709
389
693
647
444
430
253
295
427
386
89
430
354
160
186
208
288
276
231
181
191
153
228
240
292
215
173
263
159
393
295
154
632
445
158
655
761
342
222
147
337
241
196
191
214
473
442
154
242
186
327
468
171
272
319
210
231
219
352
286
160
448
395
100
393
582
838
665
234
1118
727
1282
460
282
351
229
110
373
226
262
213
162
220
173
279
266
141
208
94
208
248
106
249
209
151
161
144
158
235
504
259
525
148
940
538
370
432
128
289
392
203
250
91
479
381
103
179
417
113
456
305
666
469
107
556
519
1319
723
252
625
571
115
502
362
352
313
122
185
213
161
181
262
234
409
95
242
442
587
599
404
663
496
248
378
843
386
651
102
254
648
91
242
792
961
547
243
758
273
410
344
130
163
495
118
620
765
535
300
115
399
513
793
535
96
331
326
150
150
230
231
203
113
467
513
145
276
173
224
154
96
237
483
319
369
119
209
283
161
148
178
244
203
193
195
761
100
668
883
1313
365
444
517
299
303
234
266
688
175
156
702
545
705
428
558
386
169
181
224
140
237
239
153
197
223
279
255
152
223
164
141
471
640
333
310
158
231
129
155
211
176
237
332
122
237
305
288
259
168
169
167
173
269
169
268
286
158
179
399
184
93
191
186
233
157
237
226
278
180
197
224
116
134
165
245
471
667
187
282
446
268
185
179
320
174
195
363
254
532
993
199
443
660
804
428
515
292
228
124
181
205
328
214
147
499
357
117
242
221
393
285
152
235
518
210
437
349
519
555
116
476
528
353
481
119
247
384
89
448
194
735
698
106
239
264
213
207
178
171
204
150
428
441
858
673
263
307
259
137
429
519
469
668
93
178
289
276
199
143
221
185
168
229
283
472
466
141
149
440
112
559
501
674
356
238
297
379
299
167
177
180
137
154
256
463
380
696
533
301
441
86
274
532
639
371
195
448
454
340
314
105
282
259
148
383
236
416
158
160
204
402
156
247
599
886
817
289
505
335
209
571
97
644
427
182
225
610
624
307
165
234
397
243
189
159
263
133
149
280
276
300
140
114
190
414
114
217
201
263
204
132
197
308
386
397
172
163
118
126
222
165
265
338
224
298
189
110
675
314
345
498
101
281
482
478
269
131
804
408
146
501
273
656
175
183
457
200
127
227
338
260
183
120
185
211
259
171
155
259
137
109
250
223
225
280
91
423
519
830
263
236
348
292
172
160
441
532
614
327
375
323
150
218
444
358
421
296
465
278
584
361
238
352
316
140
185
279
700
444
157
426
306
146
541
431
1008
586
126
307
315
561
683
96
204
173
150
237
170
233
282
208
590
249
152
675
506
372
525
105
391
253
314
270
176
268
135
143
166
223
239
203
193
182
156
109
225
223
236
357
132
169
206
268
324
147
280
375
158
192
143
383
365
207
377
569
607
1077
665
389
507
166
259
380
636
588
140
591
564
233
935
300
393
499
100
313
504
360
651
199
678
590
205
350
413
286
636
171
524
188
160
153
169
258
284
137
204
382
473
531
150
662
613
100
322
487
626
504
116
607
420
102
648
604
321
467
633
365
251
482
329
153
219
304
145
156
286
334
505
154
219
144
162
164
166
214
255
218
178
462
411
133
551
449
299
203
468
407
350
88
178
154
378
290
177
142
210
216
181
201
202
234
217
214
180
394
150
301
259
349
275
114
177
221
218
270
96
245
200
205
231
110
294
143
164
238
327
153
351
290
369
162
190
401
439
470
1096
229
608
1414
595
494
739
680
1017
782
642
1024
572
348
558
391
245
164
450
550
444
469
102
176
220
147
171
105
255
166
148
172
522
104
339
782
674
873
420
496
270
201
149
177
219
136
163
232
172
340
474
107
749
456
523
400
240
677
276
182
262
210
342
299
143
147
187
155
189
416
360
196
94
186
360
692
1085
288
426
123
129
287
316
461
422
140
572
507
132
