456
330
462
481
494
486
456
499
438
496
441
512
491
510
457
473
444
483
460
498
461
474
518
494
480
463
446
508
482
447
446
503
442
502
471
448
442
475
445
477
471
438
500
287
488
529
510
546
498
461
442
450
480
455
491
432
437
527
548
500
547
446
530
439
478
470
502
531
474
512
547
488
502
524
494
503
471
493
478
458
377
451
397
466
499
474
424
447
447
539
473
522
467
466
501
462
487
525
480
512
464
495
514
452
488
486
500
460
443
504
487
474
453
422
428
481
436
462
480
516
459
428
474
547
470
542
453
504
512
427
482
490
520
480
506
468
429
493
480
478
519
484
478
442
410
455
452
476
425
441
513
427
485
476
444
441
433
424
480
424
442
461
433
463
493
513
549
533
505
487
521
455
483
514
507
488
514
532
541
480
563
530
499
489
508
429
463
528
468
462
424
501
431
481
480
437
503
479
466
483
468
489
454
480
446
422
437
436
451
481
466
465
506
416
455
444
421
429
399
536
466
462
462
517
493
454
421
481
448
472
477
459
517
506
473
440
436
446
464
508
506
458
415
537
457
433
485
541
458
371
457
461
469
479
448
804
865
814
849
871
816
796
863
461
549
513
501
466
478
474
539
481
453
470
504
474
557
553
487
504
509
449
470
467
525
538
484
478
503
416
463
481
449
471
498
461
419
457
405
427
473
456
436
409
476
470
461
434
503
511
493
487
442
499
563
521
504
517
433
498
477
464
506
550
490
552
447
469
422
465
449
481
434
454
509
477
531
494
471
507
417
474
450
463
466
434
484
448
489
514
494
464
472
496
428
441
457
467
464
476
390
460
529
443
507
501
470
480
481
457
422
412
412
415
469
472
433
461
508
457
433
455
492
481
483
475
512
486
474
506
465
450
462
502
461
497
492
538
432
497
483
490
461
441
501
421
475
478
550
443
296
460
466
440
456
419
415
461
451
396
481
496
511
523
535
424
443
483
469
455
458
494
450
503
436
439
560
482
460
524
525
548
468
461
463
551
407
482
428
484
478
451
432
457
394
460
464
406
477
409
448
431
422
465
478
509
436
485
476
483
458
524
556
434
475
477
459
486
468
517
526
439
444
466
492
451
484
446
488
440
490
472
444
493
461
459
408
460
468
420
448
448
291
411
517
470
530
446
468
453
521
520
515
528
501
495
518
431
425
493
449
443
462
453
482
481
477
509
433
555
501
436
460
445
499
506
525
477
451
500
411
536
419
451
534
422
477
533
523
436
492
505
472
478
441
463
494
562
547
393
470
443
466
413
485
341
412
449
445
398
477
445
443
505
457
436
454
489
453
552
470
493
492
505
454
445
468
476
451
566
479
532
485
551
424
486
500
469
494
481
559
430
480
460
504
525
469
498
411
417
423
446
396
500
451
449
480
484
439
446
441
462
467
477
455
498
458
503
477
484
509
487
490
440
429
445
413
530
500
480
509
490
479
521
477
444
484
488
467
481
455
479
467
484
512
517
525
342
476
481
476
433
513
424
445
443
457
423
392
476
436
447
517
484
436
475
516
475
438
455
517
480
454
497
562
462
498
439
518
548
496
514
471
464
422
457
496
443
490
449
407
535
491
553
447
491
460
452
428
448
458
474
491
431
511
456
559
552
502
535
537
492
495
424
398
530
440
500
416
463
483
421
466
523
535
462
392
407
498
504
513
538
549
447
512
428
483
465
432
468
449
422
458
418
541
496
1017
696
700
718
711
698
649
720
437
409
508
465
502
451
494
438
495
469
433
488
468
516
434
475
507
580
479
445
553
477
496
469
483
495
448
464
436
448
474
408
485
494
499
493
475
492
440
485
431
462
454
451
407
441
441
453
481
448
471
508
489
506
485
509
438
470
502
535
476
422
533
403
433
444
410
450
446
494
468
451
463
469
478
484
498
478
517
487
501
478
455
509
504
429
467
497
468
502
449
430
457
487
476
520
529
457
490
490
471
534
447
435
484
403
433
491
445
456
472
482
493
590
537
478
509
448
486
447
444
486
515
483
426
535
476
461
461
480
464
475
421
433
399
428
390
424
458
418
461
420
518
445
492
491
458
495
429
479
431
466
454
443
503
557
476
453
456
456
509
501
448
413
466
450
503
450
511
454
437
417
437
457
497
465
469
512
465
452
548
444
458
423
481
512
497
540
504
477
452
446
464
475
442
476
535
448
536
471
475
490
492
430
435
412
443
525
528
530
458
555
437
479
474
438
471
443
500
440
552
496
447
470
437
452
476
460
472
435
439
542
453
482
450
459
443
432
479
459
489
472
428
489
479
479
454
459
441
504
494
475
459
517
383
454
499
560
450
569
553
471
468
529
501
488
455
504
411
456
439
507
484
467
533
474
475
443
473
492
451
464
472
506
399
448
479
503
486
418
459
434
454
494
461
443
433
475
490
473
471
539
455
415
465
444
441
454
468
485
414
414
421
436
409
470
484
377
461
395
419
444
439
445
479
436
491
464
510
474
447
506
517
486
416
495
464
474
502
415
443
485
503
463
508
533
417
479
519
489
474
440
481
441
434
463
481
501
441
417
526
454
439
507
545
477
470
455
434
453
388
454
466
483
534
530
474
490
500
508
525
441
470
504
454
484
447
459
468
453
451
480
493
475
483
476
447
499
458
452
509
434
463
496
510
522
461
467
459
483
500
489
522
481
544
514
477
480
449
447
506
450
450
484
518
456
471
472
480
493
523
516
442
474
493
464
453
480
465
445
448
409
473
545
463
475
488
456
510
464
524
513
469
435
474
463
273
429
453
445
460
461
472
433
451
474
445
207
391
373
460
423
458
513
503
477
542
528
232
433
154
448
464
510
488
531
500
449
527
535
466
570
969
980
671
715
700
763
675
731
739
430
545
490
448
401
429
529
503
424
491
481
472
483
452
456
416
483
459
446
428
475
437
519
401
438
476
446
472
468
451
496
445
457
471
484
445
377
456
395
487
498
522
471
543
514
544
512
487
536
429
460
453
487
471
455
441
396
436
498
407
411
454
519
458
462
420
439
473
508
541
414
392
427
460
408
402
447
419
471
473
490
428
435
453
461
471
497
448
481
427
546
496
522
455
491
529
475
437
453
404
460
477
432
425
424
476
535
420
448
487
520
433
418
454
465
489
477
417
489
432
416
500
428
482
491
467
453
494
443
432
447
459
548
474
483
425
484
488
436
464
515
446
478
490
508
492
476
529
389
411
451
422
405
447
435
496
507
441
436
435
445
456
437
475
459
417
482
469
488
442
457
497
459
493
457
496
528
570
538
511
483
544
508
461
567
476
498
522
498
499
477
427
413
477
405
520
426
485
464
502
499
495
437
424
519
495
476
468
468
468
443
461
467
470
467
505
476
527
452
439
464
391
418
409
483
452
503
501
485
511
498
556
450
601
470
480
500
559
448
461
423
452
498
464
505
462
445
473
442
514
403
527
520
470
487
443
488
409
422
445
408
441
454
466
482
429
438
438
524
557
516
451
477
506
454
454
492
475
479
416
435
448
457
439
506
450
517
431
481
444
449
439
488
489
418
477
515
494
536
451
480
444
500
439
430
452
468
546
406
484
418
377
412
454
476
430
428
447
355
366
439
441
398
407
373
391
358
420
485
472
451
453
477
473
465
462
467
468
521
478
476
501
486
465
451
445
417
464
423
511
470
449
465
463
545
460
519
423
415
461
513
521
501
491
482
472
557
501
476
514
510
446
448
506
440
461
487
466
483
475
515
406
429
427
454
417
503
435
426
392
446
471
513
467
507
442
484
496
530
420
475
477
516
442
548
466
478
494
511
481
519
476
461
501
455
535
439
440
463
471
500
455
498
522
511
482
470
460
522
420
482
438
468
484
520
464
493
417
455
412
466
450
499
492
499
446
397
474
468
380
442
427
460
420
446
463
493
452
472
483
526
479
521
487
538
555
457
472
480
498
505
513
530
475
481
435
469
431
438
471
501
449
468
493
441
515
466
421
425
432
457
945
923
1028
667
600
597
628
697
626
634
480
445
468
503
447
499
513
513
562
478
466
501
509
465
427
413
454
444
428
407
391
481
449
488
416
460
462
409
461
469
405
419
446
457
529
472
495
473
487
436
508
465
455
487
495
463
524
443
487
460
457
445
536
522
500
503
449
489
479
468
449
443
452
512
435
445
534
414
403
410
458
498
422
435
445
454
523
447
433
445
499
487
387
459
426
444
434
449
481
475
490
495
422
459
494
434
463
429
466
480
445
491
477
504
505
511
483
495
440
500
509
472
426
481
487
491
464
458
482
476
458
474
430
511
514
449
446
451
437
465
484
543
459
504
415
469
456
435
424
412
392
415
425
475
455
461
502
419
445
456
520
508
496
481
408
427
490
453
469
474
480
464
452
538
523
453
420
477
385
435
468
467
546
557
481
428
392
486
427
456
451
452
465
526
440
484
470
522
517
473
507
437
544
444
468
482
497
429
497
503
511
515
527
469
483
493
470
431
459
519
467
435
473
483
499
512
466
456
542
490
435
536
478
430
474
487
506
465
508
439
492
530
503
433
493
508
493
423
468
499
442
420
407
532
499
554
450
444
478
482
498
502
452
465
516
506
477
467
405
418
428
440
452
493
434
463
490
524
456
430
510
474
483
495
452
443
481
431
416
499
382
414
437
516
407
473
444
432
416
556
481
468
524
447
511
500
451
425
495
530
496
451
476
458
527
463
479
486
501
437
562
528
494
464
432
488
547
435
429
522
462
487
473
496
495
565
550
532
517
601
541
491
392
423
451
483
514
474
504
487
428
498
439
515
451
443
432
465
493
465
484
498
510
450
440
487
473
519
502
499
448
436
448
478
413
487
442
436
457
488
451
469
493
449
409
441
435
468
451
483
472
393
438
398
436
479
511
546
481
434
418
482
433
445
456
404
467
446
420
445
418
422
463
396
419
466
444
414
395
434
410
455
423
513
472
426
446
435
568
508
457
530
430
476
465
459
545
533
522
512
505
460
479
462
462
482
494
502
549
487
495
533
511
520
536
543
484
448
465
428
529
482
476
536
482
456
437
519
501
405
416
426
438
468
473
511
456
440
479
450
416
560
486
453
493
504
545
506
530
495
533
510
557
504
498
543
501
440
496
418
967
977
950
1018
706
642
663
683
678
704
745
445
427
434
435
422
464
434
481
513
494
480
476
482
530
507
464
494
459
487
526
490
532
455
465
474
480
571
491
413
423
420
443
400
460
454
408
414
436
513
518
527
537
427
491
482
482
472
469
449
490
450
423
473
456
509
469
455
432
464
460
471
483
435
508
406
475
424
436
472
495
442
509
503
500
488
481
562
467
512
479
520
483
544
484
473
347
432
471
531
448
500
485
481
427
459
455
440
465
520
504
538
502
524
479
521
446
474
468
403
408
409
434
491
428
498
561
462
448
452
496
460
448
525
437
514
508
459
474
513
467
551
531
495
546
432
411
396
459
460
443
488
472
509
456
508
519
484
500
432
466
452
487
436
468
461
499
512
479
449
464
474
431
432
487
451
514
480
479
440
444
440
503
521
525
482
497
425
404
465
455
431
501
483
534
492
548
469
511
480
469
467
519
456
492
515
527
429
444
485
408
467
458
539
531
453
476
447
467
505
520
531
541
528
541
555
424
497
432
443
434
399
432
527
480
443
539
478
560
572
495
505
521
535
452
462
454
481
454
456
489
474
453
420
465
481
458
478
434
475
530
476
465
451
483
518
479
540
468
540
494
503
401
497
451
465
477
492
502
416
446
484
429
405
498
444
443
479
437
457
487
524
441
455
430
463
538
489
484
510
400
461
465
433
469
433
406
486
476
476
486
441
457
477
511
463
450
487
477
459
442
500
493
483
433
500
482
461
444
493
482
474
488
462
478
442
476
460
475
489
436
493
440
474
491
498
516
438
457
476
423
475
443
458
452
476
461
416
477
477
486
431
490
506
436
513
451
524
531
458
489
425
387
447
458
503
451
486
457
479
441
483
461
492
511
436
459
529
490
476
459
472
449
421
421
409
540
476
488
420
458
466
502
462
472
510
500
531
500
502
517
476
440
502
458
517
462
467
464
451
468
387
427
463
441
433
407
374
448
534
472
484
430
502
430
455
508
441
470
433
448
474
474
446
434
524
497
472
460
440
437
469
464
475
486
498
440
498
469
441
506
544
515
368
402
468
441
453
469
430
430
412
401
461
441
500
489
493
476
451
493
438
468
416
508
464
486
529
483
483
477
428
439
450
463
472
490
439
423
405
947
958
966
965
941
656
622
654
658
660
682
672
425
456
433
498
480
467
523
496
513
468
543
479
485
503
435
530
416
510
472
501
450
446
530
449
550
572
426
455
410
553
516
475
432
553
506
452
442
495
426
405
456
436
441
493
426
413
400
427
428
438
416
427
441
474
424
471
485
473
512
469
489
543
522
505
461
394
436
462
446
512
508
445
416
473
436
485
553
430
444
478
515
462
442
470
507
386
435
421
477
481
535
516
452
468
432
484
543
506
473
508
462
458
463
467
427
490
466
497
487
413
446
424
519
499
516
534
454
486
498
486
452
497
427
460
463
490
482
525
424
513
470
462
448
501
462
474
535
439
445
505
502
443
461
477
436
437
499
490
496
449
414
452
454
448
429
457
430
468
413
498
448
426
491
452
492
448
497
483
483
510
501
494
481
476
485
543
530
475
498
541
504
515
483
471
483
509
467
531
456
480
531
444
496
480
471
527
507
492
452
442
528
429
460
441
490
425
415
397
481
505
482
498
444
499
476
488
462
432
488
471
426
446
481
469
488
437
501
511
441
528
466
417
431
511
450
468
497
541
580
512
509
435
446
459
474
471
433
463
455
454
466
477
431
433
415
442
446
483
447
422
446
463
445
451
499
429
459
455
458
453
432
411
473
480
452
471
456
430
465
494
449
473
483
520
458
437
533
473
522
477
441
436
459
444
440
526
494
493
448
484
441
481
439
418
489
527
465
473
533
469
447
515
458
505
503
527
531
472
457
519
440
493
474
453
519
503
484
481
468
490
498
422
483
458
421
452
477
452
436
500
465
453
491
461
460
576
440
417
442
454
488
394
450
452
484
518
490
442
480
517
550
432
527
434
489
507
442
468
529
466
473
480
479
496
408
452
442
436
479
433
452
455
485
434
473
506
462
511
436
467
501
449
567
529
484
450
481
465
449
489
416
509
446
444
469
426
404
449
442
499
483
467
478
417
484
495
505
474
460
442
510
424
553
459
425
486
477
491
466
547
448
460
536
427
428
495
503
485
454
414
453
480
460
414
452
456
505
492
495
468
501
520
564
514
477
431
414
509
487
407
458
424
466
461
504
412
490
437
500
490
474
458
472
429
414
395
470
518
426
481
433
466
461
507
477
438
428
400
862
894
875
953
907
927
615
570
552
657
614
581
607
472
441
493
469
435
489
546
462
432
447
482
521
462
499
392
373
494
396
456
437
492
519
427
473
523
530
455
466
428
508
521
498
415
475
471
497
460
480
408
526
489
478
506
396
514
471
430
484
508
541
478
447
436
453
446
433
496
414
466
482
447
433
495
424
468
419
534
486
445
500
473
480
427
474
502
479
458
447
472
486
495
432
441
461
466
405
455
382
468
476
566
483
468
423
419
455
494
416
409
425
488
446
482
470
442
426
544
475
490
501
513
525
533
538
486
430
429
584
525
495
534
483
471
506
490
476
459
441
434
447
454
462
418
515
477
499
519
534
485
520
555
400
439
399
429
474
432
416
500
503
580
499
478
466
482
500
459
515
478
502
506
453
507
469
497
460
494
527
484
516
422
407
390
521
501
481
486
511
557
487
478
560
556
545
486
468
503
481
530
505
550
471
537
487
452
497
452
441
419
417
422
453
447
475
469
466
515
455
475
472
465
504
476
462
472
508
488
536
522
418
506
441
535
477
436
479
439
455
451
507
503
521
535
395
485
458
481
459
410
444
440
470
498
506
448
494
460
443
421
446
434
485
470
533
520
452
542
475
497
498
512
430
461
493
459
488
434
450
512
526
499
479
481
465
458
482
417
457
476
514
475
445
515
466
509
552
440
464
489
455
437
472
425
474
502
433
551
467
447
474
494
534
577
441
388
470
426
425
457
435
437
414
422
433
450
454
481
480
482
520
468
507
470
528
503
451
526
452
451
461
468
492
406
436
422
434
371
470
427
380
455
429
483
432
459
457
449
459
518
439
425
470
472
507
494
419
445
435
433
462
448
438
482
414
473
515
426
477
483
492
497
505
512
521
420
488
414
489
459
539
463
466
455
483
468
513
435
464
530
488
460
487
449
483
524
487
495
467
477
427
483
467
510
569
540
511
495
497
549
529
461
495
494
459
528
470
472
443
467
456
406
420
468
483
426
425
506
448
518
433
487
451
444
527
448
519
494
490
496
444
481
504
522
498
472
529
460
478
424
500
434
443
453
415
462
483
473
454
441
440
473
519
514
462
512
451
388
450
517
498
560
479
446
498
476
535
529
521
515
503
464
502
476
435
453
435
472
803
821
816
829
851
823
854
543
571
517
553
510
527
561
396
525
471
475
450
439
426
414
462
475
509
477
500
454
487
498
456
491
484
487
446
504
483
475
487
543
447
437
515
435
484
493
473
523
451
497
421
462
443
432
496
471
460
442
426
422
483
491
452
506
482
451
504
489
452
489
455
481
521
495
548
560
503
476
544
472
422
523
398
514
475
501
468
441
424
558
434
492
412
497
487
488
506
430
433
434
455
463
447
489
480
474
559
502
533
481
513
461
417
476
502
447
510
431
461
486
460
472
476
487
426
456
420
420
435
451
440
453
491
411
472
456
486
473
518
492
497
425
484
456
443
453
417
475
440
448
392
450
453
407
452
496
485
461
479
443
433
475
457
494
405
500
440
452
453
467
432
459
394
451
430
410
429
486
443
436
423
501
483
488
532
465
421
505
431
512
445
453
493
506
492
474
459
520
486
433
463
423
465
495
454
480
529
497
469
523
495
552
477
463
460
447
462
436
496
408
409
435
431
441
538
471
463
517
462
497
421
544
489
482
470
472
514
498
536
523
461
449
432
414
508
514
456
462
474
469
539
488
446
465
458
483
501
506
466
442
464
459
457
500
423
472
456
439
415
422
445
436
526
471
457
527
448
485
493
490
478
516
450
485
437
436
461
478
421
514
507
454
408
530
473
435
472
451
508
429
465
521
544
502
442
471
498
487
453
503
517
453
434
455
527
462
472
509
450
450
472
451
459
488
455
414
409
426
413
509
435
441
417
521
465
473
471
488
499
437
501
481
518
522
474
488
473
412
431
483
518
472
513
455
422
489
454
443
478
464
414
454
523
434
493
478
468
553
583
444
496
443
474
539
487
476
479
429
456
438
426
440
490
420
466
448
505
495
496
568
407
499
452
463
591
535
431
458
448
560
573
497
461
419
449
507
431
418
346
430
383
444
430
413
426
437
377
419
420
513
527
466
457
463
442
451
465
481
501
529
477
401
420
491
439
446
437
472
444
454
390
476
439
472
510
446
500
493
420
452
518
468
441
451
465
479
424
496
510
422
545
483
433
470
505
532
523
422
437
382
457
438
442
429
466
427
491
429
462
439
435
497
396
455
495
466
427
452
416
377
485
429
437
436
373
491
475
469
514
496
892
585
584
629
656
580
543
584
369
547
431
411
509
544
423
436
425
466
434
493
460
452
427
421
436
453
496
419
357
470
450
389
452
476
427
464
487
446
458
446
458
442
469
445
476
409
421
433
458
455
462
487
513
485
450
432
471
471
506
446
409
455
520
448
487
498
429
457
499
480
523
477
381
442
446
431
427
411
500
436
457
496
432
461
491
524
440
569
513
456
447
460
485
434
491
413
415
424
435
447
445
477
438
458
488
526
413
459
469
483
431
512
520
529
487
452
494
512
526
430
493
500
516
473
463
453
410
442
435
449
419
431
547
497
446
448
474
430
480
497
434
500
481
455
444
476
479
492
512
467
403
483
442
443
514
467
451
483
511
480
513
461
475
504
490
453
510
466
446
507
480
406
411
455
442
421
430
471
438
449
458
464
401
434
473
459
482
423
512
431
458
483
453
498
479
489
432
447
402
450
468
476
492
446
460
511
481
469
460
474
443
429
432
471
439
431
492
442
467
473
459
488
530
482
439
476
535
444
515
468
462
454
459
475
474
497
453
435
465
410
448
473
453
498
464
485
497
463
463
506
467
484
521
475
492
485
440
459
457
472
440
452
460
464
446
491
397
459
465
425
429
524
529
534
513
527
491
420
541
444
477
532
502
559
559
452
517
494
482
457
434
407
446
479
460
472
455
468
485
427
555
434
529
401
418
517
475
491
525
467
503
466
513
486
534
513
503
471
527
413
473
453
435
495
482
412
448
543
466
477
481
489
497
496
492
506
518
445
535
567
476
548
475
459
454
486
464
416
453
500
481
422
449
496
441
442
434
421
459
446
452
420
431
441
439
448
458
467
458
440
464
485
461
454
409
435
466
492
444
501
528
484
420
415
539
507
500
446
430
453
506
452
437
495
534
499
499
425
468
467
495
443
473
448
482
449
460
422
411
427
461
409
437
474
505
462
486
528
521
463
502
452
481
530
551
465
511
480
536
530
471
479
375
548
416
450
562
511
470
405
462
442
486
459
444
485
447
496
455
462
482
512
496
442
506
420
472
474
437
440
402
486
535
427
419
512
523
516
460
442
472
470
513
494
415
476
455
455
449
427
416
488
455
450
434
479
463
457
440
449
452
476
478
449
495
419
449
488
429
463
906
867
528
583
659
542
564
616
629
446
433
506
508
450
524
525
458
422
419
482
478
470
456
515
466
423
531
477
535
543
515
463
450
456
505
499
508
430
502
424
470
473
472
473
423
447
464
496
479
465
522
482
491
477
539
477
505
489
553
514
499
496
489
481
489
553
451
465
455
524
427
475
475
428
483
387
459
402
437
396
490
450
412
443
447
472
449
421
423
438
473
541
477
489
497
444
476
426
485
490
445
434
471
506
543
479
442
459
470
484
447
509
433
419
412
424
444
499
420
462
447
477
449
367
480
456
549
514
475
437
447
511
506
489
482
472
468
487
521
480
500
440
475
451
429
512
461
434
496
502
459
467
447
472
443
474
423
462
417
455
511
493
448
509
486
482
430
464
421
486
440
481
478
484
444
439
453
465
473
427
498
454
436
443
478
480
387
421
454
426
522
475
440
469
447
509
497
479
463
522
485
479
557
545
544
538
528
469
529
414
532
506
473
535
405
431
460
473
470
446
456
447
455
419
425
470
451
434
402
555
545
470
530
436
519
512
428
464
433
469
477
472
436
477
447
550
496
456
532
569
464
504
446
534
450
441
425
497
452
463
481
496
435
440
433
451
484
431
481
492
446
477
454
481
485
514
457
479
464
523
460
455
443
478
450
530
407
447
494
451
411
469
470
467
500
465
453
414
534
471
503
539
484
508
455
423
451
416
416
448
460
475
486
455
482
454
415
460
448
441
404
484
460
456
443
523
524
455
513
479
491
488
463
447
426
435
416
445
468
439
401
572
551
528
523
508
489
544
501
487
465
516
490
526
568
499
466
498
470
474
463
513
492
461
470
417
402
478
460
528
539
461
475
475
483
493
416
431
421
440
472
416
413
396
456
460
446
487
500
454
463
490
473
453
518
498
519
543
509
525
496
486
478
558
461
405
480
516
449
420
445
466
453
439
490
487
468
483
498
419
399
446
443
429
468
452
391
379
478
448
473
445
439
408
471
425
525
418
475
459
436
498
484
484
476
481
547
493
451
499
468
532
538
461
386
396
490
506
537
467
460
456
484
517
464
495
440
468
477
514
463
501
543
491
516
417
502
506
513
511
497
465
434
461
423
476
492
441
473
501
481
516
472
505
524
470
372
525
448
514
916
905
878
632
621
604
584
647
629
616
604
422
471
472
521
501
421
442
447
484
484
480
480
540
499
420
400
425
468
427
460
442
427
473
487
436
466
438
462
446
484
445
463
421
437
491
475
517
472
482
525
493
475
409
455
440
451
410
472
457
429
417
486
470
475
451
448
479
449
501
467
526
587
542
471
435
455
472
419
444
473
490
454
461
443
468
447
480
440
490
437
443
425
529
449
549
439
539
525
440
435
511
413
444
459
488
520
482
516
477
407
494
507
552
519
523
536
431
465
504
478
476
551
457
475
490
496
433
444
455
524
532
454
464
464
474
495
463
528
452
455
485
503
538
474
481
451
436
422
427
392
451
423
426
458
495
498
491
497
410
485
464
420
515
482
524
464
478
459
438
492
469
464
429
460
481
466
461
474
492
498
443
496
510
545
489
524
437
470
506
474
490
519
481
473
537
479
467
474
487
439
397
427
427
471
425
478
424
460
489
478
429
484
454
448
516
462
502
505
456
492
539
423
408
393
453
398
497
474
535
461
490
473
480
569
489
431
423
435
424
472
473
463
500
412
411
448
508
494
480
473
503
534
483
438
463
495
504
449
481
516
460
468
419
467
460
442
502
432
470
538
447
487
419
511
519
530
453
461
430
443
501
491
484
475
483
491
486
511
493
478
470
511
485
497
514
442
528
542
497
473
421
532
498
515
462
493
502
448
481
522
472
494
442
433
460
427
445
480
462
450
470
489
540
505
539
571
602
501
530
461
513
472
449
449
458
507
474
494
459
491
525
469
435
498
477
427
484
538
462
536
475
556
585
494
520
427
588
492
493
528
460
524
543
499
516
395
482
452
462
475
435
450
498
508
438
487
521
424
446
469
468
395
485
423
477
457
494
403
460
499
555
408
478
477
462
439
567
456
521
650
506
606
502
514
511
503
444
483
456
492
465
524
546
572
477
491
510
507
527
430
476
448
436
458
507
492
458
407
421
507
523
584
535
537
483
516
467
493
523
473
556
463
439
461
480
469
434
519
450
418
398
481
495
527
450
538
446
482
461
523
531
457
494
441
480
416
451
495
438
439
488
495
476
497
461
449
456
475
469
485
487
443
476
450
444
434
508
497
528
485
519
417
420
461
431
494
504
453
470
951
976
998
1038
1006
855
770
846
845
796
808
872
453
493
476
545
480
503
489
415
453
480
449
524
429
447
413
450
490
448
487
447
437
460
451
444
459
516
430
495
465
523
472
512
523
480
529
416
428
465
418
458
496
445
482
462
496
474
517
487
459
472
420
472
502
520
466
423
475
484
505
491
490
502
534
537
492
484
549
517
480
510
419
415
362
377
471
399
400
456
515
525
470
544
491
468
450
483
419
444
421
418
383
465
466
432
421
481
467
550
420
508
431
522
463
537
470
445
478
478
429
450
457
530
459
492
524
481
453
422
463
522
417
420
505
435
442
451
459
498
470
482
559
464
458
448
444
487
445
457
488
471
450
439
435
450
481
504
461
417
447
519
472
441
492
462
447
435
480
477
483
490
446
495
413
475
426
498
456
552
419
426
411
466
515
409
449
420
525
467
509
500
502
520
502
460
431
415
418
400
458
467
511
582
613
562
510
457
485
431
447
411
413
492
447
461
488
475
475
474
491
501
505
442
540
417
442
465
496
463
472
584
530
464
496
444
477
471
436
474
489
451
450
424
468
403
428
441
435
459
517
484
481
560
466
458
466
457
518
532
480
435
465
485
450
476
522
531
471
483
496
509
442
526
476
503
450
481
518
457
468
475
519
502
438
453
429
517
474
430
471
428
467
438
464
477
470
545
500
562
431
454
485
519
462
495
531
475
423
478
462
443
525
470
397
451
452
428
463
419
439
478
504
502
530
418
449
527
497
449
526
456
514
478
529
493
401
475
418
423
467
434
428
452
470
502
546
452
498
488
551
485
435
466
496
467
477
507
472
485
443
521
487
528
517
516
382
390
403
418
424
497
483
472
513
494
548
498
454
425
407
454
442
437
449
477
466
489
496
476
505
454
484
482
501
476
470
413
431
438
547
480
489
500
512
529
487
438
493
469
533
454
455
483
472
510
503
482
460
532
512
497
478
412
535
460
498
485
451
512
429
475
456
531
505
402
506
514
438
462
436
462
442
534
523
510
568
553
537
461
502
462
392
484
409
488
461
520
485
548
533
453
460
536
549
249
393
454
538
499
474
457
521
436
482
458
485
516
449
580
480
449
442
487
467
448
517
450
492
418
432
461
480
440
483
466
453
520
423
454
936
978
937
978
953
949
670
648
672
711
679
627
696
431
494
486
431
487
473
430
412
455
487
482
476
492
484
430
439
481
461
524
499
565
454
444
441
520
529
501
491
445
487
524
457
418
468
452
477
505
455
429
529
488
442
460
439
495
458
453
418
494
455
470
428
466
428
491
434
416
487
495
516
518
549
477
460
494
440
482
439
541
485
437
475
439
495
437
453
402
455
472
427
496
509
446
454
465
479
424
460
492
436
465
462
481
455
509
494
541
487
489
561
460
519
506
429
470
440
460
441
480
474
460
490
473
408
470
472
505
483
468
532
423
476
501
437
465
408
423
448
540
486
481
493
430
445
442
450
451
466
429
490
464
471
384
478
436
473
453
474
418
515
458
487
519
467
452
431
464
481
448
462
457
472
393
444
431
488
432
443
474
419
436
432
452
474
433
479
446
429
501
493
411
482
555
507
510
510
490
490
514
490
427
440
491
472
469
481
492
433
462
405
444
465
412
451
441
553
446
463
477
487
541
577
599
504
534
520
487
471
422
504
525
528
479
477
485
454
463
446
424
495
495
542
528
437
456
438
425
471
455
455
450
472
451
537
414
449
488
457
513
472
512
458
492
522
519
497
528
484
535
544
511
399
489
490
496
457
517
503
447
492
532
486
511
548
469
486
480
516
463
534
465
440
466
464
495
491
474
491
489
518
500
472
523
468
528
457
462
479
457
476
504
501
536
481
460
504
443
449
479
508
337
466
447
546
501
481
501
445
438
481
462
498
484
458
478
512
433
493
449
462
480
404
432
430
479
464
516
505
479
487
392
508
451
440
450
569
641
572
563
553
586
621
525
449
410
483
419
430
440
391
442
555
505
553
483
518
534
540
576
608
483
504
529
543
456
410
482
449
510
437
472
468
436
454
421
470
453
503
390
461
472
489
492
449
524
419
474
471
459
411
530
460
529
485
464
451
455
455
476
446
492
537
468
485
560
429
487
498
476
526
494
483
459
425
487
484
480
489
456
551
487
448
510
527
525
495
471
471
527
456
535
465
483
524
410
435
432
480
455
463
472
489
547
517
417
474
421
480
437
477
447
476
516
511
502
527
523
554
510
536
447
468
464
428
491
460
429
487
480
466
445
453
483
459
457
483
476
741
811
753
861
815
849
815
513
447
445
442
414
465
501
447
555
497
433
474
510
466
458
458
518
497
476
564
467
468
456
443
507
434
429
452
439
432
444
484
462
499
502
421
481
418
452
493
472
507
434
492
460
429
420
473
469
457
517
507
491
473
470
502
453
512
466
463
433
470
438
555
516
576
498
490
460
514
498
501
511
449
461
483
542
503
522
490
481
474
472
455
489
471
436
477
532
490
453
518
499
493
487
520
462
473
456
484
520
468
414
448
418
428
428
512
498
515
454
448
463
463
479
483
446
460
503
483
446
457
447
478
470
428
456
533
496
517
466
493
459
554
468
413
501
514
453
445
471
455
415
439
411
443
473
505
470
475
423
495
494
435
507
495
500
432
497
491
510
493
435
439
420
392
463
410
421
432
470
458
491
463
457
491
443
432
459
443
384
446
475
447
406
446
405
472
420
519
452
510
480
474
448
479
446
457
449
492
489
458
458
440
458
469
421
490
445
449
526
477
441
450
458
467
408
476
503
420
464
403
462
449
534
418
501
467
526
453
500
479
468
427
502
499
491
482
473
464
443
413
432
450
466
483
463
406
412
474
441
499
481
476
472
459
484
480
492
526
471
412
424
444
476
393
431
429
487
505
438
469
462
472
481
425
455
491
442
469
454
534
449
482
530
461
445
448
443
442
428
432
484
454
442
503
478
426
425
462
491
518
463
449
457
478
495
505
523
443
402
466
559
451
435
498
426
408
449
458
498
479
410
456
482
487
454
474
506
538
481
445
426
457
456
468
461
478
427
515
499
517
539
474
495
420
447
419
446
427
433
485
391
505
409
468
394
454
504
483
428
481
471
422
477
468
502
439
491
474
457
455
485
461
468
433
406
455
496
484
459
454
531
457
467
476
480
489
470
487
500
515
508
497
516
450
407
439
398
426
455
434
420
432
549
438
514
441
529
457
494
542
410
488
446
425
447
508
425
464
454
455
502
427
465
449
476
522
499
508
462
522
507
493
559
494
517
402
473
469
467
541
446
521
467
448
494
479
509
492
445
400
396
434
453
509
512
414
522
446
454
543
467
476
566
473
469
497
511
433
449
460
478
427
434
520
479
464
514
499
518
444
293
464
473
488
496
441
418
473
512
454
519
850
568
609
593
575
618
608
564
372
476
448
475
448
550
444
461
478
443
492
469
466
477
449
478
393
438
400
459
448
495
487
493
488
457
542
497
475
446
429
473
445
457
433
541
478
490
505
436
448
459
455
486
451
462
493
469
465
478
457
519
451
496
427
464
518
527
486
453
549
472
479
463
478
513
435
429
465
509
480
495
505
520
455
533
480
475
507
533
486
423
547
493
503
465
461
510
488
520
453
405
452
441
426
426
470
459
517
399
495
451
497
450
488
448
468
522
512
463
517
484
503
460
486
413
442
446
448
409
484
490
496
476
529
504
501
448
442
451
446
505
594
495
479
488
532
466
511
479
532
451
443
451
463
410
485
495
420
471
483
490
494
460
451
536
495
508
454
494
455
473
479
456
455
405
454
424
472
448
453
465
481
492
506
438
436
474
411
447
498
422
418
438
447
562
496
425
515
443
416
475
456
450
487
422
449
486
439
441
522
465
494
531
409
464
415
477
537
505
474
480
441
539
493
527
475
512
498
416
503
502
509
514
492
514
423
439
456
434
407
451
442
417
460
492
453
485
461
485
506
410
450
418
433
443
498
517
460
493
529
473
533
455
416
460
490
533
470
514
487
505
419
477
469
451
434
441
486
480
487
509
503
429
518
494
515
511
552
491
475
554
457
468
423
435
428
460
536
453
485
516
508
458
435
475
495
537
436
493
445
458
469
496
480
464
497
485
502
434
442
475
427
459
472
424
469
454
457
468
484
500
512
438
489
469
455
437
435
498
482
487
454
449
495
475
463
499
575
459
519
492
476
425
507
480
539
467
484
484
505
518
462
488
452
500
492
526
491
472
437
483
441
462
461
493
421
523
453
482
409
419
431
428
488
480
471
469
453
537
526
490
531
506
550
510
492
458
412
380
435
483
461
423
470
465
502
466
508
423
421
501
423
401
514
434
449
470
448
451
493
442
411
448
489
465
455
488
436
465
498
418
468
447
517
439
480
470
461
480
464
401
465
503
474
534
500
448
511
450
436
475
539
495
441
444
482
483
495
437
508
427
546
499
457
475
418
454
441
452
488
460
493
502
513
460
487
466
422
465
452
493
456
424
447
440
497
478
455
400
448
410
493
460
532
430
410
476
441
440
518
504
1000
970
724
696
675
661
731
666
682
492
469
453
453
440
472
455
584
475
521
486
479
518
483
443
428
474
443
496
476
522
414
451
519
464
484
504
464
402
453
506
478
450
502
469
482
446
469
504
541
436
452
426
392
411
447
481
463
448
482
490
428
430
472
521
385
417
416
395
482
383
462
446
481
448
505
472
535
431
479
428
417
389
466
516
490
474
473
424
540
483
428
456
510
453
478
452
483
525
497
484
488
406
440
478
522
479
519
552
422
475
446
420
474
446
410
458
440
474
462
520
463
526
445
476
455
389
489
521
422
451
479
483
566
572
496
435
435
447
463
481
471
492
496
394
426
447
488
442
403
461
472
499
465
457
503
493
503
393
463
506
423
422
456
441
510
433
444
487
475
491
502
440
484
406
484
527
501
476
414
435
399
436
464
444
466
478
486
434
500
547
420
479
445
455
455
485
465
409
409
489
454
438
446
487
462
450
506
433
445
451
470
465
469
478
456
485
455
475
474
477
439
451
447
474
435
455
438
423
515
426
426
467
449
432
440
476
502
483
495
440
530
471
473
439
459
440
517
437
433
474
434
428
453
521
455
492
440
406
535
503
472
458
513
457
520
503
483
476
541
487
457
477
440
488
475
455
517
494
486
431
463
528
437
510
490
555
454
495
494
476
474
467
535
459
497
481
464
545
548
486
519
471
500
449
485
429
492
535
457
510
514
470
422
424
411
454
439
442
418
474
442
541
486
524
480
428
396
430
429
483
462
478
420
460
412
432
481
504
477
500
546
514
498
531
478
509
539
488
442
486
452
453
486
530
460
440
438
456
395
409
423
429
476
487
493
507
510
519
445
443
530
451
434
501
493
517
386
466
398
433
513
451
445
511
414
461
526
511
417
560
441
447
508
431
418
479
497
447
479
467
435
448
494
457
518
453
473
458
427
455
463
409
458
465
427
533
484
513
441
463
420
536
472
432
455
399
497
483
441
439
453
430
449
405
495
489
499
509
450
397
413
472
403
447
407
467
452
415
448
490
465
482
442
425
417
444
474
512
474
481
514
433
464
427
445
463
441
460
463
462
480
482
511
450
493
473
432
471
434
474
519
547
491
545
519
486
453
501
477
426
507
525
510
555
541
459
466
486
463
477
984
956
982
694
724
689
697
741
722
717
398
405
399
403
410
416
441
401
411
424
442
453
490
482
484
432
464
470
470
516
454
419
433
423
490
456
463
425
489
493
514
533
485
520
483
432
506
444
464
470
484
494
412
447
414
428
456
492
478
535
470
498
468
499
526
530
437
440
413
504
460
421
454
478
458
441
434
503
472
457
511
495
484
479
557
476
541
460
459
474
435
485
468
458
471
437
478
470
483
442
483
441
456
452
507
450
492
534
462
463
486
504
464
501
545
502
433
493
478
515
538
506
504
379
427
464
445
434
462
501
502
513
553
449
409
515
471
496
527
447
434
449
446
503
448
503
422
470
452
520
506
466
469
448
453
428
445
504
464
504
460
527
487
478
511
468
496
483
505
461
493
468
385
408
464
447
470
506
466
483
454
420
464
534
440
476
496
445
487
503
447
487
483
469
440
470
432
453
430
519
484
470
471
490
474
456
505
487
461
464
467
473
431
404
474
443
502
423
520
529
454
457
439
454
485
480
495
435
449
471
441
396
477
440
484
445
475
491
525
529
439
483
522
392
441
453
495
453
496
449
558
529
493
480
445
485
539
462
499
497
509
488
474
454
420
428
480
412
427
389
416
474
468
470
493
440
428
499
491
502
519
441
549
556
498
479
398
443
426
442
460
410
407
410
440
479
506
467
497
461
471
412
418
413
507
431
469
437
433
537
462
476
473
402
522
436
502
484
469
474
475
578
517
552
503
459
468
433
478
433
442
499
483
416
517
449
481
499
515
578
515
555
472
505
548
572
455
488
588
452
406
465
440
450
459
472
468
429
472
508
409
437
485
505
461
428
483
535
552
477
475
487
451
502
480
527
476
442
486
410
469
443
483
424
439
493
468
438
496
458
427
500
464
500
481
463
456
481
478
480
470
450
473
508
551
439
515
495
579
486
494
551
497
563
518
480
544
487
442
472
507
463
495
389
477
527
370
383
436
486
453
452
471
531
455
473
481
514
499
455
444
477
472
488
442
452
468
451
490
447
481
435
467
423
462
473
481
408
491
437
471
442
449
446
448
516
508
482
491
511
496
483
422
432
517
454
454
481
431
477
573
453
471
470
437
479
500
443
398
477
419
416
470
457
425
427
473
526
537
463
978
999
956
1046
658
719
704
688
676
657
723
403
410
426
428
431
443
448
487
478
487
453
535
471
516
430
458
414
542
502
457
492
485
440
471
509
402
495
526
420
446
452
529
452
394
474
409
452
498
422
446
491
473
432
526
484
479
518
502
494
441
489
493
510
521
509
495
519
434
462
443
509
492
501
459
450
458
522
441
495
494
412
498
459
503
454
504
447
515
398
457
437
423
413
410
459
453
480
429
464
516
533
472
464
441
436
460
507
459
465
455
519
422
406
465
468
472
469
488
556
449
531
460
510
463
513
485
448
498
467
526
396
444
480
487
430
479
468
519
526
389
396
470
476
483
470
405
489
504
538
520
516
462
533
475
475
411
503
514
517
481
493
452
469
501
464
446
459
494
488
498
512
455
483
517
523
493
521
486
468
465
504
468
444
465
498
481
479
476
531
481
478
486
445
449
429
431
416
464
522
507
423
504
449
475
427
456
484
522
493
532
447
488
470
454
436
528
434
492
483
470
527
508
425
504
512
451
442
529
458
442
532
451
477
510
474
449
376
412
436
499
504
408
428
458
451
472
459
451
455
442
403
478
430
452
410
474
414
457
467
453
522
508
500
495
478
472
441
412
411
497
428
473
413
421
432
443
472
408
486
438
530
495
427
540
490
444
507
519
483
529
459
480
467
507
547
426
459
432
458
410
455
463
482
435
493
476
470
511
455
490
524
475
507
464
507
491
491
561
458
547
511
418
484
422
499
452
443
473
411
443
472
488
498
477
497
412
472
503
435
466
501
540
440
464
448
481
462
467
497
453
476
432
473
429
463
503
440
460
494
447
477
422
447
425
483
431
473
438
449
494
484
453
469
483
520
421
441
410
444
466
416
436
438
456
415
421
434
446
454
419
442
555
428
489
508
509
479
545
460
488
525
473
435
549
509
487
510
407
389
478
452
467
488
423
438
446
418
456
463
477
449
456
423
485
466
477
445
475
446
460
495
453
476
468
474
457
440
509
477
564
500
452
499
464
476
509
465
497
445
412
503
479
506
476
498
437
539
471
510
485
547
420
445
438
445
442
447
520
491
425
393
454
458
503
409
395
443
448
454
485
402
476
486
457
444
439
527
478
476
462
423
438
450
462
551
480
493
408
462
939
970
935
930
986
667
719
711
697
706
719
641
416
395
526
488
462
452
492
472
452
441
490
476
462
443
401
492
428
379
454
465
476
467
498
528
487
423
545
487
435
409
438
500
491
474
464
424
437
452
496
425
477
420
435
436
468
458
498
554
453
436
439
487
410
475
419
440
445
465
427
482
470
534
526
505
405
409
438
425
439
475
528
441
440
475
483
475
422
504
474
455
437
518
553
441
476
425
469
455
464
431
489
475
527
465
495
444
474
419
528
449
515
455
480
442
459
462
396
469
421
489
501
439
425
452
500
420
453
422
485
388
436
449
519
527
450
457
459
426
426
501
489
452
492
553
488
516
522
489
542
524
520
499
510
446
543
496
479
493
453
490
477
430
491
458
441
463
484
503
513
475
477
477
427
446
477
468
471
481
484
467
509
466
456
509
482
470
424
406
481
414
432
438
445
453
422
428
439
444
453
460
465
433
511
484
411
484
472
466
458
431
450
419
421
457
428
454
487
510
397
512
482
506
443
512
477
446
499
476
538
478
465
474
454
494
485
460
476
455
501
486
477
542
416
490
433
548
514
443
559
503
434
454
414
434
503
516
456
450
495
461
537
507
505
481
484
502
536
529
507
486
551
419
558
441
499
467
455
491
520
503
458
501
471
543
480
501
458
420
456
484
446
473
529
535
537
464
509
560
481
468
412
405
444
455
539
460
457
440
420
485
434
452
493
473
367
403
471
467
476
496
444
515
466
504
460
471
438
497
532
449
467
480
494
507
526
489
471
457
474
523
595
484
435
424
463
433
477
418
448
490
493
453
523
459
472
424
437
471
443
531
460
467
424
463
473
507
410
500
513
451
402
389
380
469
442
459
437
468
528
491
450
505
494
534
394
372
427
479
509
483
486
514
496
476
462
450
514
497
432
429
510
454
503
475
424
498
391
437
426
459
562
510
446
476
514
542
507
523
473
415
487
478
454
551
495
527
430
457
453
483
495
483
501
533
471
543
491
456
512
496
628
482
506
467
417
440
440
454
418
505
452
540
459
469
484
484
467
442
457
473
455
458
430
459
456
465
479
491
503
435
466
485
444
544
487
608
455
473
425
425
428
444
460
422
395
453
455
390
458
392
436
476
448
505
561
443
498
516
981
1041
997
975
971
1047
675
715
718
697
712
664
737
440
540
527
510
456
579
454
535
418
403
443
459
473
485
457
402
437
479
461
456
510
430
475
442
495
475
459
473
423
406
465
450
510
509
469
466
443
538
565
517
484
498
459
427
456
451
469
479
497
504
390
456
440
438
457
451
471
420
434
500
441
516
526
533
485
526
450
464
486
494
504
574
453
459
518
505
491
471
462
457
445
482
461
462
537
447
456
480
483
495
422
505
503
436
457
484
448
539
487
436
424
438
589
489
479
472
454
458
474
442
482
527
477
386
456
469
476
499
484
433
529
507
508
543
470
485
484
414
434
460
425
472
505
548
493
461
444
487
472
509
474
440
405
449
436
493
399
485
472
542
484
492
508
441
518
529
478
465
536
482
517
467
499
477
506
528
479
502
489
468
485
409
540
478
431
501
439
434
460
494
523
488
415
450
546
481
444
498
444
471
483
478
429
466
499
461
490
451
477
455
438
506
407
474
456
495
488
482
565
467
477
543
484
470
444
502
455
473
506
403
446
431
422
406
461
450
424
416
441
429
451
538
456
434
499
487
500
471
551
454
492
536
500
558
519
486
469
472
457
502
441
442
496
470
477
462
461
471
419
501
438
444
457
453
469
487
452
436
459
446
428
403
458
523
444
419
426
434
438
513
456
475
462
496
510
487
479
473
486
471
485
452
439
476
531
423
490
403
440
469
497
534
432
450
422
388
463
416
445
405
469
491
481
459
454
473
404
493
497
440
473
428
459
427
441
528
394
412
470
440
456
472
497
421
487
427
434
451
534
448
480
519
481
439
430
481
424
433
475
456
441
509
433
570
431
463
427
523
470
439
469
407
463
486
442
473
444
434
475
428
466
508
464
442
495
425
464
433
490
459
521
440
481
440
458
498
443
478
453
491
460
498
481
475
482
495
473
488
555
470
462
510
491
477
458
474
435
484
465
470
429
433
568
478
524
508
496
408
424
432
520
442
446
449
452
446
457
497
493
504
516
483
471
443
531
511
473
468
510
523
469
480
527
504
477
469
466
480
432
500
434
523
396
430
437
456
481
458
412
397
439
480
501
458
492
450
477
488
499
488
526
489
463
496
443
461
485
438
563
498
386
529
489
477
459
509
447
841
903
884
862
936
833
898
529
539
603
600
551
578
570
494
461
485
468
505
536
510
405
415
477
413
418
491
445
441
425
425
489
454
432
421
418
441
446
449
465
471
483
465
477
540
521
441
458
442
460
449
481
443
474
438
414
423
485
472
502
486
490
495
441
495
439
518
437
550
470
481
469
446
482
454
485
474
486
457
473
438
432
477
459
526
581
499
483
485
468
441
523
467
449
490
457
515
496
451
467
436
456
443
458
474
529
431
455
459
470
423
432
506
440
453
421
437
549
494
521
542
499
445
546
488
516
507
470
454
502
485
414
540
477
491
506
522
482
539
440
482
462
502
496
512
456
479
518
430
440
453
475
451
471
451
440
493
501
518
495
479
429
506
411
479
484
476
452
453
464
422
411
566
489
475
493
495
486
472
460
509
490
474
542
553
497
460
474
519
531
481
488
458
440
448
506
466
478
435
455
419
471
490
447
426
457
446
445
522
512
502
497
447
523
463
451
441
462
421
459
416
452
429
398
460
441
496
423
469
448
437
434
505
503
436
434
472
462
477
420
444
504
465
473
481
514
471
441
510
447
457
544
481
494
519
471
456
505
496
456
440
456
441
446
491
478
458
465
435
503
433
449
457
470
459
445
464
478
487
521
449
529
493
477
457
538
524
477
530
410
516
537
443
509
424
475
475
396
504
537
440
465
461
410
471
426
464
490
449
483
518
434
441
449
452
463
387
390
451
513
507
486
488
493
487
437
453
439
436
523
470
499
378
496
482
464
452
514
494
471
484
494
497
438
515
429
414
523
468
478
502
485
488
463
426
470
482
468
525
475
397
491
538
456
496
499
467
431
515
502
498
505
429
489
462
524
458
558
472
436
478
469
448
426
419
455
499
461
471
518
427
474
518
480
448
473
464
483
427
525
494
473
542
429
470
432
468
440
473
456
444
452
401
473
448
469
488
448
489
446
486
435
473
455
502
470
511
463
523
470
498
453
468
403
442
487
470
447
495
486
466
482
546
447
444
460
439
433
475
456
485
464
476
459
519
427
487
475
389
448
525
532
455
471
556
561
464
516
435
443
489
477
476
488
531
516
512
486
547
479
413
467
463
498
475
519
489
447
470
426
449
462
477
448
434
477
464
459
504
433
903
612
696
683
680
600
658
721
489
482
488
502
488
471
457
464
450
455
425
484
469
460
477
489
524
475
437
465
481
491
483
479
523
510
495
471
481
471
496
489
430
440
456
470
463
478
484
488
496
437
511
515
509
522
531
453
474
486
480
450
466
497
447
444
492
355
473
463
451
411
474
490
492
503
426
482
478
440
437
419
426
499
512
461
535
472
397
429
467
477
513
474
481
412
480
470
443
453
421
503
476
427
415
422
495
498
511
375
442
458
456
475
448
503
504
541
498
463
496
454
494
434
486
469
436
453
488
427
485
425
485
517
446
456
530
545
564
445
464
408
458
473
408
430
462
424
442
466
450
422
464
421
461
483
516
479
434
474
462
423
470
454
539
523
484
447
431
467
450
491
457
404
483
484
519
498
494
425
475
484
443
491
493
477
451
401
482
466
459
456
470
435
467
422
475
520
470
455
478
475
471
487
463
461
421
500
466
475
460
496
437
394
454
452
468
519
475
478
508
465
548
536
514
500
518
474
449
495
493
481
559
482
460
448
470
530
464
489
403
447
486
407
540
524
506
491
423
480
435
524
448
458
465
466
476
451
417
457
447
424
478
415
426
431
444
457
408
487
492
414
462
478
516
459
492
515
522
491
431
462
486
517
552
418
393
427
453
476
496
453
455
497
513
440
458
489
485
434
507
463
406
433
448
498
424
538
473
504
458
479
518
550
455
446
547
479
446
490
477
462
498
456
437
461
503
460
410
451
509
475
463
428
485
503
514
456
495
457
568
524
391
377
437
481
415
446
461
499
452
439
458
468
482
494
496
439
473
419
469
481
424
472
544
446
434
483
465
495
491
468
485
442
417
474
453
410
423
477
474
517
545
467
484
542
505
490
527
494
476
407
453
518
446
492
416
457
437
451
470
442
501
474
465
433
398
484
479
495
492
415
454
413
461
445
446
423
484
530
428
493
484
482
557
550
461
456
457
451
468
467
475
471
473
447
467
438
471
448
544
491
507
469
498
490
464
452
400
488
502
434
461
476
471
372
430
469
483
430
524
468
458
554
474
396
484
492
423
508
455
441
455
471
486
535
452
445
402
485
422
493
530
507
499
452
441
470
520
526
410
207
436
428
483
466
447
477
445
513
558
434
959
934
654
641
726
668
665
740
663
381
428
367
414
447
427
445
467
438
496
463
435
487
473
466
452
475
495
545
459
516
411
421
437
473
413
471
411
426
466
447
515
416
409
455
526
581
500
476
461
473
468
500
458
489
450
488
462
422
448
490
437
510
554
453
485
501
370
497
441
478
510
452
489
449
497
483
528
471
443
487
403
441
482
464
448
512
423
482
596
525
539
454
471
501
475
483
480
505
483
527
468
376
479
515
477
424
399
445
509
443
524
484
561
481
533
479
496
504
434
465
455
477
444
436
450
470
447
445
476
496
502
437
441
412
430
481
432
470
476
459
506
422
492
513
510
510
502
496
483
494
466
537
491
547
580
481
540
489
549
548
520
547
523
459
503
495
413
435
430
523
464
453
439
446
484
570
487
523
513
484
471
440
424
443
487
485
401
449
432
485
467
539
462
419
510
453
524
534
457
473
424
509
510
498
403
483
561
441
514
483
465
494
483
444
434
470
449
465
440
540
509
419
457
487
522
475
499
464
474
443
459
438
480
464
452
398
404
405
415
478
414
487
424
419
483
481
460
511
426
461
455
583
472
443
423
489
483
474
465
434
441
487
409
450
463
453
457
468
474
477
467
481
425
511
451
446
547
446
504
487
471
480
468
459
486
449
544
473
485
496
512
445
453
406
499
527
477
425
541
447
465
475
489
502
509
452
488
477
457
438
508
449
429
433
492
478
473
456
442
433
402
413
427
424
436
456
468
516
460
451
487
485
496
501
502
486
476
507
516
501
505
448
508
469
485
455
445
520
440
428
491
471
457
440
514
419
418
502
438
466
423
463
448
481
514
555
497
486
491
412
388
398
405
528
433
498
481
485
567
492
521
474
504
442
497
531
477
509
544
573
600
502
538
463
520
480
497
489
524
421
510
471
446
473
427
434
489
486
429
520
526
486
508
438
542
489
436
469
500
437
575
540
546
605
509
543
580
484
507
543
578
473
641
564
538
461
438
495
503
444
532
444
496
486
474
530
515
422
411
510
518
461
450
460
458
452
469
473
409
466
453
470
406
490
498
440
443
459
518
486
520
468
504
477
569
473
491
503
470
519
464
478
401
416
449
511
497
484
468
440
460
535
460
469
475
483
428
436
425
433
888
937
911
612
640
690
655
655
629
689
453
496
512
478
494
526
476
472
480
496
509
523
449
455
488
420
462
441
454
477
463
422
495
401
407
527
438
502
484
458
472
477
474
485
433
441
489
503
518
438
492
458
438
447
432
497
504
458
532
511
473
491
517
503
489
559
458
430
502
429
490
481
428
507
496
451
498
458
451
539
467
478
508
460
490
521
466
505
505
454
499
522
468
461
537
414
400
477
450
454
448
465
480
453
436
565
541
504
475
494
472
476
413
441
432
463
466
457
551
503
466
510
465
387
484
440
451
486
499
449
418
437
519
533
393
481
430
491
444
415
442
453
492
433
477
523
515
525
502
587
490
494
533
509
443
500
475
461
508
465
459
514
450
540
475
487
490
522
483
434
446
479
503
514
466
463
511
497
448
496
443
444
492
406
456
444
441
463
462
434
495
489
468
450
493
504
478
485
483
540
451
481
437
496
462
470
485
468
431
397
459
522
446
487
468
377
553
531
476
435
455
484
491
434
489
464
474
490
436
419
452
410
442
471
435
482
435
528
534
541
483
492
477
458
480
493
507
437
441
455
455
496
445
432
498
480
443
499
428
445
474
499
454
421
436
491
551
511
504
544
415
490
475
492
408
496
447
474
448
512
478
511
470
424
469
447
443
501
476
457
487
445
498
462
497
462
517
465
439
492
446
459
452
457
467
465
480
463
551
450
505
431
423
513
405
436
537
453
557
480
499
572
498
493
508
533
535
480
416
420
466
463
402
432
437
412
470
475
442
471
529
514
530
468
517
451
482
520
565
479
521
523
474
491
501
519
436
401
458
465
431
494
418
447
471
452
464
475
474
486
455
494
476
545
523
497
429
508
438
449
440
442
468
453
522
500
491
485
478
486
548
452
559
446
499
518
527
501
520
379
418
376
438
441
390
450
456
426
448
420
464
444
416
462
436
480
459
450
418
439
382
446
452
409
545
474
471
509
469
454
494
480
429
444
442
429
519
497
484
504
476
420
402
395
534
460
505
488
510
473
529
502
464
522
508
619
487
547
505
495
526
491
460
524
520
549
486
468
501
470
465
481
460
423
436
475
424
547
435
504
541
441
480
503
469
450
478
449
449
462
414
455
520
431
484
410
468
387
441
426
935
933
953
944
570
590
667
601
609
639
679
466
446
489
515
492
469
507
429
450
487
478
433
452
496
466
504
486
435
459
500
535
482
489
447
466
492
453
570
508
415
420
506
511
542
502
467
450
430
437
476
458
468
428
483
488
418
460
523
525
449
448
451
453
480
476
495
509
486
461
484
483
507
486
480
482
495
504
518
526
542
474
468
506
543
447
416
501
434
422
493
427
441
445
476
488
574
485
517
495
545
444
483
444
496
448
474
491
503
442
514
488
475
465
473
492
470
460
506
471
481
498
534
474
480
519
461
464
474
492
447
493
460
488
445
455
492
402
410
457
420
477
540
489
567
514
484
442
401
459
430
445
470
497
477
533
498
554
461
508
456
432
489
466
544
560
516
481
422
503
441
477
516
492
444
502
490
486
493
465
461
478
550
517
485
464
503
556
440
462
467
488
464
508
437
372
441
436
423
475
456
517
394
472
417
444
480
446
469
434
477
467
461
434
502
480
518
491
431
489
461
518
489
397
426
467
434
413
453
459
410
417
440
446
524
472
455
537
471
457
472
486
501
508
508
499
497
433
512
461
448
452
435
457
496
473
395
444
506
454
465
493
448
471
417
452
550
498
472
505
486
534
452
467
456
443
496
476
434
502
422
449
421
457
461
408
524
360
367
394
486
466
457
455
496
454
456
532
465
472
422
412
555
444
430
511
445
483
457
448
502
466
466
479
494
466
415
487
438
433
468
531
438
461
456
463
561
500
490
470
480
496
516
483
465
532
492
404
525
451
487
416
463
459
488
446
468
500
539
487
513
546
563
508
540
486
500
412
425
527
488
449
428
444
470
459
520
397
423
450
461
512
448
479
464
475
423
504
574
479
508
489
494
500
503
508
530
469
516
492
520
471
489
407
452
473
429
449
494
458
515
440
534
540
467
556
562
464
474
488
479
508
469
530
585
455
438
477
469
504
517
491
422
484
526
444
451
454
452
455
472
459
456
506
490
433
492
398
438
494
462
452
537
478
513
458
498
528
470
559
457
479
443
506
457
519
492
525
455
607
485
478
571
593
436
473
440
468
502
433
447
467
503
460
495
449
461
532
473
472
429
472
498
479
519
465
410
422
496
449
456
480
471
492
443
477
425
544
443
454
967
935
990
1012
955
911
793
754
785
767
775
743
726
419
488
499
443
520
523
531
520
441
448
486
483
496
608
480
447
531
440
487
528
458
480
440
490
471
452
522
502
414
422
457
406
499
405
448
439
468
512
487
511
498
432
458
498
559
455
494
552
449
455
515
480
491
478
459
464
523
485
521
480
465
510
496
484
432
481
499
464
481
438
422
450
488
485
476
436
483
428
490
475
462
525
506
488
482
442
545
513
529
473
501
516
547
502
514
470
504
536
486
427
403
489
448
462
473
430
391
470
446
407
470
417
450
476
473
517
440
463
475
487
398
390
399
413
417
444
402
486
492
456
522
500
420
501
515
521
497
512
483
471
480
494
458
470
442
457
457
471
455
429
523
434
425
478
411
456
461
455
466
468
477
480
466
390
482
503
521
457
515
420
480
430
461
421
457
488
455
481
468
474
481
486
415
478
426
515
436
452
481
473
480
459
544
467
473
459
552
455
477
431
402
436
420
516
456
474
411
494
507
478
414
407
440
529
430
474
464
479
408
467
465
496
464
427
419
456
492
553
499
492
504
519
443
497
488
489
513
463
465
482
414
418
476
448
433
484
413
465
455
468
472
473
498
506
461
468
476
523
486
506
459
472
453
437
499
478
470
464
474
407
460
480
438
540
482
494
524
470
501
532
490
448
372
454
493
466
450
516
509
508
439
465
437
532
479
444
412
426
444
454
493
496
492
559
490
452
516
475
522
455
482
430
500
512
455
444
452
431
532
515
556
489
510
505
579
449
487
505
535
529
487
461
394
434
465
507
468
506
446
439
468
441
513
557
434
480
450
504
539
433
470
482
493
463
467
426
460
419
448
477
467
457
470
557
480
487
493
478
495
441
485
475
481
493
438
442
481
393
476
472
514
500
424
482
537
594
488
442
459
445
484
447
432
469
529
447
526
462
494
460
466
488
468
454
451
517
473
519
494
466
443
435
466
509
512
515
422
407
456
438
501
483
467
528
465
461
466
487
482
506
478
488
426
472
488
449
499
541
470
426
434
509
526
470
529
417
476
450
412
482
490
410
519
485
491
446
458
454
450
416
452
459
498
438
468
384
472
506
427
512
438
539
551
488
484
452
469
489
504
458
490
500
511
526
476
475
512
811
874
846
879
866
899
880
539
513
593
526
531
577
560
448
435
437
428
494
524
455
434
451
460
471
488
502
511
491
499
511
519
607
477
470
505
495
502
482
542
523
513
405
492
434
424
456
438
531
486
528
554
559
578
497
507
455
458
426
469
455
475
531
398
426
466
423
466
500
478
476
440
502
552
526
497
554
479
512
471
479
522
463
500
468
447
450
499
443
424
451
464
532
505
493
502
512
517
508
519
523
536
562
565
489
503
440
481
478
465
495
509
448
468
424
465
424
464
501
532
462
510
441
475
441
540
481
495
492
457
462
477
490
508
423
462
495
409
465
463
431
425
444
415
446
440
444
451
445
465
451
470
576
428
509
486
484
506
490
488
489
536
410
462
469
449
498
486
467
525
461
450
461
414
477
500
482
474
506
530
510
501
476
428
429
454
526
459
474
488
432
415
543
441
483
459
502
522
553
499
538
495
514
476
434
408
433
479
492
446
523
446
402
435
470
451
495
448
443
440
501
494
440
483
528
389
480
442
489
491
459
443
510
433
462
542
526
471
508
529
465
477
429
491
509
466
428
461
496
398
432
455
430
492
487
432
466
498
446
481
425
523
549
492
528
567
504
468
448
423
455
431
482
536
476
427
492
476
536
465
515
489
478
425
471
493
524
471
505
505
447
486
525
465
504
462
422
489
420
510
493
495
461
394
534
519
507
492
476
530
428
466
451
432
498
483
468
477
539
522
507
496
475
539
433
471
428
443
442
463
498
414
437
400
466
442
514
439
454
447
439
522
434
436
498
486
519
469
456
439
487
475
493
432
440
457
397
454
472
474
419
511
432
458
471
451
454
418
421
500
516
487
406
565
494
522
473
503
544
542
493
472
500
462
442
397
484
518
457
497
400
410
473
414
441
465
524
499
482
452
490
456
473
446
465
479
519
479
552
557
420
445
445
475
493
538
463
529
470
448
553
451
468
569
467
447
475
532
412
473
482
538
463
502
466
486
515
499
521
512
513
504
524
535
447
406
459
480
464
484
516
453
441
511
452
501
470
466
450
452
459
542
476
511
523
420
534
493
517
464
501
448
480
507
493
464
473
488
498
416
483
496
450
464
450
546
475
462
461
472
557
497
426
503
489
472
444
448
468
454
909
624
623
633
587
654
612
598
459
496
486
467
454
563
463
420
408
446
509
493
476
481
523
461
450
461
468
479
504
466
415
505
517
527
445
458
449
457
458
441
377
445
488
426
448
433
466
560
517
479
434
471
444
459
414
429
427
414
413
457
453
407
417
519
457
444
502
475
456
508
451
432
461
505
466
478
449
472
426
482
454
507
478
543
418
476
473
483
407
512
428
533
506
490
471
479
467
467
483
431
370
376
449
447
453
488
518
445
453
441
444
410
472
446
395
454
427
400
452
416
389
449
437
503
459
498
515
491
367
432
424
457
408
428
433
430
450
435
505
480
412
530
440
495
441
509
466
496
473
456
461
470
411
421
430
518
526
487
418
451
475
426
472
552
468
485
489
451
503
467
411
430
467
428
377
483
446
476
463
442
429
432
494
457
437
495
489
480
465
472
540
485
454
509
469
529
489
455
410
461
493
447
457
474
488
503
365
427
423
395
456
519
430
474
501
535
476
435
541
488
482
454
443
460
424
507
500
486
501
509
559
518
516
508
422
431
442
385
392
479
418
456
483
491
475
510
488
425
432
511
460
414
448
449
437
417
442
480
438
468
509
471
441
421
455
493
452
402
432
403
462
458
467
494
498
440
405
493
501
442
523
549
477
487
540
457
455
454
533
455
437
453
438
472
468
467
440
506
468
506
474
507
461
418
462
502
485
443
507
466
519
367
420
445
454
471
473
477
405
398
475
407
427
422
462
543
521
418
460
440
480
470
463
501
464
481
516
487
494
460
498
474
452
445
493
490
504
439
456
416
449
480
459
468
461
487
537
464
474
478
480
420
453
468
472
475
434
450
428
443
531
400
476
426
503
520
475
481
430
456
491
456
534
475
509
452
547
444
483
469
452
496
454
468
422
398
491
424
426
443
461
468
423
497
558
437
454
450
417
423
403
475
479
416
412
438
436
479
463
508
492
475
478
443
489
481
566
555
548
537
528
476
528
503
478
442
505
494
468
477
436
478
435
551
447
446
454
452
453
529
495
468
364
452
475
472
440
446
410
471
536
463
436
512
504
494
532
491
477
520
419
444
445
452
459
462
437
418
484
424
453
487
461
450
517
501
417
466
511
242
476
500
437
490
508
433
428
425
419
476
957
975
578
640
623
688
595
580
643
394
433
400
474
483
453
471
437
474
504
460
500
449
422
475
457
521
534
458
469
557
401
404
426
432
430
455
450
421
454
494
541
445
451
433
418
448
392
428
463
492
433
442
494
476
463
457
425
441
428
447
425
467
487
444
483
514
474
470
439
557
455
496
507
411
499
473
456
433
497
463
414
490
447
438
456
466
468
514
442
473
424
541
490
500
466
506
488
480
492
513
525
440
392
362
393
435
403
454
494
502
447
522
450
537
480
456
511
509
479
497
496
529
479
464
527
510
434
482
439
471
485
495
436
449
453
456
464
489
476
510
491
488
516
441
433
469
429
532
412
450
464
455
510
485
449
493
476
478
456
451
468
423
496
404
535
455
424
430
479
465
541
544
490
524
474
501
537
482
486
523
558
419
533
476
512
502
504
510
464
516
427
481
449
470
432
473
456
468
509
440
470
452
460
525
503
493
449
498
491
485
452
453
419
461
450
453
452
508
502
496
428
465
423
407
421
466
475
509
457
554
513
545
509
547
503
440
436
473
441
518
552
521
441
481
445
459
416
440
486
433
470
421
440
455
506
473
431
447
474
460
477
431
499
414
472
483
435
464
496
531
492
449
449
532
501
547
488
480
451
549
513
476
508
489
511
519
492
483
474
470
504
462
481
475
482
492
431
517
441
482
430
464
495
443
499
480
486
447
458
429
530
466
497
481
474
463
501
575
471
413
438
434
514
465
436
490
524
484
446
506
473
537
548
491
473
478
500
449
471
532
455
481
431
481
497
465
476
440
444
473
453
448
453
464
490
477
466
468
417
488
427
500
420
521
522
444
475
488
485
490
519
456
476
489
555
511
419
494
449
459
531
464
436
441
371
429
472
501
454
455
405
461
463
404
419
431
442
503
508
472
463
507
488
472
426
469
487
500
410
499
488
489
490
533
509
517
521
526
501
489
488
482
472
468
547
487
454
449
483
445
487
449
425
440
395
431
481
465
475
434
448
457
545
426
510
434
419
454
488
431
476
498
446
444
485
518
462
518
535
528
430
434
369
467
415
371
403
365
399
408
425
438
447
462
394
450
469
443
501
467
526
494
519
488
454
513
569
523
489
396
524
512
442
443
413
440
377
429
437
479
932
946
909
590
575
638
640
633
596
589
517
460
489
442
396
498
464
426
416
408
501
497
496
464
424
453
422
488
469
475
429
470
536
463
445
493
477
476
444
482
450
499
476
478
480
465
510
406
437
466
505
486
487
469
528
488
512
472
480
406
428
465
509
465
498
453
483
455
395
485
482
460
481
451
468
478
442
421
439
482
426
436
498
487
477
497
463
424
447
443
427
474
405
468
423
429
461
432
452
443
437
401
429
486
470
456
459
510
507
449
440
436
438
431
493
498
465
458
463
427
459
431
479
431
443
457
472
473
457
423
441
490
491
462
468
510
494
420
458
469
512
459
403
438
428
471
503
452
501
488
467
466
452
497
412
455
444
441
415
410
439
459
513
449
446
468
466
487
524
490
531
511
444
469
450
465
503
453
417
458
515
557
525
491
473
514
499
492
483
532
467
488
470
428
365
477
465
439
503
494
483
500
417
427
427
451
529
501
451
452
455
486
488
521
517
469
451
534
442
515
468
499
419
457
382
385
426
435
479
472
422
458
489
450
460
496
451
460
468
428
472
468
412
361
492
418
492
502
506
520
437
469
442
528
508
444
542
451
458
465
439
450
441
418
431
437
472
425
441
437
450
447
434
455
496
435
455
492
416
448
430
524
463
451
463
479
427
393
462
415
489
430
449
452
493
422
468
461
399
468
421
453
483
429
486
573
395
422
433
386
425
479
459
400
479
472
501
442
431
514
378
406
497
446
478
445
458
465
462
469
486
504
518
440
473
490
457
432
475
475
432
430
440
430
484
472
477
492
419
417
451
462
419
537
483
430
434
466
502
495
504
480
463
402
408
501
457
463
459
473
468
434
531
481
510
459
486
453
488
427
484
462
410
473
422
483
460
470
512
504
486
495
433
456
483
512
470
496
402
499
472
521
478
446
435
430
462
483
447
498
542
475
483
456
478
497
531
493
505
428
528
511
448
552
476
513
544
477
490
500
512
523
536
384
500
513
550
454
486
471
458
481
470
509
497
491
470
542
459
539
461
548
490
480
501
524
556
601
542
486
513
478
392
492
505
408
387
414
456
443
450
474
423
517
546
507
444
421
460
498
483
481
459
435
447
473
554
445
469
442
446
415
470
439
496
494
439
460
520
479
876
889
917
894
646
632
621
620
570
640
656
434
449
408
447
456
492
456
424
432
444
465
474
397
412
396
409
453
438
420
402
444
394
446
474
482
488
485
440
436
501
402
463
445
437
422
478
449
445
541
427
529
485
493
474
477
486
493
502
516
430
465
513
449
525
435
455
446
459
469
480
409
515
436
448
486
447
504
488
438
497
474
440
467
513
466
496
431
506
449
462
444
490
509
469
522
436
495
463
434
490
462
514
406
418
437
403
401
431
498
480
471
509
503
508
470
525
450
500
432
461
494
465
477
485
430
469
503
496
452
473
448
481
452
424
490
416
462
436
437
536
470
479
464
471
447
442
479
471
475
431
460
474
529
516
511
486
485
537
538
488
527
552
504
471
487
471
453
465
487
443
482
465
484
388
461
414
409
505
430
444
459
512
440
471
500
459
448
461
448
417
481
504
455
509
471
498
460
492
529
477
525
547
460
474
482
489
493
503
442
474
531
478
426
512
428
437
419
408
422
449
441
445
415
487
513
422
432
589
543
526
618
549
553
568
485
595
583
484
502
509
596
619
496
464
454
516
538
590
459
614
543
615
473
482
496
446
443
390
419
437
456
440
488
470
482
462
525
514
436
420
465
449
525
449
461
464
498
481
469
480
459
512
431
438
465
446
433
476
467
461
475
488
408
387
487
445
499
481
480
527
496
506
478
485
551
542
487
471
413
486
453
469
545
508
497
427
431
429
438
522
503
434
480
464
467
468
485
503
454
440
502
417
481
490
432
414
564
414
512
535
564
505
459
516
444
473
475
492
499
488
464
460
423
466
440
467
440
462
474
434
552
506
467
492
479
515
508
470
434
491
494
422
455
530
481
466
513
476
421
480
428
487
416
498
429
460
504
462
427
456
431
442
498
480
446
484
472
423
453
502
464
525
489
546
430
515
450
532
426
460
462
511
423
480
472
479
516
490
483
413
424
423
467
448
451
465
489
398
460
449
440
457
463
558
499
413
565
506
537
502
388
402
515
530
465
476
473
422
451
530
471
478
453
453
488
451
467
486
490
432
443
525
446
477
425
454
458
434
553
474
463
419
467
450
496
479
515
451
460
472
486
496
508
517
550
490
516
568
429
474
463
423
454
473
432
470
505
496
444
928
965
965
1005
1021
634
617
712
693
645
661
643
453
470
445
477
442
466
503
531
500
472
527
488
552
516
439
480
516
469
490
531
487
457
408
401
465
488
450
456
392
448
435
503
483
471
450
432
420
441
440
452
469
434
438
464
487
433
466
448
467
503
449
500
561
548
529
511
432
466
539
442
450
514
509
497
455
537
472
455
501
467
493
489
447
485
525
422
461
491
437
522
446
499
487
454
514
420
475
488
453
570
507
547
537
500
585
569
541
535
649
507
568
592
552
549
559
580
492
529
553
507
588
566
429
450
484
599
536
593
626
496
398
436
522
480
466
432
495
484
430
466
507
445
459
417
435
470
462
527
504
498
477
514
439
536
489
431
463
496
531
398
427
472
407
472
445
384
485
447
485
442
418
437
532
490
546
523
501
496
525
566
526
438
503
479
467
459
429
491
480
491
465
452
464
533
442
422
458
457
452
471
439
415
482
438
506
448
455
481
470
461
432
470
504
454
447
477
400
478
438
494
449
460
505
482
551
530
512
496
478
422
475
460
503
469
459
428
525
506
455
508
473
532
494
559
483
525
526
498
476
537
400
425
464
507
468
416
455
406
526
409
401
456
501
553
475
427
447
487
452
465
506
488
490
494
500
456
488
511
473
409
440
436
460
479
467
475
495
443
469
460
506
455
437
469
497
458
485
520
482
531
451
468
472
483
490
495
444
494
416
473
451
437
523
496
505
434
448
465
418
441
415
495
524
476
423
456
502
533
541
488
456
466
419
447
472
480
457
460
435
462
444
427
450
501
481
463
449
514
440
483
489
432
459
470
508
455
548
492
488
445
486
476
459
411
483
439
508
438
463
478
543
573
513
459
501
531
498
481
458
461
417
442
429
479
484
468
457
444
428
429
506
418
473
419
453
465
495
465
444
447
430
470
486
526
487
417
357
456
421
425
433
445
471
457
438
463
444
453
452
452
460
421
451
480
449
507
386
449
439
417
507
486
450
514
457
518
483
455
440
407
444
460
488
534
470
511
553
510
451
501
523
536
490
513
486
375
433
444
452
466
505
452
160
503
428
490
475
481
460
450
461
532
532
444
312
479
524
491
436
510
537
506
475
475
517
474
509
498
514
469
492
461
496
486
453
509
475
430
950
997
1035
1019
1001
1011
691
749
741
805
788
774
695
371
402
440
482
413
464
394
469
483
424
508
451
492
434
418
409
507
418
461
440
487
429
476
459
442
508
490
472
502
474
441
503
484
434
491
463
452
482
449
457
391
491
454
404
470
419
493
417
438
430
441
452
441
414
475
516
458
435
430
440
451
410
442
473
496
472
429
482
452
435
471
488
422
459
475
422
444
487
431
522
482
522
495
515
467
419
472
459
500
461
431
494
418
451
496
447
471
432
447
417
447
475
521
507
490
560
465
477
407
500
453
440
474
537
483
455
467
495
442
517
415
414
481
488
422
425
494
448
440
485
470
451
444
497
470
502
531
461
483
528
499
437
462
501
481
435
541
488
474
462
492
523
400
497
445
475
532
501
462
436
476
503
469
412
459
405
436
473
446
486
490
496
508
429
522
447
457
425
482
452
420
473
445
412
474
509
483
473
465
477
494
465
471
493
496
504
441
531
475
491
425
460
426
432
469
476
443
455
423
526
468
510
495
499
501
502
500
505
497
441
460
388
447
445
472
465
459
415
444
502
457
475
511
452
431
426
451
448
396
420
456
429
527
491
473
409
445
471
456
495
459
517
506
545
460
531
436
551
490
457
495
417
430
442
463
544
398
490
425
436
489
511
386
571
605
513
453
466
477
467
576
599
571
497
424
549
568
620
497
597
487
480
476
457
532
465
474
480
421
452
501
539
488
500
471
402
433
498
451
525
537
445
474
465
473
482
490
488
389
475
450
432
471
441
458
419
469
454
446
474
389
481
481
445
463
490
449
483
432
438
478
444
455
497
528
489
475
532
485
469
495
499
458
489
446
507
410
481
481
447
510
478
473
463
478
478
438
455
438
452
483
479
493
437
468
479
499
504
440
453
466
421
445
440
471
446
464
492
461
471
415
571
573
432
501
372
422
458
462
433
492
443
459
474
496
440
457
478
489
444
493
482
455
504
486
455
428
417
402
383
445
430
419
406
414
398
457
471
444
410
558
500
403
461
499
473
436
504
449
490
468
511
471
456
501
421
492
434
458
493
479
499
458
411
483
437
433
445
452
452
484
510
480
494
451
473
458
472
486
497
510
529
540
490
469
503
474
607
495
484
424
388
433
420
474
489
437
857
894
852
893
940
894
944
585
623
590
560
525
578
566
479
476
482
496
606
453
461
460
432
495
487
410
469
504
426
413
425
433
438
528
452
451
538
456
457
474
497
475
450
549
494
456
429
451
490
430
420
478
474
481
539
508
493
468
428
462
392
433
426
447
412
499
519
521
471
405
475
472
494
463
480
423
457
502
420
431
476
463
448
424
488
457
495
474
403
524
434
419
413
575
452
466
495
521
471
497
429
460
517
532
495
469
408
485
443
449
494
525
521
412
446
407
421
456
442
530
523
448
455
470
472
439
450
431
462
465
510
418
498
424
429
524
478
439
473
428
460
420
469
451
515
490
541
466
445
430
455
457
426
469
469
445
452
484
481
520
484
443
403
417
424
466
437
416
492
461
476
442
483
509
465
506
431
391
468
476
481
425
499
442
422
430
427
443
455
469
487
463
449
515
504
482
467
523
432
435
376
382
389
482
417
476
439
494
483
456
424
476
488
431
474
495
499
454
470
453
482
443
477
456
446
417
496
430
462
426
508
426
476
420
425
470
453
441
506
484
492
424
470
483
521
487
498
505
466
579
521
460
501
443
395
392
434
426
453
465
501
478
479
416
406
492
417
438
483
557
454
450
455
469
448
424
384
434
459
484
520
475
439
487
553
453
514
422
481
433
489
458
430
413
457
433
449
436
446
493
521
478
503
446
447
462
535
451
469
405
435
530
478
429
478
492
439
469
550
570
488
494
504
522
525
496
486
467
478
545
438
477
506
457
524
479
527
453
468
413
503
439
449
457
471
423
502
464
442
500
462
453
490
423
479
540
504
485
521
485
476
500
476
447
483
507
512
425
434
456
389
398
415
423
471
475
571
493
434
497
506
405
504
515
443
463
471
484
486
535
506
497
541
499
488
462
460
415
515
394
513
474
428
459
449
489
469
444
400
517
442
462
472
480
508
515
484
469
550
527
509
496
494
463
474
429
447
407
456
493
470
447
475
481
484
413
498
451
432
478
500
462
474
425
454
544
460
474
487
503
512
454
510
471
475
431
487
469
481
426
408
397
465
441
420
487
477
514
504
445
479
435
451
489
422
499
503
516
528
462
542
486
436
462
499
531
526
467
406
323
500
495
439
459
558
502
550
518
464
512
936
627
669
723
693
669
717
689
450
486
503
449
489
518
474
453
482
484
514
473
519
490
425
458
423
467
419
463
420
498
445
410
422
469
484
427
510
511
443
482
505
491
501
437
514
428
476
464
489
434
433
498
402
406
502
445
527
539
549
490
523
470
499
538
564
407
439
420
411
476
393
415
439
485
391
467
479
487
495
462
446
412
446
478
494
465
457
493
485
460
495
471
484
426
561
473
461
507
424
491
512
476
439
502
554
435
504
456
499
480
459
456
426
435
534
476
423
498
505
456
529
466
477
433
546
496
458
472
456
472
417
429
516
448
451
503
445
457
472
487
504
507
414
469
438
438
419
478
381
461
423
455
475
444
539
490
477
521
470
485
498
455
466
395
489
461
449
495
483
466
526
438
440
443
425
441
463
487
370
418
483
474
468
458
490
483
433
463
499
445
448
471
428
467
450
442
494
482
409
401
434
467
495
473
405
419
440
480
421
498
430
466
422
465
455
415
436
474
512
473
497
464
434
495
472
446
414
439
413
442
457
425
473
455
400
465
441
423
483
468
532
434
428
468
467
388
430
428
448
516
496
481
485
526
444
457
486
437
498
483
429
498
472
452
555
460
466
447
467
488
452
441
494
540
501
473
446
454
493
512
455
477
515
476
500
435
442
528
468
484
491
411
456
444
398
431
462
455
400
470
432
422
486
470
461
435
414
534
494
442
425
479
485
410
480
497
509
439
445
445
484
426
459
493
441
468
441
486
437
506
584
487
477
455
454
466
460
516
450
455
462
496
451
429
475
463
446
486
480
487
546
475
535
520
459
588
524
464
478
537
486
445
433
471
436
486
499
442
405
439
430
444
455
457
476
493
481
455
490
462
433
488
448
495
497
451
471
484
500
438
534
518
508
493
472
536
521
528
531
455
547
551
479
465
499
491
513
526
447
483
436
444
419
443
449
454
460
465
442
458
490
508
466
423
483
486
466
421
478
537
522
562
479
515
552
501
462
494
464
411
489
428
389
435
385
411
457
396
470
411
486
448
492
420
466
431
447
389
410
423
410
448
515
498
479
540
525
423
501
509
451
460
454
462
461
477
424
452
479
415
458
466
491
420
422
434
517
454
475
501
512
479
492
525
471
462
474
491
508
476
863
884
614
589
607
566
598
570
584
403
448
444
435
446
463
452
422
486
479
469
549
475
536
466
499
440
479
431
480
416
446
439
458
479
438
475
502
480
447
488
419
462
461
506
500
480
506
457
500
529
493
509
513
451
421
488
488
462
476
525
452
497
480
465
472
504
462
446
451
438
487
467
458
408
402
443
468
466
540
446
479
457
493
432
441
447
518
456
476
435
487
446
554
475
394
455
425
476
461
423
502
423
453
479
516
426
424
471
527
448
460
471
479
504
410
425
450
495
449
466
489
470
472
457
524
509
435
475
539
436
527
449
546
420
476
441
478
497
428
475
431
466
501
448
419
488
545
514
471
528
493
482
424
433
449
435
432
445
460
393
402
489
505
442
449
374
408
440
495
411
414
435
398
453
406
464
466
467
473
431
484
412
457
444
423
485
454
439
455
516
504
430
483
409
434
404
444
488
468
452
376
454
474
511
475
451
482
488
544
483
470
471
426
453
431
505
466
484
464
492
453
470
441
498
557
445
498
477
479
511
439
483
531
466
429
417
449
439
426
483
465
428
432
431
472
428
500
429
522
423
459
481
435
446
468
421
473
441
552
436
473
453
460
501
542
425
479
466
506
474
468
457
489
522
458
494
532
482
483
473
477
482
529
451
478
452
472
450
408
506
468
501
421
506
557
454
441
481
429
463
444
454
430
522
420
433
476
415
492
501
423
448
515
505
444
453
452
486
475
488
449
450
451
506
484
470
485
453
469
507
483
495
457
498
513
461
499
466
564
508
543
487
476
475
534
439
512
502
435
468
479
514
499
477
510
472
491
495
438
450
533
560
427
411
449
441
476
535
525
458
540
429
497
436
497
439
420
514
477
453
477
477
525
507
380
462
470
524
504
459
516
440
475
441
455
424
531
471
496
438
521
490
502
460
444
410
441
478
501
517
472
499
498
432
437
444
474
521
535
499
452
442
460
475
478
495
459
411
494
503
433
442
458
539
484
521
466
496
526
496
481
517
478
490
526
562
508
477
413
499
502
492
483
462
508
405
425
470
541
434
524
397
444
419
474
447
413
417
425
435
451
435
459
437
438
454
501
487
513
542
519
434
463
541
457
489
484
452
492
371
420
456
439
469
491
454
455
488
459
481
886
895
997
659
625
674
674
614
640
633
466
481
444
480
451
438
489
408
428
464
496
447
419
523
491
478
534
526
503
484
471
450
495
449
502
492
468
520
488
467
444
506
456
439
430
493
439
424
472
454
442
449
490
501
506
482
572
432
463
579
479
510
518
490
469
449
418
402
442
476
440
513
542
447
495
424
481
562
472
409
423
445
425
421
473
456
519
500
481
414
411
505
512
437
531
513
463
477
522
457
491
459
438
453
440
454
480
524
449
406
456
520
444
404
467
452
498
495
507
475
465
546
542
495
476
457
490
444
472
457
519
450
482
411
456
486
436
443
544
496
460
497
457
430
438
587
466
451
482
545
514
497
521
500
456
477
490
500
520
410
501
450
527
469
446
458
483
539
507
478
536
504
557
485
464
451
467
483
515
549
414
454
404
427
467
429
544
489
454
444
482
541
502
554
404
491
553
492
446
492
514
419
507
408
497
491
508
525
456
455
493
480
432
506
440
448
438
497
444
457
476
448
434
469
505
404
447
456
503
444
495
483
453
497
485
433
483
519
572
495
494
473
475
501
457
526
536
473
421
489
404
483
424
418
440
430
523
488
517
441
455
561
405
425
511
470
451
465
474
490
507
451
493
426
439
530
462
546
533
453
502
514
482
498
529
474
501
513
458
465
462
477
496
459
500
422
466
469
434
449
433
463
494
442
471
508
467
437
454
565
485
501
514
500
391
477
493
466
435
398
472
438
479
459
445
505
431
474
389
415
465
447
443
455
401
532
488
529
488
528
487
520
486
454
417
473
516
436
489
424
451
434
444
537
473
425
383
473
474
486
434
506
512
582
499
518
445
549
479
488
464
465
464
474
477
394
482
477
474
407
418
416
433
442
398
486
497
431
446
485
441
462
441
484
549
431
490
537
504
522
470
497
492
461
518
510
463
531
404
429
411
432
500
423
433
466
498
460
475
429
437
473
508
524
473
490
433
482
522
479
453
472
513
486
486
548
443
484
455
505
475
491
462
444
470
441
484
469
476
460
458
415
491
443
432
437
463
434
442
471
422
541
449
487
434
497
425
464
397
552
493
489
447
515
549
534
539
481
511
546
496
533
475
509
522
485
518
528
481
517
421
470
453
466
500
489
482
505
413
417
905
947
926
956
637
636
646
654
669
686
696
522
466
456
550
466
477
426
452
439
437
515
502
499
420
413
435
451
468
489
502
456
504
403
423
499
450
447
462
396
489
418
451
479
448
455
486
383
414
432
484
463
459
400
418
486
464
455
450
492
477
474
435
454
482
449
550
445
514
459
483
485
520
525
509
419
419
429
442
450
415
449
447
444
474
474
481
431
440
447
460
497
460
440
462
440
459
432
445
433
490
482
425
466
509
471
538
517
428
459
383
432
439
416
464
417
449
449
486
437
494
504
522
481
475
461
449
511
441
411
451
444
475
454
463
435
426
468
422
465
466
447
492
481
477
475
453
390
544
558
495
504
488
410
369
415
503
392
490
452
425
460
448
516
436
400
466
525
499
488
407
470
474
469
486
458
419
418
442
442
476
416
474
461
461
475
477
486
498
440
477
463
536
485
519
531
425
413
461
445
424
414
413
398
462
447
429
494
481
474
417
463
485
449
457
486
500
448
480
429
491
509
535
436
434
476
435
442
437
446
533
419
431
397
488
458
471
457
476
505
463
409
504
433
527
545
481
529
479
443
486
472
534
481
472
464
461
490
490
449
400
487
391
414
458
440
430
435
508
519
522
527
459
432
453
554
571
578
505
519
489
486
493
496
474
436
402
504
414
478
413
428
437
373
491
515
461
426
453
470
428
507
447
446
420
520
470
484
480
438
466
504
457
503
450
427
454
442
512
485
469
453
499
420
488
484
468
474
452
469
512
453
499
482
471
481
453
480
468
414
493
431
439
404
422
378
472
470
453
441
484
518
565
468
526
508
436
451
446
445
430
513
515
496
489
506
442
421
412
420
493
477
418
519
397
439
469
466
480
485
501
528
476
427
476
487
498
534
493
524
524
507
494
410
460
469
448
524
472
444
453
427
479
406
501
434
522
512
527
468
525
460
475
440
468
483
520
550
581
528
478
509
540
568
519
462
577
527
553
441
401
461
442
469
473
532
431
467
478
472
428
488
473
477
504
496
435
448
520
417
448
443
537
470
465
495
438
425
488
419
457
443
446
481
488
411
418
426
450
526
475
444
446
479
476
503
500
477
399
483
487
492
497
495
460
464
510
523
479
519
524
495
508
521
527
459
474
489
499
477
961
1032
1015
1029
1032
526
593
586
634
616
600
589
568
424
452
491
432
467
495
449
441
472
514
455
493
453
467
452
448
554
559
466
458
468
454
462
460
460
466
473
476
420
482
479
456
443
438
477
441
437
513
515
427
447
474
423
443
533
544
475
490
498
416
406
403
502
448
485
449
439
479
445
461
493
483
469
508
411
460
471
485
495
507
450
478
484
452
468
496
462
449
483
442
552
463
479
435
519
507
487
478
472
483
493
412
533
476
419
455
422
456
402
479
429
483
417
428
393
472
455
436
424
489
462
451
495
439
497
556
525
491
478
434
443
470
514
456
491
432
469
471
431
436
466
522
523
421
479
483
409
420
445
515
455
458
452
427
487
491
536
469
432
466
460
527
508
427
407
472
418
451
487
434
552
495
404
465
422
440
370
470
451
495
508
514
528
543
494
482
480
508
456
493
521
473
503
517
477
495
448
469
438
467
398
508
491
431
528
464
497
464
473
410
487
411
435
509
478
509
450
454
458
447
456
500
487
492
438
470
500
456
485
483
450
518
498
478
481
510
514
496
419
476
485
466
483
438
463
492
478
539
481
467
473
470
480
477
480
483
503
502
458
489
528
514
502
485
463
411
478
481
488
442
509
513
500
514
461
456
562
570
561
499
491
445
468
559
514
418
511
464
536
414
482
491
424
465
480
424
453
416
434
420
455
542
486
571
492
504
469
470
462
445
595
478
461
503
445
473
485
532
511
510
417
411
437
438
465
511
472
415
550
429
488
460
431
490
541
465
454
496
500
534
519
502
434
524
473
550
481
495
449
483
480
496
511
488
429
406
395
422
500
517
528
536
406
463
434
471
437
581
476
446
514
437
467
560
500
498
511
492
460
441
521
527
483
468
430
468
447
456
458
407
482
477
514
463
503
563
456
492
447
489
454
514
479
454
421
527
463
485
473
481
418
483
490
457
503
487
493
455
505
554
468
461
447
474
511
488
450
465
401
515
493
443
499
494
467
515
507
545
452
485
447
449
455
464
416
498
455
464
447
491
489
537
519
504
422
488
425
462
491
453
467
455
471
542
421
511
433
463
420
507
472
467
538
519
503
501
478
513
499
545
535
543
417
410
466
460
454
445
485
501
508
541
487
522
429
493
441
835
776
896
844
817
823
866
506
542
594
545
584
532
572
458
515
552
526
488
473
510
546
493
468
479
558
519
538
461
484
473
455
458
504
404
444
528
430
436
506
500
479
486
480
503
457
500
476
449
434
449
454
409
460
472
437
419
442
456
490
462
441
455
482
466
460
459
494
493
462
509
519
491
502
479
488
475
496
451
503
478
445
592
549
464
492
504
469
541
536
468
432
423
426
410
478
487
498
431
447
491
520
470
494
531
447
500
521
454
492
526
466
485
508
459
473
504
485
418
405
495
460
512
526
532
548
483
485
412
479
511
496
504
506
420
411
452
436
447
450
403
451
476
442
475
433
467
497
551
481
485
489
524
499
424
483
502
525
445
459
472
505
436
465
458
438
480
474
489
463
472
482
504
510
517
532
537
572
510
544
486
519
470
505
460
421
508
416
470
464
434
443
456
472
507
466
507
441
422
474
443
498
558
438
460
421
479
445
522
478
438
514
493
507
481
538
459
473
441
483
465
448
449
413
473
442
434
518
462
453
471
462
448
422
434
444
469
468
401
506
477
449
498
469
