398
1464
613
2589
1607
1632
702
276
489
224
423
605
259
454
1013
578
1580
1602
865
573
2854
1882
3010
1956
2708
1753
834
200
835
457
1255
440
1013
483
621
1171
475
150
455
333
380
306
962
226
214
979
1379
811
206
263
918
946
1174
754
1066
592
886
811
300
1000
1031
730
1401
650
415
572
181
266
645
269
916
1890
2707
1707
821
897
621
1259
253
1014
248
961
418
526
506
396
366
938
755
559
1491
1872
1835
1348
1252
1286
290
403
342
325
326
159
257
747
615
585
996
803
483
312
985
378
240
364
834
1836
841
1217
1042
767
699
298
550
389
188
1180
651
2183
1186
1599
1641
1064
632
1743
1085
1812
826
1590
543
463
669
923
309
632
526
1398
271
386
596
1378
1299
851
854
777
405
779
655
842
804
689
971
683
695
392
1261
1293
373
1222
266
234
1037
276
955
1300
915
275
202
113
617
1132
462
482
236
407
1697
764
1710
777
1043
367
477
856
332
623
354
1237
1006
487
667
409
1749
748
1785
782
1761
868
278
988
1094
464
838
199
258
641
1190
262
865
328
1566
630
1096
740
365
2220
2053
1089
637
412
1433
1272
750
2502
1483
2468
2638
4081
3602
2648
1721
782
217
1631
693
330
905
1051
455
271
1016
644
634
425
413
110
355
871
1555
929
1574
658
2140
1207
540
644
610
849
647
197
1499
475
507
1524
1409
1340
657
902
1417
556
348
993
594
849
640
1053
1190
810
2016
1008
674
813
1311
331
392
1033
506
620
577
350
980
387
1488
559
683
452
702
255
2316
1382
529
1478
562
872
2384
2458
1531
1918
1049
1771
1624
2318
1391
463
799
564
527
156
1433
474
1195
409
2403
1495
649
260
1087
948
417
270
441
312
2267
1331
567
1382
947
428
903
611
263
634
226
809
1109
1521
845
1136
910
639
707
683
192
365
346
2532
1557
784
2514
1323
2334
2404
6415
5597
4590
3632
2678
1694
713
1512
2496
1853
1869
1169
506
2011
1050
2304
1382
623
1090
587
1511
547
1107
1012
1128
494
1520
1619
1740
935
998
1472
704
613
1547
549
437
580
526
445
488
403
1019
323
1427
539
902
317
303
154
1099
320
248
238
540
307
1298
725
587
323
584
639
755
278
184
322
273
549
928
417
753
304
549
367
480
772
277
190
1199
225
517
511
237
210
718
386
248
668
1234
1393
752
893
299
428
533
325
1020
865
317
310
180
685
1029
432
495
880
808
663
690
565
200
272
367
1134
267
218
677
1272
562
1083
992
218
456
483
923
330
252
200
1079
855
925
1316
712
1365
1814
943
598
726
855
375
733
652
261
1040
292
572
811
471
868
1073
1127
834
1505
578
1178
330
1027
769
926
937
520
609
271
818
298
538
429
401
1241
486
1239
577
781
638
867
255
214
1055
875
818
1242
642
643
741
887
721
1595
2498
2186
3332
2790
2198
1199
2542
1782
1973
1064
1126
1096
285
851
802
628
962
722
1657
1944
1340
455
412
636
513
195
353
255
433
1192
1124
734
818
723
331
1044
1008
674
408
406
719
662
708
575
328
171
299
711
1024
877
259
323
491
703
90
343
1387
1204
206
1580
585
295
233
166
835
147
622
687
1200
209
802
633
578
1587
779
769
391
1598
1604
780
1015
1095
702
766
760
273
1393
722
1425
2418
1421
422
1251
539
1213
387
822
512
977
698
234
388
606
613
370
603
719
879
301
317
216
950
1336
939
452
1286
757
369
643
979
983
591
868
724
1595
591
990
697
975
477
247
300
788
266
98
139
858
136
394
845
1922
1034
614
312
544
653
727
828
1265
266
451
1147
230
336
191
184
267
1657
2184
1183
1962
1575
1975
1824
989
482
275
591
1163
978
1114
211
266
385
1438
2102
2526
1521
2407
1413
782
931
687
108
153
313
244
440
197
1622
640
294
187
462
233
146
297
1158
250
259
265
465
232
363
776
537
1150
614
791
554
516
294
752
344
567
198
819
654
1222
1219
1243
654
264
1737
752
718
379
603
586
347
480
1734
1533
1085
1121
926
556
947
526
889
1269
969
615
1000
1668
2690
2994
1999
3075
2830
1826
826
531
866
1288
881
153
404
299
357
990
183
798
1722
848
571
331
824
739
712
905
585
758
266
826
634
1009
963
711
418
234
751
514
1194
508
949
840
1683
687
490
318
242
304
1738
1258
970
324
410
218
158
348
436
963
172
186
612
1198
295
382
681
481
1440
1084
639
404
793
353
400
470
263
186
273
151
907
344
843
630
517
393
470
1003
457
849
510
327
747
619
801
507
903
668
883
766
1319
1189
2033
1419
1831
409
1442
568
1257
833
1003
1462
725
1451
703
670
590
729
696
801
938
257
912
362
884
293
512
822
412
358
188
113
1639
1842
1744
1757
985
927
684
1584
715
656
381
505
499
338
430
629
1051
327
917
1209
664
426
520
899
562
936
748
557
677
754
198
147
877
451
459
562
1087
212
225
121
437
640
695
389
1189
723
1364
759
662
766
516
1001
1856
945
1848
921
713
889
1260
600
1060
404
428
488
762
256
107
1432
510
1249
509
883
755
147
211
622
201
1160
967
672
533
724
731
1897
1985
1666
2577
2004
2589
1593
589
173
1105
219
481
525
212
463
323
557
908
421
688
1834
1015
1057
440
549
552
844
203
577
173
229
152
981
458
1017
1321
787
515
447
184
280
407
601
741
548
117
175
864
809
639
334
741
883
992
1913
1092
1179
846
624
252
565
1286
381
709
116
704
292
907
430
243
1955
959
619
927
872
261
625
847
330
807
789
302
364
1370
375
244
186
699
617
993
1082
251
843
734
1278
1005
1327
440
432
1107
349
707
292
110
180
788
1039
1193
696
1802
2895
1952
1513
511
489
562
287
482
321
512
879
185
1097
692
974
834
1361
846
262
523
1039
862
267
1198
234
532
638
410
1342
983
1926
1096
328
840
538
364
310
423
1190
236
995
1498
593
563
226
888
838
300
422
927
361
1665
1018
633
606
1188
1138
341
731
300
476
189
974
535
714
584
1140
790
774
1420
2364
2929
2082
1085
1763
767
927
1854
1249
1079
742
743
464
989
494
1101
697
926
430
945
547
714
366
1386
387
288
490
222
103
1065
558
766
1623
1324
320
555
575
890
423
639
625
935
463
1184
592
296
878
364
435
188
550
866
652
368
510
571
556
479
261
508
232
506
1255
958
299
246
399
1301
1783
919
758
346
189
1020
1171
216
222
176
160
165
183
321
968
228
357
776
155
510
397
148
752
264
425
684
596
617
228
636
936
889
365
1500
501
114
1310
277
498
134
358
979
348
548
836
863
1228
1106
403
754
649
572
849
687
1035
681
2078
1104
659
227
573
1312
312
788
1268
768
638
569
292
178
470
296
825
390
845
1423
1452
696
200
454
584
713
987
510
825
532
1138
1783
1133
821
606
363
608
1045
982
365
1284
303
309
573
934
549
1392
390
846
336
297
516
315
1093
1383
861
528
155
603
1114
1438
1799
780
453
267
205
867
761
535
357
154
253
541
392
299
435
208
278
640
339
528
914
248
623
772
233
256
120
1924
1718
720
257
318
963
723
200
352
428
743
788
281
828
291
273
679
735
950
240
146
425
113
626
879
963
636
714
191
793
549
406
672
457
1050
127
299
792
994
623
531
923
884
599
131
769
927
884
1109
1264
1154
783
449
905
375
1103
908
1284
289
565
717
726
632
640
454
552
283
311
468
361
495
1220
961
869
665
878
687
1006
650
1416
504
933
2317
1856
2504
1811
1372
1256
1680
1493
2895
2795
1810
833
357
753
620
682
1046
568
1046
736
728
769
505
857
841
753
1289
379
588
582
2151
1193
425
636
622
376
450
1841
1031
461
997
343
646
326
697
400
103
595
684
817
805
143
953
803
831
660
2123
1728
1039
263
298
196
429
1355
831
949
519
2490
1655
659
145
368
215
342
1492
1771
1781
1616
972
374
616
245
235
280
573
265
303
681
545
966
1043
126
144
925
1532
721
762
609
891
380
736
757
1040
397
468
946
488
624
333
649
1187
436
1274
400
929
870
993
137
421
1074
907
281
433
775
641
904
651
412
712
207
365
261
676
332
163
998
826
747
701
346
1034
768
250
142
148
373
570
1316
302
1009
709
1266
453
304
379
143
970
1556
1308
587
205
448
1364
826
747
420
979
582
153
945
275
823
826
2194
2359
2150
2061
1312
567
1140
1399
1533
1557
1855
853
941
646
556
542
703
707
754
433
1290
1129
1044
631
1266
961
1374
1678
1790
1120
2239
4127
3140
2141
2068
1067
1775
2238
1234
1207
1073
765
696
521
261
245
650
525
369
647
581
857
688
674
1023
225
810
1299
991
708
573
1016
1121
913
913
296
664
108
492
1674
693
437
782
333
1218
1081
455
1523
559
226
321
362
1597
733
301
1116
972
247
807
3260
2926
2577
1841
1422
652
178
98
469
1322
692
2025
1013
209
590
275
179
557
412
261
544
1021
1013
2089
3057
2499
1684
663
638
1209
1877
2664
3024
2206
1185
3634
2640
1638
666
685
483
1050
847
424
241
201
563
825
1292
684
530
926
314
224
132
1303
955
1748
1111
1627
2043
1172
1477
1264
905
1248
1721
714
1490
1308
932
416
662
316
132
776
930
822
804
880
531
665
728
292
407
236
199
183
135
333
670
3160
2161
1220
1016
615
1441
891
1565
1171
1228
1048
781
761
521
275
931
248
825
567
384
524
1226
228
473
934
615
779
696
322
1121
970
1102
257
967
387
911
496
420
1269
1236
809
464
568
455
86
264
2889
2104
1472
1717
826
3149
5571
4724
3728
3492
2705
1950
1612
897
184
386
1601
1605
846
978
931
740
261
728
1249
1297
314
1006
801
538
1258
1017
1150
675
441
1227
240
651
985
829
409
942
1050
405
601
1181
856
257
929
312
1023
635
425
430
574
887
336
725
355
812
1303
394
1183
404
1440
402
1333
886
829
302
814
303
305
135
474
1327
363
437
876
711
554
1554
785
374
329
160
435
255
115
147
131
152
377
370
273
263
284
491
620
636
329
124
1563
1493
1004
496
401
1500
542
2729
1763
884
688
315
509
820
354
556
710
113
209
165
337
435
466
1157
204
266
885
254
347
250
143
915
218
678
397
1210
242
1213
626
955
707
719
429
513
205
395
763
136
1574
620
795
184
641
603
362
1742
761
625
1153
499
427
1299
2323
1541
1099
1162
1207
2040
1685
750
424
758
478
567
946
246
598
956
290
264
723
433
532
1351
837
1197
734
503
715
585
895
369
700
567
95
413
310
564
548
257
1566
588
1300
320
1126
852
319
599
926
350
1058
982
1211
386
329
604
967
369
1063
284
631
294
888
706
1751
1111
216
960
812
229
747
956
662
1520
714
1386
359
260
435
507
341
1024
503
154
459
203
383
1038
863
981
1099
860
601
677
1221
1885
1078
1071
677
314
508
917
1247
1063
1294
610
1195
1248
488
1085
201
564
1106
645
1099
220
1005
221
195
1129
1733
732
895
1179
490
1019
924
467
117
356
798
216
1967
1007
349
473
845
1104
656
324
704
384
144
295
226
688
355
937
315
280
557
985
540
317
458
465
676
1627
876
619
513
1311
1748
837
1219
990
918
394
329
1105
596
219
1845
846
319
487
563
781
779
535
453
231
700
990
296
192
266
366
442
426
1477
729
198
546
279
183
180
249
977
1158
457
1392
411
445
507
365
362
514
332
434
1569
1087
199
1654
656
1183
1089
411
129
1800
1034
1107
1152
645
360
356
276
294
178
101
294
269
221
1001
1189
380
620
573
419
1300
512
496
1057
198
292
148
391
675
282
303
607
614
980
336
1096
200
213
774
413
186
309
443
164
490
1245
450
837
100
1279
299
647
932
302
150
259
153
339
362
337
305
382
833
488
751
707
1390
1178
1278
1179
1117
102
467
1574
1137
1866
888
1396
687
467
548
326
160
768
282
152
714
535
1296
470
1004
1161
812
755
109
1060
746
316
145
177
1065
1212
1612
806
1188
1386
360
1006
312
572
259
495
562
576
517
230
188
136
153
565
185
131
634
533
244
178
966
220
223
835
262
628
1341
339
695
137
626
99
304
998
1651
1407
1293
1961
980
287
215
405
1079
203
1322
925
524
291
915
374
393
714
497
168
1110
1047
317
632
671
537
362
564
460
158
1490
466
756
136
245
139
517
515
256
888
597
493
258
481
157
177
205
1580
822
643
850
520
786
1115
263
531
1122
213
1530
565
422
197
606
485
526
192
674
256
1012
362
1266
746
1159
447
1220
912
716
777
1209
689
609
1257
279
214
1586
618
385
744
430
297
1021
297
997
322
181
420
1060
203
680
1837
1172
1558
1336
978
1058
736
743
564
663
419
484
189
181
532
677
328
1774
745
611
670
2682
2748
2054
1521
1831
1024
1664
662
2897
1858
869
140
206
161
820
293
149
147
194
626
307
205
216
396
475
832
1439
856
303
490
1012
1071
785
215
567
470
1277
2326
1905
1439
1925
940
1892
1968
981
2300
3358
3214
2562
2142
926
244
286
1144
328
787
269
782
2698
1716
680
433
934
527
102
209
1141
672
2507
1602
1860
860
982
592
959
838
1058
1301
416
320
457
466
778
985
746
720
273
262
552
494
116
1302
403
320
394
390
818
1467
1235
222
246
285
322
604
741
620
654
400
1589
609
370
579
392
330
901
355
1776
861
840
1055
2419
1895
911
429
367
217
190
186
309
151
316
174
1605
1023
808
329
254
467
264
398
809
663
261
335
193
244
797
1063
542
800
759
387
413
310
1664
662
1055
516
233
640
1018
943
594
777
245
181
573
181
183
135
543
546
1203
304
1813
954
1265
1601
764
206
100
604
600
1317
390
700
1921
1191
786
1065
308
751
696
566
957
645
112
451
646
1185
764
1366
789
222
305
378
1076
3320
3267
2272
1617
1847
1507
582
1288
594
1262
1128
497
868
718
186
738
1131
318
585
147
266
247
375
804
451
1486
594
1556
547
764
304
315
1383
411
522
1281
365
799
694
300
998
224
188
940
298
1152
392
343
961
372
605
600
580
1799
2150
2330
2028
1010
1327
1057
1203
449
621
1060
1061
453
783
1012
1161
711
1432
1758
1348
2273
1303
796
1698
2033
1030
203
1696
675
542
333
667
678
529
420
437
746
906
339
333
149
1096
206
778
951
934
605
845
1011
1369
1024
1095
595
884
272
375
431
1653
1403
579
586
956
1856
931
1317
996
1805
1118
1058
756
730
699
1201
906
348
430
630
635
961
214
354
355
562
884
1046
957
850
1127
851
1174
1256
624
851
1157
1234
1688
950
1033
1772
1629
401
1884
2212
1212
339
270
353
1613
667
1805
806
766
361
871
721
224
486
652
659
1764
779
275
631
289
492
103
709
360
158
890
493
596
673
304
387
188
238
181
349
180
559
1814
797
512
561
537
569
309
381
969
1027
1467
516
451
764
1816
888
830
639
278
178
698
449
883
234
493
520
999
346
610
92
712
2538
1538
1454
1059
1085
767
601
450
308
914
792
315
327
559
1048
278
660
427
407
980
306
642
582
457
406
1070
494
1096
763
1139
928
1217
1082
534
717
1135
967
637
933
459
253
252
155
280
759
487
874
337
482
410
525
724
1164
1356
383
1053
959
936
1083
118
158
221
619
156
287
158
484
1043
474
957
1165
459
193
1449
817
464
761
646
805
542
288
637
708
927
215
1061
574
421
464
804
688
235
1063
265
525
670
2027
1017
1202
721
347
286
694
383
1514
512
532
597
307
562
692
184
466
879
887
1900
920
880
764
1316
841
1037
600
255
811
1054
303
2602
1600
727
711
1379
496
765
944
1776
1986
963
914
377
1181
371
789
2250
1425
983
1255
2297
1969
1705
1046
1303
975
616
1119
665
1132
1071
284
340
654
277
499
737
294
190
279
1145
1341
2056
699
774
330
528
238
717
269
883
439
293
345
262
632
816
270
764
370
170
275
240
131
815
340
929
348
243
191
237
1289
908
1055
1043
339
692
700
587
1068
787
300
315
561
491
741
1116
552
462
952
1078
567
660
251
130
180
329
252
124
380
1536
1373
936
537
1449
863
650
99
809
431
323
956
749
409
634
995
560
354
239
274
123
154
189
1511
1038
550
204
825
921
970
524
287
778
338
202
94
1076
832
1149
403
893
202
134
646
997
691
288
751
720
651
392
572
657
659
168
183
636
620
550
1087
458
1440
1170
293
277
1070
445
294
1140
1228
1123
816
612
353
309
1446
396
1953
899
1143
1099
389
257
250
310
823
462
1342
359
955
395
358
1349
1315
316
507
1909
926
1084
786
306
301
291
980
308
426
267
1777
810
360
515
710
866
269
369
686
1142
329
334
189
1635
1143
753
725
791
664
1890
914
343
356
243
1010
517
550
435
501
332
1395
1705
708
654
1491
1540
538
665
100
1468
483
620
913
791
918
1486
471
748
722
445
496
1144
996
478
807
936
727
631
510
320
412
711
625
998
343
905
1092
206
567
510
936
1080
1143
783
586
1534
1101
1052
840
1195
535
270
908
277
279
269
437
285
192
919
404
507
403
557
176
1222
797
863
1534
1013
1321
605
832
816
219
648
497
530
369
412
362
2009
1011
276
244
390
674
646
1107
242
1192
1375
591
725
1017
777
617
272
486
2248
1287
287
2432
1432
1016
443
283
1285
957
824
1239
838
1150
429
1185
285
860
217
609
262
440
564
278
331
189
338
740
588
294
268
1201
280
1097
439
687
269
995
1148
758
729
268
467
262
2357
2861
2451
6659
6295
5331
4296
3338
2354
1372
3141
2743
1746
1601
781
1218
898
898
948
598
614
573
1069
781
1126
559
401
582
370
489
585
281
261
487
251
687
2409
1410
623
360
324
581
2062
2125
1126
984
858
838
462
796
302
944
221
758
1659
704
797
746
742
365
543
437
972
280
415
1674
889
471
439
299
162
274
641
1001
817
1207
1188
1115
242
499
753
500
980
254
303
1178
1154
286
763
1088
423
850
559
397
343
702
1143
592
608
1002
208
986
634
1017
1097
948
854
825
1006
1258
1306
1144
2114
1134
1672
823
463
774
671
323
803
370
1661
627
606
693
966
860
534
610
884
844
585
706
1413
582
583
776
920
260
708
352
284
408
665
283
387
399
805
904
1706
1065
566
420
1368
370
555
774
590
614
310
368
652
337
1026
702
1003
201
394
1573
751
475
714
1714
1358
1146
613
1157
1410
1273
1348
2332
1331
600
1383
482
914
592
1439
1291
887
256
1347
830
300
870
1386
1366
954
1926
1086
814
448
570
478
671
479
297
187
503
981
3567
3255
2337
1345
459
1825
819
992
811
449
186
1918
943
627
612
1049
1091
469
1977
2284
1283
542
294
1331
848
815
481
160
890
249
357
508
649
285
533
334
290
887
855
540
501
2482
1576
648
1119
330
645
1077
347
631
1321
372
596
225
1072
897
1128
776
620
1718
737
1445
431
405
1635
666
872
206
329
398
1200
1062
1153
803
817
1273
355
379
842
606
314
1332
925
298
1010
1827
830
854
1075
392
241
320
557
191
1290
370
635
421
100
1046
1300
272
409
778
1021
296
134
168
1027
358
960
339
534
828
454
704
1047
323
780
1149
1216
1651
2153
1930
1281
1221
1057
608
524
1798
824
283
1221
1061
393
1262
696
1971
1036
689
1589
782
1191
261
264
1612
623
363
315
357
913
825
250
700
293
305
2530
1563
562
517
2009
1592
1049
304
912
788
292
514
1709
1126
529
1132
314
1803
782
1736
1069
1409
428
682
527
571
1008
213
752
1589
603
1904
887
334
314
842
340
1328
589
635
441
985
1116
207
507
845
602
298
921
1047
350
665
1265
1752
954
833
292
687
220
891
770
372
137
503
479
1930
949
659
1121
227
267
579
807
407
1993
1889
2402
2060
1266
1985
989
658
779
1861
1568
2469
1499
2097
1097
432
1483
534
1025
926
629
1405
682
820
1032
1162
1434
1398
2156
1281
1421
1279
814
797
643
279
702
339
1707
669
234
387
279
1000
378
281
176
1391
378
581
1588
742
1456
723
1072
865
424
300
616
358
641
559
521
445
767
757
204
1663
629
293
739
861
1458
1650
1980
1019
612
613
259
216
372
660
269
390
160
634
1469
467
876
974
326
489
1197
615
932
931
542
833
1148
373
413
1074
1095
678
212
184
828
631
458
272
621
1043
212
406
848
1095
210
279
280
621
606
1539
509
1018
753
548
642
722
818
327
277
1993
977
269
226
266
808
2053
1958
3598
2939
4055
7616
7676
6675
5691
4700
3848
2866
1864
1644
632
141
1962
979
635
4114
3632
3455
2594
2410
1425
1912
2205
2169
2023
2735
2973
2955
2113
1948
1688
1451
991
1539
2773
3378
2366
1910
920
1481
630
723
1380
381
1034
819
363
620
1489
734
1747
770
1308
684
593
308
580
748
816
380
133
1122
265
1316
1306
307
312
1123
827
703
295
568
338
596
552
861
305
395
245
400
425
358
469
562
302
890
1294
937
1075
1031
1214
3335
2388
1388
1121
299
462
995
406
473
267
921
1024
1008
1295
1289
1048
311
963
301
162
137
148
1456
483
852
1092
1906
2111
1614
1609
590
328
339
367
1072
859
842
1785
1319
845
469
1175
833
2069
1680
1668
1003
756
2344
2655
1599
1390
2888
2043
1851
2689
2181
1504
1642
1871
1895
1693
1797
2677
1945
1005
2063
1284
3259
2394
1702
986
498
924
1213
726
867
780
1295
647
1704
481
809
270
898
251
1156
445
502
1567
565
763
1065
460
754
727
238
375
1300
404
268
364
350
151
124
296
530
522
249
1420
814
219
619
595
318
151
523
704
869
364
1194
1370
1741
1597
602
803
255
354
1921
1190
303
738
1018
631
668
479
341
346
1372
894
916
1511
942
1046
330
1107
1053
1151
1051
914
732
206
201
1437
460
171
1051
447
859
1034
203
788
1390
972
1465
465
1210
1242
902
1112
206
935
337
497
729
1181
795
2020
1023
875
1017
610
1443
1170
659
332
803
1028
832
962
1698
778
421
1064
1348
1332
835
1186
1284
926
281
636
513
713
137
968
487
875
1217
676
1532
1731
732
617
293
1540
564
1613
987
1429
480
182
135
145
1082
213
881
360
269
182
1039
653
1905
903
775
862
1180
943
1275
1035
845
796
681
1055
777
1057
1057
1020
1132
851
328
1885
1029
237
674
1916
1023
202
1676
739
619
1244
1139
212
749
756
1130
212
273
192
1395
2053
1141
1242
2471
3157
2125
1157
842
1865
848
641
988
387
1354
353
407
661
296
372
1100
548
1704
705
1809
1109
328
349
713
658
372
287
1171
855
903
681
1069
899
657
1132
489
661
1136
803
245
895
206
270
1428
642
1017
362
297
924
1429
1080
355
273
461
142
686
593
1101
365
1471
472
376
354
1213
547
1093
1413
549
1834
2600
1603
725
765
262
855
769
1342
831
841
1010
480
447
668
725
1277
669
278
831
2538
2150
1150
1469
1428
1150
267
649
279
2156
2022
1042
989
786
829
1621
1248
1058
853
2017
1041
1950
1390
1553
1191
961
718
1352
796
671
1209
1089
265
561
753
672
1463
1008
1374
579
457
363
1226
2727
2220
1220
2146
2105
1760
1430
1781
1791
792
988
688
631
240
418
976
250
1317
1097
1173
767
1112
346
875
909
369
289
419
576
982
555
1602
606
759
903
435
361
624
706
879
718
759
939
958
972
2015
2060
1623
844
901
1093
307
1169
202
311
854
844
392
623
312
685
801
1296
485
637
712
752
599
777
2069
1412
439
439
993
503
616
801
636
620
1856
2504
1768
791
2395
815
562
875
743
829
1189
1067
484
779
502
1397
956
1545
605
1093
1756
831
805
403
235
1586
1109
302
611
932
427
997
1520
520
663
1781
870
264
975
935
420
981
921
345
462
221
1027
406
799
915
394
769
1006
679
883
1277
506
474
1295
778
494
322
160
855
629
516
403
1575
903
243
218
455
1095
204
343
662
987
802
521
1245
1480
519
227
1357
341
355
233
1794
775
1045
735
2258
2335
1970
986
1516
1174
1247
300
680
924
212
1053
773
930
449
640
798
939
322
351
816
1084
348
1437
1190
828
667
509
385
630
1522
1114
308
478
421
533
396
2414
1411
1073
1680
678
731
651
320
618
723
230
1357
407
945
307
1337
336
338
562
375
298
401
770
309
395
360
442
293
883
301
1200
581
262
355
1314
316
275
455
753
681
809
292
811
890
254
622
773
1257
254
692
1130
279
707
308
1193
360
269
197
336
1247
807
233
639
769
281
1086
305
1120
310
1435
1236
1786
875
1191
233
589
1388
391
902
776
988
224
1087
1972
995
424
1951
994
933
444
731
388
984
310
283
1056
340
786
545
689
1631
632
812
283
1165
701
981
323
311
559
732
432
1550
815
1016
589
449
377
800
920
706
598
1807
1368
2117
2284
1687
1115
654
1041
366
327
800
269
797
954
1142
740
548
1755
773
787
717
869
750
762
779
283
451
130
970
186
515
473
159
152
301
268
852
277
459
1366
606
669
414
1079
838
1088
383
289
481
767
1548
719
905
434
497
241
316
483
891
279
995
443
1503
500
378
370
593
370
595
1362
380
226
284
1423
1717
741
321
367
1832
1227
749
1791
809
853
1431
2102
1038
1308
855
225
727
690
907
328
838
607
1349
1251
1368
1266
1066
1519
652
602
458
487
1670
872
510
727
1406
734
748
1428
776
254
1280
347
1115
846
280
639
1056
456
881
734
883
1151
843
964
256
1180
243
1301
573
1353
1101
2012
1085
355
1215
566
976
919
1292
497
321
1045
1197
815
266
1002
969
234
1036
1084
2671
1698
693
1054
986
315
802
947
1075
1381
1733
783
1302
1325
980
939
1821
798
2121
1119
345
1063
1675
697
951
838
1331
2488
1640
1466
493
725
999
221
969
762
1109
207
311
1770
916
871
1523
625
458
670
447
1398
681
947
1066
554
1135
362
1497
494
1406
543
1070
302
823
253
1103
851
1381
936
635
611
997
667
282
1198
416
675
942
845
1174
460
896
363
1431
427
847
425
1537
1207
821
695
988
648
296
498
736
744
700
435
920
634
2166
628
873
471
312
177
753
787
204
373
180
1040
204
872
267
1116
650
1135
1811
806
587
1116
508
582
1208
706
1398
467
274
1164
1292
2057
3922
4052
7359
6327
5329
4351
3340
2560
2116
1118
1180
511
818
1959
987
1605
1001
1674
1896
2387
2596
2211
1452
1524
554
1180
1189
451
2215
1904
920
1369
623
995
702
756
974
825
1675
1564
563
797
876
912
894
282
345
547
339
1261
687
663
922
576
550
789
1052
734
601
1330
1228
914
789
906
889
882
896
741
700
920
812
717
1175
432
749
395
968
1085
677
1386
426
263
1097
311
1872
1042
205
261
397
1211
294
195
510
657
1502
951
321
462
222
287
260
685
127
227
1311
431
708
769
610
598
654
1556
589
898
436
489
1852
853
499
1353
1110
1042
2355
1338
317
1741
828
611
784
738
2182
1182
1210
1090
855
387
1131
302
1447
450
943
967
1259
763
595
874
209
276
843
600
440
1343
1582
1406
617
2047
1028
382
860
819
945
338
372
671
2139
1153
216
1677
900
880
681
566
959
1209
587
510
831
1838
899
1054
700
309
1191
932
342
636
891
914
259
329
1657
642
673
415
1123
1376
378
1009
225
604
250
602
266
879
367
719
2177
1052
1228
256
683
685
983
263
1846
1110
549
251
542
774
996
460
540
250
964
322
431
623
775
293
1181
1371
533
813
1419
436
536
1318
1131
1048
206
1063
214
938
1284
692
980
871
1160
1234
1787
1747
3598
2672
5461
4463
4050
3051
3144
2809
1833
2827
2784
2837
2659
1658
1887
862
1269
1007
219
91
183
287
430
418
209
1533
719
609
806
1574
815
896
666
1276
953
299
325
1029
979
217
906
339
281
1325
761
1240
612
1096
357
455
224
439
442
110
653
550
696
826
705
400
959
1978
2250
1930
1124
3689
3474
2547
2473
2507
2273
1773
2511
1530
2223
1929
2601
1937
964
141
285
138
188
850
1628
607
290
692
998
565
1106
1067
1205
381
354
413
427
610
372
361
1744
770
680
209
312
1608
611
557
988
345
666
584
512
1159
955
510
1084
626
546
1564
835
290
1532
634
1377
476
276
1087
611
839
557
267
266
696
357
1080
227
1349
445
1015
543
1012
590
719
356
968
1104
986
877
554
733
992
618
1031
889
1331
1248
242
712
2466
1451
2370
2809
1808
825
774
832
1500
1763
2067
1050
558
330
1679
699
847
1151
411
580
810
378
418
834
1127
853
302
280
1025
232
1137
920
360
1683
795
225
256
1143
201
323
744
195
2648
2608
2214
1845
2554
1533
2335
1350
1873
873
819
216
1372
1158
1693
1976
645
437
241
1236
275
294
827
372
960
752
718
792
213
350
791
286
277
1407
625
518
462
289
875
317
1480
601
618
802
1079
1031
1336
701
401
323
965
208
766
1182
649
896
751
1124
331
572
1019
251
478
492
566
513
340
458
156
150
1465
1088
1052
1429
952
430
644
881
227
527
1623
627
776
461
774
271
794
1454
1152
341
1019
211
439
407
267
197
181
1019
1128
206
1670
672
360
954
720
1550
621
279
194
566
353
931
734
471
1162
1130
290
1129
116
2596
1555
2221
2990
3094
2128
1109
1452
735
1156
2258
1257
259
106
862
654
316
329
467
1485
713
281
551
394
1815
1538
663
2376
1375
2270
1256
270
879
1145
594
1274
794
874
565
1799
780
1180
595
378
130
455
527
366
354
808
1902
1094
723
338
428
1197
360
1075
341
1127
439
2720
2181
1565
540
685
747
586
353
260
208
205
2605
1622
778
1215
699
1337
575
1844
3696
3750
3137
2129
1427
1398
3396
2393
1375
1859
856
1174
498
313
673
238
953
814
994
931
942
1325
472
1116
222
1183
1626
1339
364
1476
1186
225
889
1059
1025
207
283
667
1151
781
584
565
2037
1056
360
279
244
1219
735
267
539
732
137
726
1018
854
731
696
2070
1187
727
425
685
1051
430
737
747
1086
1136
970
581
495
341
820
632
1062
263
431
514
2476
1456
598
1026
703
703
726
1057
967
277
1031
1056
257
1135
905
2078
2268
1286
1824
776
590
1141
1092
1044
277
304
652
285
586
1293
918
335
331
1251
816
1159
375
573
813
267
1123
1195
352
1231
542
517
921
982
529
396
633
178
168
697
642
1669
689
926
206
297
335
300
1140
1037
1592
664
820
672
1196
601
683
601
610
266
329
394
553
2206
1216
603
973
2203
1776
1286
1823
817
343
1155
1051
537
807
541
682
825
1271
482
610
1020
489
624
889
566
235
786
1203
1603
601
784
887
890
384
418
712
778
886
1014
596
2374
2743
2535
1671
1143
665
922
1301
1949
970
218
276
426
233
1280
509
850
541
399
271
664
233
358
282
381
963
822
928
792
668
1062
720
338
687
249
1284
337
1412
1224
858
435
686
996
1708
1265
1021
672
267
278
520
921
408
2359
1376
718
924
417
1183
658
315
960
561
686
422
758
706
961
821
1547
542
1281
285
1290
487
265
469
953
1088
1179
563
1017
1872
977
2077
1205
220
390
659
987
940
924
662
1183
395
898
1106
1134
932
651
442
363
407
1376
1075
2480
1481
532
521
1894
1346
350
1605
623
257
719
1727
731
564
1250
721
210
292
220
1275
622
358
1045
684
459
674
182
143
278
266
207
789
444
375
260
276
624
793
522
367
2028
1164
456
290
229
336
472
282
418
524
483
1194
365
768
657
835
451
1147
815
1026
291
1494
1064
1776
782
1741
2189
2585
1585
789
981
916
538
325
2090
1123
825
301
563
715
908
1086
260
793
430
439
1135
1122
838
578
1040
814
420
494
654
1300
1121
321
475
1171
429
567
1471
473
278
271
132
1584
686
293
680
1349
691
668
290
337
140
143
316
436
459
284
1246
707
1692
691
275
508
939
375
871
628
408
1056
549
369
832
430
261
360
1841
870
493
1025
628
770
288
699
315
1283
269
238
125
782
976
236
473
587
774
827
339
215
1599
554
851
1137
483
397
586
180
236
385
787
337
483
592
129
188
120
604
410
447
595
1258
570
911
712
1766
784
1860
964
1050
260
967
423
2215
1213
2931
3826
2828
1852
1688
1397
927
1631
639
296
477
331
996
1304
919
1036
430
257
138
527
873
971
472
1265
1202
674
263
806
586
1285
267
345
1063
1280
883
744
1954
959
685
769
1624
624
981
95
230
153
988
901
543
1291
1529
1632
1635
1801
801
549
286
1089
1754
1196
387
843
236
750
283
400
366
456
716
1422
872
839
801
888
395
1497
1104
955
320
611
495
552
399
261
2588
1623
607
713
1184
305
676
537
683
446
333
275
787
370
461
434
368
200
825
953
1006
574
859
1276
1191
1443
439
839
318
262
855
1050
447
586
824
782
1137
220
292
527
655
691
258
430
718
273
381
691
1854
855
333
435
1031
353
542
718
604
327
519
635
941
2176
1713
1058
893
432
194
141
1453
858
762
651
492
1126
1334
658
199
706
674
1953
1350
928
445
768
1146
987
1289
1274
804
1123
905
1039
773
362
1425
425
1884
902
1167
890
1009
253
681
1167
1212
343
329
537
851
773
149
215
762
1250
638
964
102
165
500
1143
929
726
261
1136
269
234
227
345
546
930
523
1535
1078
871
1340
339
323
740
1413
378
1083
2361
1431
1264
811
451
718
291
535
1781
928
1018
605
335
478
1672
1027
1186
908
1648
1148
1581
725
1806
808
701
428
1381
953
1042
425
279
428
362
960
288
1380
412
699
722
715
1074
241
287
134
254
218
948
239
1334
1012
1015
680
391
333
304
242
226
1036
576
980
810
2896
1878
986
3448
5472
5622
4718
3719
2715
2241
1227
2785
2410
1963
963
1789
1302
1132
1430
624
519
229
2012
2039
1034
453
1114
371
685
956
992
257
1190
282
677
518
525
982
372
755
287
275
784
1589
764
1368
515
982
674
709
469
520
1670
666
1498
1501
583
923
644
384
1862
860
292
280
499
895
626
548
331
244
554
235
1740
1417
282
383
706
367
928
859
922
899
1986
1092
1291
783
929
784
706
948
1223
807
281
896
204
414
256
488
600
368
289
536
734
356
966
864
616
714
577
1605
608
1880
1417
395
899
477
755
1634
664
553
838
1328
757
635
708
344
972
410
356
454
1124
788
348
1279
302
361
170
117
281
668
1919
959
606
194
172
564
754
654
465
1777
1407
1647
1354
907
1602
995
782
888
860
670
827
752
727
408
981
1364
856
1066
724
582
494
2134
1687
703
938
331
932
1536
1082
1186
1552
2255
2160
1170
752
1291
717
486
1040
214
1061
1148
489
685
1067
1022
633
715
450
358
348
129
1593
605
177
159
589
1174
226
1165
625
1561
657
1716
4959
4089
5465
4879
3878
3312
2445
1442
392
1533
1573
1063
1296
908
1259
598
1047
275
1196
843
721
921
523
1413
443
823
1307
1158
1266
1060
636
311
328
825
274
147
441
1448
2583
1563
582
1726
1266
1686
1207
766
623
2151
2293
1812
2045
2025
1023
637
518
313
896
523
1841
2027
1027
1023
1165
744
424
1062
708
225
182
900
308
345
399
1321
499
660
439
974
421
726
489
284
389
154
328
437
1196
1030
340
453
555
610
744
846
1544
518
881
1072
620
1081
1018
1092
694
503
791
738
604
614
679
329
291
1285
365
1172
596
693
1443
460
1276
835
911
1164
1174
325
240
279
1084
490
665
861
882
1360
1919
1754
1673
1009
933
826
882
838
1488
489
1159
808
892
740
535
728
742
300
589
786
1006
616
730
447
606
1079
1052
927
2437
1434
436
1757
756
1150
687
317
448
242
265
750
1567
705
538
940
1503
1149
416
1521
807
1176
486
491
274
1941
927
709
1608
962
385
649
872
1060
226
832
431
358
775
746
253
270
908
620
363
617
379
366
275
504
145
1189
343
801
2633
1659
1686
889
295
558
280
1271
373
1186
297
456
237
590
254
879
441
960
1210
410
411
551
575
765
264
936
312
800
341
1292
1144
1396
366
548
630
991
402
125
543
136
1640
788
1009
207
389
1729
1177
1379
990
798
231
474
448
565
1895
913
1589
1306
1641
643
1090
943
620
822
1259
847
1448
2095
1103
1005
1225
1745
1357
1009
1675
838
640
1572
1224
461
834
583
438
1066
650
1072
437
855
482
308
696
1168
1016
949
427
650
257
1271
275
748
909
933
288
371
513
353
469
444
463
958
638
372
510
921
400
443
442
1040
945
1127
1004
1165
663
864
390
366
164
976
262
628
708
767
1119
1406
406
1302
1209
1188
1647
1114
916
1100
1606
876
1266
647
459
666
502
788
1944
961
2122
1137
1088
919
939
982
373
806
356
316
463
290
456
708
248
1355
688
415
1432
404
971
1014
484
625
1901
909
859
962
1084
873
882
739
702
811
667
1009
1142
285
662
1075
490
691
742
808
400
516
932
352
736
814
272
427
825
537
318
165
523
873
278
591
1474
1093
932
435
384
451
770
1005
1346
1029
1010
553
570
726
1861
1237
570
809
1160
753
514
894
1312
1215
386
326
1135
690
278
499
657
962
759
712
261
378
298
1867
857
1371
443
376
675
640
2003
1004
747
768
972
1627
764
123
985
1337
257
152
116
880
1453
842
1077
1492
765
351
794
1752
927
902
1122
404
667
425
1039
923
657
223
277
1433
755
657
562
745
300
1082
208
213
696
663
153
281
239
186
210
861
183
1039
613
356
423
160
150
957
1068
630
491
744
1041
284
1160
1115
2414
1413
2312
1384
1146
593
358
1350
660
733
639
536
334
491
517
729
1131
410
1850
830
1316
328
1207
735
949
705
986
905
479
525
485
978
741
947
1741
1070
197
300
1045
371
348
749
1688
683
403
339
475
1437
1188
1037
795
1263
761
1470
844
1954
1094
1094
1090
891
1033
1643
670
1678
677
1272
1128
1325
685
693
607
805
270
300
865
314
560
1413
990
1134
922
889
333
245
929
397
571
1265
267
350
1796
759
312
299
279
1078
207
1899
1029
844
249
1108
721
506
1022
464
1325
674
427
1299
956
1320
320
373
1528
1035
550
1395
1484
865
680
1260
764
364
724
933
1077
212
748
2138
926
819
297
885
1945
1296
771
486
1371
541
434
655
879
531
482
290
851
621
539
1052
1240
1641
1994
992
400
321
540
852
570
1007
850
1530
724
1345
1071
736
990
980
359
403
321
319
1037
276
1523
996
1653
680
689
483
386
1086
552
1477
476
376
460
946
313
1270
966
705
413
1461
851
1115
207
992
1338
1316
1153
1007
542
922
281
1125
593
947
1397
522
263
338
688
880
446
516
155
657
224
577
355
621
305
1287
442
959
1067
1132
506
653
790
649
1388
1012
855
1059
643
822
766
664
264
658
186
1084
233
933
811
581
385
1160
222
289
472
1005
605
891
304
288
481
1179
210
268
774
703
318
709
1329
492
494
292
311
364
1407
549
307
906
1688
1129
1124
841
742
404
942
2193
558
782
349
308
203
296
423
1017
606
579
566
1142
1020
503
1753
1284
459
2270
1270
1144
976
650
357
280
862
286
483
506
1153
1237
999
1505
354
2279
1914
1565
979
1615
614
928
1759
2579
1598
2151
1162
1000
918
792
1361
1029
1733
1106
1045
1828
1379
937
527
315
349
1389
423
1146
501
457
1150
597
801
827
522
1787
1563
870
485
636
585
2096
1132
344
822
803
788
694
1878
1091
425
1150
698
934
837
1058
410
723
1202
226
1115
336
895
477
1235
1158
597
1658
1029
549
2154
1176
840
694
1004
428
408
1213
221
580
483
299
725
992
222
743
1006
387
257
1360
1560
1639
1999
1769
2159
3711
2923
3373
3030
2587
1588
1581
1481
1422
592
941
1766
768
416
869
1382
1245
392
1377
1346
325
709
1358
825
206
1609
907
953
144
278
1136
747
1058
205
1616
855
859
1192
202
491
442
2348
1578
579
378
420
590
850
1160
560
582
696
858
917
538
954
1727
719
459
816
428
520
481
2171
1177
1088
1023
2679
1683
730
2101
1120
207
277
149
266
799
1183
1792
1478
1190
988
1156
1264
1005
1097
939
584
211
242
742
1067
342
557
152
879
320
1276
679
232
240
1454
1071
945
1216
353
618
594
1200
452
316
560
895
937
978
219
272
294
589
726
1998
1317
315
807
2221
1257
527
638
1985
1723
680
1705
915
1018
514
1061
1113
870
1028
390
177
100
1796
907
501
590
1693
691
387
1230
874
448
822
1745
725
1091
306
380
245
238
1261
257
526
302
516
1274
336
1073
298
1414
475
786
1067
1315
1402
402
785
1279
252
3433
2540
2123
911
356
1433
720
347
1181
833
392
351
415
781
566
977
698
308
515
995
1173
589
681
1406
405
587
701
828
1127
223
774
1166
212
300
758
898
898
244
914
732
365
312
275
580
302
828
293
193
449
114
1518
2522
1830
973
1511
494
1001
1283
363
781
327
418
892
699
918
587
850
841
776
802
481
284
666
1688
656
574
405
406
605
184
812
477
626
898
207
569
733
484
682
946
322
661
772
698
636
659
256
890
250
211
116
219
193
765
725
2296
2323
1326
1135
251
950
301
321
698
270
903
659
1168
188
594
1742
2223
2408
1412
2467
1526
1064
819
696
509
503
627
878
486
399
849
674
610
1950
949
2146
1181
1049
2082
3996
3022
4082
3080
4237
3236
2388
1390
512
3623
2749
1771
1763
792
1085
243
1503
629
124
210
381
1609
609
1074
1398
1694
690
693
479
1008
797
782
947
734
550
518
761
1114
963
809
468
890
1375
672
1140
1075
247
271
578
1075
577
1848
853
840
1173
969
1150
595
526
424
1327
302
301
1128
202
2062
1287
669
949
1003
238
871
948
629
1250
568
922
824
803
1185
806
1766
862
901
605
695
534
396
817
917
309
685
688
536
201
291
153
487
338
718
459
257
136
314
751
523
1097
502
3620
2596
2856
1912
891
905
681
978
454
1216
464
216
962
721
223
396
368
375
879
1469
1017
679
822
1417
880
828
588
652
506
878
1256
746
320
298
300
708
297
307
1025
675
461
1379
1285
837
398
1170
674
378
1547
548
1020
427
706
530
1096
225
1972
1849
846
1007
365
398
650
1877
966
672
421
1428
1243
889
350
576
1321
816
739
338
309
812
1633
634
620
991
207
210
218
342
262
273
1359
1622
811
979
260
362
314
1046
931
816
837
1548
1685
2107
1863
1940
2166
1769
1574
721
2425
1452
2472
2943
2389
1391
1102
1492
941
712
3301
2923
2072
1103
810
375
446
181
134
1338
428
889
341
525
1311
1079
491
1251
468
643
717
512
1072
1158
1968
985
796
2078
2426
2997
1991
1010
1804
879
97
197
748
1253
877
1138
940
596
2054
1056
1310
947
1322
1557
709
963
1164
1695
799
1557
684
1031
1348
868
1370
1318
1059
938
1119
847
597
447
1440
290
460
1984
989
450
711
287
195
468
241
442
433
338
229
571
205
561
446
667
663
768
922
1440
2407
4991
4015
4458
3459
2479
2180
1203
115
744
674
474
546
143
724
767
241
1184
1612
611
778
577
300
367
731
225
184
113
1226
764
663
984
1167
366
1075
668
335
337
528
136
685
553
89
1032
102
477
682
877
533
214
288
360
1005
1475
1059
1502
2327
1432
2220
1204
1633
1618
691
778
364
929
317
752
878
355
193
439
406
588
656
185
400
653
650
371
369
857
552
378
352
915
681
408
796
896
89
142
612
286
136
154
354
893
359
424
483
162
151
206
966
513
472
314
474
223
209
983
301
265
428
112
442
885
414
206
961
180
140
461
371
464
962
337
519
1001
370
517
658
304
576
469
1029
679
634
281
483
1914
946
912
183
579
861
271
1036
240
799
1503
507
774
678
911
796
325
746
266
382
454
1107
2073
2059
2331
1465
1409
2393
1972
2283
1286
1611
1858
1490
1183
1030
1780
1615
1451
1524
1742
1336
334
903
1349
987
2042
1038
811
830
266
870
488
290
180
477
1378
833
844
814
1621
623
984
360
359
337
138
958
698
346
665
1795
1073
718
93
93
182
363
135
784
203
613
1012
408
841
1488
462
684
794
633
268
468
329
1238
1098
1725
1093
208
379
1255
1134
835
235
259
505
524
387
516
1523
855
248
384
1204
1114
889
860
624
805
751
1005
1236
815
606
774
291
610
1336
1123
669
518
786
774
1082
303
713
261
380
387
291
852
351
633
1192
614
348
211
470
625
322
1314
498
1174
323
1065
1067
406
981
657
939
972
982
1421
743
1114
1365
1108
916
948
644
1144
879
803
928
329
719
769
432
166
267
1029
212
161
489
145
183
132
310
612
517
578
701
1083
442
901
619
1377
705
907
1214
895
1021
282
1072
973
474
837
947
255
147
734
1030
1583
1510
1104
3038
2525
2437
1854
1098
1799
938
812
1741
699
1066
204
721
1473
580
778
917
1155
200
341
137
840
1039
772
1059
832
978
687
721
919
219
661
767
766
837
978
1101
1329
306
96
183
262
647
488
1041
471
336
475
535
727
1007
790
486
1384
366
548
371
830
574
545
513
435
898
887
989
657
484
1344
1002
230
87
494
431
140
187
182
465
180
191
948
1072
617
897
480
1079
1016
206
750
554
609
955
601
205
1016
2444
2002
1595
1831
1528
1728
1749
1196
746
726
2073
2085
1867
847
1866
916
1494
2302
1284
563
1201
221
484
688
1383
983
228
172
304
181
589
1500
510
421
647
782
326
286
361
535
340
213
1501
924
611
619
224
453
1545
1189
644
1314
1438
853
519
407
543
305
452
1666
796
1903
2014
1231
568
628
865
1090
812
1332
433
93
829
313
640
330
490
120
472
655
540
874
100
175
398
1270
149
1133
353
403
2242
1254
711
1218
227
1142
507
987
346
373
291
938
380
318
355
325
171
177
335
943
241
266
1515
525
804
621
1194
215
858
1030
1200
867
791
1189
655
956
1048
1002
332
788
197
1145
344
629
919
565
156
247
515
204
475
910
313
306
963
216
424
266
251
503
601
151
568
293
1751
829
705
1375
491
878
1011
900
396
1956
1435
456
272
830
1119
1352
568
627
442
352
235
967
274
285
930
443
1148
899
642
957
1107
246
416
327
254
381
215
416
811
403
121
134
547
163
182
194
112
1200
433
496
202
120
173
611
596
813
703
324
1278
1468
850
323
1477
464
321
371
382
292
380
611
666
349
464
415
452
568
441
742
482
594
449
326
196
531
338
1049
2449
1257
643
1084
642
1039
426
811
1018
484
421
1262
1591
2564
1599
997
522
1062
770
323
348
348
799
906
349
1282
561
637
983
91
686
263
697
696
262
709
892
631
733
379
536
415
430
223
172
272
769
859
637
1870
828
1272
869
679
325
1047
825
697
310
298
685
309
641
880
301
172
393
194
342
858
1445
483
457
450
794
248
945
401
508
951
296
683
1129
1109
605
255
347
712
1056
374
751
479
451
715
168
177
159
216
623
514
1807
802
434
1122
757
843
648
1001
264
1176
728
303
304
175
534
1011
94
186
1206
237
1020
344
635
529
603
163
126
298
391
711
683
994
829
519
638
275
674
375
1571
589
831
1252
998
1055
691
392
375
753
188
503
505
513
397
156
617
742
1560
1545
1566
566
252
737
592
242
929
336
718
247
633
571
335
345
1415
2397
1848
1785
787
1180
1508
819
496
2416
1929
1581
942
954
1546
1336
1297
1360
957
420
575
810
340
294
460
231
1002
306
162
335
387
325
164
806
359
551
507
285
752
264
220
589
502
756
321
1000
1102
1093
657
558
189
307
522
1078
405
1150
322
1338
2562
2300
2387
2048
2624
1712
1499
637
943
385
541
920
776
461
587
439
351
828
405
1007
309
2108
1163
271
872
1138
617
711
494
189
244
693
791
332
529
482
511
783
617
741
216
227
931
452
313
517
443
235
934
341
437
675
451
537
168
969
782
790
782
289
315
562
417
494
943
628
2052
999
668
639
128
685
898
298
691
203
164
222
728
940
934
116
1483
483
385
147
640
569
947
422
128
145
224
618
1130
788
886
1669
687
1281
622
498
934
479
227
631
430
653
151
133
161
590
991
654
1024
529
1337
466
175
496
213
703
1995
999
1179
1738
1225
888
753
1993
1999
1058
757
397
242
1120
417
2061
1312
732
412
677
768
863
458
905
360
289
901
800
623
469
1111
767
1098
798
456
609
1177
895
902
1265
1069
1557
790
595
560
687
1145
813
498
1451
424
800
1564
759
2861
1860
840
2055
3713
2882
1988
1117
1216
1223
2007
2030
1198
2041
1045
367
1352
1099
596
1581
631
792
714
414
584
509
420
1256
853
962
551
1332
940
457
1656
1558
2156
1158
1086
470
221
863
517
813
1156
1537
1261
269
256
533
249
314
994
1180
527
966
1019
1259
885
533
612
1239
531
1178
2017
1042
1179
817
1627
840
1290
1665
1325
745
1606
836
308
1983
1029
208
363
655
801
1016
262
372
254
146
1102
483
1410
421
453
155
138
972
277
367
319
319
1053
573
1866
811
653
748
1576
592
217
799
970
481
342
129
274
197
339
438
320
232
272
321
907
1042
480
805
1230
2621
2272
1964
1087
943
548
772
245
217
567
521
1160
1635
959
1089
292
427
798
1068
1313
418
895
795
553
1109
768
819
1186
987
601
355
267
1643
943
1787
2057
2480
3765
3397
2526
1851
1213
1089
892
649
1071
207
1012
1238
835
299
481
1170
205
570
226
138
553
662
555
914
327
785
1149
1017
397
239
907
742
1035
597
1564
572
1683
665
302
476
497
674
434
1584
1407
1910
1309
819
1393
490
720
316
383
542
1199
693
397
1362
675
1202
685
1505
935
981
726
306
369
1712
713
385
413
151
992
264
592
617
571
2185
1257
876
447
1043
443
1505
486
716
283
578
270
180
575
103
1063
209
158
198
318
930
427
1028
407
807
319
1082
1860
904
558
870
213
495
1266
462
448
377
867
813
210
317
845
1166
941
692
366
691
195
113
1319
1011
1132
383
450
353
813
409
639
777
136
1220
473
344
987
707
339
648
979
414
606
847
491
1056
1030
446
931
2350
1351
880
386
985
304
266
380
818
448
711
361
602
657
231
312
1118
435
1106
1096
441
941
947
996
329
756
415
1461
1224
1565
564
721
286
387
220
918
112
1770
835
1029
634
935
1219
1016
778
272
1555
553
327
1136
527
509
260
134
731
490
396
932
360
878
651
1119
401
773
953
348
428
811
1908
2790
2179
1788
2161
1204
1039
993
690
1056
877
476
404
1495
514
1083
229
1170
1972
1635
708
530
1150
1738
1375
424
611
812
844
4774
3828
3129
2258
1567
1688
3364
2355
2880
2945
1947
932
1306
1898
1288
1201
321
507
955
1189
297
1952
1371
457
691
272
891
476
696
638
1597
602
242
1475
2148
1137
1057
308
1393
356
879
899
548
1220
760
1565
559
385
414
135
1098
884
627
283
446
491
979
1080
561
1053
204
200
580
172
678
1599
702
354
1241
2063
1063
643
561
304
313
391
1706
867
288
894
524
133
271
240
244
928
296
980
307
1117
1368
1031
825
1159
266
1164
320
753
1218
245
943
340
342
585
856
2063
2597
1617
2082
3200
2412
1287
1009
797
464
1110
1574
803
333
3110
2262
2219
1257
322
590
429
370
181
1166
259
270
172
164
1211
742
498
178
656
528
1021
239
102
611
1122
797
763
283
497
294
155
275
735
251
387
157
1460
904
995
1128
993
1173
1178
623
1197
1679
1506
553
632
954
1286
286
613
2240
1034
280
654
221
686
1951
2015
1472
1028
1256
1033
2450
2298
1330
992
103
568
547
1161
458
1016
568
476
614
1094
1252
282
153
973
850
799
1277
720
419
546
1600
706
1767
764
729
567
681
979
273
245
266
270
2508
1508
676
525
974
1867
1869
860
1257
671
568
229
1342
373
256
611
615
535
551
928
1330
667
563
505
671
567
935
1552
600
1000
528
876
514
336
1531
563
510
543
990
597
1287
1193
1070
1087
677
777
1362
752
237
393
1280
1192
1403
404
267
512
202
720
94
1708
1041
757
698
1122
658
826
740
325
880
320
181
281
178
1189
489
323
581
472
256
329
560
1077
1241
822
1850
3097
2633
1640
1170
355
697
1007
1513
880
1177
1362
664
650
277
762
614
1839
942
1357
911
1722
1977
1861
1382
1863
944
551
812
871
2536
2595
2530
2446
2452
1812
3074
2041
1076
413
2910
1911
1354
1087
439
751
969
643
302
1535
1370
1128
237
285
255
238
262
574
1056
585
900
106
310
1122
585
430
198
1193
1343
2183
1640
1268
1296
481
1018
393
1818
1093
205
330
284
592
507
483
829
760
866
651
254
867
983
775
1275
578
1590
1851
2068
1089
1138
953
182
921
1820
816
541
1158
725
285
864
311
316
965
1387
912
209
179
656
927
237
187
575
254
330
1310
285
516
213
440
686
1643
773
873
468
1149
340
1573
567
1321
339
1023
735
1331
881
279
1067
1175
615
526
288
161
232
477
100
190
918
542
233
320
2236
1258
264
372
953
523
1360
690
560
838
309
1062
681
905
666
280
278
278
807
216
1387
534
550
432
276
759
564
368
501
591
847
1227
1376
390
419
441
609
1205
521
1231
804
1284
509
1343
310
836
950
288
510
800
542
210
1284
397
1265
1670
728
1190
279
1335
1162
349
258
314
262
2635
1626
957
852
1054
1705
2228
1597
1651
1308
306
944
1284
616
778
854
678
726
1031
424
996
91
311
1065
290
638
938
454
310
1976
1462
622
1260
597
291
268
366
1200
1284
867
2516
1801
2586
1581
1352
700
1168
853
1399
1689
844
296
913
306
188
392
991
529
776
285
402
674
1341
1116
325
295
950
205
869
577
1105
884
928
648
635
2104
1092
243
1014
244
2637
1828
1875
943
1578
550
1412
413
1789
1058
458
355
528
563
273
1959
1090
1314
802
779
368
335
2758
1762
761
363
1002
253
797
963
1055
392
1020
196
974
785
493
522
1472
523
783
1226
964
1060
1042
817
312
375
342
230
525
1184
864
367
257
723
795
641
1189
237
1599
775
401
605
1899
967
839
588
1755
837
320
274
241
1690
736
1529
554
267
559
765
1652
625
567
1106
202
273
763
1365
1039
1004
1589
1007
1710
1628
802
654
870
1115
913
2695
2180
1953
1689
1638
2012
1593
747
578
1624
646
635
404
832
1854
880
595
656
536
595
174
329
112
364
309
175
1214
836
792
382
580
980
585
483
775
937
261
1107
953
851
1063
210
1146
220
988
226
511
634
895
491
1039
184
362
704
402
1473
726
964
1158
247
318
761
359
342
1109
1197
1280
1079
1791
1125
432
1319
723
512
1194
2142
2218
1237
942
975
1465
903
1584
597
401
1604
570
538
2151
1183
1435
491
1224
767
1172
650
299
1514
603
443
433
1132
326
1378
974
1261
259
721
293
145
339
432
664
905
248
1273
272
365
318
1355
450
317
593
259
383
994
333
400
1518
523
724
389
933
275
374
541
791
936
440
544
1203
1277
1024
953
745
829
730
533
1594
533
886
392
878
832
263
844
271
217
474
551
219
1429
421
799
1509
501
1151
1058
964
800
1301
273
556
914
1433
1300
632
2120
1121
2135
1379
1056
728
2047
1046
357
1707
962
226
1152
1606
864
266
1383
1178
367
1922
981
209
1410
2057
1087
1658
1240
850
350
1449
491
759
1817
807
1622
863
1312
299
545
1004
980
1243
390
406
454
1130
232
485
932
308
316
463
758
1090
944
1408
770
1316
870
473
342
418
431
478
264
766
872
764
821
486
1234
1088
775
862
632
1080
787
604
2030
2054
1269
785
963
407
1987
960
1078
1871
1213
729
813
982
972
1402
1094
202
1488
668
1078
766
611
524
581
280
1146
1168
564
831
308
202
1226
1778
746
1292
826
206
580
608
1687
687
419
948
2828
1827
829
272
389
1687
1080
210
1032
948
727
1516
630
1304
624
1207
222
1030
1428
868
284
1575
573
1448
450
1808
809
1234
327
852
1039
206
410
188
316
870
295
1371
389
263
468
1714
708
917
800
270
1010
214
274
820
1019
895
335
187
801
1696
709
1324
1354
752
1166
1151
950
2536
2039
1039
847
1009
1658
1811
813
1279
303
145
459
438
1376
374
427
406
447
345
129
199
676
1004
883
438
569
832
1220
610
1265
1005
224
243
275
184
729
568
1566
1849
1481
703
1234
1279
1008
2012
3368
3082
2099
1882
1040
2440
2742
1757
744
977
2250
1333
991
1059
2121
1087
964
1364
381
1181
201
279
767
607
365
1124
467
634
426
559
742
1072
1197
672
719
872
1803
958
760
507
905
1091
649
1377
1012
902
910
1066
1010
593
235
471
403
449
1044
517
591
2254
1275
792
606
1625
625
607
843
364
823
535
790
823
598
314
811
1209
233
787
697
417
1302
910
257
1073
1089
1858
1222
329
1271
364
832
717
443
304
983
839
485
707
1106
1611
1707
1987
984
1034
1268
1596
594
794
386
2144
3779
3139
1238
814
713
1689
1840
1045
318
883
712
869
762
411
812
1226
649
546
292
385
807
706
839
622
446
861
325
1787
765
838
1081
1393
1789
1269
1327
519
534
1070
366
509
546
1691
1415
730
877
3779
2934
2155
1734
862
1178
770
3416
2443
2061
3337
3992
2959
1993
1004
1780
769
1915
1998
1093
241
1100
785
551
1152
249
1856
1292
488
925
1047
481
370
2042
1131
647
790
755
1088
547
579
519
865
256
868
645
2130
1912
1022
1052
1039
2130
1114
222
1731
901
856
616
1015
576
620
1281
1098
1143
1276
277
1494
614
2147
1141
196
269
275
215
327
1658
650
424
216
604
1719
721
1461
481
744
1642
860
1637
2042
1043
1228
684
477
2899
2108
1121
913
333
151
303
1953
941
1749
746
334
1182
1168
1168
865
1500
467
653
2254
1236
681
736
1204
337
1162
1098
1007
403
919
410
720
549
744
433
309
448
332
523
228
240
562
990
744
985
1766
2070
1462
1339
922
1221
241
1875
896
896
471
1109
552
321
715
724
1674
659
686
1518
1121
617
776
1164
1000
302
969
396
433
456
88
389
502
741
995
230
1861
898
856
1742
592
1321
1888
1071
1071
877
876
535
522
973
811
211
546
744
2177
1372
399
1198
476
360
1139
1023
971
309
287
351
382
755
389
1284
954
1286
1986
2411
2882
2077
1938
1075
239
1215
958
270
298
804
1159
297
1177
1590
2564
2060
1673
1589
1238
1177
268
699
1616
957
996
751
746
780
413
1394
534
261
266
288
753
795
1842
860
747
942
1502
894
319
1735
1239
701
228
599
1294
555
2282
1515
1587
595
1363
905
1630
649
1504
924
757
404
970
516
766
613
929
993
1290
333
400
1158
864
1731
732
866
807
309
409
769
1217
579
1583
567
1703
1160
1334
893
1043
973
1197
946
877
364
555
983
1516
659
987
382
441
586
960
391
893
1150
984
512
1034
1353
1390
896
788
814
1306
409
967
206
1401
814
1195
283
365
361
394
284
412
1094
206
1819
843
244
2136
1138
1480
479
2077
1867
3492
2499
1519
1140
221
937
808
3169
2657
2323
2564
1585
1331
1586
1969
1152
786
719
803
1153
888
511
1134
1335
345
288
435
903
403
1185
561
364
1886
890
783
1087
430
684
573
344
1105
482
359
1315
747
991
1280
741
339
625
458
1464
1818
801
1501
492
341
1514
683
472
695
403
981
722
716
574
1205
1067
1019
1761
1283
2370
1375
1097
1100
685
1799
1018
549
342
1004
943
502
939
457
1067
1075
1051
1057
1008
1137
690
1198
768
1087
296
1042
568
664
843
657
578
752
1444
979
1359
2016
1224
729
218
1320
316
737
1488
542
923
221
286
239
649
320
503
652
1393
499
677
806
714
578
278
535
654
1093
878
800
254
267
268
692
1475
969
1109
544
731
1168
975
591
357
641
440
1522
531
735
344
459
401
176
161
998
720
3339
2309
2060
1372
813
1070
1084
649
877
634
1759
1107
1001
1945
906
1023
1098
709
571
940
1309
1803
4369
3431
2401
1427
453
2352
1421
413
3894
3795
2795
1792
773
376
1631
1519
1175
798
843
441
1039
225
1773
1565
640
527
1378
362
619
279
2095
1097
1034
1488
1020
349
1168
200
1217
837
670
1841
809
1324
835
256
299
1121
429
779
612
323
1153
257
1275
799
2635
2671
1696
1211
1711
1976
1188
215
1246
2502
1479
1319
1724
1650
1355
978
1744
998
1690
756
233
389
795
324
1034
796
861
1946
1077
217
632
1131
720
916
911
502
812
690
857
315
937
579
847
1759
1059
1865
845
1536
619
1470
513
1138
1658
1000
497
986
726
260
214
511
991
1225
635
297
630
900
461
1879
1315
260
793
503
522
317
1061
1353
669
384
631
1289
946
477
236
770
489
1639
553
436
262
499
599
1403
373
927
1411
1714
2603
1845
1775
792
1811
2051
1183
1354
1263
1136
1050
1167
1815
814
894
247
277
310
270
412
266
839
354
803
809
525
951
462
402
833
1218
399
1050
985
666
287
197
167
984
520
762
1014
936
937
300
347
702
768
1427
433
1704
1034
1241
826
1395
2359
2798
2148
2418
1940
1004
991
703
1096
948
808
258
1307
1190
1120
929
742
1052
215
749
998
413
569
1244
883
428
1765
765
1151
772
1683
926
483
2037
1714
1097
461
416
1452
433
369
1459
1538
645
818
1204
197
519
242
983
605
1710
1693
685
1331
576
3183
2182
2385
1201
1406
1119
658
667
864
368
1435
597
456
159
191
725
642
937
867
416
571
1308
873
505
424
405
373
477
407
652
1815
1463
1655
683
3268
2804
1831
853
1632
2044
1908
3008
3195
2291
1271
3361
5140
4187
4693
3693
2686
1687
696
1755
757
208
1315
1150
1870
873
2298
1345
565
1731
1250
916
543
885
1850
821
644
823
562
1041
1276
782
351
783
685
670
738
918
644
1356
680
306
1444
454
417
1914
926
283
712
360
442
1145
308
640
436
795
825
1430
2901
3790
3233
2775
2303
1335
717
1648
1002
215
371
762
345
939
339
411
264
505
950
455
408
377
747
500
886
782
986
215
301
728
580
1036
602
259
527
1952
898
1467
468
1766
921
556
223
615
851
304
1591
564
1158
205
667
301
1001
905
320
674
790
1242
337
2018
624
1022
792
652
287
284
892
123
618
1514
774
343
2087
1067
311
889
371
352
495
726
1528
527
533
653
1563
757
430
1306
665
611
795
458
456
660
2684
1697
697
300
2056
1087
767
466
1255
940
931
479
384
411
290
431
242
578
540
437
482
1435
839
364
830
540
260
158
765
707
680
746
221
605
1290
896
274
707
935
1365
902
281
276
266
327
513
870
788
497
1131
477
892
625
265
558
1025
778
229
952
888
448
696
940
249
964
356
839
885
489
484
445
566
792
268
349
1106
361
252
1193
492
836
1253
269
554
945
827
229
189
2358
2146
1146
1032
1123
2070
2070
1595
1235
507
1069
489
261
694
489
915
209
1035
1481
835
535
671
592
401
431
462
683
682
548
1112
483
464
433
1269
299
262
239
889
216
238
695
335
853
296
275
521
248
1058
422
202
767
457
1435
733
241
411
270
1650
663
851
995
303
1027
275
314
1117
1890
911
341
1070
602
563
1099
1562
1273
1984
980
305
1143
1315
383
574
615
372
274
163
1809
1041
475
862
642
660
400
1123
438
1444
465
1714
751
842
1248
1793
810
1069
921
677
1051
1632
632
288
1426
876
743
895
1056
1396
947
308
1690
1535
2395
1383
1583
1481
761
2577
2999
2932
1934
2281
3135
2524
3387
2859
2344
1340
1770
1187
1758
1268
1312
660
932
339
977
276
1028
527
421
1075
1012
1252
603
991
367
456
385
449
155
2072
1211
295
594
427
1880
6584
5585
4610
3595
4126
3131
2169
1112
217
506
606
137
819
586
1135
1463
487
1448
1294
1581
1114
394
1196
265
395
380
288
300
275
767
690
353
1072
433
1616
2062
1060
320
679
904
492
467
288
591
323
1053
929
649
739
572
2054
1595
1634
668
272
853
294
305
512
1510
1661
639
961
495
1163
2265
1267
1631
601
3509
2727
1758
3283
2486
1490
718
2439
2081
1595
1423
2254
3529
4392
6494
8430
11403
10520
9520
8497
7498
6776
5774
8037
7211
6211
5205
4212
3206
2205
1220
4230
3871
2863
2480
1483
586
2264
1265
488
1689
1061
2149
5224
4403
3470
3261
2242
1817
3841
2989
2167
1170
458
386
708
2046
1594
774
554
1012
1952
3254
2326
1887
890
1129
487
488
1139
754
929
463
1752
622
479
392
387
1325
1819
1488
1523
4372
3388
2778
1920
2749
1776
766
1687
2790
2084
2110
1498
2676
2187
3060
2063
1165
993
2155
1300
1245
2829
2025
793
2207
1242
1471
425
274
1795
2294
1884
879
1582
2478
1581
629
400
583
246
1243
347
316
669
570
990
578
260
746
246
1302
1418
1218
688
2431
1612
1255
442
1422
1356
352
511
218
181
1503
903
299
1235
357
929
213
437
485
427
293
1526
706
276
421
484
1691
678
456
166
698
1794
981
766
1125
1078
1137
1289
354
1303
1114
1243
768
628
272
395
1451
599
298
2360
1357
382
1159
1174
400
341
1001
615
1182
1172
2668
2138
1170
1449
1514
521
1261
506
638
566
422
367
257
1161
1368
600
326
795
313
376
351
367
337
714
1248
1204
1828
2104
1102
1089
864
738
683
788
348
952
1998
977
352
2722
1880
2975
1976
1525
3468
3009
2051
1051
2129
1492
1271
332
1657
2294
1309
309
2444
1714
711
1851
833
2979
3220
2343
1169
1186
252
1322
291
2282
1295
3641
3623
2625
1626
622
1250
807
395
2283
1274
296
563
757
1087
371
683
1001
898
779
277
703
1266
885
222
472
427
880
1352
428
525
630
629
254
1018
228
478
126
501
1820
847
1492
926
1149
1147
286
1032
515
1429
427
361
628
302
172
606
388
709
575
1670
812
317
571
269
2071
1443
1274
864
879
472
857
854
942
775
214
318
834
968
333
320
933
450
551
366
974
211
700
460
462
176
695
1149
1304
1569
1259
889
460
340
416
737
1586
1714
1806
1090
547
1472
465
271
329
571
222
234
629
565
911
972
3043
3530
2561
2563
4998
4753
6165
5199
4214
3734
3411
2958
3434
3258
2261
2000
3652
2780
3467
2503
1500
845
874
941
667
729
1058
962
934
916
350
576
564
767
128
605
561
448
444
478
818
553
797
601
2003
1075
210
604
885
363
213
955
766
614
983
1121
522
223
250
210
531
96
173
1306
280
283
177
1121
1190
658
261
526
315
108
185
805
723
643
591
297
296
243
348
236
414
785
766
766
2101
1592
606
848
702
887
611
709
1777
996
747
289
954
984
888
1360
1520
891
2074
1130
782
585
1722
755
374
140
1046
862
982
490
1214
734
441
584
98
268
1008
1210
268
696
336
1360
363
938
851
766
975
1118
2120
2444
2123
1828
1749
2301
1318
1379
2041
3266
2253
1292
316
1195
554
597
264
1204
223
418
908
362
463
918
321
811
899
693
881
541
273
351
1340
323
878
1664
965
708
1279
1153
386
340
307
810
618
802
1013
752
889
693
601
919
324
886
267
631
1165
450
927
333
2256
1381
379
1060
564
930
1203
1043
1307
896
1923
1123
1750
747
305
467
342
2183
1202
762
349
1216
186
416
372
165
316
940
648
605
949
516
1074
357
439
821
424
358
629
584
140
682
1411
1443
916
1005
1798
1455
2090
1966
991
679
863
659
1200
963
465
1121
1214
741
554
1341
943
1173
737
728
2087
1116
610
1298
663
419
763
1667
701
1603
587
1224
224
483
1115
343
749
278
464
301
292
344
175
1074
367
870
783
409
662
382
475
458
432
742
1155
631
718
876
214
206
715
679
228
1220
334
822
933
932
1153
784
850
709
333
696
872
263
182
400
870
498
862
742
257
137
357
1668
753
929
405
312
189
692
713
1431
937
510
349
1487
1190
679
319
898
827
506
308
205
135
1109
643
190
570
302
2960
2454
1967
2701
2194
1741
1413
1018
468
473
507
2426
1397
5284
4283
3283
2287
3403
2829
1830
1038
3340
2528
1797
1221
1380
1701
704
1161
420
1561
704
1686
706
853
1575
898
646
1296
310
276
1231
329
1502
747
673
1020
922
675
825
672
1357
807
558
1804
880
247
1093
391
1102
386
1433
465
769
800
1440
579
2325
2652
1654
676
812
821
696
921
880
695
677
1952
1086
604
2604
1623
527
455
258
363
199
1118
1085
203
1210
331
199
1416
605
723
323
374
490
290
586
321
764
393
338
316
280
1568
702
1115
564
298
854
891
619
462
860
1492
926
396
1080
934
729
242
158
176
993
239
991
899
787
247
706
528
718
1704
1047
338
654
3323
2645
2504
1504
504
604
411
3474
2471
1501
519
2277
3607
2601
1608
2179
2639
1639
1765
760
384
945
201
874
1769
1712
711
1422
1569
790
1017
1362
906
2091
1781
884
430
1831
831
520
2961
1979
1479
964
486
3296
2240
1869
2097
1763
1642
1969
2006
3347
3157
2317
1926
1045
835
839
605
943
1038
1009
1507
1504
1408
537
146
876
1176
837
250
562
562
303
854
355
1785
907
331
1284
1314
994
774
1887
920
1112
208
313
1149
869
663
723
428
421
429
1324
562
318
399
542
1633
605
767
619
231
96
785
295
270
145
495
944
921
225
567
556
266
238
482
1638
891
452
1628
623
2716
1820
791
1846
1567
2489
1495
2500
4170
5720
4725
3724
2712
1752
750
2226
2358
1356
1107
1040
1066
1022
1640
1433
455
125
1462
1563
663
674
586
1119
1299
531
760
924
989
322
351
419
379
363
605
670
602
145
867
1174
854
644
552
626
1349
1267
1307
306
1266
289
942
1642
2489
1490
1160
1681
760
1049
1184
839
353
185
340
1702
704
607
768
461
665
363
165
235
928
1027
499
405
1087
934
692
557
514
1284
635
564
743
1031
340
786
913
832
1462
1153
479
1167
1054
610
2160
1336
2571
3184
2199
1577
1090
685
406
785
569
810
334
1656
655
1149
455
526
807
465
847
841
530
146
2201
1938
939
400
350
1354
393
1097
280
738
284
425
373
458
2715
593
226
625
836
497
311
333
349
1078
419
734
1803
802
707
567
311
222
216
235
168
306
232
231
1476
1628
785
1338
473
364
283
370
696
964
350
695
1077
2131
1669
671
607
1138
443
965
531
613
1052
950
252
1180
595
558
281
97
186
408
157
1193
1485
1284
1777
1066
418
511
332
245
224
310
125
402
459
2564
1591
2543
1817
2194
3368
2368
2870
2050
1024
1040
875
655
754
833
397
1114
1182
268
364
424
370
337
1755
1426
855
1117
230
976
715
491
128
123
1154
255
258
272
727
704
1438
443
179
1998
1978
998
91
1025
219
186
406
479
1179
641
450
1219
1032
623
337
975
506
711
1524
859
938
221
165
164
841
331
309
952
314
137
191
173
358
228
423
141
560
863
420
1200
3374
2326
2674
1647
717
618
740
420
169
304
2251
1748
718
415
989
301
384
727
2616
1982
2057
2425
1451
424
233
470
1219
423
806
457
709
398
235
233
229
273
184
612
173
534
259
819
140
200
829
715
874
2910
2288
1980
985
2028
2429
1452
2434
1451
1091
643
1009
484
816
502
604
372
1123
1004
464
428
1125
732
580
2639
1670
693
585
807
850
428
553
281
1086
273
393
743
635
664
583
894
866
386
508
186
680
518
305
130
159
149
516
146
1893
902
1606
604
747
811
257
270
1038
742
513
1263
1184
203
566
670
397
195
976
480
932
281
435
904
561
310
805
817
275
2018
2265
1742
740
322
383
833
850
603
115
1033
1173
455
284
2320
1648
924
546
1593
1069
1284
755
563
868
259
350
843
473
1480
479
904
420
124
803
884
257
209
381
212
716
517
457
800
412
180
432
747
91
554
928
430
402
343
674
204
1092
671
1107
1740
776
900
628
875
592
606
812
317
765
279
155
167
403
410
611
621
491
311
115
160
839
837
265
383
643
424
412
649
1663
994
746
970
275
734
1420
620
990
1004
1292
713
1377
417
619
510
826
688
1397
986
1062
589
936
835
520
984
897
933
1787
881
1434
936
1064
914
435
994
562
882
233
419
626
318
1344
320
595
659
215
892
624
449
318
640
227
406
382
316
260
525
331
473
1742
800
393
724
626
1229
613
651
1049
358
1278
423
262
292
789
838
350
1003
920
742
747
260
580
324
2006
1140
488
480
892
262
147
156
148
152
310
883
1149
556
693
1135
298
1243
986
934
397
629
209
318
104
128
206
589
501
146
92
113
1401
414
924
348
810
648
777
406
1228
229
826
1528
1265
1037
2078
564
164
222
931
381
1146
1261
1263
734
333
928
854
435
494
742
541
210
228
314
191
252
471
130
562
630
1569
625
709
871
316
188
1235
375
402
1088
312
347
145
890
737
302
1185
228
857
408
583
791
1245
585
364
206
1487
504
252
472
1078
492
747
729
473
1210
1635
603
1603
619
561
1622
1684
1069
987
1567
1132
1906
1096
1912
912
313
989
290
1130
199
866
310
878
1551
543
707
1013
533
1076
574
1292
692
1386
627
1016
624
831
857
183
152
841
334
371
520
163
116
655
285
142
191
440
348
536
353
306
248
152
165
201
721
180
1411
411
393
321
848
307
190
1181
900
218
471
1640
642
140
597
355
255
787
930
403
691
785
1069
817
385
305
360
133
178
1024
288
463
459
1413
407
697
1498
498
791
917
1444
454
1670
671
882
1375
714
664
1700
1816
1527
810
872
922
1236
1118
491
561
934
510
773
260
334
545
420
176
1231
255
918
1133
211
395
329
271
787
1163
863
573
851
446
574
652
364
664
940
605
663
953
852
1933
1511
757
918
724
600
149
1588
1497
1696
721
666
701
792
963
1037
458
825
837
932
756
286
496
222
145
996
613
320
1634
721
1159
1031
373
2641
1641
781
395
1202
1455
839
401
957
877
1307
1714
1806
806
2150
1470
632
277
345
1061
796
584
302
941
1210
204
1009
996
274
1328
764
1006
206
1024
1121
1173
1240
1523
1163
1034
508
559
829
1426
1318
1300
284
811
740
698
304
218
573
271
495
377
321
455
963
195
508
596
648
623
427
295
1226
213
1151
726
1300
1041
1185
1144
1070
1946
1400
1331
551
321
926
347
381
446
367
129
699
747
593
197
641
1301
1093
946
982
221
579
344
471
1381
503
1023
1251
1032
878
1462
481
1316
711
436
1244
545
956
2030
1230
963
413
431
619
275
772
1049
450
730
1400
390
563
290
1741
745
1075
734
998
225
507
191
353
179
471
645
1006
535
1040
1265
400
1155
691
2753
1754
1728
934
998
1112
298
1046
650
1108
1010
868
904
814
979
909
554
1035
484
1244
410
336
158
504
482
1483
606
1381
440
368
688
643
408
392
1205
398
1171
270
980
995
253
192
671
817
387
657
207
349
1145
293
682
726
365
930
1147
541
1265
398
175
1028
458
472
205
189
308
179
1677
678
971
417
404
1661
686
673
1131
830
1141
286
1255
976
255
899
954
265
162
135
241
284
269
1435
2025
1244
2201
1561
824
1569
1231
1221
1004
593
272
150
123
103
1042
2904
4138
3180
2536
509
590
1886
1559
903
978
721
691
495
913
107
109
608
465
419
341
108
223
152
268
328
841
1030
548
486
716
319
1199
996
1437
629
472
349
370
176
398
178
247
148
1029
879
693
824
770
293
346
491
289
185
957
418
303
886
201
314
285
546
1003
959
872
717
674
1156
589
456
318
349
680
203
352
297
837
411
757
965
250
267
297
452
400
138
554
833
756
952
727
651
255
1110
205
566
214
963
1395
782
1188
806
248
380
374
771
629
280
658
443
1255
874
2294
1377
408
1342
753
836
2132
1182
1609
995
599
200
883
1079
258
258
166
507
1417
442
625
1216
1313
1276
2820
2001
1673
684
648
747
535
1112
1024
1323
1153
253
530
937
965
296
946
903
865
2123
2074
1814
2541
3068
2306
1885
1066
307
128
622
1052
770
880
808
719
157
660
249
149
780
153
494
231
1775
806
148
523
188
383
473
287
640
1440
1270
589
907
1358
507
1424
1096
445
353
141
443
464
1079
201
481
232
366
385
1318
1193
1286
1234
596
120
577
278
365
499
764
390
264
206
352
385
120
268
1371
375
1196
585
834
1240
1854
856
2046
2410
1891
918
669
838
793
270
174
206
190
104
666
690
1145
246
889
325
192
447
794
311
474
123
143
899
440
727
1251
1040
974
1574
1107
1152
751
347
268
148
424
142
179
150
500
414
837
951
900
644
379
202
261
158
859
975
343
876
386
396
94
95
625
421
261
552
775
364
672
469
484
931
398
411
444
522
1105
617
1707
714
671
793
518
493
502
413
498
825
328
208
166
1189
1029
942
960
1268
320
219
639
1393
1103
1125
289
795
1066
568
1934
914
1229
1028
1053
208
284
198
220
200
515
938
755
839
1797
950
957
597
647
1043
438
1117
340
1088
1021
661
2233
1231
1962
1204
1185
980
1355
787
830
358
1120
459
396
134
271
291
297
231
221
535
327
491
364
177
541
217
320
1026
782
667
497
331
420
2006
1790
795
722
1355
675
273
359
158
793
469
121
92
144
241
315
240
377
622
1626
1406
410
698
1341
311
1673
738
436
744
396
1198
378
261
395
435
211
201
813
279
654
1578
539
340
1256
645
1762
790
733
273
821
1727
1780
818
2099
1516
1770
2597
3766
2847
2339
3105
2361
1660
1511
1432
997
1854
1479
1530
566
1097
1510
1573
1263
1145
669
469
808
2010
2047
1046
822
453
927
510
645
97
286
553
745
242
399
989
355
804
260
455
200
173
563
582
1219
924
995
1719
920
1725
3017
2018
363
172
474
3138
2361
1780
753
682
363
614
149
860
354
238
974
312
423
725
1135
1735
809
1588
589
2646
1615
1019
924
366
942
374
1426
446
668
595
842
507
394
658
266
129
502
418
1074
1004
346
675
1699
777
535
808
613
1782
781
954
462
281
470
751
926
1822
1658
1674
1859
1451
1325
335
133
882
729
653
495
419
481
329
1212
718
1149
782
1317
1114
647
613
577
2139
1162
282
588
396
1062
849
436
255
467
296
466
351
180
1300
1420
460
613
564
145
157
183
208
814
1113
207
364
311
867
380
201
401
240
470
147
247
333
342
260
149
263
609
604
414
508
2079
1473
555
473
783
137
292
662
772
406
1215
913
433
991
296
275
678
1219
1294
956
1317
943
1026
973
930
1785
839
1197
582
1333
1760
1728
1783
2981
2783
2121
2515
1749
1906
891
1083
793
289
1060
697
1168
990
256
818
315
410
567
1911
910
553
182
215
148
875
260
112
789
458
290
2241
1293
599
661
905
1350
2250
1246
1647
806
596
1869
911
269
146
1282
285
1511
1105
1242
274
299
1009
1085
219
709
933
256
302
150
149
967
1107
2014
1557
557
683
586
342
769
316
143
347
1087
208
793
1381
467
587
361
460
324
310
808
329
978
969
318
163
445
516
531
1195
421
668
666
1330
2367
1573
2047
1699
701
746
1019
848
563
632
747
546
230
749
638
270
404
738
180
473
775
465
339
193
1376
2669
1700
2029
1011
884
1950
2129
1141
1004
1164
1786
972
891
753
240
561
541
621
921
1109
1043
971
793
916
815
1465
753
969
207
508
517
365
713
98
235
1147
476
343
306
1608
608
548
325
181
257
261
246
130
573
331
296
272
675
1004
531
452
1045
782
1931
927
1367
1094
281
252
684
224
326
1049
613
1339
318
382
1442
646
541
373
366
547
489
556
778
566
810
1077
912
325
374
401
135
406
339
199
555
108
206
790
1220
1040
478
280
224
541
1903
943
283
330
584
851
983
459
591
1574
957
647
649
334
434
1378
362
773
688
523
979
574
603
573
1056
472
508
472
1034
754
969
661
366
677
708
505
180
279
304
1252
251
644
466
151
1153
608
675
755
1623
641
146
250
556
663
295
770
745
330
434
1773
775
1244
284
1121
1231
667
892
680
1135
447
1227
855
1314
394
660
828
271
1189
739
524
609
799
1014
631
499
142
889
305
914
904
671
402
402
1022
499
489
274
233
185
284
360
127
95
137
279
1465
643
442
556
579
634
442
603
1892
225
1035
547
2381
1407
918
873
1813
1328
1098
1359
2093
2228
1780
2259
2023
2250
2524
1526
2182
1373
356
1385
2013
2685
1706
721
1781
1839
2411
1928
1205
1453
476
1032
1162
899
749
488
1034
393
722
1632
629
308
732
344
173
196
217
127
353
184
104
140
700
368
239
1246
1369
495
845
1199
1069
1321
387
522
531
745
609
355
365
1493
608
442
886
756
953
257
323
230
226
214
177
164
190
770
320
235
298
283
454
794
978
958
1175
1029
949
941
370
486
432
1218
220
368
598
323
211
1871
1418
416
178
298
814
653
722
702
702
299
296
251
793
259
218
671
362
175
196
693
265
621
1406
539
363
563
161
708
679
451
610
698
761
1739
755
1055
841
399
536
566
1615
595
324
726
785
719
867
417
594
728
476
687
537
289
269
272
1269
842
340
585
533
307
729
262
154
378
137
686
721
566
400
746
782
1010
207
1087
2013
1434
470
539
825
448
1346
1644
784
856
585
216
1255
564
578
151
1717
764
257
1866
932
216
289
619
794
608
895
323
418
638
150
1377
622
136
611
258
1036
530
623
915
1173
322
921
964
612
591
455
707
497
1092
115
352
1313
1055
376
1084
149
649
414
844
266
748
716
619
535
816
135
312
772
883
1015
635
347
529
261
359
1935
971
369
418
1019
302
1092
862
1067
1105
491
535
145
404
648
289
624
1091
1152
1134
458
990
975
1027
373
321
953
309
715
460
1083
730
815
674
1838
821
711
759
730
425
596
1456
489
1256
778
844
1026
483
747
1209
2579
1618
1155
423
833
1281
2182
2007
2845
1987
1675
2291
2400
2708
2234
1233
1090
844
1591
616
955
780
309
1509
1427
420
1023
350
419
127
601
672
943
268
528
828
1149
318
682
1273
1627
1384
383
1502
502
579
761
1062
831
1429
1122
779
259
480
282
1964
910
545
346
376
246
1765
1420
1221
884
1099
245
1108
1598
623
912
442
288
207
254
257
833
317
173
695
251
277
204
304
310
230
302
1520
1333
335
560
1671
961
1083
400
894
587
1715
761
1449
1538
2544
2147
1217
1245
919
846
941
1409
1165
722
886
1493
1326
2617
2768
2962
2872
2257
1606
1062
1001
1459
820
1227
896
1157
432
324
784
1038
874
308
435
304
665
1910
1333
358
375
442
425
1099
302
967
339
328
1269
839
319
173
1164
628
901
203
929
257
266
583
627
725
2026
1029
2037
1478
639
647
1018
842
799
2285
1436
1240
553
420
158
933
797
788
1299
316
1878
922
1791
1250
464
828
3152
2182
682
228
493
492
233
686
306
701
738
597
1704
3274
2332
2176
1919
992
1214
720
1276
1198
415
318
460
1097
623
906
803
385
1024
371
300
304
486
324
470
541
909
928
851
545
258
506
819
932
487
225
305
483
726
427
2249
1225
1523
2370
1465
464
822
1201
495
346
751
324
799
283
680
310
866
692
539
645
229
479
1158
977
1160
158
872
1418
1458
974
1725
724
907
719
420
646
655
286
725
763
632
524
461
883
296
755
282
340
451
1245
1445
421
2115
1058
1204
1316
1910
911
88
1255
418
683
1021
225
642
494
281
323
426
1221
434
525
117
335
1396
912
583
465
464
386
1431
1972
969
801
255
138
1976
2264
1790
778
1601
1651
828
654
2505
1525
1598
692
390
932
449
937
354
1444
423
469
1140
382
569
424
389
515
155
654
527
866
294
1002
515
347
793
278
214
389
403
304
1055
828
568
610
853
530
495
811
585
554
1354
337
1391
1088
1043
976
369
486
202
413
296
1414
417
1486
945
211
1764
765
1237
841
1306
761
620
850
1403
1289
216
1118
229
1084
441
473
676
869
797
1240
1197
456
1058
1316
1367
1193
897
678
976
215
518
1929
1762
1947
1636
977
562
1540
1240
983
1597
510
1817
939
1186
1060
1051
366
633
926
412
557
325
380
1304
392
1326
1011
860
918
844
1175
862
902
276
1094
551
551
274
522
857
1509
758
1007
1048
606
1138
664
348
1077
329
1643
624
1067
392
557
677
625
864
1107
919
685
1118
588
225
424
874
252
1526
524
329
911
254
872
250
278
885
2496
1958
1890
887
1209
584
415
928
1517
543
653
968
1087
977
433
586
688
1143
318
805
1737
763
523
847
695
630
341
843
677
608
503
1042
466
253
1354
326
339
570
978
384
941
472
363
1084
677
818
570
303
235
221
567
690
582
907
1058
798
286
1368
336
300
924
230
409
779
369
622
839
1270
1997
996
2235
1233
1208
1482
2248
2971
2404
2116
1743
1839
1446
433
645
239
758
948
455
2686
1710
946
574
610
576
1155
279
1316
335
789
988
1033
430
221
1265
529
1864
873
829
214
2621
1595
627
281
1273
1203
852
411
1425
610
643
553
1153
808
622
935
257
654
902
648
1205
421
313
424
814
993
1706
1121
991
2667
1668
738
2375
1373
3111
2131
2797
1798
769
266
1572
804
2500
2228
1452
448
1009
1496
2351
2045
1624
638
1105
1452
906
1425
681
801
1027
1417
657
443
305
734
753
493
370
283
458
829
1349
617
1242
1068
767
1064
672
754
1158
507
362
982
432
353
189
303
771
1272
273
1304
322
662
1719
878
1640
947
1030
391
535
590
1257
236
300
389
891
769
772
2064
1060
207
554
351
802
215
641
474
243
730
473
265
557
639
267
1212
843
717
615
296
323
220
854
390
387
402
294
1187
811
298
815
312
158
356
481
704
1230
354
1049
538
510
403
726
627
213
164
1233
1944
1460
1908
1217
2002
2130
1637
654
178
749
667
475
294
436
270
606
722
1137
976
672
1229
824
967
1101
882
889
832
708
512
626
305
707
899
971
649
1256
1758
1718
733
1106
785
1877
850
807
1485
1369
996
757
804
511
753
537
760
885
1807
806
722
1138
1195
1829
1880
879
1066
200
580
573
609
856
401
496
1464
449
780
810
409
1318
365
348
911
428
302
1010
1168
211
997
199
936
1042
521
676
2328
1275
1774
820
1622
920
1787
1908
934
1043
1104
1053
1085
712
2258
2593
2311
2176
2349
2527
2071
2227
2413
1414
1045
1002
2095
1653
1833
1315
688
363
332
1013
1345
1008
578
741
587
323
384
455
1087
632
525
795
1222
481
1721
750
313
578
238
523
720
352
277
608
433
1041
552
924
858
455
1948
1095
556
430
582
863
847
1444
831
1179
1369
1170
603
593
1149
1054
478
513
262
591
889
392
927
677
652
787
545
1157
1827
830
256
3085
2109
1480
1288
290
1440
1826
810
420
2065
1081
1653
769
1395
1045
1386
524
1068
588
730
853
655
912
547
456
1006
711
293
360
1507
1078
565
960
738
611
560
1000
345
1060
299
786
342
550
977
1362
627
1380
1560
1694
1107
1133
762
596
643
632
1426
427
1479
485
1065
935
1188
602
996
787
693
629
604
171
732
698
311
737
290
1116
282
822
1190
533
253
1944
1367
352
275
579
1090
507
688
530
329
1293
314
1069
630
839
605
1083
800
2489
2560
1562
543
2093
2148
1127
1191
1788
1013
2227
1258
1575
838
604
1197
953
840
712
463
234
1545
1439
1222
631
1774
2065
1067
918
576
571
472
586
701
361
907
446
818
348
452
1340
341
934
300
2050
1051
335
2025
1092
1162
899
272
532
486
738
1288
945
435
702
922
1055
1767
1507
507
842
1178
868
977
974
377
1113
1548
1043
1200
200
1891
894
457
1187
691
917
548
390
1524
526
1790
1217
732
944
1176
753
1937
1016
607
204
974
225
977
1464
457
514
207
1320
842
2107
2027
1451
1138
1202
926
1988
1909
1531
551
1762
1969
1501
613
969
1079
584
821
767
1209
1491
507
977
1995
1159
1487
1107
1766
960
1555
1051
1583
773
1041
787
561
531
1025
1021
480
2116
1600
1019
639
1010
306
559
1140
1055
908
1233
1190
1157
557
1045
818
746
1702
1652
1457
786
1899
899
1041
1834
892
1126
1009
1713
1959
962
1027
313
690
606
1342
315
859
1289
295
1129
672
1782
912
543
450
1254
1049
1342
861
1418
661
891
289
274
434
1722
805
591
1277
2762
2277
1293
332
979
1033
730
1401
801
1048
657
267
1297
691
1075
300
876
1747
1638
1208
1941
695
468
1157
281
665
212
994
203
281
1418
985
673
316
933
318
558
1931
929
1251
319
667
539
1628
983
912
766
866
936
209
898
789
792
641
787
882
728
722
1300
1238
353
1612
1954
962
1398
2784
1802
866
1437
1026
952
199
528
2207
1259
268
317
1111
217
329
1374
348
1349
1732
1383
744
818
788
354
295
653
925
514
265
995
538
594
1040
1007
2059
1050
1134
231
1001
712
1044
616
1221
1062
1036
432
323
1602
1102
1695
1002
775
320
670
551
481
1200
336
145
464
759
1025
555
701
1025
218
1015
230
1367
417
643
523
986
606
1132
845
252
254
906
335
730
300
441
744
1269
721
279
178
1935
1218
584
511
863
1654
733
1051
1770
1055
1329
1114
696
314
462
1164
1366
1060
669
459
1034
323
567
980
348
1004
1049
300
1176
1072
817
246
1782
768
335
767
607
1104
1293
487
2399
1410
873
1180
448
1173
2044
1026
491
621
845
971
636
330
347
1148
631
267
990
266
846
505
460
621
1336
1656
1512
529
945
465
296
1460
2288
1290
1187
281
763
959
1012
215
763
347
806
1128
428
916
1097
1217
636
640
556
613
778
315
612
1232
1098
1072
672
585
2161
1509
2220
1574
2037
1543
984
1241
1079
1340
646
791
1035
341
1133
266
370
210
1163
302
892
894
1228
828
592
888
447
537
1594
593
710
862
681
1458
518
842
1729
1118
870
750
1286
473
268
484
1035
357
495
1406
838
985
1217
335
368
658
585
398
1826
824
332
319
452
279
415
487
861
870
553
702
689
520
1157
241
995
509
255
395
584
826
1308
1220
1684
689
1950
2225
2177
1358
1283
1082
925
365
257
476
684
1906
953
669
353
815
1498
664
657
706
225
237
1073
202
1490
489
283
295
278
1229
717
543
281
1706
722
1032
304
1000
761
993
2127
1406
419
1168
919
1164
1032
1793
1072
547
279
2026
1045
224
522
3695
2754
1896
892
1919
919
671
297
351
979
578
1350
711
411
621
296
331
598
552
675
1172
542
1892
1256
258
877
372
1255
1742
758
1400
838
231
339
1762
935
233
289
980
465
931
1092
657
1082
531
3861
12626
11624
10638
9673
8672
6765
6304
5800
5263
4819
4459
5674
4740
3806
6094
5783
4760
4601
4264
3102
2491
1460
1599
748
410
424
1334
879
1486
734
1928
928
1249
847
826
463
885
1135
1223
1279
1195
1220
963
337
1014
1176
1049
1139
1236
1525
680
916
494
1424
426
1696
1170
291
1007
865
306
729
567
869
820
701
423
572
1210
693
1037
1948
2866
2740
2990
1990
1161
766
1335
306
719
807
516
611
324
1008
243
805
738
803
396
1257
857
2258
1279
276
911
701
612
1179
698
813
735
296
608
668
1450
3503
3561
2576
1577
571
963
276
593
786
607
846
1175
204
481
1481
482
1173
223
611
563
761
696
1795
798
493
2048
4405
4092
3320
2336
2558
3105
3543
4321
3318
2582
1585
742
789
181
1274
1094
916
1077
1305
632
256
403
446
856
300
970
1420
1033
1095
1450
878
975
1908
520
1649
1375
922
647
1000
1050
599
2096
1617
1082
1624
1156
1076
852
703
335
231
316
248
431
1154
371
869
896
269
241
813
227
726
241
321
1576
577
1767
847
545
1215
1828
1471
2026
1450
2775
1785
1004
1054
519
531
333
422
1236
770
1758
2452
1612
1848
851
1397
1462
1088
244
1394
461
1159
1411
429
903
1271
1328
359
788
206
463
1222
433
997
222
272
231
1414
616
382
305
659
899
127
137
1391
416
841
1772
3523
8953
7998
7605
6606
5608
4602
3633
3427
2443
1141
551
1517
1032
1081
480
1748
939
487
852
468
323
1310
710
266
1187
1074
751
393
622
1168
576
784
368
238
480
562
296
318
424
1153
980
622
805
523
716
431
294
354
446
1171
651
1187
1314
1184
684
288
1231
569
973
1459
1205
1518
1137
1312
902
764
907
1795
909
258
831
1424
605
1863
864
270
2079
1079
385
1457
1354
1092
588
401
320
475
2198
1225
592
963
1474
773
410
385
1145
297
877
1015
934
1258
711
1540
707
445
1018
890
311
333
940
335
426
697
749
637
951
2127
1224
1000
939
405
239
871
939
652
566
1386
420
636
975
1471
1044
909
632
604
504
129
314
896
367
310
1093
1068
497
1040
791
1200
857
1009
700
850
1903
1340
325
5177
4177
3221
2222
1220
547
1644
844
1983
1691
789
571
603
1409
886
1634
763
716
705
1404
474
453
2021
1035
332
2041
1039
1307
738
364
292
923
451
346
486
478
365
1444
443
1256
709
837
740
398
788
1282
280
377
905
292
241
223
1256
258
1019
366
1057
712
282
993
798
905
1200
368
367
1622
624
1038
426
548
790
1520
703
300
1326
338
887
1106
1025
1030
1364
1187
1834
852
1116
494
1032
1869
2674
2125
1154
1838
971
380
157
807
336
1341
2857
2382
2114
1851
813
1186
599
1233
969
634
465
1136
1212
820
1117
630
1221
969
1325
727
545
977
503
1504
2046
1042
2567
3084
2081
1146
364
388
772
779
386
1324
2028
1326
885
901
804
938
943
931
954
1552
1058
1555
894
1534
680
1476
876
1224
1212
959
898
567
602
750
417
842
842
320
922
308
342
324
760
254
1927
1644
1193
662
576
418
1073
618
519
869
421
953
486
394
560
886
325
821
356
572
303
1088
693
280
267
964
1212
261
289
1566
795
309
274
356
87
151
205
581
729
891
1052
955
300
304
514
376
1058
398
877
213
315
520
766
849
1355
361
650
1375
1292
469
1095
752
735
1244
821
1332
336
1033
223
974
240
1129
1296
944
258
692
1427
415
1275
503
603
723
728
963
1304
305
1380
906
1039
450
649
671
1044
1071
694
995
927
1206
1185
817
1115
299
646
1300
487
590
307
444
628
1933
894
256
923
387
941
1022
615
1007
919
503
397
589
465
690
308
379
1885
886
1235
815
891
1004
457
765
1059
827
1069
1020
653
734
2319
2730
1745
3824
5336
4339
3379
3454
2842
3886
3572
2573
1607
474
1706
711
149
1042
970
812
1302
691
1018
205
298
580
584
415
498
760
979
205
784
655
353
660
760
979
1098
425
1060
585
257
1108
712
872
585
627
581
2444
3452
6071
5119
4116
4683
3684
4263
3243
2262
1886
2234
1263
820
1091
660
263
177
851
1911
1221
218
289
368
684
1389
572
654
695
1294
802
1200
710
1131
1227
1254
1312
733
794
560
2589
1906
1375
944
326
1338
2310
1309
3335
2318
1443
438
2025
1159
2134
1793
1690
2772
1948
3529
2512
1530
1840
1714
1257
1548
2176
1177
468
657
793
333
1745
3066
2070
1070
899
849
618
746
852
234
1536
612
410
463
264
787
1416
1142
653
553
957
1389
401
895
218
1070
496
486
550
404
1574
588
278
380
591
980
227
545
290
921
278
507
1870
839
393
824
1637
435
239
1214
278
644
724
1296
815
914
2139
1185
750
819
578
571
1794
813
442
265
1527
665
813
821
1886
885
874
1143
240
2031
1852
1290
277
179
394
456
776
815
279
298
1321
324
1245
443
975
796
934
2013
1018
1336
345
1673
668
2245
2011
1072
3664
2775
1883
1523
1166
1161
956
1048
943
541
329
1193
681
147
771
985
534
209
2022
1099
206
914
496
675
398
1017
295
567
1305
634
224
1345
717
1986
970
869
501
1101
716
1885
916
1111
805
1304
704
954
655
1879
895
826
1197
459
769
377
435
339
418
690
2155
1285
671
900
486
254
884
396
6351
7510
6507
5288
4525
3602
2629
1640
2296
1873
1232
260
863
1899
932
498
1224
598
217
1014
999
296
1113
201
593
454
342
377
862
437
581
891
339
471
616
1692
1060
1028
619
1060
271
414
337
867
415
1009
301
498
474
1325
325
822
370
731
1143
205
877
1253
744
156
296
2112
1249
424
1207
708
759
662
652
1376
373
896
312
885
1363
1054
347
293
1403
1660
857
1279
1422
888
2496
1496
714
2267
1270
1104
215
275
673
504
1703
941
923
832
804
612
452
1559
1881
1008
1306
1279
588
308
1074
737
399
799
248
403
1147
472
623
465
789
1365
536
901
480
1178
1177
496
476
463
1373
686
682
1589
757
486
1554
607
1096
941
1097
575
1133
218
1319
829
1070
207
1129
215
374
471
546
529
1555
554
686
487
1136
219
762
272
527
279
1005
1455
1517
703
226
1203
222
978
1354
1537
523
819
366
973
907
512
936
1167
1095
1181
1361
918
1288
1301
1237
2308
2208
1635
1152
1055
811
713
524
1948
974
284
1261
374
558
357
312
1211
208
1770
1843
861
1073
1101
597
2029
1014
213
1105
811
1308
859
1024
914
795
562
821
1082
1357
807
952
1141
748
1062
590
1605
570
784
1303
668
666
524
685
989
1807
1819
1147
1640
609
803
227
857
270
389
1155
477
481
633
979
499
754
788
749
475
1887
862
1958
1800
800
215
1506
1633
636
1072
264
2013
1039
346
1765
1672
1599
596
1084
894
1590
1283
1389
1393
411
872
347
1018
205
558
365
1753
1263
808
755
1632
1752
1818
2229
2031
1763
4169
3140
2165
2877
2879
1867
2311
2679
3207
2228
2358
4148
2867
2142
2419
2380
2345
1344
447
589
972
450
776
1499
976
616
579
1501
574
575
1119
839
942
1011
1191
255
1291
973
304
299
516
1109
265
1192
767
602
1041
618
1146
1461
460
1160
454
1052
348
464
417
2452
1451
758
1889
1031
1074
1076
297
261
747
760
1012
213
621
621
1035
199
784
395
707
1059
587
1727
724
420
952
2209
3716
2716
1740
1244
507
631
1686
722
683
1120
942
1187
988
1558
698
1929
932
1022
485
1404
702
729
451
1156
501
752
1202
723
484
1007
538
779
480
763
330
995
910
437
1561
561
605
1416
413
1502
964
607
1478
480
1055
996
349
937
1192
411
1044
1306
1513
493
251
1364
385
1284
553
799
860
793
489
635
948
983
265
699
379
1250
978
267
569
1127
1978
1032
1233
1127
1015
1243
858
1176
1303
488
955
982
1101
729
1116
705
1006
766
315
263
854
1814
816
581
851
322
1095
2144
11220
10223
9223
8223
7223
6240
4132
3578
2939
2262
1246
1352
378
2569
1552
1209
298
913
1564
1099
1626
609
657
622
1414
1079
489
514
915
562
1057
203
562
963
272
1162
592
313
864
783
957
562
1181
395
810
693
1203
932
962
877
1439
818
1135
866
1141
1168
291
621
816
843
1262
801
1479
479
783
2779
1757
760
583
324
855
212
849
1356
712
1314
568
336
103
1215
221
402
460
645
767
293
707
718
494
340
138
372
1401
1527
528
277
774
1149
1114
311
994
886
1469
1427
431
840
1104
499
1316
319
300
1652
663
680
1799
826
566
1339
912
696
937
263
309
1961
1006
1144
2340
1460
1348
549
1714
734
887
287
589
1666
1048
2561
1864
864
921
834
609
823
1064
510
847
1325
365
2046
1047
377
292
1259
534
435
807
1248
924
909
616
383
382
762
462
1942
1065
781
307
712
1034
210
412
827
728
1431
1303
2347
1357
475
890
479
791
1072
471
733
1836
853
990
413
949
322
737
238
900
834
984
529
281
303
2105
1218
649
1290
845
782
1011
198
1088
820
825
846
752
612
648
594
1425
757
1029
594
469
735
396
360
631
1455
731
643
383
491
228
1773
775
290
951
422
436
862
877
747
1537
692
967
261
645
989
426
206
1393
948
637
3659
3271
2955
3604
2607
1365
1303
1244
444
1267
391
314
139
262
701
844
468
1404
466
1269
771
1782
1709
1150
2410
1492
1148
752
1220
422
1171
1823
823
752
1214
3512
2450
1625
2507
1859
1268
1045
1806
2551
2421
1746
727
882
2512
1514
1376
1574
1342
827
690
2152
1181
550
356
2402
1401
405
306
962
207
179
892
860
991
1380
518
676
640
738
933
1005
197
948
285
619
823
911
987
1129
424
335
570
566
1104
1032
849
633
444
444
1612
1048
809
844
600
456
541
653
797
252
401
233
1087
497
688
565
785
316
392
383
160
192
1318
808
950
287
636
928
344
683
918
1016
360
840
669
370
418
577
512
486
498
1055
365
1033
374
578
796
281
742
518
452
965
1715
867
157
1212
712
238
525
143
180
364
335
1063
158
181
446
200
367
150
857
718
528
236
323
1682
683
263
149
119
421
830
1480
1124
266
289
729
677
461
1000
404
306
155
924
262
372
1097
237
721
569
661
584
974
874
789
809
649
504
1215
307
438
789
872
801
206
433
413
550
196
419
113
393
213
1230
1463
953
721
1018
891
126
350
620
983
727
426
758
242
1363
1252
1237
787
827
965
2023
1869
1090
692
1558
1182
791
763
1267
401
276
175
951
1188
219
791
531
1983
334
760
534
340
151
568
658
1353
350
460
514
295
217
445
297
1007
1494
643
760
478
599
937
367
391
821
1325
1253
307
942
374
867
247
834
290
170
330
359
864
195
1284
384
1069
327
864
899
290
106
749
464
179
201
764
677
467
786
1350
797
583
338
994
592
909
305
1233
222
1027
993
533
571
440
472
494
1207
371
644
409
455
419
239
798
877
531
330
150
149
995
341
812
609
1040
2762
4124
3358
3836
4885
3867
6566
5945
8311
7309
6314
5313
4314
3635
3174
2149
1176
424
197
968
1153
1206
954
520
1781
1130
1242
972
215
700
1072
341
309
277
223
84
765
1140
466
639
1072
368
420
381
317
139
616
294
477
164
524
747
892
361
1253
271
403
206
968
212
171
1552
573
776
1619
917
1642
1186
3205
2247
2749
2389
2028
1880
1604
1522
1691
723
1594
1372
1406
1176
1645
840
748
546
499
1166
358
1224
353
550
310
337
528
1778
816
530
1470
771
613
683
1316
1134
596
534
433
1009
784
398
422
628
717
757
653
295
569
362
218
833
979
896
451
320
283
942
374
459
614
652
471
1886
958
996
684
1402
1317
1233
727
286
222
801
848
811
693
973
962
554
632
721
594
755
723
392
558
330
1152
332
204
1350
704
280
182
554
113
625
626
359
702
386
154
329
285
540
1290
308
512
1453
1022
250
229
434
691
314
268
689
364
170
318
601
478
2065
1091
888
331
979
993
206
303
1595
1138
1078
520
168
224
1145
440
741
277
655
300
168
261
776
1840
837
325
293
1722
900
393
1001
332
2019
1175
254
357
501
722
1857
847
705
812
265
454
1165
290
250
290
1194
1205
805
926
943
1018
1160
1015
568
1138
780
1085
1146
1172
633
284
1384
943
1263
887
716
876
724
2323
2376
1682
1373
1334
1782
800
274
520
824
1022
584
917
836
1050
529
1150
