1195
1109
1159
1153
1306
983
1300
1011
1461
798
621
1147
1250
860
1585
1427
1121
1807
883
1307
1312
1359
1125
1112
1174
769
1275
940
902
1655
1094
1708
851
1726
737
1099
1542
1586
1768
1652
1324
1481
753
1001
655
1180
1159
1489
916
1424
876
1258
1054
1551
995
1123
1105
1097
781
876
988
2023
2109
1559
2209
1372
1219
1406
946
1382
1383
1112
1354
1116
1343
873
1258
1267
1732
1709
1297
1480
1337
1245
1624
1507
1348
1046
1442
932
867
1338
619
758
955
994
867
1467
1168
1208
1399
744
1174
1062
1380
1041
879
724
1354
1052
1192
1141
1100
1095
865
1192
1077
1200
1331
1314
1134
1905
1252
1208
1266
1352
719
1539
899
1240
959
888
889
1328
1134
920
1072
891
975
1301
1114
787
902
882
1085
1108
1177
887
1267
1316
1408
1358
1079
1187
1164
1475
1266
739
817
1091
1134
1061
1217
964
1312
1301
1197
1838
1561
1293
1130
1247
1014
1085
1236
764
1453
1347
1381
1294
1435
1356
1383
1131
1503
1228
1231
1636
753
976
1182
1118
874
1346
1039
1154
1953
1506
1762
1426
1569
977
1228
1266
823
835
899
1271
995
1704
1783
786
1586
1200
1754
1659
1276
1288
1193
1149
1020
840
1565
1249
960
1037
1178
893
1182
1395
1023
1205
1091
1238
870
1242
1136
845
1272
1297
940
655
1455
1185
1172
1249
1271
1213
746
1154
1380
984
1069
1252
1095
1021
1382
1252
1091
1220
1189
720
1236
1002
978
1386
1290
2133
1609
1052
1118
1093
1283
948
1389
985
1025
1767
1255
1580
1170
1310
1074
1199
1379
1259
1134
810
897
1716
1165
1259
1307
1469
1418
1340
1721
1491
1736
1527
1506
1997
1978
982
1245
1243
1137
1286
1400
955
1260
1131
850
1040
1381
1714
1825
1849
1962
1448
938
1852
1292
1423
983
1133
869
1104
1093
1077
1623
1036
1504
1445
1302
1430
998
1265
1222
933
1004
1071
912
921
1221
1042
1301
1366
1220
1296
2216
934
611
912
1201
1375
760
669
1729
1715
1105
1348
926
951
824
1311
1593
1705
1543
1039
950
1330
1005
1102
1170
1227
1064
1364
1464
1488
1429
1367
1420
1328
1453
1578
1618
1151
921
797
1095
1201
1269
1076
1428
1135
1607
1875
1364
889
754
970
885
947
1074
960
1241
1561
1196
1123
844
1211
1061
1165
1177
1318
1090
963
1346
1291
805
1373
1391
1593
1954
1357
1342
1334
1218
960
1331
1080
1129
974
762
736
1295
1062
1170
1632
1943
1185
1204
1424
1419
1377
777
1661
1265
1197
888
930
1155
1121
1372
1905
1632
1476
1209
1167
1162
858
1132
961
1107
1136
920
1393
1921
1877
1565
1312
1964
1313
1346
905
1012
1011
989
1124
1071
1718
1647
1157
1319
1315
1427
1424
1527
1124
984
978
963
889
1095
690
1229
656
1326
826
1405
2114
1962
1635
1280
1296
1011
1351
1305
1015
886
1397
917
1286
1093
1384
805
1181
861
995
990
1241
1050
1345
1135
1145
1499
1320
860
1636
1488
1319
1224
1247
994
1224
841
1451
1109
1065
1057
706
1071
1218
1250
1149
1394
1237
773
1068
1128
1075
1560
720
874
1179
1519
1493
1116
1113
1285
1033
575
1788
1793
1571
1658
1376
1246
1430
827
1283
888
1007
768
906
1566
1353
1066
1005
1482
1149
1300
685
1079
1109
1132
1748
1660
1237
1297
1279
1367
990
1036
978
967
1074
818
1253
737
1061
758
1494
1002
986
1187
979
856
866
1309
1375
1193
791
1740
1313
1532
1034
1354
968
1083
1168
1015
1061
1019
1329
1300
1044
1002
640
913
881
1190
1479
689
1188
1236
890
1041
1043
1276
1686
1509
1341
1092
1103
1070
1602
1158
880
1584
1036
1063
1135
1114
992
1063
735
1091
816
1307
994
1283
794
959
939
1112
1046
1501
1451
1198
927
1159
1186
1018
1274
1120
935
1443
1368
942
1180
1262
882
975
844
998
1206
1392
1361
1244
1031
871
1253
1099
1087
990
924
1217
847
1381
1027
911
1085
829
792
597
1430
1252
1029
1173
1417
1427
1168
1347
1086
1147
1231
914
827
1006
1216
696
1572
1474
1144
1084
1128
1389
1691
1103
1506
1317
884
1250
1395
1143
874
1502
1426
1469
938
1402
1063
1272
1201
1225
1067
1129
1093
1190
1155
1234
1714
1455
986
1481
1341
1553
1322
1351
895
742
1294
1108
1566
986
1135
1116
1086
770
1655
1930
1719
1422
1313
1506
1063
702
1092
1106
1108
908
735
1225
1527
1155
1112
1684
1477
1164
1288
1050
988
897
955
886
925
1428
1417
1436
975
1077
1537
1346
1233
1380
853
1175
856
872
877
1391
1101
1048
1026
1025
1182
1069
1344
1980
997
908
944
924
1320
1302
920
999
1316
1278
1252
1466
1348
804
1481
1129
895
1083
968
963
1032
1049
1459
1145
1070
907
1194
1044
2743
2024
1100
1043
1188
1207
821
1540
1265
894
1284
1417
1556
1422
999
1373
906
1531
952
1516
1238
983
1211
1491
1282
1056
1023
1080
1277
1223
1245
861
1175
1462
903
835
1185
1037
636
1038
1517
1131
1030
1224
848
1431
1517
1307
1043
1362
1016
1091
931
524
1062
1248
1190
908
1028
1214
1140
848
1148
1112
815
1103
1615
1032
1171
814
1233
1368
994
1208
1361
908
622
1268
1236
476
971
1113
1575
1194
1165
1563
1140
1512
1452
697
1475
997
829
1295
1312
1180
850
1260
752
1472
1289
1372
1326
1845
2299
2122
2046
1939
1452
1377
1014
1692
1595
991
1802
804
1343
1113
1664
877
799
718
564
816
1230
1390
1312
1075
921
1235
710
1176
567
1317
1284
1329
1087
757
1017
1323
1341
1071
1172
853
977
1116
1310
938
1439
1117
1126
1026
1134
1179
1799
1388
1604
1785
923
1513
1170
843
858
960
1169
845
897
1517
1347
1146
886
990
705
1125
1471
591
1703
1216
1198
1389
887
1045
1529
1026
893
898
1337
1464
1140
1344
1066
1321
1348
957
1726
1193
1787
1465
1770
943
1184
1104
993
1330
993
769
982
1478
1338
1071
1153
723
1002
1053
1256
940
731
906
1235
1157
1458
1229
1283
814
1411
920
809
1172
1530
1146
1475
1188
879
944
1034
908
730
1236
1167
1381
1333
1605
1151
958
1563
1075
1058
1460
1366
1161
1238
610
1021
910
1124
1160
1101
1319
990
1349
782
840
1517
1624
1472
1623
1224
1464
1000
987
874
791
937
1249
1229
963
838
1071
1217
1283
1374
728
1221
1199
956
1021
1024
946
673
1433
1211
1454
1423
715
1500
1264
1269
846
1198
829
1219
897
847
1094
1127
1012
1058
1392
1105
838
1400
1389
1160
648
1264
1288
1178
1360
829
890
754
1086
1106
1020
1280
823
1092
1361
1357
829
1056
1132
1226
1319
940
1164
1098
1197
1201
704
1606
1553
1290
1142
883
677
647
851
768
1225
980
838
1205
1027
732
1074
1142
657
1632
2060
2035
1324
944
931
597
1372
1040
1470
1008
1233
1174
1455
1731
2203
1694
1187
1570
1892
1716
1174
1207
1394
1298
698
1150
1169
879
1319
1064
1443
1222
1043
967
1420
1675
1435
1212
1024
1145
1052
1334
1041
1500
881
1573
963
1345
1218
1227
1035
1092
1566
1359
1068
2044
1525
1713
1642
965
1816
1320
1325
1175
824
1194
1160
1065
997
975
1099
895
1459
1835
1332
1590
1064
961
1363
1175
920
1154
1140
710
643
1155
950
1227
1025
1267
1769
1107
1427
1421
996
1106
1044
1186
912
852
995
1037
1373
1675
667
1118
1348
1287
950
1142
1316
889
1044
870
1233
1208
698
1348
898
698
1464
1002
1213
1179
1148
1349
1249
1086
1151
1307
1019
729
890
1130
1112
1120
773
907
943
1033
1134
1343
2154
1390
885
1309
927
1847
1893
843
1643
1412
1168
1159
863
1334
966
1594
1311
872
883
1259
1312
1007
752
675
1189
782
1146
1029
986
1165
1388
1177
1059
1161
952
1647
869
912
729
981
940
866
1043
1471
1025
1318
575
1101
1378
1463
1050
1163
1082
1143
800
1209
1360
1347
825
1766
1984
1476
1278
725
1064
1248
1186
988
1187
1142
1482
935
1277
858
855
1182
1020
1015
1263
690
1036
1034
782
1261
1812
1782
1844
1519
1877
1465
1618
1518
1854
1653
2038
1744
1234
1337
1256
1887
1487
1496
1370
1081
1666
2065
1324
1404
1227
1062
978
788
1022
1014
591
1154
1171
1221
1069
1370
861
1443
929
1014
1109
1073
1128
1691
1228
1143
1142
760
908
1249
2054
1176
1474
1277
1687
1036
975
1184
1383
900
970
818
930
1211
1099
1282
1169
1312
1083
1205
717
1011
772
1269
1125
1156
983
1027
1103
1146
1479
1550
1099
1350
1122
931
853
1028
1524
1318
952
1024
1529
1585
1250
1466
1658
1211
1154
1252
1369
1263
933
868
1331
1079
1517
1793
1619
1278
1041
758
1077
1011
912
1311
1310
1716
1588
1076
1249
1736
1282
1011
1636
931
1246
1174
827
1090
789
1099
1439
1384
1134
1434
1249
1170
680
1137
1424
1113
934
1094
1136
817
912
815
1135
831
920
1128
1248
1189
1068
1426
1173
796
1517
1936
966
1398
775
820
1137
897
977
805
743
1368
1426
1559
1341
1667
1292
1330
839
1287
970
1120
927
570
1305
1116
1321
1110
1176
1201
1196
1215
1171
985
763
1238
1368
1581
1884
1400
1817
1973
1455
1772
1492
861
1184
1265
823
1116
1048
682
1235
1063
1021
936
1177
1417
1156
780
1188
838
937
1300
815
1180
1281
1096
1234
937
1134
1157
1089
1370
1396
1829
1354
1660
1167
1313
838
890
898
788
1349
1006
1816
1318
1537
1729
1872
1395
1177
1240
975
782
849
936
1181
1208
1301
909
1372
1555
1104
1246
770
1355
958
878
891
1319
1278
1437
839
1118
1099
1224
1153
1371
1356
1068
1699
1480
1530
1016
1253
1380
1131
1313
1533
1189
1593
1176
1116
1148
656
1524
1926
1391
1310
1527
1691
1398
1022
948
1107
1153
1163
954
1711
2074
1691
1274
896
1075
706
1135
1162
902
1162
1198
1189
1010
1361
1868
1425
1123
1894
1360
1636
920
1220
985
1438
844
1109
1342
1074
1609
1132
1300
1128
1153
1044
841
1587
720
1110
1017
1372
1441
1301
1217
1621
1148
1475
1125
1036
1331
788
1193
1428
1158
1667
1087
1233
1498
1304
1334
1295
1129
881
1128
1144
1358
1061
611
573
1469
959
1014
903
1313
1401
1148
1007
1607
1125
1015
946
1086
982
1464
1681
1657
1466
1527
1453
1629
1620
965
1220
1030
815
1250
1109
926
914
1189
1502
512
1017
1070
1290
905
919
1066
781
904
848
1393
1531
1303
1270
1168
1328
970
1276
1606
1727
1966
1811
820
1391
1015
2085
1083
1304
1540
1083
1324
1012
826
880
1177
1162
823
1617
1604
1239
1658
1427
1528
1743
1318
1183
825
1102
1168
1374
1134
1130
1533
2089
1769
1095
703
1042
1354
1398
1362
1038
824
1033
1043
835
1487
1291
1772
793
903
925
1160
971
839
1117
988
1129
1200
941
1165
1452
882
1463
1603
1591
902
932
1151
1082
1208
1214
1235
609
1477
1164
916
1021
1422
847
919
1222
1331
1490
1638
1296
2106
1493
1781
1164
1460
2117
2091
1905
1384
1416
1133
2337
1331
1200
1439
1507
704
872
1053
1131
1066
824
1111
1044
794
1931
1377
1707
1622
1211
1275
1038
739
1486
1127
982
1302
1007
948
1233
946
905
1052
1232
1006
1491
1451
1014
1154
1630
627
1383
1167
1225
1054
1134
1019
782
925
929
871
872
1139
1581
634
1123
1110
939
1333
1499
998
1302
859
980
874
1199
645
1152
717
1366
1277
1209
781
867
1580
1246
1261
1063
1417
944
1103
969
1384
1021
1164
1154
1215
1103
948
875
804
1303
984
1091
1576
1455
972
1010
1428
1256
1240
1109
1085
1193
763
896
1470
1179
1102
1090
930
1152
1010
1719
1453
1195
1067
1409
1130
1391
988
1219
1323
1239
1333
1071
1111
1211
949
1268
1061
577
1078
731
1503
1347
1192
938
1114
957
844
1133
1255
647
1074
717
1559
1306
1180
435
1255
904
1620
1049
1125
1313
1350
944
905
1085
1000
1223
1078
638
985
1195
1205
1247
916
1020
952
1148
1179
1092
889
805
1324
1538
539
855
1248
1471
1117
1252
1032
1360
1382
1356
1141
1407
1250
1401
1136
1267
1914
1628
1415
967
1270
807
934
1315
1022
1032
1245
1308
1754
1280
1337
1523
929
1450
1067
1407
1226
950
966
987
603
1454
1312
1109
1215
858
981
1052
715
1212
1226
1222
964
1068
1282
1128
1185
1102
1929
1707
704
1055
1183
923
1036
1133
973
950
1405
803
970
1398
995
1125
1224
1207
1180
929
1039
1159
1396
1633
1272
860
1149
916
1159
1012
1252
784
719
1137
1479
1091
954
1154
754
907
956
1282
715
1098
738
1237
1158
854
1259
990
1142
1350
1065
1068
1588
568
1587
1063
980
1210
1079
1191
1149
996
1480
486
906
1276
1054
1129
1541
1196
928
1448
1441
1563
1179
1037
1002
1152
1158
910
1183
1070
988
1487
1510
1167
863
998
1061
1020
1018
1177
1166
1157
1404
908
861
1483
1010
985
1330
1079
845
1195
1480
1040
1046
1708
1152
1288
895
1523
1133
1701
883
1821
894
1372
1720
1191
928
962
925
1327
1196
1010
1289
959
1360
1076
830
1006
984
1049
1095
1339
666
1106
1297
835
1067
883
1739
1401
1473
1602
1319
1181
1269
1030
1162
955
1158
2294
1045
1283
756
1063
1055
1312
887
1204
1274
1281
1126
987
1056
942
1265
965
1649
1500
1194
1511
1456
1486
1481
1561
1611
1175
965
865
1063
1225
1188
1791
1541
1470
1187
1558
1655
1393
1442
1105
1112
1177
1117
1080
1441
907
893
908
1184
880
1075
1181
1154
1156
870
886
1395
1505
893
1145
784
1320
1684
1143
1207
792
1162
1029
1090
1167
1126
1979
1916
1300
1255
1786
1321
1542
1521
840
1101
1084
1228
1376
1180
748
1150
1263
1247
1054
1156
857
1270
1164
1319
1353
938
1783
941
1153
1190
961
957
1504
1904
1671
1227
1544
1437
1151
1445
1204
1022
1019
830
1233
1128
1333
975
1115
908
812
1434
913
1457
1415
1454
1247
1145
1396
999
1045
1179
1047
1002
1124
1205
1174
1233
1503
1342
1099
608
646
1202
1337
1144
1189
1415
1109
945
1047
1458
1325
1690
1515
1092
1022
1227
1035
1115
1336
920
1228
1557
1470
1293
963
1082
1233
1251
1032
849
1327
973
933
1577
1151
865
1235
693
1437
1403
862
1728
1400
940
747
1244
822
1425
1077
879
986
1115
1292
1580
1272
1112
1328
1465
1368
1417
1270
1516
1924
1021
1651
1513
1711
1337
1259
1606
1671
1081
1237
1191
1255
1396
1183
1203
991
1625
1072
1473
954
1147
1320
1036
1043
816
835
1406
1894
1482
1913
912
823
1229
1266
905
917
1230
809
1340
1505
2043
1481
1686
1274
1481
1085
1405
915
1129
1215
1077
1047
965
1200
1143
1164
1077
1091
989
995
1517
1194
994
1110
1052
930
1284
1790
1450
804
863
1026
1014
726
1578
1037
1157
1102
928
1302
1103
1084
1378
806
1092
984
1296
1566
1102
1201
929
883
1294
981
999
1177
812
769
922
772
1095
1121
1110
890
927
1053
1460
783
1297
1209
1043
1035
624
1297
1065
1102
618
1448
1381
899
1052
1075
1061
1294
1396
1280
1235
847
1123
1084
808
1153
1452
1018
1271
837
1576
1608
1423
1605
1126
1227
866
1174
1164
977
893
896
1551
1427
1309
1053
984
1314
915
1001
665
846
958
932
682
542
1329
1078
859
1211
1598
1497
1319
1209
1258
1400
1359
1215
1010
823
1387
959
1439
963
1112
1168
901
1025
1133
1619
1227
936
706
1127
1005
993
1266
1078
1077
1081
1356
1573
1496
1456
1198
1043
1055
1343
1001
1509
1400
946
960
1260
1110
1077
1128
1090
1427
1113
1119
1628
2332
1595
1269
1235
1070
1528
1359
1277
1123
1164
1153
1169
1698
864
1415
1603
1197
1341
1474
1121
1542
1766
1527
1062
1450
1317
1023
849
1172
1405
1005
842
950
1639
1269
844
949
1445
1103
1908
1320
1308
839
1384
1384
1413
1609
1300
1709
867
1038
1669
1367
1683
1270
1804
1175
1694
1114
1613
1808
1401
1856
1605
1265
1335
1004
1267
1121
1092
1006
1239
1501
1941
1467
2110
1149
1827
1845
1027
1442
1139
1458
2039
1948
1705
2031
2046
1710
2237
1959
1807
1431
1977
1286
1271
1366
1472
1318
1768
754
1588
1662
1103
1329
978
1023
1255
1743
1223
1525
1758
1521
1584
948
1386
803
845
1319
1103
1122
962
1513
1115
1596
876
1499
1952
2446
1482
982
1689
1004
1275
948
1057
830
1217
1471
971
1733
1668
1394
1191
946
1007
1240
1296
1574
1553
1622
1418
1955
1530
1921
1863
1339
865
870
1238
1803
1136
1721
1481
1414
1402
767
1211
971
880
825
1332
1261
1605
1136
1136
1428
991
1412
1235
1991
1536
2276
1776
1479
1610
1739
1211
2233
1218
1186
1033
1789
815
1646
1115
692
1495
1248
1225
730
1055
1377
739
1421
950
1597
855
985
1439
2137
1159
857
1676
1620
1271
773
717
1177
1177
987
559
1343
786
1683
1207
1139
1933
1726
1532
1368
1376
1135
1128
1025
754
926
541
751
1261
1224
1153
1026
1023
1207
1668
1490
2097
1621
998
1377
1321
1349
1863
2291
2007
1831
1707
1468
1358
1311
1566
1429
1414
1276
835
872
1553
1345
1607
834
1245
1170
1374
980
1433
1356
1496
974
1023
1586
1350
1426
1161
1371
1816
1351
854
1925
2088
1898
1130
2021
1726
1494
1593
1531
2050
2533
2752
2651
2299
2732
2357
2343
2602
2436
1965
1335
1403
1880
1444
1790
1240
1637
1425
2174
1671
1891
2216
2153
2354
2483
2173
2543
2127
2414
1388
1562
1122
809
1120
901
1643
1280
1322
1452
1724
1734
1635
1630
1738
1610
1505
1589
1733
1591
1142
1249
1419
1766
837
880
1269
1002
1170
980
1396
1510
1320
1032
1580
1415
1228
1120
1533
826
1352
1316
843
1847
1888
1385
1523
1587
1389
1033
1137
1247
1381
1687
1305
1363
2055
1998
1389
1668
2565
2081
2076
2260
2194
1646
1493
1373
1105
1487
1504
1393
1414
1418
1330
1182
1897
1602
1564
1262
1537
1014
1493
1095
1544
1617
2038
1809
2188
1166
865
1223
1639
1682
1939
822
1514
1698
1069
1511
1597
1372
1583
1563
839
790
991
1558
1321
1557
1063
1021
1750
1675
1027
1474
866
1254
1348
979
1661
1556
1442
1206
1502
1141
1140
1300
1160
1740
1450
1384
1066
1310
928
1196
1493
1440
1313
1391
1694
1184
1081
1012
1120
1255
1772
1240
824
1321
1543
1975
1528
1290
901
1098
1543
1331
1393
934
1853
1830
1460
1366
1367
1288
1552
1205
1197
1138
1018
1098
1195
1618
1053
955
1388
1373
1126
909
792
1335
1162
861
1203
1078
964
1150
1080
1012
1063
1236
1679
1316
1280
1547
1134
1185
1054
1183
1731
1447
1588
1373
1490
1265
1451
1041
1102
1421
1493
1481
1208
1090
1253
995
1572
1462
1320
1144
1135
1352
1575
1475
797
1517
1200
1187
1328
1165
1681
1657
1716
1255
2032
2028
1519
985
1534
1850
1239
1233
857
1742
1453
1545
1554
3261
2294
1266
1241
1553
1151
1160
720
1402
1062
1410
513
1315
754
1367
1344
1008
991
1100
1146
1329
872
1163
1262
1021
1553
1555
1488
1470
987
1139
1019
1449
1382
1865
1361
929
740
1505
1279
1125
1009
1034
843
1298
1350
1560
960
1383
1575
1786
1660
1554
1157
1461
1659
1361
1233
1176
1355
1030
1212
1566
1805
1509
1866
1150
938
1385
1149
1444
1192
1419
1482
934
1199
846
1096
1142
933
1178
705
1087
1062
1176
2096
1151
1556
1707
1588
1131
1511
1570
1578
1598
1099
1760
1885
1584
1646
1452
1203
881
996
1458
1588
1464
2040
2063
2202
1598
1930
1882
1367
1541
2035
1436
1648
1863
1662
1696
1062
1581
1668
1306
1495
1416
1420
723
1162
1240
1164
1228
1217
1301
1240
1579
1114
1294
1312
1398
1332
1106
1095
756
1180
1523
976
683
1341
890
1694
1177
1705
1446
1377
1177
1557
1348
1473
1981
1740
2803
2107
2501
1718
2096
2136
2703
2640
1633
2548
1647
1536
1771
1554
1466
1392
1376
1729
1762
1682
1969
1769
2214
2266
1890
1295
1311
722
1136
829
1167
1314
1793
1674
1896
1633
1203
1497
1274
1454
1999
2460
2185
1929
1868
1263
1898
1309
1201
1111
1358
1458
1639
1327
1656
1701
1629
1878
1625
1163
742
1400
1668
1801
1221
1152
1512
1851
975
1047
1686
1862
1575
1638
1543
1274
1240
1280
1389
952
1071
1471
1438
1326
1148
1476
1603
1858
1634
1206
803
1203
1235
1439
1266
980
1536
1255
2010
1551
986
804
1617
1976
1842
806
1318
1067
702
1031
1636
1230
941
1075
1129
977
1722
1880
1056
1538
1511
1464
1062
994
1570
1264
1572
1093
1476
1230
1647
794
1416
973
1467
1707
1857
1624
1605
2548
1631
1197
1431
1005
1574
1826
1568
1378
1640
1072
1296
1670
1217
929
1666
1116
1103
1328
1344
1586
1490
2104
1745
2076
1689
1437
1397
2169
1945
1674
1465
1592
1365
1266
1144
1436
1085
1051
1256
1207
806
1402
1098
1048
1265
1753
1627
1686
1880
1725
1732
1641
1501
1903
1789
1359
1573
1160
985
899
811
1708
1287
1058
901
1070
1026
2000
1632
1373
963
1122
1448
1341
1639
1026
1566
1337
1297
1274
1195
1172
1147
985
1467
1426
1739
1226
1600
2269
2205
2368
1847
2387
2299
2436
1999
2072
2405
2616
2512
1489
1594
1189
1364
1273
778
1073
917
1339
984
1252
1265
1056
1381
1844
1443
1604
1496
1451
1453
1393
966
836
1272
1453
758
1296
1151
1235
1206
1663
1442
1319
1026
1323
958
1179
1365
1477
1414
1495
1448
1355
1396
1021
1038
926
1079
1866
1548
1770
1294
1500
1613
1818
1458
1998
1284
1615
1393
2349
1258
879
1290
1127
1119
1278
1332
1998
1576
1419
1021
1484
1560
1818
1342
1224
1613
1166
1302
714
1269
1369
1620
969
1468
1373
1569
1541
1844
851
1374
1261
1186
862
1222
1801
2785
1747
1523
1969
2272
1614
1914
1837
2138
1846
2234
1250
1596
2137
2212
1984
2562
1469
1284
1712
1402
1458
1133
1182
1034
921
969
1417
1578
1198
1469
1380
1172
799
1052
868
1490
990
1090
1261
1424
1204
1376
1491
1419
1392
1262
1666
1491
1165
1256
935
873
1690
1510
1395
1835
1407
889
1767
1294
1672
1046
1393
1011
1272
1672
1138
1517
1102
1872
1311
1642
1278
1599
1408
1069
681
1271
1349
1221
1261
1509
1030
1235
1669
973
1779
1457
1432
1426
1354
1559
1864
1064
1364
1293
1210
931
1735
1765
2240
1262
1330
1407
1836
1854
2017
1471
1268
1133
1566
1666
1808
1295
1189
1000
1292
964
681
819
1548
967
1434
629
775
1238
1938
1871
1651
1434
1004
1315
1529
1318
1731
1451
1503
1148
1244
851
1292
1743
1511
1150
1472
1434
1806
1170
1384
1251
1522
1346
798
1811
1220
1743
1573
2227
2672
2132
1920
980
1393
1512
1425
1412
1757
1454
1813
1345
1084
1747
1812
2032
2232
1739
1632
1650
1632
1233
1317
928
1722
1924
1917
2373
1849
1508
1780
2458
1879
1477
1713
1384
1617
1042
1210
1343
1128
1460
1513
1437
1118
1133
1179
1547
1242
1953
1605
1810
1431
1403
1715
1622
1274
1223
1226
1086
1348
1440
1453
1519
1542
1472
1932
2133
1484
1494
1457
1291
1266
1364
1370
974
1153
1818
1361
1311
1173
1423
1362
1092
1227
1228
1282
1403
1961
963
1267
1220
868
1264
879
968
1081
1074
1501
1196
1117
1503
1081
1381
946
1843
1237
1781
2142
1755
2072
1068
1674
1115
1461
1585
1003
1417
1764
1397
1831
1141
1135
1444
1425
1375
1450
1556
1570
1860
1576
1081
1158
1459
1056
1019
1699
1984
2116
1617
1669
1613
1390
1416
2011
1811
2070
1618
1187
1437
1648
1820
1598
1537
993
1159
1351
1353
1573
1299
1317
1295
1618
1412
1293
1303
1272
1314
1378
1347
1170
1310
1405
1411
1024
1516
1051
1654
1182
1308
1297
1357
1617
779
1443
1653
2406
1889
2200
1788
1987
1776
1276
1658
1255
1782
1403
987
1485
1440
1846
1744
1339
1317
1371
1619
1238
1289
1369
1981
1613
1735
2147
1694
1398
1210
1828
1363
1160
1086
1264
1282
1458
1070
1297
1351
1404
1159
1637
1638
1746
1635
2003
1811
1579
1235
1161
1084
1633
1591
1278
1171
1508
994
1049
1094
1101
1364
1403
1614
568
1337
1604
1401
1497
1172
1282
1425
1262
1145
1397
1574
650
1002
1259
1580
1393
1318
1628
1516
1382
1411
1646
1851
1264
1316
1484
1523
1168
1046
724
1236
1510
1140
966
1313
1579
1058
1254
1734
1138
1546
1468
1221
921
1101
1472
1109
1627
855
1478
1038
1199
1422
1123
695
1839
1529
1856
1660
1755
2060
2286
2326
2193
2786
2849
2826
2661
2164
2712
2438
2707
1975
2267
2279
2798
2385
2177
2620
2263
2329
1716
2438
2441
2378
2513
2886
1981
2198
2251
3153
2310
800
2264
1587
1924
1924
1489
1172
1783
1103
1681
1647
1370
1511
1960
2010
1870
1852
1824
1845
1581
1809
1754
1738
1460
1906
1588
1021
1027
1120
1579
1408
1283
1127
1545
1788
1916
1246
1367
1777
1347
1490
900
947
1412
1262
1281
1213
1316
1328
1082
1259
1757
1244
1531
1695
1030
1623
969
1448
1332
1517
1371
1412
1628
1571
2529
2041
1966
1617
1647
1412
1667
1302
1139
1592
1330
1502
1288
1692
1508
734
1229
1074
1295
1558
1067
1113
1312
915
1440
1866
2100
1066
951
1352
1475
1429
1598
1243
1556
1018
1549
1413
2335
1362
1234
1342
628
899
1098
1877
2018
1641
1407
1402
1075
877
1210
1438
813
922
1511
1707
1948
1868
1635
1168
1110
2104
1942
1964
2166
1940
2130
1938
1794
1174
1434
1432
1313
1245
994
1526
1310
1296
1242
1179
1365
1180
1397
1505
855
1577
1233
1265
1630
1136
1110
1105
1274
1337
1219
866
1434
1293
1640
1790
1589
1716
1205
1726
1130
1768
1692
980
1329
1791
1307
758
1408
1318
1444
2183
1987
1753
1561
1609
1297
1044
1534
1755
1808
1327
1179
1384
1401
1660
1660
2129
1119
1153
1304
1509
1492
1484
1316
1238
1237
1888
1420
1367
1501
1317
2027
1960
1530
1147
1421
1680
1596
2088
1093
1436
1621
1897
1608
1638
2048
1891
1984
1964
2058
1713
1796
2570
2447
3063
2938
2031
2641
2493
2662
1641
1500
1735
1628
1550
2187
1828
1503
1336
1076
1148
1092
1519
1666
1775
1481
1093
1500
1673
1286
1903
1883
1090
981
1281
584
720
1293
1767
1562
1558
1651
1465
1066
1497
897
1017
1470
1511
1178
1652
1126
1262
875
1053
1228
1133
993
1373
1158
1295
1317
1788
1310
853
1199
1630
1710
1612
1253
1340
1689
1145
860
472
1175
1071
1652
1457
1612
2066
2235
2413
1978
2182
1909
1883
2003
2523
2110
2866
3223
2806
2254
2226
2068
2340
1683
1865
2027
1568
2006
2319
2297
1755
2332
2706
2239
2154
1969
2274
1384
1569
1651
2146
2071
1505
1408
1291
830
1422
1482
998
1794
1561
1683
992
1254
1244
1306
1489
1450
1847
1538
1932
668
1412
1424
1510
1139
1101
1096
1095
1054
1206
1420
1355
1394
1932
1992
2046
2240
1720
1718
1923
1223
1905
1792
1841
2139
1838
1688
1123
1366
1085
1224
1227
1586
1076
1708
1198
965
991
1906
2180
1911
2371
1869
2058
2026
1577
1755
1779
732
854
1475
630
1120
1092
1495
1265
1634
1352
1255
1262
1857
1223
1030
1915
1798
1573
1137
1705
1242
1893
964
1046
1720
2174
1882
1595
1422
1111
887
1741
774
1429
1087
1325
1473
1323
1374
1411
1024
1483
1145
1751
878
1428
1147
1443
999
1512
1672
974
1606
1299
954
1388
1235
1360
1482
1077
1130
1595
1126
1239
1400
1633
1341
1120
1284
1251
1306
1644
1437
1501
1490
943
1387
1711
1435
1602
1268
1836
1433
2730
1947
1889
1223
1551
1408
1811
2129
2285
1438
1827
1368
1870
1449
1536
1372
2125
1801
2129
2027
1046
1389
1337
1280
1119
1100
1291
1160
1658
1939
1696
1459
1992
950
1179
1006
1157
1315
1376
1232
612
1334
1573
1556
1556
1103
1876
1658
1434
1223
1006
1134
997
1132
1240
1352
1083
1644
2015
1911
2067
1953
2124
2007
1878
1968
1911
1317
1651
712
1341
1206
1692
1499
1257
1117
1600
1035
1035
757
1511
1297
1322
1821
2120
1265
1463
1263
1333
1184
775
1395
1276
1013
1414
1378
875
920
1717
1639
1238
1479
1445
1461
2246
2142
1591
2388
2158
2317
1912
1920
1488
1049
678
1335
1181
1058
1080
1210
1904
1402
1182
2423
2129
1956
2141
2193
2056
1990
1744
1071
1387
1312
1229
1804
1813
2055
2101
1771
2313
1675
2144
1738
1627
1406
1827
1769
922
1805
1319
1415
1039
1905
1668
1369
1335
1280
1371
1245
1120
1228
1399
1730
1249
1813
1402
1019
1592
1355
1275
1526
2143
1940
1082
1304
1498
714
1239
1090
1268
798
1084
1165
1422
788
973
1306
1273
1230
1303
1723
1962
2248
2534
2255
1904
2429
1418
2330
2038
2182
2181
2349
2655
2764
2362
2758
3120
3362
2686
2567
2757
2466
2989
3199
3035
3397
2550
2830
2402
2522
3273
3099
2527
2483
2300
1813
2344
3056
2816
2067
2013
2872
2253
2005
1790
2025
2186
2062
2259
867
1014
1956
1490
1588
1198
1648
1484
1783
1769
2077
1833
1004
1005
1243
1444
1267
1107
1289
679
1259
1576
1076
1061
1169
1153
1396
925
1469
1081
1192
811
1097
978
1729
985
1488
1430
1828
1468
1699
1035
1030
1229
981
1268
981
1427
1059
1305
1180
1351
973
1808
1316
1591
1344
1996
1739
1903
1776
1338
1139
1792
1467
1398
1210
1484
1283
1340
1349
1327
1504
1066
1167
1266
1382
1070
1628
1100
738
1082
1062
1542
1188
1593
905
960
1268
1078
1065
1594
1527
919
1037
1230
1376
1357
736
1170
1113
1560
1192
1197
1308
774
689
1192
1247
1033
887
1419
1052
1533
1134
1375
1562
1534
879
1901
1763
1234
1135
1465
1045
1252
1357
1485
1514
1049
1162
1529
1630
1507
1575
1843
1655
1222
969
1393
1027
1351
1133
1396
1336
1489
1379
1797
1526
1785
2157
2099
2768
2970
3034
2684
3055
3033
3000
3397
2476
2481
2804
2257
2847
2469
2168
2651
2948
3000
3007
2584
2456
2088
2534
2889
2390
2006
2781
1887
2371
2853
2215
2792
2434
2446
1734
1985
2120
2483
3075
2870
2576
3325
2899
2401
2417
2980
2576
2717
2466
2280
2318
2999
3056
2683
2704
2196
2042
2541
1938
2561
2931
3403
2795
2712
2262
1866
2298
1810
2372
1968
1859
2096
1816
1730
1851
878
1888
1121
1203
974
905
1157
1251
1491
1007
1377
1394
1271
1015
1057
964
1142
1409
1113
1298
940
859
764
1171
1516
1725
1370
1184
1211
1176
1919
2111
1543
1960
982
2356
2289
1971
2252
2064
1959
1925
1991
2171
2257
1248
1142
888
715
1126
1115
1365
1590
887
707
1298
761
957
850
1402
1179
1164
1245
1374
1178
788
1280
932
1135
1070
868
1238
962
1197
884
1415
1315
1036
1058
1080
1154
1311
1385
1118
1494
1286
843
1305
1381
1104
775
1609
1681
1405
1422
1358
1317
1184
1193
1134
1133
1077
1490
872
1285
1258
1036
1754
1842
2354
1413
1410
1445
1385
1244
1354
668
1169
1539
727
2046
1830
1764
755
834
610
894
1128
798
1452
962
1351
1436
1497
1568
953
1238
1841
1705
1220
987
1046
843
1289
812
1456
1111
1342
868
825
1151
983
876
977
997
1127
1374
1074
628
1553
1215
1164
552
876
1211
971
1029
1193
1056
1282
1165
1564
1255
987
1198
953
879
683
780
1257
1144
1385
1032
740
1212
1049
623
872
1268
1292
1402
1268
1400
1288
1021
909
939
947
909
1078
1174
1214
1096
1171
1197
644
1027
1227
1107
1002
870
1024
1693
913
1125
1193
691
1272
1008
721
1278
846
896
1227
1150
1327
1005
1456
1744
1545
1239
1704
1266
1291
1352
1519
1199
1011
1048
1179
965
1216
1111
1111
1202
1107
1499
1573
1106
1092
1435
863
1206
1403
1269
1405
1505
1477
1637
1198
1321
907
1245
1049
1068
998
948
689
956
659
1169
982
1072
1070
1145
1171
1124
1053
1104
1343
1681
1476
1317
847
1542
1169
1280
1331
935
919
1191
897
1262
1143
963
1380
929
1866
1327
1240
1247
1794
1499
868
1356
1274
781
726
903
1108
637
1020
1044
1086
782
691
874
1347
904
798
745
1128
1294
1030
1744
689
1177
945
1186
1102
1148
1086
1174
1170
1333
904
756
577
398
1107
1566
1273
1365
1750
1047
1236
1188
1133
1048
1210
1049
1331
1139
994
1127
998
884
1857
909
835
1168
1179
1232
523
691
897
695
789
987
1155
1087
929
1244
1171
1169
782
761
1198
1195
1175
886
931
1781
1348
1624
1153
810
1122
1501
1328
1451
1132
949
1126
1068
953
1401
962
1462
2212
1184
1165
1557
1046
1009
1007
1055
1251
1265
1416
1493
1640
925
1004
1252
1240
1150
593
924
921
995
1577
1250
1103
1099
1013
916
902
1430
1641
888
1316
1318
1653
1809
1438
1761
1158
1646
1357
1105
1362
1222
1457
1117
872
1273
928
1077
1281
745
1385
1007
615
1240
726
1343
1213
1228
1222
856
782
940
913
1215
1528
676
1099
793
973
1161
1779
2026
1942
1181
1680
1519
1602
1269
837
726
1003
1120
1138
1034
774
906
1409
1107
698
992
1036
1350
987
995
1166
1686
1302
720
1396
816
1292
1117
642
932
1131
959
837
899
1395
862
1072
1131
1403
965
1463
1344
1269
987
902
1331
978
706
1154
614
1326
971
1334
1741
2076
2259
1832
1358
693
1224
1385
1114
1093
1276
882
740
567
984
1294
810
975
871
651
1129
1043
955
1096
1060
705
1215
796
1480
1439
460
939
1027
900
800
1081
1074
1027
1244
1004
1275
722
962
950
862
1030
1214
1704
703
1180
1146
1192
1076
1398
1151
1064
1010
1116
1174
996
1215
633
832
1258
899
862
1024
1033
1276
1351
1320
807
777
866
1126
1096
1379
878
859
1297
843
1072
1236
1002
1201
743
1223
1201
986
644
1256
2059
1970
1760
2074
1582
1161
1320
1489
2178
1492
900
1254
1411
1448
909
799
1123
1074
1570
1911
1744
1052
1094
1052
1096
908
1091
1171
1293
761
1208
1673
1295
1225
1682
1382
1471
1009
1096
1181
986
1394
1236
868
1287
918
1448
1454
1247
1328
1525
947
1094
1423
1551
918
1292
1398
1340
1085
1249
1175
766
750
1161
1338
1173
1488
1317
1112
900
1306
1305
1315
1435
1696
1627
1378
1314
1033
963
1151
1175
874
1094
1084
946
970
901
1877
1731
1379
1337
1233
1231
1278
1031
954
1054
1050
1201
1310
1187
1084
1802
1472
1211
1182
1274
1476
532
893
849
906
1331
588
1168
1646
1211
1279
1405
1166
1221
747
722
890
1100
1002
1285
1379
1313
1225
946
1253
781
1543
1384
1977
1661
2531
2451
1878
2308
1793
2241
1827
1055
915
1785
1717
1710
1561
1193
1182
954
936
807
928
1090
1203
1356
1127
1861
1606
1400
1241
1679
1742
1998
1694
1251
1061
1106
841
862
778
1306
2347
1643
1248
1569
1519
1378
1203
898
1196
812
1420
1428
1458
866
1138
834
794
1533
1223
1619
1400
1009
1604
1423
1380
1319
1380
1154
1276
620
980
1268
1054
837
1016
1075
789
1884
922
1553
1204
1487
1296
945
1231
1214
564
1007
950
699
1223
936
947
1251
1055
1478
1533
1328
1494
1427
1227
1141
1400
1157
816
1079
1033
985
1196
735
1027
1043
1423
873
1025
978
1082
1266
1145
1306
1091
964
724
1051
864
1120
1195
1125
1217
1041
939
935
826
1042
798
1197
1272
1000
968
1330
699
1292
1194
846
757
707
926
897
910
1171
1083
975
881
1172
1291
810
1134
1047
1271
1003
816
1177
938
1393
1355
1257
987
1032
954
1156
1264
1095
1494
1266
1410
1611
1588
598
1367
984
1003
944
1055
1082
1064
1030
1501
1212
1245
2082
1737
1298
2108
1732
1676
952
1424
1029
693
939
1439
1384
1108
1300
740
956
1260
1191
1768
1044
1722
1449
1410
1338
1258
1099
1430
1530
1392
1232
1476
1363
1473
1433
1184
850
779
1167
758
1050
1050
1270
715
1304
1513
982
1638
1517
1410
1414
1665
1339
1451
1767
1566
1102
877
1320
1331
688
1708
1554
1284
1748
1838
1755
1836
1290
2237
2021
966
1354
960
1259
1195
1215
1385
1085
1284
1207
1174
1130
1115
828
1233
900
1405
2036
985
2222
2287
2005
2511
2339
2038
2067
2533
2488
2603
2202
2321
1637
1334
1549
1257
975
1106
1387
1422
1620
1518
1885
1810
1709
1439
1139
1197
834
1031
1125
757
1480
1514
1861
1911
1720
1171
1489
1035
688
853
1200
922
1137
965
1072
1203
1367
1694
1312
1371
1496
1414
1055
1065
933
1106
1107
1181
933
689
1517
1085
1508
1292
505
1376
994
1258
1176
815
1196
687
1001
1125
1241
1575
1111
1292
1390
1202
1223
1109
1183
1013
824
823
1063
1385
1486
699
1126
1098
1354
979
1202
769
1037
1289
1011
1051
1232
1491
923
1312
841
991
940
1029
1323
1775
1009
904
981
1098
1336
1135
1054
1062
1505
2151
1086
1376
1244
1044
811
909
951
985
1413
1297
1203
934
1287
1039
1220
1401
1200
1139
1472
1371
1590
1645
2090
1625
1938
1568
1925
1698
1568
1673
1707
1214
1649
784
1128
1626
1392
1133
724
1346
1270
1027
1347
1410
1355
1545
1349
1014
865
1122
1320
740
1179
892
1074
1554
1173
1346
1764
1886
1496
1300
1455
1453
1734
1641
1769
1301
1872
1335
1071
1202
1323
916
1203
1190
1210
1354
1624
1390
1229
698
1249
865
912
1580
1362
1259
1486
1006
1354
861
1083
1426
1591
1095
1590
1464
1005
1270
1396
1585
1707
2027
2122
1748
1875
1588
1176
1094
1199
1130
1420
1575
1161
1070
1453
1403
1139
1480
721
1544
1165
1148
1374
1793
2121
1576
1393
1376
1429
1525
1272
1330
1388
1203
1830
1787
792
1592
1138
933
1347
1643
1219
1415
1803
1329
1426
891
1347
1365
1351
1356
1135
1423
1297
1444
1375
1649
1354
1530
1655
1428
959
1524
659
1092
1640
1480
799
1427
1033
1472
812
1608
1243
1364
1393
1602
995
1694
2088
1379
1592
1808
2066
1847
1731
1223
1330
1322
863
1266
1390
1261
1702
1333
1589
1399
1401
1649
711
948
1488
1701
1238
1069
1787
1624
1591
1666
1983
1929
924
1053
1140
1375
1727
1086
1292
1205
1191
1362
1455
1510
1395
1631
1571
1738
1430
1348
1673
1943
1660
1184
1541
1280
1055
1233
1224
1256
1381
1247
1124
1294
837
1153
1194
1015
1167
934
1121
1120
1168
1430
950
1114
1077
1113
1359
970
985
1725
1460
1372
1468
1832
2097
1877
1505
1028
1352
810
1389
1449
1481
1195
1135
971
1266
1226
1330
933
1288
1006
706
872
767
1073
979
1112
902
1583
642
590
1023
1095
1103
1008
589
1589
1137
1083
1264
1292
695
1420
1476
1180
1506
1461
962
1281
1177
1018
823
1437
1285
1143
1025
1274
540
1107
1217
1426
1524
889
1427
1668
2007
949
1289
869
1158
1396
1517
979
1355
1500
1394
1505
1628
1389
1423
1259
1248
1135
1117
1475
1981
1909
1633
2090
1552
1230
1158
1566
1351
1113
940
1044
1258
1017
1200
1104
1340
1134
1107
1558
1040
1261
1276
1396
1655
2724
1928
2234
1817
1761
1966
2728
2488
2133
2070
2508
1941
1953
2537
2157
1946
953
1791
1821
1507
1277
1603
1142
1479
1580
1672
1272
1508
1578
1569
1518
1612
1544
1575
620
1358
1019
1349
980
1406
1102
1221
1497
1239
1138
1380
1521
1596
1571
2078
2634
2407
2264
2166
1877
1007
1218
1181
1424
1100
1159
1239
1265
1526
1125
1383
1255
960
1158
1250
1056
1109
1118
912
1026
1517
766
786
1515
1371
794
1345
949
1424
1413
1392
1151
1430
1062
1091
1146
1412
1188
1168
1489
1201
1017
1043
1048
1139
938
895
1099
1356
1266
2287
2409
2380
3128
2781
2622
2768
2942
2476
1889
1863
1990
1947
1880
1372
1555
2055
1879
2045
1998
2198
2082
2069
1787
1546
1170
1187
1409
1509
1397
1642
1565
2130
1786
1529
1982
1021
979
541
684
1521
1131
1210
1235
1361
1275
1879
1548
1267
1471
1587
1659
2081
1095
1246
969
922
1398
558
750
1560
1082
1371
1398
1702
2221
2615
2667
2370
2237
2573
2382
2188
1955
1470
1565
1654
1789
1654
935
1737
1278
1210
1707
2262
1245
839
1279
1344
1201
933
1098
1433
1875
1877
815
800
969
990
1097
1170
838
1235
985
1699
1542
1496
1357
1226
873
1209
1469
1708
1509
1254
1198
1066
711
1307
1583
1328
1258
1520
1217
1094
1210
1205
1464
1034
1259
2184
1184
1317
977
1148
1336
1196
1212
2317
1354
1084
1243
1495
1118
1537
1376
902
1381
1461
1563
1020
1210
946
1516
1130
925
1463
1306
1105
1764
1720
1551
594
1298
558
1365
977
1430
1004
1152
1134
1583
693
1287
1264
1296
1353
1716
1367
1833
1907
777
861
523
1012
1544
1090
800
998
1340
1297
1420
1172
1353
821
1615
1233
1439
1054
967
822
1340
1309
1147
1146
1023
840
1184
992
947
1318
1209
886
963
1412
1837
1205
1653
1325
1066
818
1216
1424
982
1060
1315
1722
861
1269
1708
1615
1866
1114
2171
1779
1394
1798
1401
1046
1184
1408
929
1412
1483
1333
1349
978
1263
1270
1491
1604
1018
1494
1384
1386
903
1104
726
1159
1758
1158
1134
934
1260
1407
1366
1421
1974
1381
1155
1341
935
999
1094
1362
1224
1372
1326
1262
1407
1285
1514
1936
2134
1817
1296
2043
1655
2016
2102
1664
1502
989
1464
1561
1173
1181
1333
1459
1761
1006
1109
1193
1430
955
1556
321
784
1200
997
742
1214
2114
1594
1910
1812
1274
1875
2024
2571
2377
2018
1562
1324
1472
1332
1274
1174
1613
1083
1277
725
1556
1448
1378
992
1283
802
903
1576
2049
1742
1311
798
1266
1187
849
1762
1169
1573
1588
1281
1337
997
749
1054
1066
907
788
1321
1005
951
869
625
1155
1266
1244
1256
1589
1365
1328
870
703
1046
1407
1049
1100
601
1288
1110
1155
1143
1252
715
869
925
1003
1131
942
1069
903
1001
908
1305
1301
759
2028
1265
1561
1305
1096
878
748
865
946
921
1085
1844
952
948
1167
745
1129
1042
816
1322
1111
1068
979
616
1535
981
863
1021
1233
780
714
1814
1295
1085
608
1105
1361
1099
1215
1121
1582
1785
1491
571
1017
1129
981
1285
1204
1314
1059
974
1286
1011
1437
1391
1730
1762
1358
1515
1839
948
1376
1405
660
1115
840
1033
734
1377
914
577
1411
1786
1314
1297
1511
1286
1354
1379
1280
1052
1073
1097
1383
1309
1227
1444
1652
946
1354
1280
1461
1112
1176
1154
1069
935
590
722
1249
1109
1024
742
1550
1272
1325
1221
1030
1078
1099
1139
1165
935
1106
1590
1746
1377
1169
1145
1180
1134
1383
846
799
1445
1599
1470
1100
1460
949
1202
1235
1230
1026
982
1125
1173
1699
1091
1408
1489
973
1638
1275
1242
1535
1677
1485
1189
1050
1282
942
1091
937
1487
1356
1179
1317
1129
1178
1368
1872
1689
1085
1307
1362
1187
1034
1149
1105
1054
1035
1256
1671
1239
1123
1240
1260
1018
1040
1027
934
1073
862
1039
1293
1822
2106
1566
1621
1308
1598
1303
928
1169
1113
980
1260
1132
725
1009
978
1029
950
1067
1078
1145
1465
1152
897
1188
755
1490
1119
1300
1322
1365
1272
987
876
1188
1254
870
940
1641
1556
1092
1626
1305
1593
1492
1536
1254
1307
970
961
1255
1258
752
1189
1014
1084
1131
1290
1349
1408
1073
1507
1624
1790
2080
2565
2220
1616
1158
1338
1133
1060
1400
1882
1648
1072
1572
1371
1149
950
962
1041
932
865
984
1041
1341
1243
1074
658
1019
1032
812
1076
1013
690
1493
997
1177
1117
1080
1257
1074
1216
1216
1385
939
1505
1819
1516
1259
1449
1488
1443
1225
1610
1710
1657
1775
1505
1357
923
919
846
1104
1095
1947
1722
1523
1407
1491
1266
1700
1686
2167
1301
1983
995
1191
1660
1204
1330
1320
1099
867
921
1381
1487
1048
1465
1309
1204
1464
1156
1102
1030
1358
1445
1500
1509
607
819
1319
1046
1213
1067
586
1345
1083
1328
881
936
1139
883
1182
1256
908
1183
1672
1158
683
1303
1429
1662
1071
1272
1291
1324
720
723
997
1000
1337
1203
1039
1518
1195
1031
1133
1088
1174
1938
1178
1352
1006
1486
924
1184
797
916
1015
1226
1157
1385
1216
1286
1244
496
1080
1117
1086
1061
950
576
1359
1847
974
803
1044
668
1034
1123
972
1185
1230
1111
1149
538
1257
939
1310
1296
1717
1518
1436
1114
816
757
1276
923
991
833
1088
911
1240
1141
1110
1367
1367
755
1465
1670
1626
1457
1698
1132
1073
1045
1025
776
696
1440
1784
1643
1579
1320
1484
1422
1010
1255
825
930
1111
823
882
1085
1031
1085
576
933
1062
743
1292
1316
1282
1618
1292
1117
1099
1054
1123
910
1136
1020
1756
1449
1562
2024
1565
1810
1467
1384
2179
1449
1951
2105
1861
1881
1431
1738
1457
1631
1232
1683
1229
711
1201
946
722
1303
1315
794
1253
753
1461
1211
1328
1349
643
1200
1329
1170
1334
1100
1044
1348
1118
845
626
945
1103
1307
1058
1319
837
1804
1467
1055
1690
1880
1701
1989
1494
1276
1211
1314
1684
1673
1092
1416
1422
1186
1358
1387
1443
1861
1764
1380
2487
2135
2382
1430
1870
1368
1811
1336
1281
1206
1341
1636
1397
892
1380
1534
1308
1352
1328
1334
1286
1005
963
875
1402
902
1513
1206
1111
871
1440
1486
1415
1616
1044
1284
1899
1482
958
1779
2165
1249
1668
2143
1535
1887
885
1469
1688
1279
1028
1848
1654
1388
1282
1706
1452
1810
1174
1376
1465
1473
1524
1467
1161
1504
1403
814
1296
1276
1290
1257
1937
1567
1657
1934
1978
1105
864
1047
1423
1573
1664
1158
2153
1154
1350
1260
1708
724
1181
1482
1056
1437
1484
1611
1629
1641
2050
2225
1225
1148
1522
1251
1506
967
1276
1100
1757
1634
1890
1595
1786
1462
1505
880
1503
1467
1638
1322
1074
1111
1378
1014
1328
1655
1186
1946
1454
959
1313
1211
683
1075
1241
1562
996
1515
1568
1473
1752
1961
1820
1311
1922
1292
1450
1457
1543
912
2120
1519
1473
1816
1319
1311
1126
1573
1068
1520
1038
2010
1734
1495
2058
1673
1222
1767
2145
2334
1973
1688
1223
1670
1627
739
683
1303
1392
1311
1112
1539
1245
1443
939
597
1172
914
1030
1211
984
1549
1577
790
1176
1617
1280
801
1551
1509
1271
1194
1174
713
967
927
1022
1151
1148
1286
1784
1357
1341
1318
1670
1899
2007
1006
1251
639
1437
1156
1308
1082
825
1421
867
1031
901
688
1617
603
1138
2179
1853
1173
1759
1786
1550
1825
936
1494
924
1406
1037
1418
1455
1270
1492
1140
1320
1336
1941
1999
1478
1702
1800
1171
1575
1551
1126
1391
1123
1030
1377
1495
1718
1176
1339
1744
1529
1657
1807
1480
1678
1119
945
936
1262
837
1094
1306
1338
1241
1145
1339
1492
1343
1228
1176
1276
1394
1486
1224
1632
1681
1297
1593
1211
962
1411
732
1433
1040
1239
659
1153
1688
916
1580
1862
1553
2053
2336
2189
2153
1636
1957
1841
1986
1902
1509
1695
1869
1793
1604
1837
1448
1452
1754
1976
1645
1906
1409
834
880
614
1149
1037
1089
1030
1114
1458
1422
465
1385
1123
1104
734
1441
1786
1613
639
1318
964
1302
1190
1372
1469
1574
1452
1396
893
990
1246
1242
1230
1327
1298
1290
839
741
1454
1182
1141
953
922
1454
937
1200
1357
1235
874
881
713
918
1493
1322
1004
987
1245
1204
1177
982
1372
995
1114
1473
1216
1155
1225
1087
1334
1207
1349
889
1053
1202
1475
1180
1747
1651
960
989
891
1185
994
1003
1067
2052
1962
1172
1594
1790
1410
701
1063
1592
1940
1332
1419
1210
1634
1549
1378
2109
1694
1973
1207
1408
1609
1398
1900
1731
1616
1326
1677
2497
1841
2307
1767
2484
2646
2425
2469
2183
1405
1682
2516
2488
1804
1618
1311
1778
1878
1383
1550
1207
984
1387
1336
1578
1180
1369
876
1313
683
1500
1210
1077
1384
1389
1279
1625
705
1337
1219
690
1468
1245
1146
920
935
1217
1019
897
1739
744
1109
1457
968
1162
834
1196
1358
1075
1394
1562
1721
1297
1543
1076
1030
1455
1321
1658
1046
1098
1463
1225
1205
890
1332
943
1287
1840
1172
1231
1106
1229
1247
1285
1760
1310
1081
1459
1724
1449
1994
1382
1784
1732
1648
1232
921
1305
1210
1586
1083
1279
1424
1284
1392
1386
1060
1898
2084
2460
2284
2182
2741
1769
1515
1287
991
1071
1296
1580
1887
1720
1315
1970
923
1187
1265
1157
1404
1401
1224
1365
1284
732
1508
1050
1721
1042
1015
965
1829
1693
1982
1422
1294
1720
1554
1072
1371
1665
1663
1520
1225
1603
1139
1500
972
1085
1457
1427
1249
1184
1586
1413
1685
1663
1526
1218
1202
1627
1174
1623
1222
1454
1446
1380
1612
1460
1474
1074
1528
1062
1360
1455
685
850
1271
1284
1363
1046
1239
1356
1831
1945
1443
2178
1968
2191
2377
2013
2044
2226
1702
1293
1802
1942
1309
1936
914
1250
1195
1692
1227
1737
1348
1723
2572
2849
3090
3257
2263
2506
2244
2774
2356
2770
2413
2562
2297
2359
1513
2572
2133
1913
2069
2139
1963
2255
2165
1901
2839
2913
2863
2725
2921
2892
2742
3291
2366
2288
1852
2260
2175
2208
2083
2153
2648
2513
2242
2625
2137
1770
1801
1928
2652
2288
2841
1874
3242
3043
2130
1900
1998
2044
1889
1839
1776
2163
2183
2075
2103
2366
2309
1756
2461
1976
2407
2617
3132
2408
2341
2023
1258
1771
2249
1917
1194
2126
1675
2126
2157
2383
2477
2414
1807
2200
1973
2066
2268
2501
1873
1847
1804
1287
1740
1810
1949
1721
1489
1827
1721
2136
1768
1146
1264
1064
1605
1606
1872
2309
2455
2330
1605
1773
1900
1897
1010
1259
1783
1384
1341
1387
1371
1000
1304
1617
1427
1347
1257
1177
991
1507
1420
1243
748
1224
1460
1214
1595
1547
1252
1281
1272
1337
1387
1179
1668
1133
1210
1797
1591
1313
1071
680
1024
1253
1083
1478
1597
1694
1533
1104
1339
1031
1525
1305
1674
1665
1620
1757
1680
1538
1381
1019
1046
802
1326
1347
1244
1337
1368
1197
1317
1153
1251
1271
1732
1344
1322
1197
1063
844
1444
1140
1445
1594
1150
1255
1480
1580
1257
1072
1066
1255
1182
1129
1138
1277
1739
1557
1586
1449
1209
1562
1216
1810
1555
1995
1767
1304
1209
1618
1372
958
1729
1321
1740
985
1017
1310
1402
1654
1311
1603
1457
1501
1442
1355
2053
1573
1278
1692
1450
1384
884
894
1318
1468
1247
1491
1084
1310
1602
1213
1525
1528
1364
1878
1106
1198
1239
1436
1641
1408
1761
1198
1216
1659
2026
1741
2105
2171
1926
2474
2468
2983
2927
2459
1928
1654
1307
2148
2204
2017
2021
1165
1832
1795
1768
976
1089
1143
997
1467
1261
849
1125
1441
1417
1385
1477
1588
1281
1239
1690
1257
1758
1123
1431
1152
1360
1385
1675
1769
1480
1262
613
1443
1403
1217
1183
1054
1372
1420
1304
1069
1179
1303
646
906
1302
1519
997
1454
1515
1444
1147
1463
2048
1073
1218
1523
1061
1608
1769
1379
1614
1278
1405
1115
476
1117
1054
1248
1405
1201
1101
1299
1019
1442
1249
1297
1258
1074
1433
1284
2181
2012
1789
1593
1453
1644
1535
1259
1300
1381
890
1427
934
1389
1220
1324
1270
1444
1834
1838
1827
807
1421
1076
979
1385
1351
812
1297
1339
1486
1464
1249
1356
1409
1587
1469
1138
1042
1310
827
1249
1240
1734
1514
1054
1297
1382
1034
1199
1028
1121
982
1335
1296
921
1235
1119
1349
1367
1623
1514
1025
1111
1253
1772
1250
1170
1538
1533
1174
1623
1027
1545
1127
1054
1039
1479
931
1658
1880
2189
2131
2046
1927
1021
2013
1723
1728
1387
1247
1305
1150
1657
1512
1370
1724
1948
1660
1389
1569
1356
1682
1532
1672
1394
1417
1317
1567
1271
1324
1514
462
1046
1268
1208
1242
1391
1020
973
1097
1783
795
1307
1179
1268
1679
2912
2374
1946
2145
2350
2061
2122
2529
1722
1337
1496
1848
1559
1847
1750
1517
2095
2112
1660
1522
1651
1614
1690
1786
1140
1733
2017
1849
1535
1468
1029
1288
1499
1524
1710
1405
2050
1746
1465
1493
1644
1121
1422
1542
1254
1119
1406
1578
1319
1161
1064
1032
2093
2581
2221
2156
1432
1709
1406
1462
1062
1732
1307
940
1382
1215
1555
1463
1242
1335
1109
838
1295
951
1608
1412
1270
1478
888
1895
1401
1605
1825
2374
2231
1902
1589
1481
1735
1239
2048
1054
1079
1077
940
1184
1605
1788
1633
1534
1794
1394
1360
1373
1489
1403
1305
1445
1529
955
1459
1056
1047
971
1362
1313
837
1236
1194
1821
1718
807
1334
1231
1405
1720
1852
1255
1506
1558
1177
1292
1526
1397
913
1114
1234
1226
883
1193
1600
1345
1151
1534
1269
1296
1217
1072
1793
810
1253
1421
835
955
1610
1106
1316
1417
1721
794
720
1307
2066
1361
1735
1652
1471
1699
1074
1286
1303
1415
1303
1113
1520
1418
1577
1842
2023
1773
780
1009
1652
1052
1477
885
917
1553
1700
1352
1282
1837
1109
1240
1509
1552
1876
1557
1653
990
969
1685
816
826
1207
1486
1483
1563
936
1073
1467
1266
2159
1267
2197
1913
2158
1541
1926
2310
2005
1711
1600
2050
1058
1402
1613
1230
1318
1534
1504
1961
2811
1788
2914
2466
2695
2700
2365
2540
2291
2297
2454
2150
2347
1875
2025
1755
2248
2064
991
1408
1343
1653
1651
980
1236
835
1420
1433
1951
1219
1469
1284
1678
1093
1195
1211
1212
1342
1529
1082
1409
1454
1613
1229
1319
1501
1496
2368
2577
2970
2517
2944
3098
2022
2402
1833
2266
2540
2577
2491
3475
3130
3063
2653
2760
2621
2838
2679
1704
2236
2084
2073
1662
1981
2453
2591
2193
2403
1936
1626
1789
1411
1582
1876
1630
1364
1809
1578
1409
1900
1986
1510
1838
1312
1233
2008
1715
1746
1425
1528
1100
1500
1216
1925
1040
1294
1389
1688
1262
1402
1654
2209
1458
1623
1332
1324
1592
1264
1232
1132
1558
724
1071
998
1213
1139
1137
1212
1341
1179
846
921
1344
951
953
835
967
1047
1239
1704
1321
1169
1386
1243
829
1006
1925
2661
1649
1668
1424
982
1661
942
1238
897
1298
963
983
1750
1445
1489
1088
1029
1138
1060
1124
1044
1304
1132
1148
1061
1454
1121
1074
1145
1483
1630
1130
1594
1352
1149
1469
1178
968
1090
772
1091
983
1638
1296
1510
1259
1756
1436
1204
1083
1484
1590
1062
1089
723
1161
1102
1139
1398
941
707
841
1270
1070
1063
826
1382
1449
1356
1229
1527
1635
1362
1232
1005
1297
746
1063
1605
1242
1132
1032
683
875
1369
1024
1057
950
1263
1262
1639
1245
1103
867
634
844
1412
1250
961
1102
1242
957
1223
1316
1096
1305
967
1261
793
1373
1296
1356
771
1160
1163
1135
1378
1156
1257
745
1022
1263
1244
2241
1571
1833
1704
2235
1194
1891
1765
1380
1154
1355
1034
1515
912
893
1341
1050
1246
1554
1466
837
1130
1385
976
1250
832
804
1192
977
1292
632
1412
1184
1153
923
1013
990
1165
1243
855
1430
1257
1240
1570
1412
1135
1783
1702
1891
1510
1066
1045
1115
1310
1228
997
1363
786
1225
949
1204
1132
1153
1107
1133
1675
952
1260
1048
1368
1071
1377
1287
1032
1207
823
1206
1138
1206
1823
1346
2250
1251
1410
1838
1234
1431
877
1221
865
1348
929
974
2409
1468
1079
1759
1678
1605
670
1452
899
618
829
1182
1229
1267
819
1574
1090
976
1103
1286
1596
1512
1036
1143
908
894
1539
797
1404
828
1323
967
939
824
1200
1669
1289
1814
1608
1177
1299
995
636
1237
1502
1201
1231
1237
1193
1318
1220
768
1418
1124
880
1069
1219
1399
904
1105
787
516
1287
1992
1043
1274
1645
903
1110
936
879
927
1100
887
1423
1300
1030
1018
1080
1401
1387
1683
1023
1240
961
1054
1539
1045
1042
1566
751
903
1145
1048
1085
968
926
913
833
1277
1646
1788
1657
740
984
807
930
1030
1108
1190
1028
1139
1372
1097
1565
970
926
736
1384
1213
1543
1554
1197
1355
1024
1117
1289
1056
1496
1330
1294
888
1398
1329
981
1157
1364
1575
1603
1411
1314
1104
839
1277
1280
997
1283
976
1000
1456
1202
678
1506
1096
1580
1037
1118
733
1156
919
1040
702
1398
1288
1355
1692
1789
1232
1202
839
1167
757
960
1225
992
1004
1600
1518
1559
1743
1385
1075
876
1126
1205
1265
1258
1648
2017
1480
988
1746
1224
2463
1755
910
1496
578
761
947
1363
1198
858
1421
1048
1144
942
1155
1439
1198
1357
858
814
1496
1292
1185
887
945
1239
1369
823
1284
1177
1353
1569
1887
1955
1095
1425
1032
1088
1232
1375
1502
1255
1392
1143
854
1124
632
672
1022
873
1062
1161
568
1474
1355
1193
1525
1465
1032
742
1391
1071
1107
658
847
913
1087
1073
1538
751
1638
953
1213
677
1331
869
1453
1477
1035
1288
690
757
773
760
1209
1183
1101
1375
939
860
1745
1653
1390
1346
1242
957
1120
1185
951
838
897
1443
1415
1823
1804
1729
1208
657
1227
899
1067
924
711
1203
1361
1000
758
725
813
1275
1143
1215
1133
1164
1306
1102
1088
1462
865
1125
884
1069
1114
1094
1407
652
1183
1360
1032
970
1122
1248
1136
1133
906
645
1357
1045
1105
1165
1180
1346
1304
1040
1219
1103
1327
1262
1158
1168
1070
1055
1002
1169
1178
1115
1357
1254
1516
1589
1265
1250
1345
1350
1141
819
1206
1024
1425
1420
1345
1483
1469
1179
1408
1782
1370
1279
1881
1535
811
1204
1007
1042
1331
1084
1277
933
929
1407
1134
1217
730
1244
907
1200
651
1452
877
907
912
1884
946
703
1045
1210
1023
903
784
1284
918
980
1059
1018
942
914
1273
980
1263
1136
1108
1360
766
1275
1006
1304
817
947
1154
1427
1419
745
1345
1150
1230
967
924
1056
1210
1026
816
1694
1451
824
897
1282
604
900
552
1187
1402
1317
1454
1371
1697
1752
1617
1858
1723
1645
1198
1545
1138
1318
991
1170
776
1091
1120
1222
1102
1050
1668
738
902
999
1332
1089
1206
1192
1254
1228
1190
1108
972
913
1460
952
1028
1104
1180
715
1170
1276
974
1239
719
933
1187
1447
840
851
1590
1452
1059
1203
1142
1403
1360
947
1071
773
1036
1131
1063
1110
707
852
1016
1906
992
908
714
1244
1011
1383
1473
1279
1049
972
1032
1404
1076
1040
1332
636
1085
1384
1240
1107
952
1189
1562
1377
1422
1159
1135
736
993
1119
990
841
1121
1126
958
1360
731
920
1109
1395
1705
1130
502
1007
1222
1316
1305
972
1845
1653
1323
1467
1076
1715
1766
762
736
1454
1017
1064
1341
976
1238
897
1217
1001
1250
1473
1111
1103
670
1297
894
939
1350
956
1352
1223
934
704
1351
1348
737
1103
1262
890
1206
1111
1438
1018
1244
1192
766
961
852
716
1523
1236
1251
1251
735
977
1573
1512
947
785
1248
616
1179
1067
920
1136
1044
1295
1273
1700
1389
675
1074
1046
990
1144
693
1436
767
881
1022
1234
783
954
915
849
1126
875
957
1134
1635
987
1096
1432
1087
1389
881
1199
1105
1439
1040
1399
924
1198
1086
1027
1076
1227
1073
947
1690
1176
785
1495
563
991
711
795
1889
1820
1220
1756
1676
1577
1097
1272
1286
1428
1180
1264
1092
1299
1055
1265
1578
1207
1323
1321
930
1466
905
1085
940
1524
983
1258
1009
1134
1180
926
784
860
1340
793
1227
1019
708
1338
924
993
805
756
1250
1050
993
1335
927
1288
914
1002
1052
941
1062
1299
997
1711
1603
1138
1383
1024
1266
1369
1476
1572
2128
1186
1071
864
1032
1027
764
1206
1551
1433
1381
1025
1433
1147
1151
1257
1277
694
1545
1312
961
920
1688
1215
1569
1877
1334
1486
1782
1894
1718
2136
1812
1405
1326
1164
1247
799
699
1438
1281
1160
909
785
1212
1175
959
1113
1575
1520
1468
1865
1370
904
731
967
1032
825
920
923
1208
913
998
1063
1121
968
1159
1116
1059
1160
980
883
1164
1446
999
1942
1865
1204
736
1022
1007
723
1346
1074
1149
1144
1385
859
1778
1726
1562
1429
1090
1579
1585
1876
1807
788
480
1063
1215
1370
1282
1148
859
1298
802
742
1151
883
825
1225
885
1221
853
810
696
1456
1076
979
851
1245
869
706
1052
1089
870
1280
1064
981
1182
1194
791
825
1039
1216
868
955
644
1123
1002
1542
935
791
1079
1348
1235
1622
682
852
1384
1454
1029
945
1477
1501
1572
1400
1524
1388
1994
1895
1609
1844
1409
1475
1736
2180
1145
1600
1529
1150
1474
1236
974
1679
1341
783
1168
1305
1049
1079
1027
1186
1089
1732
1073
1401
1150
1060
1625
1220
624
1454
1854
1894
1576
1054
1350
954
1306
991
1261
736
1432
1226
1128
1108
1770
1921
852
1163
1259
818
1143
1173
987
1170
978
1115
1133
1222
789
1190
1124
1400
1101
888
1400
1051
1178
951
1047
1168
964
1445
1157
1068
1357
815
1056
1649
709
889
821
1186
1236
1165
638
515
839
1057
1500
1343
1119
1001
1059
1060
959
1438
915
588
764
1252
1555
1430
1212
1223
1219
821
1085
1331
896
635
1094
1206
1268
1667
981
536
645
1104
1057
1072
1022
1368
1374
1189
906
864
931
1064
1139
1001
1246
1345
1464
1295
991
1249
1141
1387
1144
1047
1136
1045
761
1131
825
1121
919
1772
1607
1694
1503
1029
1073
1076
1329
1097
1299
1980
1000
661
752
1144
1043
1230
463
1195
1552
1339
1371
1729
1700
1007
1144
1024
1220
925
1181
1490
801
842
757
1141
768
1323
584
1311
1074
1270
831
1004
1437
1149
1242
1139
972
1032
908
1021
1021
808
869
354
790
964
2127
1643
1400
1067
976
1267
1363
1204
1026
1118
1139
1207
907
826
1057
1337
1156
836
1510
1099
767
1240
1033
991
896
1188
686
773
1150
1187
795
1536
1349
1115
1212
737
1389
1320
966
906
1155
1183
992
1358
1038
801
1049
1037
1077
810
1375
1155
1449
1467
1569
1244
1383
1378
1662
1046
1136
1214
1176
1752
1034
2031
1057
1084
1160
1406
1188
660
1068
749
1337
1262
1069
967
1039
891
1307
845
885
828
823
1454
1219
1205
888
987
1180
1328
1043
1159
1352
985
1439
1790
1493
1928
2324
1434
832
1357
1041
1493
1671
1188
962
1329
1048
1381
992
988
1356
1175
599
1116
1378
957
884
1308
1180
696
1636
1664
1686
1433
1782
1337
1235
1484
1198
1454
1070
1314
1444
691
958
711
1026
1075
1015
1057
996
954
1318
1044
1123
1211
1191
758
946
1220
639
1040
895
1121
978
1051
1324
1203
1310
2146
1562
1174
1181
731
1174
1158
893
976
1679
1443
1227
1152
1208
1155
1270
1163
1094
1434
1141
1217
1082
1063
1404
1058
1546
1611
1189
627
853
1154
1190
1309
790
1176
1026
1415
911
1059
1162
949
1253
1419
977
1397
684
1226
1182
1759
1596
1454
1217
807
1547
1667
1693
1726
1096
1423
1056
1208
1197
942
1393
989
1179
1004
1001
1030
1047
1065
1226
916
1328
657
1420
838
1322
1179
1035
1121
1190
844
1055
1291
1111
1330
924
990
1288
1120
1352
640
1400
1065
1614
1311
1510
1596
1353
1334
1464
1071
874
1320
1055
951
1234
716
1085
1258
860
938
814
976
1050
624
1660
840
1369
1029
1180
1418
1398
1256
1334
967
1812
1760
1137
1265
831
913
1050
912
1216
801
1402
745
2006
1792
1196
1635
1480
1408
1031
973
991
1437
624
1826
1754
1610
1775
1693
1229
1542
1353
1008
1484
1225
956
1393
1167
889
985
1566
1094
1715
1830
887
785
1087
1129
1277
915
1039
1139
956
1532
930
913
1282
1057
1168
1052
794
706
1728
1399
1316
959
1132
996
1033
1076
862
1388
776
1330
667
1093
1238
1031
1145
963
1115
999
1348
997
975
734
1543
1049
1232
1671
1553
592
803
859
1032
996
905
895
1245
1216
1064
1145
1008
1468
1035
1123
934
1065
1351
1412
1052
1018
987
1320
824
1209
1113
897
877
1182
698
813
934
891
1367
1148
1282
1350
1635
1028
1399
969
1355
971
1364
1149
810
1253
757
1442
827
1024
1324
1003
1036
1625
1164
1552
767
932
873
1044
1334
1111
1059
1194
956
761
1217
1189
1223
943
1095
732
915
777
1336
988
1172
1422
1150
1336
757
1470
2028
1545
1507
1197
1166
1768
1384
1051
729
1215
1186
765
1227
1282
1379
841
1375
997
1536
1208
1175
788
1015
788
820
1659
1442
1245
954
1038
703
987
967
1345
1002
1373
944
1250
1382
1172
867
728
1551
870
1326
990
1598
825
1576
1377
928
1479
1439
806
1237
1219
1404
1109
1152
1108
1057
938
1043
1249
754
1033
904
922
933
1174
986
1033
809
1588
642
1059
618
953
1025
1238
901
1187
1213
979
1270
1081
1228
1011
857
951
1284
1036
723
1178
1171
708
1208
1214
1559
913
1010
1031
1410
1054
970
1555
1106
1221
816
731
1308
1410
972
1227
971
1552
1738
1224
1767
1356
952
1013
1310
1023
1320
1417
1231
1143
1361
1201
1128
1601
1722
1963
1370
1854
983
742
1178
841
1030
1044
1099
1371
1457
1456
749
1072
1377
1523
786
1047
1231
800
1161
1060
1366
886
647
1381
745
1150
1191
864
1230
1097
1011
1058
1009
1213
669
749
1595
1454
1392
1069
905
1078
1349
822
1419
1187
977
763
793
1252
1202
1146
1500
864
761
1292
1005
1477
1592
1374
900
700
1291
1374
2016
1006
1397
1462
936
1471
810
929
639
754
1281
848
761
1005
834
1111
1223
1595
1122
1193
1103
1280
1365
839
1070
774
832
1050
688
1247
1055
1505
1266
1023
997
1681
1059
1598
1491
927
1227
940
634
1059
626
923
1263
633
929
1296
1253
1694
1908
1234
1071
1371
1696
759
1278
1021
1125
1512
1363
1037
1347
1368
724
856
1016
1143
1200
1023
1224
1414
1393
1152
1339
1447
1287
1238
807
1048
1422
1500
1124
1060
1211
1025
999
902
1203
965
762
1076
1178
1712
642
1170
759
907
1233
1079
755
900
1003
1476
598
956
1376
1291
845
1445
1329
893
1148
1063
756
1061
1047
1188
801
1021
1040
1012
1504
1402
1156
1336
1207
1229
1579
2344
1346
1613
1495
1682
1490
1302
779
1082
979
888
1223
1345
930
1123
1717
1984
1793
1517
1149
888
1322
1363
948
1149
1275
904
744
1060
935
1409
1113
1181
1584
1538
1248
1003
1517
920
1650
1430
1106
1751
942
1900
1071
1359
704
933
1286
1140
1033
1442
882
1099
1300
1198
1155
1108
1664
724
937
1273
819
1131
1118
1670
1964
1350
1413
1627
1537
1043
951
1168
689
988
1062
935
1408
1307
1088
995
1365
1040
970
968
897
967
1189
1365
1121
1473
1063
1683
1073
1435
1432
895
729
1090
1018
798
583
722
823
997
747
1166
1488
1260
1058
1189
1013
976
1210
707
898
1268
891
1209
1119
1110
1349
1042
1376
1637
1574
1327
859
1068
837
1092
1276
1412
590
1074
1061
1362
1131
918
1197
1112
1075
848
1182
1054
1057
1033
847
1325
1030
1018
1233
930
763
1033
1449
1152
889
1118
1174
1294
651
1226
1112
1063
1066
1050
933
1200
766
1573
1474
935
426
1138
1056
975
1121
1017
902
652
1486
1271
1124
1079
1333
845
959
1247
1044
855
876
1269
1223
1222
1340
1126
1348
1609
1342
1081
1281
1434
1566
1577
1085
1103
1364
1021
910
1163
1091
1189
1201
1171
1312
728
899
1084
1160
1375
1148
1323
801
1511
1073
1273
1637
1365
1413
1111
1124
1522
1409
1992
1804
1643
1085
1394
1574
1133
720
1074
1087
1024
1187
1617
832
1460
1565
1099
1632
1347
1139
936
1156
1150
1029
1366
1111
1465
1293
1845
988
695
1074
1109
1798
1632
2494
1390
1724
1729
1808
924
1804
1385
1434
1889
1762
1159
1663
1568
1438
1208
1124
1530
1513
1356
1411
1569
1393
1477
1385
1035
1567
1312
1074
1171
1436
1477
1310
1146
656
891
866
1204
1168
1462
1076
1265
1331
912
1613
1517
1783
1622
1111
559
785
1242
1243
1455
1134
1211
1039
2063
1362
1554
1365
1695
950
652
1261
937
847
1361
1376
1354
1358
1283
1123
1119
1901
1359
1611
1635
1043
1083
989
1335
1174
1472
1101
1332
1328
1177
736
1447
509
945
1418
1163
1329
847
807
606
1329
1008
1822
1634
1234
953
1504
1331
1145
865
1233
1539
931
902
1460
1322
1122
1244
1815
1749
1231
1239
796
947
945
1516
1071
1083
1309
1002
1047
1194
1106
1002
1053
1278
978
700
864
972
1178
1219
1068
1302
1426
1675
1748
1534
1148
923
895
833
955
995
1042
1371
914
1193
1233
1307
1129
1242
1034
1054
826
953
899
1295
1145
902
1434
1567
1283
1438
1199
1134
921
777
1160
867
1320
844
1699
1294
1690
741
1272
1223
975
1027
1275
1060
1387
774
1183
1024
1178
1108
1069
1987
1000
1702
1427
1674
1520
1314
1133
813
1094
881
1151
1338
1163
1806
1502
1649
1687
1723
1218
1664
1466
1390
1194
1199
932
1049
770
828
1170
1166
1331
827
1318
926
915
1391
1178
1226
912
1497
915
1303
1101
833
801
1021
741
942
908
1119
1135
1217
1022
907
1086
958
1215
1041
1196
1107
976
1077
835
689
1477
1506
960
1179
1146
874
1013
1151
860
1225
955
1182
1667
1085
1336
1014
1379
1701
1363
1032
1322
835
1163
1263
1170
1036
1191
1121
1173
1143
647
1225
851
1136
1089
1071
1055
1099
1568
1240
1192
1254
1239
1129
1224
1330
861
1168
823
888
1503
1085
708
866
1283
915
1175
1071
1655
1351
955
938
1434
1293
980
972
1172
970
1560
1818
1855
1575
1217
1334
1245
1961
939
1338
850
1094
859
1054
1455
1163
788
1077
1121
1122
1345
1139
1659
1604
2039
1075
1589
1426
1412
707
1532
1439
1327
1260
954
1219
1141
894
1288
1231
1870
1538
1232
1684
1579
1466
1093
1110
1044
441
1622
681
1159
1240
1164
1871
1529
2168
1848
1319
1092
828
1141
926
1386
1140
1012
1232
870
1291
1448
738
1289
962
1108
963
1430
873
906
1410
1134
977
990
1021
1051
968
1616
1202
1774
1230
1140
1051
823
1082
1291
1161
771
1524
1053
953
1205
1425
1155
936
746
996
1106
1126
1324
737
1353
1361
1779
824
1415
926
1539
1331
1574
612
1256
966
1353
793
688
1564
1322
1364
1011
1639
1715
1372
1305
838
1574
1211
1099
1501
1207
1021
1407
969
923
1558
1061
1190
709
1498
1477
1359
1112
1067
1036
940
755
1254
1244
1047
824
1358
1298
1236
1013
1565
1048
1297
1017
1408
1424
1951
1534
1056
934
1183
1059
836
990
1151
1170
1136
1415
353
779
1260
774
1206
1004
973
1515
1500
1041
937
855
1229
582
1027
1175
1281
798
1248
1280
1212
1213
1189
1076
1818
1632
872
865
1070
969
960
1571
1061
969
1133
961
1378
1669
1309
1308
1760
1511
1427
1291
1241
1274
1433
1295
1536
1350
910
943
1084
1072
1533
1062
894
1120
1073
1046
1094
1483
1120
1476
1548
980
907
1190
940
696
813
1000
1079
1343
1307
1238
1478
1002
1120
829
1302
1011
1254
1184
1116
1454
1302
1396
1488
1087
1266
1129
1037
1729
1002
1398
1084
1063
1027
934
1212
1473
1623
1854
1413
926
1263
1813
1265
1785
809
987
1022
1211
1031
1290
1285
1015
1176
1815
1141
1170
1100
1235
1373
1036
1155
1301
1497
1068
823
1070
1021
1374
1227
1569
1257
2061
2098
1808
1187
792
1274
1306
1306
1395
957
986
1785
633
1056
894
1131
835
1150
949
849
991
1401
831
1483
1119
1803
622
846
927
826
1168
1578
1750
1704
1521
1774
2002
1563
1952
1122
1124
1195
846
1084
906
1370
1408
1605
1414
1525
846
922
1121
1297
886
939
1283
1151
1669
1549
1666
928
1452
749
854
1143
1181
1034
1065
855
1212
1353
990
1146
1362
1525
1304
1527
1433
1053
906
603
829
1386
607
804
826
1267
1249
869
1188
896
1298
1272
1452
1313
1394
2192
1443
1657
1782
1579
1561
1306
1243
1257
1016
1270
1184
1407
792
1159
1039
946
1005
872
1406
1071
1613
1518
1457
1258
1928
1241
1476
1723
1417
1844
1937
1780
1170
1548
1311
1798
1656
1528
1208
1448
1325
795
1389
1019
1072
1341
1385
1460
1514
776
900
1341
982
1522
850
1272
1091
726
1489
1113
1509
662
1342
1077
830
679
1162
1248
1056
938
1259
1077
668
679
1147
676
1134
990
826
1111
1306
1041
1201
957
888
734
897
1092
1162
1205
1363
1045
1428
858
1247
1060
1358
966
946
1280
1375
973
1503
1110
1812
1322
1130
1590
1598
1497
1831
1636
1362
1473
900
1447
1225
923
651
949
925
1077
771
928
1422
1619
2026
1974
1672
1565
1347
1152
1715
1492
1385
1801
1149
1696
1299
1149
1271
1332
1310
1146
1477
1109
912
734
835
963
1159
1522
1627
1451
1183
1214
1457
1644
900
750
982
1161
960
887
970
1055
1230
1218
884
932
1208
785
981
1605
1265
1809
1785
2061
1849
1292
1191
1507
1111
863
1312
1669
1686
1537
1758
1489
1729
1893
1410
1508
1620
1255
1387
793
1410
934
1105
1008
942
935
849
1582
1473
1168
1211
1837
1410
1576
1057
999
1185
1143
924
1147
1167
1068
1387
1217
1475
1494
1102
1029
1277
1142
1037
1120
981
1668
850
1289
777
1734
1364
941
1420
930
1040
1263
1207
1204
1560
1867
933
1801
1337
1437
1313
1545
1402
1181
945
1603
1428
1198
882
1321
1074
1720
713
800
1449
1126
1254
1082
1049
731
1351
1316
649
1146
1002
1160
1544
1100
1440
1201
1313
626
1353
1039
1565
1405
917
1049
1227
1218
1149
943
1298
1009
1203
950
1303
1117
731
1320
1071
1379
1334
1625
1613
1310
1235
1123
1107
1105
1184
1339
1594
1477
891
1362
1672
1494
1249
887
1128
1080
941
938
1039
1260
1131
1206
1152
784
1522
1420
1121
1692
1594
1050
1389
1258
768
795
1297
1949
938
1233
923
1363
679
1069
979
1360
755
1311
1536
1296
1833
1297
1669
1466
958
1048
1175
1304
948
657
630
1113
1056
961
991
1487
1222
1475
1122
1110
1396
957
1108
1084
1182
1031
1289
948
802
1110
1002
1245
793
1216
1035
857
811
1640
1027
1338
1262
1251
1109
1244
862
1099
1039
1335
637
1567
1183
1095
1032
828
904
1099
1080
1377
858
1430
1392
1249
953
1021
1292
816
848
1060
1088
1116
1346
1418
1506
1418
981
1351
934
1487
1038
1002
1234
1474
1186
1316
1976
2066
1712
1755
1525
1394
1313
879
1242
1074
1014
1075
977
1235
1166
1102
1390
1946
2073
1213
1059
1568
1501
1262
784
1111
943
1049
987
1272
1659
1736
1395
1228
1501
1499
1930
1381
891
1186
1405
1522
1557
1349
746
1086
1240
1791
1997
2046
1077
1203
820
1444
1448
1375
1265
924
1339
1729
1216
868
1306
832
984
778
732
817
1116
674
1262
1001
1003
1166
930
1004
1433
1146
1302
1157
1398
1217
1123
1099
777
1034
1296
1052
1044
933
634
671
1339
1713
1589
1338
1150
1048
1601
1169
848
1309
1013
1034
1269
1243
1489
853
1182
972
1234
1305
1058
1097
1126
1098
1654
1253
813
1181
1322
972
1201
965
825
809
939
714
696
1548
1168
1152
631
1408
1445
1079
1289
1785
1482
1361
555
1088
1053
804
1454
1092
1122
839
835
1168
1021
779
1220
1375
1655
963
931
1625
1465
1274
1690
720
1048
911
950
730
1155
1163
1114
1278
576
1539
1552
888
1280
1301
983
1673
1567
825
1049
1029
742
1378
1117
876
1662
1268
1164
971
819
930
1101
1185
996
694
1163
854
1801
1594
1490
1417
935
1107
1523
1095
973
1218
1422
993
1111
756
662
1325
1025
1460
1217
831
1343
958
1518
1418
940
730
960
1210
1166
1163
1082
1123
880
1073
1081
1393
931
967
1731
1445
699
1076
1097
1000
1134
1000
1241
1544
1639
1592
1585
1722
1604
1132
1094
853
1125
1045
561
848
1263
1060
1613
787
910
1325
1335
1213
1271
900
1134
1234
1294
1613
1292
1434
1111
777
1163
842
1166
1413
888
1421
1342
755
679
1325
708
1158
1244
1026
1187
1170
1198
1174
1610
1113
1036
1550
1336
1156
1025
1134
1215
1511
1179
1781
1664
1411
1080
1784
877
1056
1598
1520
1329
1684
1828
1329
1638
1419
1551
879
1409
1185
1723
1633
1678
1403
905
1792
1204
1381
908
810
1542
1149
1050
1052
1050
1424
1524
1332
1459
1232
1311
1059
1008
1273
1275
1392
1230
972
1376
1218
1867
1838
828
1448
731
1445
860
859
1204
1117
1085
1152
877
1109
1026
960
1475
1135
1183
1009
1041
1005
836
1139
1259
1108
862
1158
1186
1544
1364
833
984
957
991
1220
1043
957
1446
1119
936
1012
1010
1205
816
1510
1012
1590
947
1184
1258
995
947
1329
1759
1332
1458
1236
2155
1745
1364
1651
1273
1322
1335
1439
1161
960
1150
1580
1269
1230
1180
940
1104
1349
1484
1241
848
1000
1206
1172
1268
1090
1259
1120
946
1330
1077
1098
921
1234
1061
1429
705
1811
1798
1488
960
839
987
1193
891
1024
1252
1116
856
914
1405
1291
885
847
1336
1315
1050
1199
858
982
1302
1547
1375
1354
1151
871
1628
1021
828
1384
1410
1153
734
1135
1033
800
1223
1088
1034
1161
999
784
1352
1452
1114
1544
1421
1521
1178
1615
1329
746
1466
1301
1209
926
1160
1094
1698
1082
1271
1208
855
1290
677
1353
1275
1450
1016
817
1256
1354
1075
1343
1261
1810
1902
1681
1204
1137
1025
508
1056
1007
1227
1151
1275
849
1361
1377
1956
1044
979
1488
1397
2106
1723
2578
1578
1402
1744
1567
1273
1568
1169
1085
1218
1127
1271
998
1335
1040
1660
1173
1236
1582
1132
1793
1986
1455
1245
1070
1627
1838
1197
1276
871
1218
955
1426
1352
1148
882
818
1070
898
774
1131
802
1420
1052
1566
1426
991
1311
827
1465
1363
1553
2088
1780
1670
2386
1838
1440
1086
1517
1431
1071
909
1174
886
1285
1798
1349
1475
1917
970
1321
1720
1684
1499
1524
1701
1858
1273
1449
833
1154
1062
1345
565
816
1538
1286
1370
365
624
1043
1117
1372
1688
1966
1527
1273
1897
1786
1498
799
1254
1198
949
954
1221
1392
1050
1073
1720
1365
1359
1475
1840
1810
1801
1386
1259
1117
1010
1118
1195
1230
913
953
1339
982
1119
1029
824
1185
1386
934
1154
1554
890
1181
1156
965
1227
907
936
950
1408
1023
1369
1347
1333
1853
1065
1709
1865
1480
1597
1404
1416
1651
988
1007
1034
858
1290
992
971
1545
1266
1225
923
1432
1428
1016
1431
926
1433
878
1479
1821
1611
1036
796
998
1215
1213
1553
1028
1505
1356
1680
1509
1491
1913
1568
1211
1295
1078
1269
699
1654
1174
1162
982
647
1174
792
1049
945
1224
711
1426
1132
1225
1047
1675
1113
952
1143
1154
1024
989
1353
1267
2195
1608
2298
1506
1535
1177
1389
984
974
1278
956
1092
1486
953
1255
1312
1492
1010
1431
1164
1151
1549
1123
1080
1063
1030
986
1358
1207
1340
1160
1261
1159
1207
1164
1014
866
950
1902
1413
1265
1583
2232
2021
1911
1741
1240
1868
1766
874
1108
1138
785
1111
1114
1472
1168
664
1022
911
1151
934
714
1270
969
917
1150
1368
1127
905
1061
870
1201
1075
1191
1984
1535
1141
1287
1181
1102
1338
559
1272
1073
1227
1000
1156
930
843
1210
893
1055
1354
1188
1531
1650
1952
1438
1495
1689
1375
1490
1108
1190
1404
1526
885
620
916
1367
699
1640
1118
877
1310
1707
1659
1274
1091
1257
957
1115
879
1279
1104
931
1384
1158
996
1229
702
1188
1175
1264
1022
1163
1591
1280
1210
861
1293
1348
1357
1146
1268
1653
1641
1675
1455
1662
1102
1091
1446
841
1173
987
1184
1209
1465
1277
1219
1211
1764
1428
1524
1299
1605
1229
1881
989
1207
669
1212
977
1102
1323
823
1799
1188
1446
1270
743
1041
819
820
1211
970
1258
1185
1592
1599
1365
2216
1216
1678
1100
1061
1218
1051
898
1001
1218
1295
1260
1186
1639
1268
907
1063
1198
1381
1426
1064
929
1454
1135
1476
1339
907
1403
1141
1467
1716
1605
1227
1363
1735
1631
1262
850
1176
1510
1144
1102
1261
1358
1084
904
1464
1175
944
1602
1832
1476
1504
1600
1508
1423
1341
1074
1015
1205
789
961
1009
1425
1451
471
992
788
1334
1503
863
1418
990
940
1373
1762
1426
1250
927
1194
1797
814
1642
1457
1196
1848
1354
1370
1147
1151
1283
1108
1122
1185
967
755
890
1246
944
1472
1702
1237
1190
747
989
1175
964
1010
769
813
797
901
965
685
1444
1389
1552
1491
1679
1327
1391
1373
819
1261
1369
934
1166
1078
989
1058
1511
1564
911
1614
623
968
1054
1151
911
1061
1158
1153
1045
987
1354
1430
1417
1102
917
1172
1313
1313
989
702
1151
1062
1082
1405
954
1269
1027
973
1226
945
1079
889
1164
914
773
742
1060
1258
1202
1057
1201
1704
1120
1073
1095
1087
1491
1296
1138
1116
979
1242
1047
884
1257
990
860
887
1386
1123
632
630
1151
844
1069
938
800
1358
1244
1161
1308
1371
1712
1269
841
1097
1325
1425
1061
862
1334
1091
905
1393
1371
1044
921
1225
1115
1470
984
1293
1287
1444
1312
1842
1787
1746
1568
1564
1057
1117
1452
1062
1124
1097
1214
865
1551
880
1303
924
1034
960
1073
1253
1273
616
1155
1276
1397
743
845
1506
1256
1191
1174
715
1268
641
796
1271
914
1472
1322
1526
1558
1675
1733
1805
1274
1191
924
1270
870
1082
1001
854
1164
1073
822
1017
1151
1028
677
1098
1205
1213
1342
1801
1725
1461
994
1348
1181
1152
1377
920
1405
950
879
498
1521
1140
947
1570
946
877
1165
1102
952
953
966
1437
1816
1836
1664
707
1146
1241
1277
851
1020
811
779
1401
857
1520
793
1200
1061
886
1307
701
1494
1107
1689
1145
1563
1467
1381
1870
1372
726
1379
1042
976
1370
1136
997
1925
1729
1554
1381
1343
1150
840
1020
1271
853
1210
1475
1346
1358
1154
934
1025
1791
1645
2006
1866
1585
589
1078
1182
982
1111
1084
808
1021
1102
1211
1144
1269
969
935
930
1051
1312
1416
1634
1305
1451
1790
1313
1191
1232
1342
1169
1416
1172
908
1240
802
675
831
1171
1155
1302
1051
781
1197
827
1193
644
1269
1179
728
766
871
1237
1188
765
1155
1176
847
1141
1132
1281
663
856
1263
1199
1449
990
1124
1265
798
1394
1056
1526
1027
835
1134
952
1390
1507
874
1163
1170
1147
1159
1096
1151
907
1292
1137
1710
1541
1173
1057
1182
946
1046
1025
1679
671
1216
1136
767
1001
751
961
1357
1382
1299
940
1370
1476
957
620
1401
1234
1278
1433
1349
1126
1143
1219
1108
1425
1221
996
786
1534
1309
950
1581
1144
1260
1232
1346
1160
1223
1119
1079
768
1152
1265
1318
1421
1198
1394
910
1215
883
1036
1824
1237
1199
1083
1164
945
1253
1659
1292
873
959
1277
1532
1451
1631
1504
1469
1476
1049
1092
1350
1105
1095
1251
1134
1512
1530
1128
672
1028
1328
1283
1420
1296
1188
1463
988
1369
1295
1152
1167
1031
1010
1152
1041
895
819
1023
878
1027
1330
1378
1549
1351
1330
795
1092
869
1753
1180
1566
1821
1272
1148
828
937
827
1154
790
1152
721
1202
1231
1260
1817
1107
870
952
777
1280
1180
1223
1178
1516
1505
1559
1420
965
1034
1138
793
677
1170
1621
1313
1767
1276
1260
1025
1262
1339
1061
1585
586
689
959
1327
1106
1068
1073
1118
1357
864
1124
1220
1421
1135
1099
1029
795
859
1075
1024
1118
1057
1006
1212
871
1172
983
1156
1125
1552
1582
1299
1295
1466
1351
1951
1004
862
832
1079
991
1031
720
1367
963
845
560
619
899
1817
852
1160
918
920
1301
574
782
1377
1378
1295
1249
876
1505
1324
1052
1145
1739
694
1194
1133
1577
999
657
1098
1006
987
1014
1241
957
1355
2000
1349
1607
1719
1205
1333
720
1573
1205
1298
1152
1203
1796
1379
1157
737
1468
1082
1306
1172
1055
1136
895
1026
614
1332
1442
1646
2102
1115
1365
1067
1180
1136
1146
1159
1101
1636
1727
1893
1468
1896
1605
1438
1347
1144
771
1413
1061
1552
1563
1787
1419
1627
1642
2006
1639
1695
1690
2325
1839
1882
1235
1052
955
1088
1286
1007
1701
1471
1749
1332
1738
1274
1192
910
993
1662
1111
1230
1958
1036
1152
1311
1145
1151
1130
890
1043
839
1158
1118
1302
1417
1928
1287
1462
1921
1229
1299
1012
1005
1216
1043
964
1008
840
1637
1149
790
1154
1097
1154
1049
905
1376
649
1475
969
994
576
1029
1079
874
1157
1145
1268
822
874
1007
1152
1201
1676
1392
929
1121
1277
1309
1980
1558
2936
1973
1330
1158
1059
1418
1547
1716
1192
1844
1218
1263
968
950
1115
1349
1082
1395
1555
2424
1386
1259
1242
789
1597
753
1116
1367
1121
790
1070
1416
1427
1098
1485
1459
476
821
1092
1353
1458
1184
990
1292
1068
1030
1071
1008
1830
1477
1538
1092
826
985
1233
1015
1243
1205
933
1180
1311
1592
1412
824
894
1056
910
1340
1025
1540
1277
1316
1754
1227
924
1191
1095
955
915
891
958
1283
867
1317
1098
958
707
1294
1047
1223
1453
1173
1390
1305
972
1166
1023
1325
1008
1176
1212
993
887
1603
1482
2044
1652
664
1292
722
1202
1160
1439
1152
920
1072
1108
1177
1161
747
1345
950
1190
1227
950
1067
1479
1142
1031
1249
788
1245
923
905
1042
1042
1512
1383
1244
825
1186
1124
991
940
891
1155
802
1109
1191
1419
963
1140
1184
1384
849
1121
1053
1460
1286
1064
1205
979
897
858
932
974
953
1178
1178
876
1241
1433
1147
1256
932
880
1022
1252
1101
1420
977
1140
1155
1176
1155
1420
1303
1122
1032
1332
1334
1523
653
1796
1192
1238
841
971
1232
1141
1534
1227
1418
884
1139
1150
1095
1524
1434
1410
993
1555
1193
1197
892
914
1222
905
866
1374
1142
1830
1276
974
1263
917
910
1173
1208
1069
1244
1171
826
940
889
1410
1575
1387
1504
2096
1973
1382
1673
1542
1512
1682
942
1540
1251
1173
1303
961
1156
876
834
918
1061
719
952
1131
798
1532
880
892
977
1191
1392
765
1227
594
1185
1095
800
1170
541
1311
1098
1264
1251
1040
993
1105
1088
1318
796
1085
961
925
1091
853
1782
1367
1174
1301
1384
1322
1131
907
1551
1425
1135
678
951
1161
674
1172
1237
761
725
1129
1273
1420
1033
1464
2027
1799
1449
1466
1389
1255
879
1146
1456
1377
1399
1775
1511
1907
1357
1231
891
1397
990
1112
1211
1267
1173
912
1335
1174
1624
1749
1455
1422
1043
836
1453
858
1112
675
1181
1722
1243
1188
1171
1131
726
752
1538
1508
1190
860
869
1380
1113
1232
875
1044
1113
1442
1284
796
500
1154
1023
742
1300
1134
1172
903
1259
1302
1130
1277
1146
1941
927
1409
1069
1348
825
758
862
1326
1067
963
1408
1148
1142
1144
1104
798
1088
1434
1493
900
1003
866
1538
878
1185
1195
890
928
1015
1057
1090
898
818
728
979
1151
1050
1161
1141
1399
1012
1450
1010
1426
1369
1345
996
1219
1727
1535
1492
1183
934
1014
1034
1388
703
758
1513
1133
1302
1197
1026
1211
1131
1159
1171
848
1307
1160
1114
1291
1229
765
789
985
1377
1721
1451
1727
1639
1706
1458
1413
951
901
1392
1003
1337
1064
818
963
1353
863
887
1122
1037
711
665
1105
932
1629
1096
1396
1271
907
1307
1142
1350
944
1073
1107
1113
1301
1191
2026
1376
1796
1400
1386
1044
1392
1462
1457
865
1274
745
1364
1570
1164
1222
1199
1196
954
1340
1076
1039
1334
1476
1258
1161
1293
987
1087
1243
1115
904
740
1439
1359
1165
1076
1076
1197
1591
1079
989
1229
1241
950
1003
1354
1113
1598
1445
1622
1091
1348
1292
1198
1613
1613
2097
1617
758
642
990
1185
1295
1151
1153
1174
1298
950
851
1015
759
1555
583
1050
1166
1445
1305
726
734
655
697
1376
974
1171
1140
905
1446
1091
1123
1740
1625
1381
1176
1483
785
1408
1121
983
1139
1313
767
981
841
1462
1838
1348
1123
1546
1171
1299
984
1059
1043
1293
617
579
1213
986
1419
1113
973
877
1339
1335
1120
1064
937
918
1205
1311
1079
1432
980
1424
907
1198
1502
789
1013
1390
1173
1324
1110
1491
495
1206
713
909
587
1288
1356
902
816
1043
675
1259
779
794
998
715
1401
1259
1074
1315
1226
1514
1003
1673
1279
1179
865
1190
1223
1048
919
774
900
988
1555
1093
907
1043
1169
637
789
861
1314
1267
901
1100
993
948
1095
1331
1084
1369
1026
1431
951
1426
1506
1031
1097
865
1529
1065
1090
814
1293
889
866
1336
822
1020
1086
683
1292
1233
1527
1704
1324
1509
1744
1432
822
1189
1236
828
938
1304
1047
1315
1279
1649
1138
1290
1253
1798
2290
1701
1734
1596
1562
1900
1522
1457
1171
1093
1235
1528
1231
1488
1302
1724
828
818
846
1328
1221
790
1201
827
1330
856
1253
1245
1288
1312
1432
976
941
1380
840
1684
1675
1120
1327
1318
1671
845
926
980
1577
1873
1363
1755
1292
744
1181
1345
1008
1064
1410
1394
824
1116
1038
1083
1713
1378
1232
1544
1707
1223
1194
1402
1414
1514
881
1019
812
1424
1249
1483
1065
1267
1021
1107
1456
937
1440
1261
1722
1512
1129
1406
1118
1122
1430
1793
1380
1113
995
685
1115
1410
1215
1007
1063
1285
944
924
960
1091
540
905
1040
1104
1028
948
783
1295
1361
1145
1268
1567
1229
1465
912
631
778
1255
1609
679
1178
1069
953
1361
1391
1329
1035
2102
1779
1797
1350
987
1224
879
903
1313
1347
1183
589
1327
1270
1499
1090
1132
1401
1315
1233
1912
1644
1663
1168
894
1342
1375
1461
1690
1360
1043
1587
897
1056
918
1261
1546
1082
1052
1073
1404
1224
1686
1115
869
902
1095
1112
949
1307
1600
1298
1433
1765
1666
1853
1225
1218
928
1010
1085
886
1379
1245
1214
1499
1020
998
1813
1465
1770
1251
1549
1380
1199
937
1127
923
1025
1030
1184
1397
2089
1091
1311
1103
913
997
1336
859
1134
987
731
1498
1844
1019
1654
1284
727
761
1429
1152
1288
1589
1183
1367
769
1325
865
991
946
1122
928
1181
1210
1227
1259
753
727
364
1442
1320
965
1232
1210
1176
1389
1021
1819
878
951
999
1452
1469
1034
1228
881
1103
1038
791
1445
2364
1327
1311
841
1272
1644
1466
1227
1159
867
1105
1663
1013
1734
1418
1082
1664
1450
1504
992
1072
889
1110
1278
974
1397
1205
907
1100
1204
1019
687
1169
662
967
878
1179
1511
1720
1326
831
1134
925
980
699
1093
1388
1378
1129
1285
1069
1232
1159
1243
863
1190
924
1044
702
1265
1067
1099
867
1326
908
1207
1188
781
952
1433
908
1226
1132
1184
1253
1077
939
1280
1491
1438
2024
2045
1734
1513
1186
922
782
1348
857
1200
2133
1793
1270
1994
1694
2213
1718
1277
957
1027
1107
959
966
1325
899
877
1007
1373
990
1095
1197
1162
691
733
1186
1063
1353
1687
1186
1343
1365
1085
915
1094
1076
1744
799
1215
1116
630
868
765
989
1189
1160
720
762
1288
873
1011
837
1332
919
966
895
1118
1292
969
1180
1628
1316
1282
1404
1127
1514
1218
1101
1139
901
766
1704
1594
1084
1293
844
1348
1642
1194
1020
1293
1210
1217
876
862
1194
1474
1407
1585
1162
980
1284
1386
907
1157
1306
1302
1453
915
903
1131
1165
831
823
1578
1173
956
1564
1094
913
1094
838
1101
1027
1160
840
726
640
1051
1447
1104
1535
1082
1013
1177
1272
714
1696
693
1291
1381
760
960
1284
1739
1725
1940
1376
2029
1746
1259
1450
923
1069
1204
1547
1043
1205
1199
573
1159
1133
1050
710
1302
2067
1559
1483
1167
1476
1020
1160
1422
992
1262
1158
1603
1442
1228
1052
725
927
878
911
1056
1226
882
1005
1741
1578
1216
1328
976
1110
1088
1105
884
1053
1127
831
1160
1277
1113
903
888
1337
1122
1151
899
1283
1753
1416
784
1012
1210
492
828
671
1431
1144
1632
1267
1286
934
928
1247
855
1194
717
815
774
1344
1066
1302
972
1386
964
1215
1061
1247
1279
1065
1051
1060
1305
1006
1255
460
1009
1106
840
804
1223
1215
1171
740
1123
1029
993
1156
917
1125
1319
686
1166
1236
1133
978
1092
1137
1159
1073
1098
1106
764
1213
1869
1058
1214
1195
1168
1457
1364
685
657
1142
994
1213
843
1366
1277
1219
1408
1191
1578
1206
1020
742
969
1662
1325
1134
854
1048
1281
1224
1216
1184
1080
823
1212
826
967
1527
1490
1156
1393
1217
833
1300
1278
1572
1949
1025
1458
970
1367
732
1263
1137
760
1114
1171
1085
768
1015
1834
1913
1631
1472
997
1547
1127
1510
1479
890
1200
1769
1371
1302
1018
916
956
744
1002
1325
945
881
876
906
980
1169
1397
894
1671
1512
1351
1056
1279
1238
791
1114
1278
1345
1363
1180
879
776
1522
739
1387
1009
1595
968
957
965
1076
1104
958
1332
1350
1066
929
1375
1737
1491
1167
702
1444
1246
1081
1121
1087
1493
1179
1412
1012
1273
1930
1298
610
900
1235
1055
810
1121
1188
1153
1701
1252
1036
1116
1067
976
1263
1060
1347
866
1224
1067
1454
994
1045
896
1356
1490
1191
1686
1517
1649
1374
837
969
1171
1291
841
789
1292
1313
653
1045
1049
1539
1263
897
1126
816
1250
817
904
1076
766
1570
972
1429
1236
950
1183
956
1029
1100
1352
1068
1158
1488
1393
763
1065
1036
1188
1028
505
1000
926
1062
1023
1037
1380
1464
1200
1634
1255
1298
1207
1925
1520
1531
1375
963
1324
922
1472
1050
1268
1099
1302
1256
946
1134
1178
1143
1112
1628
2001
1539
1701
1446
1188
1206
1524
1281
1576
949
1440
1235
748
1015
1275
1134
1368
1363
1433
1118
1421
1445
1788
784
1104
872
1132
987
1078
1181
688
753
966
1415
1086
1331
1520
1330
761
1685
1371
1112
796
1451
1241
1029
771
1479
1743
1423
1419
1618
1428
1002
836
1171
1000
1008
1352
816
1008
1332
1107
884
1018
1098
1200
1260
1415
1047
1285
1156
1307
1524
1112
1258
1134
1041
1084
721
1424
1180
1520
1224
1138
1515
1054
1440
1190
1442
1274
1342
1103
1446
1564
1220
1613
1606
1322
867
876
922
999
1611
1349
1078
959
823
1229
1204
1208
1413
1290
975
719
1328
1067
1269
1441
1047
834
1460
1455
1169
1258
1421
1014
701
1292
1405
948
1485
1552
2051
1533
2050
1631
953
1454
1486
1432
1403
1780
1845
1638
1366
1277
1102
1214
1030
1097
1398
1751
1208
2009
1651
1395
1321
1533
1049
1072
673
1423
1398
1434
870
825
875
646
839
675
1153
1099
701
1125
770
1027
544
985
1258
1546
1157
832
1314
934
1299
1629
1369
1105
878
1230
1402
859
1062
1113
1238
1063
991
1268
1132
1402
1514
1296
1356
1403
948
805
1005
1160
1392
963
959
982
1063
1117
1357
1177
1063
932
1033
1181
959
1067
712
1006
741
948
1053
948
847
892
1039
1064
988
1306
1045
1340
1329
1641
1331
827
931
1243
1246
802
1388
1170
1327
1104
1155
990
768
621
673
871
967
1119
1294
1294
552
1126
1195
1323
1366
995
1430
1011
1612
661
1323
1267
1125
1372
1134
1008
1299
822
866
974
687
935
1084
1082
1486
764
953
1261
987
1166
1362
1032
1130
716
1131
793
1085
684
1272
987
1699
1305
821
1210
738
1044
1053
1094
1540
1191
1746
1413
1162
732
891
1210
1089
1233
1366
883
1409
1634
1194
1627
1390
1400
1332
1216
1141
1294
1267
659
1130
1245
830
1283
1113
1071
1591
1145
1167
1472
1283
1081
881
1662
1004
1592
1739
1255
877
1103
756
1267
995
866
1341
1219
1474
1294
1234
986
1016
1000
1422
1094
769
1021
1181
1024
1303
1020
1543
1285
1075
1092
1192
467
865
700
553
1405
1312
1217
1362
1221
1360
1703
1702
1285
1453
1123
959
654
1076
1296
1822
989
1406
2372
2354
2112
1179
1545
1266
1308
1277
1290
1640
1795
1943
1578
1273
1365
1263
902
1295
1111
1141
954
1046
1638
1246
1243
713
1066
1287
829
1592
566
1301
988
1351
1053
1329
1185
1046
1188
789
712
1155
1364
840
921
1405
1264
918
1275
1308
990
1271
996
742
1110
1168
1134
1512
1225
822
1422
1077
1119
1159
1131
1226
1162
1179
1115
1213
845
1657
1332
1052
901
1815
1375
972
911
1135
1124
1114
1138
836
1184
828
489
877
1226
853
977
978
1356
1441
1011
811
1063
1048
1041
1004
1295
1330
2070
1906
1402
1387
2028
1532
1620
1657
1355
1223
674
1080
814
1140
663
847
1542
1452
1096
1384
895
626
844
1424
1086
1220
924
1292
1320
997
1252
1151
695
934
1494
1201
797
981
1089
1314
1288
838
1284
632
884
928
1107
1673
1133
1131
1978
999
804
966
982
1160
1358
1167
1180
1009
880
998
1521
1114
1562
1439
1175
784
1200
1282
1054
1156
1337
745
1548
1120
1282
1015
1255
1523
1052
1011
1261
1310
1368
1389
1494
2015
1518
1652
1397
1026
1057
1218
1089
976
1166
1345
1384
792
1601
1424
1504
1670
1190
1720
1876
1346
1408
1272
723
995
886
1132
1337
900
889
1095
940
1076
1377
1202
1089
1249
659
719
1367
1208
990
1752
735
671
984
1844
1488
2217
1786
2161
1746
1829
1620
1703
2138
1592
1326
1021
642
1209
1202
1096
1128
1424
1133
1375
1343
1534
1046
748
1589
1299
740
849
1270
1229
1067
877
1350
1062
1282
1399
1063
1244
1361
1306
886
1038
1314
968
968
925
442
1206
1323
895
1147
1154
1097
1538
1941
1427
1883
1644
1108
1421
639
894
889
1180
1426
1534
879
1420
1192
1102
1230
1411
1332
621
1234
813
1078
1151
1394
926
921
942
898
1221
1075
1022
867
872
1091
1205
1352
1035
1113
1348
1107
1635
1313
1534
1255
1299
1147
1093
1656
1048
1224
1128
1321
852
887
1302
1078
1153
1198
1105
1044
1284
681
1126
1141
1721
1112
1750
1199
1203
1261
1349
1116
1245
748
1243
771
1160
1354
1497
1151
1297
1105
1047
1107
1260
1079
1334
986
1500
1519
1722
1493
1580
1453
1968
1329
1117
1443
1098
1302
1088
1061
1562
1523
969
1079
1309
1014
961
1049
898
1126
1477
1236
1599
2067
1621
1442
1281
1820
1364
1691
1916
1383
1939
1566
1007
1123
1148
949
961
776
1030
1706
2059
1449
1365
1382
1863
1020
976
917
1208
1219
847
1365
1312
1497
1249
829
1086
1031
1313
849
1391
957
962
907
699
1149
1122
901
865
1198
1055
1263
827
1385
1377
1310
1159
1783
1453
1303
1000
1264
1300
1069
1145
1053
1232
966
1212
1057
1605
666
1603
1513
1044
884
1098
1059
977
1076
1505
1178
1245
1039
851
1494
904
640
1533
1099
888
1063
1709
1509
1015
1283
1501
1192
930
1073
1077
1478
1820
2353
1828
1726
1599
1245
1691
1392
1954
1506
1384
1509
1354
1334
838
653
994
708
834
1330
840
1121
834
950
1266
1210
2063
1751
1182
1578
1384
1236
1038
948
1030
997
1418
1169
1282
1160
963
1237
1592
861
1361
979
1001
823
983
1068
791
936
1050
1209
1123
1057
1293
1340
1587
1593
968
677
884
584
947
1121
1084
1594
1430
1384
1479
1936
1744
1642
1204
1221
1513
1546
1042
1500
1220
972
1361
875
1291
1850
1299
1072
1205
1096
1294
1230
1127
1425
1454
1847
1399
977
1082
1309
988
894
1055
932
1085
1115
1278
1086
1265
1478
990
1269
780
666
890
952
992
1005
997
1138
1179
927
1294
1464
1019
1048
1078
1552
1354
1382
1970
1263
1698
1174
1547
1779
1518
1105
1082
1446
1227
1042
1128
1353
982
1545
1927
1641
1071
1116
1542
950
1136
1470
1112
1466
1795
1562
1165
1055
1590
1013
865
1101
1269
840
809
1056
817
1576
1630
941
1425
1676
673
1019
1201
1070
1268
1035
1239
856
1195
1293
1502
950
859
912
1645
1429
1465
1041
1004
963
1194
1176
660
687
1046
1023
1022
1049
1256
1776
1297
1993
1053
1288
1170
1094
1491
1095
832
871
1156
1360
841
995
1261
1453
1182
1342
1951
1227
1041
960
658
1171
1195
1595
1341
1685
1810
2026
1778
1921
1328
1499
1375
1512
1091
1552
1343
1456
1806
1272
1286
1076
1731
1468
1421
880
1351
1348
1270
1407
1260
1570
1553
1419
1661
1342
1411
822
774
915
997
829
1032
1062
778
857
1348
1888
1652
1725
1423
1675
933
1525
1293
817
1363
1500
1325
1186
959
877
1213
953
954
1251
1271
1296
997
1641
671
1438
1143
847
1129
930
1105
1196
1155
1173
1457
903
1348
1340
1175
946
1146
808
1199
686
1103
890
1190
1404
1380
1374
1461
1196
1125
976
1323
650
1235
1700
1482
1844
1427
1425
1186
1331
1275
1071
1118
938
880
999
1560
974
1343
1967
1926
1734
1348
1386
1203
1089
1319
846
1167
824
1759
795
1756
1694
1417
1471
1113
1569
1717
1318
955
937
1057
687
1382
697
949
1281
1718
1508
1311
1063
1316
910
918
1208
820
979
993
1245
958
1673
1357
1112
1096
683
1025
1072
1218
954
1514
1701
1906
1043
1295
1319
1028
1129
1198
1342
1181
839
1130
1164
718
1088
1255
896
945
1282
922
1385
1298
1080
1474
1176
1000
930
1052
1072
1328
1357
1072
1171
943
1115
926
900
1403
1539
1283
1311
1085
1586
1292
1050
948
910
747
986
1035
1686
1303
1461
1707
1498
1620
1271
1540
1148
1375
1073
1195
1027
1340
1042
1054
1217
948
1390
1205
745
713
1834
1123
1378
1327
2158
1629
1240
1140
1317
1386
760
893
1082
1282
1254
944
914
1438
1196
1786
2820
1830
913
975
1288
1268
1377
2220
1696
1430
1017
761
1292
814
1316
1330
1266
1451
1877
859
1020
1177
1278
1280
2157
1240
912
1250
1382
1388
1100
967
1107
1321
1253
1235
1697
1550
1691
1292
1421
1466
1473
1474
1558
1695
1366
922
926
947
1156
992
1019
1129
1509
1246
2410
1404
1235
1276
841
1236
1926
1443
968
1426
1682
1414
1061
1671
1316
1607
976
779
1153
879
1268
1318
1006
1361
1572
1859
1836
1259
1464
1513
1724
1320
1266
2038
1169
1535
1163
921
1422
1140
1561
843
1349
1019
1251
1111
968
894
739
1467
721
505
892
845
907
1266
1684
1163
1231
1021
1600
1941
1837
815
1205
990
1559
1298
937
1001
1158
759
1206
941
1188
1461
1316
1015
829
1137
1029
753
933
958
918
1189
1146
1201
960
1014
901
1262
1028
1075
1851
863
1308
1201
1138
632
1346
917
964
1105
951
1311
1085
1771
1222
1658
1519
1018
984
1113
881
861
1395
801
1036
1120
1080
1165
1138
865
769
895
1357
1078
1186
1064
1433
949
838
1086
1083
1245
1174
1154
773
545
1011
1248
1276
1530
1557
1501
2042
1570
1405
1082
1087
920
1036
912
848
860
1176
1334
876
1189
1117
660
1203
1480
1252
1060
1222
1656
1452
1336
887
1663
1217
1267
1103
959
1325
1494
1049
854
1016
1263
1042
1126
1305
1689
1803
1663
1734
2496
1970
1297
1166
2211
1554
1673
1210
1736
1199
1487
1406
777
1413
1305
911
1031
1441
1269
944
1102
1121
1099
1011
987
1206
1400
1145
1137
1112
1650
1205
1693
1233
1232
978
1650
951
1073
1241
924
1202
757
873
937
892
1193
1073
789
1325
1191
976
1065
806
1174
1138
1635
1211
1118
1212
506
1518
1083
1398
1414
1459
1339
1237
1608
1397
1136
1298
1003
740
905
685
1376
1100
640
1202
1441
1424
1585
1054
1397
1175
1069
813
1059
741
860
1057
1211
1272
1571
1703
1259
961
1364
1129
885
997
741
1161
1242
1049
1131
1069
1160
1213
1837
1502
1538
999
1870
1554
1651
1385
1204
1407
1087
1083
1213
1422
1170
913
1231
1136
1040
1700
1564
2198
1749
1067
1321
1265
948
1250
758
1067
809
1062
566
1335
976
1083
904
749
1626
1622
1606
1609
1020
1310
808
1054
887
1169
1003
1308
1382
1249
1108
1212
876
1032
948
1108
989
1151
1763
1620
1331
1240
996
1026
919
1361
1135
1485
1247
1441
894
1487
1015
1810
1084
1027
1018
1178
852
1119
1118
711
1477
1278
1635
2040
1776
1780
1069
1575
1989
1712
1086
1111
1678
1288
903
858
1158
967
888
1037
1810
849
995
1225
1202
1738
765
1005
1202
888
1276
1141
1216
1107
1716
642
1005
1455
1479
1250
1046
966
949
1125
1056
1075
951
860
1331
1096
1286
1609
1912
2090
1734
1871
1556
1322
1970
1611
1210
1482
2080
1550
823
1048
1822
1718
1251
1424
1400
1176
1702
1255
1152
1139
794
1033
1526
1298
1040
1519
1969
2029
1668
1542
1595
1704
1316
1186
843
876
1187
1132
853
1223
1093
1214
785
725
1000
1233
901
1563
1281
1260
671
1044
1653
1466
1943
1616
1222
1332
991
870
1040
904
913
1498
1057
615
1046
1109
1089
1425
1171
714
1821
1617
1414
781
1494
1383
1118
881
971
1185
1518
1192
1261
966
1067
712
1398
975
1268
1150
1309
1229
785
1107
1415
1050
1095
932
1083
1346
995
560
1510
867
1512
1334
1570
1049
1479
1663
1578
1509
1313
1340
583
1107
1009
948
902
1023
1228
940
1005
1151
1017
1298
1023
1085
846
1012
1501
1349
1261
1127
1381
1276
881
1427
1187
1642
1129
1265
1436
1044
1218
924
1229
1629
1347
402
1158
1326
750
1258
1570
1112
964
1145
1290
1119
1025
1319
1072
1041
913
1138
1362
1436
980
1099
1065
658
1072
1130
1196
1008
993
998
779
1195
1131
1135
1253
691
751
1103
1002
1343
1155
1138
1138
1104
1275
843
879
671
1254
1493
900
1139
772
1490
1314
915
1166
1355
956
1249
768
1452
1162
1111
1103
1045
914
1100
1295
1690
1332
1575
2067
1616
1430
1043
1160
1130
1101
1381
709
1195
1125
891
1299
1317
1054
1007
615
1590
1558
597
1179
1253
1278
1184
1431
2403
1877
1315
1884
955
1151
1610
1250
1662
1179
1471
988
1309
908
821
973
1100
1471
1331
856
777
1023
1415
1308
915
1214
1680
1286
1723
1011
974
940
854
689
1106
1059
997
905
748
1018
1031
1188
1208
1422
1051
1233
1109
1825
1475
1296
959
1067
1300
1608
1139
875
649
997
1225
927
1161
1150
981
1037
900
1075
1450
739
841
1208
1455
995
875
666
1113
1363
1351
1046
929
972
1039
1008
963
752
1023
1469
1363
1036
1162
1016
1028
974
1113
1664
1258
1511
1272
1142
1486
841
894
1038
997
946
1509
1422
1574
871
1037
941
1550
775
1105
1314
1146
1228
931
1791
828
911
1144
881
1513
1031
1102
1378
764
990
1051
944
1065
681
1651
1252
1293
624
1262
1130
1144
1360
1081
1385
1013
886
683
1278
761
831
1433
989
1084
1285
1213
977
669
1146
1236
1215
990
750
1331
1398
1753
777
970
1317
928
1051
854
1132
779
794
1237
770
1122
952
1333
1498
1572
1469
1373
1289
999
1095
960
543
1198
1065
976
1140
1116
1258
796
1630
1833
1432
1653
1388
917
1881
1219
1177
1306
1120
1054
923
1081
777
1422
1278
1119
998
764
1255
666
966
1189
854
1320
968
923
788
1012
980
1013
1296
1293
1756
1391
1176
816
1039
1186
1048
1080
1320
1104
1253
1637
1132
1453
847
966
1666
1272
1722
1646
1516
806
1439
1097
1598
1502
1087
1337
952
1346
586
1191
2146
1336
1297
1106
1348
1208
940
1199
951
1334
1017
1139
689
711
1524
1065
1062
1424
1390
868
1323
948
982
831
1222
1261
1411
1223
1131
1236
1387
1424
1229
1129
817
1609
1672
892
1111
1236
764
909
1081
1125
1105
1090
1159
1481
1488
954
1241
1332
1087
1024
1182
936
1323
1225
1160
1452
952
1709
1267
1131
1696
1271
1257
1495
879
1123
924
945
1885
883
1410
1400
1141
1128
835
817
1328
1088
1228
1509
1269
1143
1070
1125
1109
995
848
903
1599
1688
1516
1261
1012
1052
755
1399
958
1333
867
799
1250
2140
1814
1396
1112
1557
1363
1438
1097
955
1009
957
1516
1055
983
1233
1205
1266
881
1381
816
1188
1252
898
940
1064
1553
783
922
947
860
1170
1232
1004
1168
1183
1210
928
933
1118
835
1183
1282
1106
1244
925
1087
1144
952
935
1266
560
1027
977
1287
852
1244
927
1058
1119
1326
884
1358
1186
1171
1252
1190
1048
1487
1597
1209
1032
801
1428
1076
1476
1344
984
1495
977
1092
768
870
1102
1003
686
847
760
1622
1323
1469
1581
1445
1196
1738
2105
1363
1224
1417
868
1459
1134
898
909
961
1020
1559
1538
672
1293
963
1313
1012
1155
1036
684
821
987
787
1631
1583
1261
1330
877
933
1177
846
1089
1030
543
701
1114
991
936
1009
961
1274
1328
1345
1325
865
1245
750
1054
1172
1425
1129
1133
667
992
1332
1166
1418
900
1285
1501
1977
1123
982
817
876
1027
1289
1099
1105
841
1117
755
874
1188
824
499
1113
1150
819
1683
1420
1063
802
939
1382
965
1511
955
857
1404
1104
1116
1160
1059
1011
1268
1331
1112
1728
1239
990
1404
1263
1126
1233
905
1446
1064
1239
884
983
1024
1228
799
483
633
611
1081
1336
613
1412
1644
1288
1492
1094
1136
1015
973
878
612
887
774
1033
1262
1234
1429
1192
904
1143
914
1105
1227
1023
1008
1463
806
1090
834
755
1157
1015
1167
1198
1438
1179
1378
1243
720
707
1308
840
1241
1450
1057
1191
913
927
1000
1323
743
1289
861
1106
1334
845
850
850
1573
760
1239
935
1043
1160
1135
1027
1223
1108
974
1194
461
1407
1070
1254
956
1176
1180
505
1379
856
1150
1251
1071
906
805
746
984
1059
1199
1053
1418
898
1250
1245
1191
1290
1063
828
840
809
1093
1107
963
969
840
1774
828
1177
954
1512
2010
1042
1662
1266
1222
605
1010
1215
1403
1050
945
795
977
1172
1065
1048
958
972
627
927
1530
1135
1035
1640
1866
1906
1364
1440
1210
939
1059
1127
1234
1382
751
1264
1210
1284
781
1071
1071
1560
1267
1002
813
983
1334
864
1117
1484
1360
1046
1104
1401
1241
1354
1293
634
874
959
1005
773
1607
1176
1398
949
1090
1323
937
861
1244
1452
1480
1241
1222
1384
1711
1037
864
1075
763
696
1321
1311
947
1477
1900
923
1045
1219
1318
1427
828
1135
932
875
858
1189
892
1419
729
1423
1355
1519
1382
1190
1611
955
1421
868
883
1325
1077
613
1218
860
1057
1422
946
1088
1579
1472
1199
1181
1248
1347
681
1612
1058
742
1036
1016
1513
907
1139
1311
1260
1373
1358
1412
891
1265
1414
1225
702
864
1025
1166
1111
869
1251
842
1276
1255
1553
1419
1718
1512
1273
1402
1432
1613
1449
1348
1828
1261
1074
1379
866
1165
1036
1214
789
907
967
1281
1337
1708
892
1132
983
1340
903
1032
1442
1154
1340
1073
1136
1281
793
1294
740
1233
1079
1386
1600
2207
1773
1300
1384
886
1723
719
1304
1268
1597
1879
1408
1340
1720
1111
1251
1436
1228
983
786
1379
946
1145
924
861
1442
1600
1441
1320
1235
1216
653
816
1423
1016
918
1267
1078
990
1472
1045
1678
1131
658
1093
963
1756
874
528
1700
669
1085
1027
997
1221
934
600
818
672
1151
1122
1160
1017
1218
1162
1338
1425
1642
980
1334
903
901
1112
1077
1316
967
1334
1007
1332
867
1171
1421
806
953
1015
1271
1033
1443
1088
1305
1402
1500
1819
1412
964
1132
878
709
1185
926
1033
789
1194
937
780
941
1425
1105
1080
1028
1196
873
1500
1022
1024
1661
1712
2089
2003
1598
1591
2029
1631
1572
1524
1951
1776
1364
1112
1212
1290
1087
1487
1316
906
1313
878
848
836
1321
972
1514
1334
749
1479
1268
831
999
980
1330
916
1268
1205
1357
1021
727
1236
1438
435
981
1405
1001
1306
1033
1226
1222
776
1046
815
1630
1303
1600
1089
804
1092
1277
1351
1364
1120
1670
1900
950
1503
1128
1103
1139
1400
1060
909
838
1555
732
838
1408
1075
1094
1233
1264
1064
1313
807
1004
1199
1443
1229
1452
1146
724
1017
1111
1102
1111
711
1084
1469
738
1194
755
1234
1002
1330
1322
1112
1208
1300
637
1231
1233
744
1054
833
1212
700
1195
817
1781
1598
1115
1512
1409
1009
1014
1103
1108
1472
1154
1024
1351
1707
1628
647
1159
938
1382
952
781
1269
1627
956
863
1296
1172
887
593
1296
1510
1455
1233
1230
1670
971
1187
1277
807
1425
1209
1061
943
1198
935
813
891
1100
1276
1163
1036
1387
1116
764
1122
1186
1293
1306
959
876
893
1224
963
1023
1209
1441
1033
1173
1078
836
1417
1540
1084
1388
1308
961
1311
1346
1378
1311
762
919
1320
1421
1279
1345
1208
1732
1635
1389
1811
937
1257
1304
1205
987
1215
1707
1287
1664
1590
1296
918
860
1313
1143
1050
1232
596
1135
1123
1302
1184
1140
1244
1052
1092
1377
1288
913
1022
921
1635
644
1450
1122
1422
1168
1129
891
1101
1319
1219
1087
860
1461
1094
1123
1091
1756
1207
1248
993
1563
1582
2181
1182
1659
715
1236
871
1147
895
1031
1326
959
1504
1164
961
1344
1028
1352
1870
1535
1760
1477
1128
825
1352
550
1270
1014
1297
829
1184
1244
1659
1408
1079
729
788
1505
973
925
1317
925
1245
882
862
770
1674
1641
1242
1796
1355
1364
1433
1708
1925
1832
1310
1328
1295
1604
1229
1354
1330
1509
1178
1361
1107
971
963
928
1111
1279
945
1026
1152
1923
1471
1650
2219
1752
1264
1431
994
1100
1012
1325
722
1602
1676
2066
1571
2126
1523
1208
1072
749
1431
1849
2236
2968
2403
1896
1911
1332
1940
1400
1720
1887
1541
1029
1312
1808
1628
1389
1470
1559
1236
1561
2257
1761
778
1188
1217
1908
2070
1557
1978
935
1345
1975
929
1601
1256
1152
1199
1129
936
1201
1357
1097
1324
1948
1788
1942
1956
