208
354
78
425
282
163
319
89
272
132
328
336
302
229
251
298
271
289
455
325
287
308
301
230
308
401
336
284
313
275
291
298
348
324
250
333
269
439
363
217
217
342
96
369
262
256
367
369
241
345
301
451
257
453
430
292
410
288
431
226
459
375
203
417
290
419
316
441
213
266
402
311
448
179
395
427
238
337
208
361
212
460
372
201
395
205
379
360
228
353
212
382
211
370
310
289
443
222
419
333
403
406
199
425
290
425
209
388
445
206
408
257
422
270
550
399
224
372
215
418
286
452
457
221
312
242
305
260
396
368
336
424
267
378
139
467
437
238
417
248
358
218
395
419
206
324
199
434
203
462
350
306
428
232
358
228
454
339
264
384
279
154
275
357
357
339
323
192
328
213
488
374
246
416
225
339
277
444
461
199
421
247
373
201
460
353
291
387
254
334
200
441
207
199
371
282
319
196
449
447
200
414
243
426
254
384
376
245
426
198
423
205
415
423
244
431
232
345
245
420
387
208
350
337
423
185
362
361
200
436
261
338
259
459
367
206
414
210
366
228
463
405
199
365
200
420
242
452
381
234
360
279
424
322
358
410
206
328
327
316
321
388
383
206
350
207
420
420
308
439
207
319
207
509
452
197
453
223
358
256
430
386
219
371
234
161
194
318
375
273
338
272
330
301
301
332
180
334
199
342
207
462
378
195
427
203
354
202
374
352
187
381
227
365
203
493
284
250
445
256
322
187
325
419
210
346
256
434
217
408
420
196
379
192
411
207
404
390
214
340
208
364
185
398
354
191
317
341
407
197
421
392
195
307
194
393
210
416
371
185
403
203
399
131
379
326
199
376
213
307
286
120
330
192
296
196
366
201
421
391
236
366
193
380
194
388
398
195
341
222
414
244
378
325
195
332
197
354
202
457
383
215
401
295
387
199
380
373
184
227
195
423
213
455
365
200
383
176
361
203
409
461
200
356
203
425
205
372
425
196
381
204
438
250
395
376
191
422
192
415
457
439
416
203
337
202
400
196
514
420
192
320
197
385
369
192
417
187
325
200
356
379
188
344
310
321
331
351
328
139
384
400
381
201
318
409
210
947
250
273
216
474
444
201
433
194
422
190
397
390
213
383
188
360
198
352
415
206
328
220
428
244
358
381
266
406
179
336
206
395
314
227
295
212
456
231
423
404
202
442
206
427
199
405
394
202
446
212
358
212
394
424
188
240
208
317
302
392
410
210
374
206
310
221
376
363
212
378
187
404
197
447
459
197
325
203
432
312
379
400
336
394
192
420
323
497
402
204
404
311
353
317
340
409
202
421
134
285
202
450
375
216
367
247
345
220
480
421
204
421
202
420
196
413
388
486
409
199
342
299
478
400
288
368
196
377
194
402
425
204
332
262
352
220
436
432
205
333
188
362
248
339
394
223
392
191
154
290
333
367
205
310
228
427
234
390
368
216
354
220
388
208
370
438
186
333
199
369
343
202
335
202
454
222
377
362
232
165
269
328
203
393
378
191
382
202
429
312
477
442
209
333
199
452
132
414
420
261
358
285
353
132
361
379
255
352
235
371
315
384
377
230
373
202
359
207
437
430
215
401
221
429
302
389
443
202
424
198
417
203
349
347
275
343
209
387
218
432
349
350
348
283
417
159
381
320
275
328
135
331
212
396
438
183
314
208
333
318
383
398
203
359
192
320
295
604
357
194
423
214
216
286
363
360
312
343
204
365
207
423
358
209
362
219
352
213
371
378
196
333
325
427
246
441
491
215
325
211
360
214
458
197
164
305
245
305
277
387
429
316
335
305
426
332
384
399
198
430
300
436
197
361
411
217
320
211
378
221
380
346
232
363
284
338
184
438
381
205
365
187
357
224
385
375
200
353
235
378
391
251
382
209
367
212
393
454
194
372
195
385
201
492
385
328
426
229
458
242
457
389
265
342
202
335
181
429
368
190
344
252
412
188
377
399
277
397
183
373
277
312
344
229
392
164
146
175
402
282
229
341
191
390
334
374
399
251
361
250
478
222
415
421
235
337
228
329
241
394
347
177
366
174
295
238
346
292
229
359
236
333
239
336
442
235
417
246
414
170
358
446
237
354
165
322
175
332
286
164
424
241
388
176
363
314
168
349
451
430
238
364
421
166
310
232
336
231
349
480
233
316
172
334
273
352
339
180
384
219
403
179
383
396
250
344
270
416
178
353
457
240
374
229
407
225
322
351
242
927
171
345
172
367
307
233
302
229
361
176
526
292
233
356
231
397
165
469
359
169
180
230
333
170
305
414
173
348
175
461
343
235
386
164
359
176
462
422
229
374
236
324
188
363
370
173
347
239
360
167
387
286
172
320
170
288
167
277
311
234
350
231
380
166
458
468
164
347
234
344
228
349
407
184
374
225
393
162
409
398
176
453
376
389
250
410
418
166
428
238
323
227
347
431
262
335
250
294
117
418
425
116
377
120
385
126
329
278
239
357
232
336
359
277
450
230
356
227
391
193
364
419
255
335
238
410
179
413
351
179
372
177
330
173
276
291
141
304
231
350
238
373
267
172
150
172
276
242
404
278
172
366
237
351
239
370
295
238
372
284
357
186
368
464
141
389
169
330
172
343
345
182
359
268
370
336
410
433
119
344
240
354
242
413
348
169
377
183
292
171
394
347
179
392
230
381
178
379
389
180
375
235
343
179
312
331
365
338
230
365
439
349
298
172
339
229
340
306
230
395
238
288
177
379
270
236
309
169
340
229
375
344
173
360
234
400
250
269
400
169
338
252
327
220
328
298
180
384
216
368
239
381
404
234
319
176
349
239
384
467
180
310
251
347
243
358
324
175
204
181
305
175
314
369
126
307
220
342
177
380
399
272
365
176
350
232
364
274
181
334
225
396
173
409
387
168
284
222
379
411
404
433
173
362
178
340
169
349
369
170
443
166
390
165
345
493
174
353
200
329
120
308
340
184
317
171
325
168
292
442
263
325
208
318
177
337
294
190
361
182
417
193
376
362
183
358
165
346
172
468
353
164
302
167
367
173
362
288
219
337
168
224
166
408
443
173
392
163
333
173
455
407
164
340
164
312
150
361
358
163
404
171
345
169
421
342
170
416
188
420
179
354
334
246
418
177
341
177
402
283
179
308
183
328
476
170
329
178
294
240
342
340
169
359
171
349
178
386
307
171
340
184
325
388
523
452
193
348
182
308
178
326
374
181
402
171
384
185
355
272
179
350
173
383
173
425
473
173
345
177
350
174
472
402
264
431
171
350
173
378
360
169
312
176
442
172
393
353
170
417
174
329
182
344
359
173
342
182
373
183
339
338
122
341
176
149
174
371
391
170
364
175
361
177
349
344
177
384
183
938
177
363
326
169
376
164
348
165
379
383
167
340
160
364
171
364
358
163
417
170
324
171
357
414
170
407
171
353
122
338
281
118
400
118
367
165
319
325
167
350
172
357
172
400
443
169
314
380
388
167
368
315
223
343
179
341
182
365
340
165
325
222
364
171
387
503
227
345
227
375
223
359
455
236
306
247
323
245
338
344
255
372
230
296
340
171
318
236
299
247
393
370
163
363
226
377
238
398
368
168
340
234
362
164
368
489
228
369
168
210
171
383
483
165
414
167
318
235
364
319
233
393
169
297
162
343
280
247
356
237
329
229
333
345
119
361
238
353
164
354
277
228
356
172
422
183
423
399
172
325
171
335
176
534
318
174
334
170
319
174
478
483
168
349
173
345
231
410
435
239
363
367
336
231
399
461
246
308
165
327
169
396
352
164
358
173
342
163
302
466
121
383
166
332
129
325
433
119
383
171
414
216
274
423
169
356
246
375
173
379
354
170
403
175
383
166
372
286
245
355
244
397
164
404
422
169
372
225
344
225
421
402
253
170
239
334
121
347
347
173
360
223
370
168
318
359
232
357
223
312
172
322
345
258
373
224
294
231
411
447
163
317
235
347
292
454
357
163
330
224
414
428
233
363
178
340
166
379
470
165
326
233
376
232
479
333
235
336
231
339
211
398
421
242
362
326
422
171
308
328
162
310
224
350
241
396
413
223
339
230
312
225
455
436
164
411
167
354
167
360
486
164
332
173
337
261
331
394
174
336
260
363
169
356
360
162
408
230
451
221
371
345
118
413
332
442
175
393
485
184
338
218
324
170
368
368
178
195
176
337
163
426
434
173
328
180
360
170
357
339
172
339
209
476
173
381
428
208
316
215
417
186
484
396
191
376
180
351
342
519
309
293
277
161
321
168
366
421
175
356
169
371
172
370
246
168
339
166
333
171
426
255
167
418
171
344
181
485
346
337
472
170
426
169
484
479
168
324
165
334
172
365
280
174
379
173
433
172
340
311
166
343
176
405
356
384
353
172
329
262
190
247
367
323
165
281
223
295
506
168
360
215
354
249
378
355
197
401
174
392
229
420
460
169
343
174
341
246
375
454
164
194
188
312
237
364
404
171
351
247
368
218
376
375
238
302
173
328
208
996
469
239
397
238
343
240
419
455
166
340
170
328
388
375
268
231
371
243
422
164
379
465
169
425
170
360
168
339
271
248
389
164
361
164
462
316
164
348
166
354
165
375
366
351
348
166
352
166
376
351
119
360
222
346
168
398
403
233
353
164
415
256
405
403
163
325
262
341
169
336
425
164
379
165
163
170
352
448
163
337
185
340
162
328
419
229
366
189
396
167
485
481
169
442
170
319
162
455
443
120
305
226
368
164
334
325
123
384
167
370
167
394
391
168
354
165
402
228
352
325
244
350
229
373
412
172
311
168
334
164
382
331
257
282
256
332
341
340
455
247
442
163
420
224
433
338
174
383
165
388
172
390
450
183
263
233
403
227
358
284
162
423
229
347
173
374
274
439
377
238
346
259
387
405
246
311
251
354
175
352
412
234
329
192
317
216
320
410
232
474
163
372
166
355
370
237
378
176
149
238
387
415
228
347
168
343
253
354
405
169
363
163
396
245
330
354
130
392
123
369
122
364
332
162
347
131
337
114
373
288
117
341
119
357
128
444
357
114
363
167
403
166
338
301
168
382
168
326
170
369
370
163
412
165
418
173
363
393
232
359
222
368
234
341
354
218
364
171
322
235
366
448
222
354
176
347
240
374
409
169
293
168
341
265
401
403
167
453
251
399
170
334
389
218
371
247
350
245
385
338
176
367
171
317
166
376
390
231
401
219
352
233
320
479
240
320
240
390
438
170
320
168
227
241
389
334
251
356
172
423
247
411
419
234
367
165
345
216
387
441
301
204
230
294
208
430
318
208
264
185
292
210
398
156
221
306
222
315
219
347
370
222
352
247
333
301
524
455
304
262
190
356
200
475
360
195
405
198
295
192
406
267
194
291
334
337
230
349
367
289
1345
590
337
398
75
306
127
373
121
360
388
220
344
173
328
174
311
398
564
175
285
145
365
392
123
368
232
199
258
381
117
373
87
331
168
340
296
167
391
184
326
216
338
164
288
151
439
108
333
319
88
350
142
428
164
403
184
447
146
318
77
329
402
185
365
169
344
197
353
360
248
243
292
186
372
331
183
321
82
358
134
428
306
123
276
165
312
431
393
185
406
100
293
76
306
337
106
476
136
382
215
954
560
268
314
217
315
346
187
315
190
276
203
438
205
364
78
380
178
281
394
346
327
254
255
419
452
213
320
122
421
78
374
312
174
311
163
421
165
347
301
258
197
272
165
374
290
187
320
171
362
212
435
221
383
196
406
178
397
409
88
381
171
311
182
286
344
119
369
118
419
286
454
291
410
141
292
118
296
374
165
395
167
362
231
360
189
396
156
307
136
317
354
73
378
125
333
136
405
311
302
258
278
182
267
308
153
378
74
321
129
410
268
333
110
295
110
447
352
107
360
103
312
163
302
373
179
347
179
373
190
318
305
249
248
218
261
340
371
181
313
76
346
178
343
314
336
160
321
96
378
307
180
326
126
476
130
358
435
171
307
171
326
191
378
345
290
237
209
383
122
329
79
222
267
359
101
378
84
355
79
474
331
173
337
167
339
185
388
392
168
299
172
335
223
323
407
317
211
254
134
364
315
148
383
177
347
183
358
442
233
321
183
319
192
335
416
230
296
289
399
240
367
469
329
248
283
194
384
412
118
385
86
362
90
383
293
361
105
401
105
265
324
74
351
180
392
169
354
351
273
177
430
295
300
409
205
384
126
361
90
297
394
79
393
121
217
247
405
104
439
121
320
91
290
392
145
379
140
301
140
433
366
143
327
168
331
213
275
295
171
259
276
185
296
377
227
375
173
317
176
316
288
172
304
260
201
275
340
120
291
80
358
184
448
420
177
422
164
295
240
367
229
373
125
392
202
379
386
254
276
270
128
340
355
105
315
170
345
170
362
300
253
326
277
218
271
488
221
304
147
351
77
317
359
97
308
77
381
373
168
288
190
291
247
445
212
433
128
310
1165
331
291
118
278
75
226
336
163
278
260
483
74
346
310
183
337
238
165
291
352
165
224
356
72
312
369
204
295
291
372
174
433
152
164
467
125
238
388
378
237
172
301
188
251
297
117
246
285
324
178
373
186
181
314
142
173
416
295
381
165
323
82
324
136
212
417
212
209
140
265
254
163
320
375
124
344
161
248
170
173
372
137
345
82
246
120
221
397
277
247
327
169
346
179
368
328
197
309
73
333
127
201
359
85
388
191
199
271
173
317
316
69
265
121
321
138
312
308
127
263
135
192
141
163
374
169
606
385
137
331
162
275
286
222
374
165
353
170
264
352
170
300
184
392
172
338
337
180
472
74
416
128
205
297
105
319
207
164
315
190
342
410
136
337
80
332
158
166
422
423
169
351
181
311
176
370
215
195
202
168
491
313
172
321
166
285
120
367
426
76
361
73
300
105
230
437
413
170
283
81
277
216
184
332
72
277
187
280
78
227
280
72
311
72
182
193
173
268
318
118
394
126
357
76
391
399
174
300
75
379
220
138
410
442
159
300
167
327
160
405
339
75
401
82
237
149
163
381
244
392
348
113
299
113
425
164
387
398
174
415
135
368
161
218
356
246
175
136
167
500
168
400
426
223
296
297
167
369
119
343
445
85
489
129
268
111
232
339
157
246
144
171
401
164
341
335
162
379
165
291
175
390
417
170
446
73
394
131
292
334
134
299
81
210
129
163
438
273
235
415
161
325
166
333
281
168
278
236
384
160
335
353
71
380
188
266
171
172
314
334
162
341
118
331
78
307
364
169
344
165
337
427
351
125
298
191
332
210
293
277
305
170
366
186
247
458
167
217
261
169
327
162
219
310
163
314
164
344
352
73
399
131
165
322
172
320
370
72
376
157
237
81
282
407
72
397
132
262
104
170
321
225
180
184
163
349
207
384
236
180
322
208
453
76
366
508
179
224
94
196
175
168
364
176
366
154
215
232
211
347
417
212
374
166
349
119
338
352
161
332
88
288
93
193
408
109
344
170
277
194
172
301
364
322
357
215
243
89
329
335
165
408
79
332
154
252
291
175
212
130
235
74
173
307
71
230
237
172
446
175
367
391
164
260
212
158
195
331
204
190
374
175
385
83
230
339
291
168
413
173
332
134
338
373
133
335
181
370
78
240
302
176
282
169
168
74
211
371
183
245
186
218
337
313
351
318
206
300
71
322
343
215
305
276
289
87
327
232
112
326
127
292
298
359
208
207
146
118
327
161
175
395
312
203
141
371
216
415
415
199
364
206
336
221
378
300
191
315
207
328
207
408
310
213
287
231
261
275
375
371
251
361
194
310
207
348
337
202
382
230
380
208
371
424
186
361
191
323
190
338
376
194
291
213
273
203
360
272
357
318
237
318
198
419
347
230
350
201
286
226
376
302
227
276
198
306
191
332
339
172
233
208
327
265
377
321
281
337
636
486
161
327
379
256
282
138
322
320
342
344
189
349
221
303
253
389
324
225
341
209
361
277
478
346
223
372
202
305
289
389
125
248
364
342
226
220
378
439
195
319
192
306
210
391
323
219
287
207
361
204
401
368
184
345
276
374
205
403
399
279
293
300
329
225
435
328
190
276
188
337
258
386
282
227
401
248
340
203
350
345
290
292
186
315
311
403
319
198
353
198
334
240
378
367
219
338
216
436
347
266
319
262
335
267
362
199
397
396
242
428
294
362
330
237
355
185
369
205
387
329
196
378
204
162
286
386
291
240
376
197
367
198
408
392
205
349
249
403
301
393
333
209
345
237
281
240
375
349
190
313
278
287
190
361
206
269
290
223
410
195
403
375
203
381
285
408
198
392
351
221
375
278
361
214
447
328
188
303
268
318
195
392
332
187
337
367
296
205
426
377
309
378
190
283
307
421
297
301
291
248
398
247
374
314
279
349
292
389
294
380
396
193
278
220
326
280
449
402
288
360
234
300
191
498
359
179
326
237
365
299
390
337
314
376
283
381
206
320
327
229
334
230
340
240
394
345
231
248
229
245
219
367
438
285
244
284
320
311
324
363
187
290
270
332
317
408
403
267
283
199
344
303
487
353
198
310
236
359
180
366
374
214
310
250
353
267
433
333
237
265
243
391
347
196
362
195
289
282
432
348
217
279
208
297
198
368
324
206
247
295
316
235
265
268
211
331
325
290
395
464
353
317
378
219
304
220
429
419
178
383
290
349
227
318
342
189
411
203
324
182
423
417
184
320
233
320
174
327
364
186
356
168
334
174
340
414
169
321
278
357
253
339
339
168
315
167
387
226
388
398
178
119
202
307
199
354
367
182
308
168
301
239
341
381
224
285
172
370
260
353
109
293
345
264
288
240
296
352
263
349
214
270
283
386
391
193
288
206
427
240
384
339
211
364
173
341
230
366
386
120
308
202
304
170
336
426
170
344
167
356
239
470
403
331
377
277
317
271
382
324
184
274
230
314
237
296
327
228
349
186
322
163
355
305
230
346
227
365
171
341
358
168
366
222
212
258
386
388
189
294
249
311
173
415
445
320
362
286
325
477
188
457
192
296
189
311
329
316
308
191
461
313
464
366
188
182
186
442
832
524
596
233
252
190
310
189
448
450
315
432
397
296
321
447
354
232
291
227
331
234
372
358
173
314
175
339
431
368
321
177
349
128
324
129
399
416
122
320
134
305
173
441
313
263
306
172
288
163
283
358
166
319
171
297
168
432
331
379
344
217
388
166
340
314
173
288
179
246
167
297
362
175
372
167
286
176
394
304
171
370
248
273
187
400
313
177
268
284
217
173
303
322
179
277
193
377
238
390
339
178
269
221
338
167
331
330
163
317
226
258
217
355
411
173
315
245
375
250
250
169
233
316
171
247
167
270
356
336
317
165
342
164
371
381
185
432
231
345
286
361
376
147
310
190
407
171
381
284
227
511
485
361
361
164
378
168
355
180
389
336
163
366
229
311
223
325
299
224
293
173
265
179
373
373
163
282
241
365
165
322
311
328
238
182
231
162
354
356
163
224
178
226
166
327
379
263
314
164
274
167
360
323
161
203
173
252
165
338
368
162
215
205
150
176
411
279
176
200
175
220
174
386
281
239
234
164
275
192
520
353
171
278
192
249
191
358
385
198
372
187
239
192
374
188
262
351
252
426
321
337
216
187
202
185
327
194
541
397
192
376
190
285
335
358
401
319
206
187
308
188
516
412
186
407
331
382
313
376
429
274
268
314
381
187
395
444
316
181
321
303
196
439
328
184
337
186
298
313
439
475
184
212
269
319
183
488
189
262
327
189
301
184
419
327
186
316
309
188
320
314
369
313
281
309
261
183
353
330
187
369
180
229
320
461
379
264
118
358
311
188
343
397
316
284
179
324
353
297
166
318
303
187
448
508
183
325
190
354
313
327
353
233
186
187
190
172
330
199
201
183
168
188
165
264
324
187
197
218
166
197
402
294
163
229
262
208
174
292
276
175
394
106
214
234
268
415
309
242
347
308
311
500
388
312
182
310
302
188
582
357
306
322
278
302
314
454
505
319
339
316
273
183
560
360
182
322
313
291
306
445
157
241
199
186
135
183
459
418
186
227
186
387
436
370
148
355
348
269
389
291
397
322
278
464
296
403
249
406
441
288
233
239
269
295
382
328
286
390
295
403
298
533
445
276
382
290
396
291
351
439
282
280
293
398
411
377
469
278
389
233
392
515
491
438
273
513
279
385
661
802
1131
415
264
154
369
275
402
434
275
363
411
426
283
383
325
246
368
205
284
231
415
365
387
108
196
421
302
194
289
219
354
192
450
395
223
310
207
312
254
434
292
331
409
370
355
371
375
313
228
347
252
381
182
369
269
247
307
295
373
316
358
368
194
300
197
277
202
376
300
316
376
223
295
212
402
416
201
279
232
358
233
391
339
257
185
221
217
210
412
340
222
289
193
332
270
414
348
204
337
297
317
171
356
382
139
270
140
236
126
372
343
260
269
236
316
357
389
342
244
316
281
346
206
427
346
268
382
243
441
281
648
330
281
382
281
381
287
380
335
262
286
233
314
214
359
392
397
300
247
285
275
361
314
280
289
283
358
245
398
313
232
377
221
366
210
394
339
154
340
186
406
243
391
333
233
355
202
197
252
381
338
248
264
178
279
210
352
357
202
287
229
323
247
393
366
244
353
247
380
248
308
449
225
355
297
272
223
367
141
186
257
192
401
387
360
254
257
276
201
404
327
272
292
250
278
217
412
410
199
300
242
287
255
358
385
239
290
225
349
361
385
317
282
188
246
235
241
445
357
241
337
291
316
237
312
366
241
324
263
375
281
452
329
196
357
218
368
233
404
361
286
334
237
377
249
444
328
273
364
273
310
271
321
315
289
358
190
337
207
394
333
231
285
187
300
197
309
388
191
292
207
200
202
341
370
248
294
286
325
279
378
310
223
299
237
307
235
358
362
283
353
200
325
235
404
342
202
356
187
327
227
385
179
171
274
201
283
188
446
396
288
264
246
255
280
432
354
232
344
215
300
214
351
327
242
216
226
213
237
390
362
274
310
399
339
257
358
347
244
315
297
348
275
375
372
240
367
218
368
377
393
340
164
305
196
297
292
447
369
250
433
149
164
310
266
166
226
268
200
336
399
297
283
274
329
280
413
340
295
361
250
323
249
453
333
238
345
219
293
261
324
364
261
284
271
199
238
357
342
235
262
201
356
198
379
325
296
300
185
278
200
445
305
261
331
297
370
195
355
400
165
366
231
268
237
347
127
356
256
167
195
208
382
335
230
319
224
333
267
420
340
290
353
270
292
252
412
378
278
296
268
357
200
403
316
183
395
375
306
209
393
309
188
352
198
370
305
438
659
152
231
227
249
207
348
332
258
328
222
267
314
365
373
208
287
200
308
201
448
271
199
280
248
354
193
328
324
199
369
184
295
252
490
332
233
371
194
369
244
383
333
199
370
306
359
340
449
379
194
226
210
226
191
459
356
195
316
210
316
191
393
296
191
370
243
362
241
406
298
194
366
195
379
229
371
365
252
317
222
340
145
179
295
163
369
192
296
299
175
132
200
203
188
450
261
169
231
183
188
223
341
308
321
202
222
226
240
329
286
220
243
368
196
217
376
170
296
152
186
270
184
282
171
173
201
185
201
207
443
343
266
365
234
315
264
425
272
178
180
185
231
193
346
179
313
197
187
206
197
292
269
161
161
202
169
202
438
228
269
165
192
297
288
391
317
204
225
226
183
176
453
293
259
74
330
141
199
249
183
293
179
193
157
206
398
236
256
213
216
261
276
392
242
192
153
210
171
211
432
274
253
233
208
234
385
359
235
208
137
208
155
198
320
293
296
261
310
250
262
458
228
234
273
287
254
258
355
232
250
205
256
219
289
287
196
322
139
204
168
202
333
230
202
258
294
219
289
395
424
328
194
224
186
230
298
236
234
156
261
331
190
238
199
251
150
247
383
144
308
126
246
216
296
407
244
273
253
195
160
193
302
253
289
194
225
257
241
440
214
215
215
206
225
208
282
376
202
146
339
178
247
416
258
285
260
199
214
208
443
308
189
185
247
221
267
403
182
268
242
241
209
233
300
232
267
311
184
237
425
414
137
245
136
306
155
291
404
233
185
185
199
150
235
282
298
274
194
271
340
209
372
433
209
414
194
417
303
452
365
446
421
258
441
248
437
440
258
374
201
343
203
397
413
226
426
315
431
134
381
261
202
383
239
306
230
372
433
228
311
237
401
72
313
118
257
258
180
261
207
385
430
186
267
208
270
214
395
332
213
242
211
297
253
357
282
345
257
206
313
254
406
223
256
313
221
274
221
421
289
226
250
207
342
199
378
397
187
243
254
337
214
366
370
205
325
287
326
345
194
279
278
315
434
416
393
296
268
190
349
219
368
323
188
193
186
235
231
294
443
196
292
226
276
230
402
322
231
265
183
341
291
427
387
407
171
227
229
265
388
415
280
329
195
317
216
388
307
208
929
269
278
218
630
385
306
323
299
364
234
401
356
140
260
134
105
256
362
353
248
229
183
371
205
386
384
188
347
196
294
191
374
352
221
313
201
263
191
412
386
205
312
198
244
210
372
195
250
223
238
280
232
396
392
207
289
257
359
207
338
383
221
270
209
326
213
430
297
311
256
249
289
191
356
328
187
296
513
308
209
362
362
206
236
249
236
191
411
427
264
235
198
281
262
390
323
244
243
258
354
189
454
340
196
279
191
308
268
441
132
284
304
118
222
208
352
489
202
253
208
282
186
377
332
189
242
211
305
203
357
316
183
296
199
384
332
184
337
287
166
269
316
368
280
239
210
263
187
375
365
244
276
195
299
195
419
348
242
288
224
273
227
410
335
174
302
199
247
200
366
241
234
238
204
284
251
325
370
217
358
192
264
196
318
352
198
277
199
309
205
333
340
315
261
200
341
191
446
414
285
249
511
254
242
397
318
234
225
203
224
200
408
319
263
293
219
258
211
314
314
239
216
204
191
209
346
312
308
231
210
222
202
472
140
288
183
212
199
237
357
352
204
200
186
284
222
329
420
193
168
211
287
215
393
329
208
203
196
244
200
307
329
258
87
239
177
206
310
375
185
264
232
234
188
310
333
191
252
276
271
226
360
339
212
216
242
192
184
309
319
204
241
210
173
425
446
211
296
289
186
209
198
300
302
191
254
295
281
197
451
373
183
267
222
297
216
289
364
191
275
300
283
310
207
252
411
210
194
313
333
190
261
121
217
196
413
294
195
221
225
273
194
323
264
190
292
277
280
229
326
347
188
211
199
194
211
363
189
278
317
181
297
197
303
332
182
210
205
247
195
354
347
197
275
249
312
204
367
351
308
299
295
245
198
342
341
197
169
232
199
250
447
148
272
303
228
269
164
319
377
168
281
164
286
238
315
392
213
308
224
384
193
356
334
170
354
227
305
372
358
346
175
376
179
190
198
398
349
241
308
231
284
234
440
420
168
224
245
254
258
323
331
205
303
152
332
165
331
360
454
271
163
245
171
392
382
226
275
223
264
220
440
399
210
352
170
330
171
493
360
171
292
264
325
231
508
375
221
366
178
185
169
364
360
165
332
228
256
170
385
324
221
346
239
385
366
170
231
236
1000
208
354
357
244
245
224
327
229
395
388
302
245
162
298
170
365
395
224
319
164
330
228
396
431
166
266
206
274
164
365
371
242
256
255
341
250
462
317
168
281
169
346
417
365
356
233
280
259
139
425
313
117
375
204
201
168
212
264
220
207
270
192
202
271
327
247
230
199
288
132
192
398
339
317
162
237
140
214
322
325
213
272
186
257
196
427
349
242
152
248
150
196
472
256
293
201
191
249
199
381
208
190
210
223
165
285
280
237
230
210
184
175
224
307
369
199
211
191
317
285
352
234
197
155
206
203
175
361
266
183
156
192
162
230
251
142
324
136
262
178
198
347
237
200
295
205
263
178
448
217
191
200
187
189
232
404
250
246
208
181
273
200
286
216
189
242
342
115
355
462
175
213
175
181
141
182
401
220
184
169
188
176
181
540
234
189
161
228
325
262
181
206
182
185
181
422
183
316
148
208
232
179
347
270
193
286
206
138
183
336
235
180
190
212
286
183
298
242
190
179
203
197
217
326
147
199
158
201
75
380
353
154
260
171
185
154
172
308
183
176
247
177
231
193
298
329
193
179
208
181
194
287
336
185
198
431
142
189
385
83
301
134
169
244
251
392
204
166
155
195
125
204
404
167
329
222
391
135
174
360
241
275
147
202
162
188
441
234
206
290
422
97
283
323
246
194
235
220
293
216
385
152
229
192
140
230
209
324
272
231
177
170
159
209
286
247
183
207
199
201
190
390
126
445
186
307
144
181
427
144
288
190
258
86
315
359
239
169
256
302
279
208
374
187
222
199
216
253
193
445
260
194
277
372
144
187
465
194
189
147
213
141
194
284
172
197
187
219
168
200
441
228
183
225
219
445
281
200
139
220
172
236
397
166
359
163
338
116
200
392
1127
123
169
318
128
420
228
84
283
186
384
173
79
323
122
307
193
77
353
99
298
121
181
355
171
115
328
165
277
73
184
351
124
372
140
72
318
303
323
382
165
90
403
84
411
178
95
510
210
313
122
244
203
483
254
180
76
346
269
421
177
182
387
332
163
95
372
166
350
220
90
362
169
402
185
87
329
489
401
169
73
435
170
295
167
75
138
246
85
215
385
181
384
186
88
422
163
398
133
305
274
80
264
160
397
167
123
360
89
389
197
77
367
173
321
205
380
351
169
126
298
294
372
170
161
388
499
194
76
346
168
376
215
124
336
175
354
449
176
171
449
168
78
192
355
194
538
174
181
260
328
176
121
325
163
128
359
184
420
235
178
79
373
165
164
157
293
166
165
217
444
121
136
414
178
230
342
199
181
240
388
188
176
347
186
174
88
311
167
78
311
236
111
228
430
169
283
313
181
94
345
92
199
311
178
297
242
384
171
83
184
184
339
320
184
181
281
303
326
186
159
296
316
176
157
166
398
156
78
248
529
139
88
226
331
143
80
202
323
221
79
135
349
437
182
176
256
384
210
182
205
401
238
179
340
307
186
122
402
283
230
171
153
335
209
175
382
364
365
181
75
342
154
322
168
180
124
386
188
187
128
437
136
121
83
365
184
178
175
371
271
170
169
125
237
346
201
96
140
384
181
145
121
110
395
223
184
128
423
312
189
169
264
160
84
310
190
195
157
263
110
332
278
313
118
363
77
344
329
110
278
113
186
171
265
372
102
310
77
256
342
152
214
104
177
313
173
306
265
218
462
89
363
123
222
283
153
124
292
169
280
160
312
357
133
289
165
445
203
310
281
162
387
181
376
85
336
383
167
299
78
222
99
252
368
206
210
217
169
288
175
261
335
93
337
115
374
88
308
483
154
214
329
218
291
216
313
289
206
246
163
300
119
314
441
120
351
97
210
250
221
1119
643
281
353
210
284
210
371
412
70
399
71
299
148
267
390
270
267
149
237
152
240
305
225
319
159
224
113
183
426
137
296
74
233
122
237
360
214
440
206
261
167
317
342
164
263
163
290
209
359
305
233
176
226
367
211
317
329
240
225
219
299
224
306
215
199
210
261
86
345
313
71
287
74
386
74
377
413
78
433
208
294
226
300
355
81
350
211
305
226
290
276
170
368
72
394
72
228
318
181
340
213
323
217
316
139
296
76
199
287
151
288
211
224
76
283
369
132
292
74
219
119
251
299
142
229
132
223
149
293
346
206
283
206
334
211
362
318
205
287
127
372
177
366
327
218
359
208
338
226
374
328
232
170
207
274
219
356
356
108
284
229
348
138
188
325
350
209
304
205
367
120
213
339
355
178
303
69
344
363
234
321
285
144
379
117
216
353
127
364
423
221
373
86
212
178
216
387
435
176
374
94
198
175
215
273
341
224
312
109
324
147
209
315
266
210
281
225
325
98
247
312
413
350
88
241
202
223
321
271
231
327
217
368
216
384
360
180
375
164
259
215
239
355
334
72
305
95
263
399
171
292
288
75
356
163
374
220
168
397
317
125
315
162
308
188
334
287
159
87
175
195
289
314
103
407
72
200
247
159
305
344
71
334
77
474
134
293
288
194
242
373
164
370
178
291
274
138
281
147
169
315
393
86
332
161
174
269
170
281
331
190
170
395
171
317
166
324
283
174
378
121
361
342
116
315
391
263
102
310
232
169
311
124
171
306
298
210
163
250
72
209
381
97
345
335
288
178
358
140
171
377
131
247
320
329
66
222
274
179
332
241
172
349
332
369
71
354
180
163
392
85
167
334
415
176
213
421
160
395
186
169
319
373
271
163
299
74
208
304
162
283
405
436
141
227
341
222
289
345
163
336
427
378
170
295
90
240
351
175
336
291
297
161
341
188
198
302
133
257
360
365
86
214
410
161
359
354
161
371
428
352
158
369
1146
476
74
241
282
256
228
362
191
363
287
179
293
331
311
165
311
162
181
354
96
236
338
323
214
202
424
79
302
428
161
323
361
376
126
247
370
175
437
116
303
441
411
179
309
164
451
107
204
349
320
164
376
166
343
76
338
339
208
210
403
172
367
72
224
357
341
165
307
166
363
75
218
351
330
170
418
113
379
236
122
340
395
150
343
178
177
336
182
302
339
73
282
85
173
313
163
302
363
162
315
171
330
396
134
354
87
167
407
123
356
298
109
272
87
227
292
88
383
417
172
264
141
121
307
169
322
337
73
444
310
382
209
163
408
321
92
310
87
161
190
163
335
222
85
361
104
176
287
172
431
348
73
338
82
204
339
168
288
421
74
366
164
310
73
185
289
272
164
326
161
433
77
416
305
265
246
403
167
374
74
336
322
137
238
184
168
360
165
371
380
163
356
72
302
221
191
352
212
203
280
165
436
197
320
364
178
359
90
329
73
218
349
229
265
249
161
338
177
359
350
170
412
190
416
168
351
390
150
331
184
234
153
178
375
373
166
424
169
380
172
332
379
137
448
94
226
229
162
325
297
164
319
162
106
208
334
285
165
434
165
334
164
270
387
174
330
75
319
102
191
431
224
174
314
179
305
170
378
466
75
369
97
349
142
434
387
164
395
121
325
73
217
494
132
299
187
170
402
171
267
447
174
290
165
436
352
162
224
319
170
321
169
291
401
138
363
75
251
282
168
420
462
72
351
150
222
186
162
341
369
123
350
123
313
224
169
317
404
177
408
138
304
184
171
402
393
283
317
174
268
188
276
317
271
168
326
160
324
175
361
343
76
361
87
393
158
169
352
341
164
395
160
347
78
440
358
74
331
170
315
170
335
400
72
337
74
367
69
180
342
236
170
175
164
334
161
446
317
176
322
167
338
163
398
363
162
412
165
425
170
310
375
179
371
74
437
84
263
327
160
247
241
161
358
176
308
374
74
384
74
331
76
237
358
124
285
109
176
225
307
418
96
329
75
216
149
172
312
225
162
227
170
399
121
303
324
71
441
76
258
153
165
365
327
160
380
176
309
163
341
360
133
353
84
305
87
400
320
161
313
177
353
165
375
340
185
416
166
338
165
319
334
172
375
163
365
368
165
360
163
410
175
329
246
184
228
163
427
167
397
106
232
134
226
90
205
448
136
218
161
252
138
221
604
248
118
300
117
407
73
280
345
71
369
247
170
336
155
261
381
450
72
325
140
163
387
327
307
263
116
347
119
160
339
158
162
344
315
296
127
390
320
167
389
147
170
327
287
445
125
236
394
152
180
429
81
296
332
330
139
342
75
163
321
162
304
356
341
172
500
183
198
343
161
370
369
83
199
284
165
333
74
175
329
326
71
380
207
161
358
76
173
311
406
80
250
209
176
346
158
214
321
370
106
452
167
310
242
176
274
317
232
222
296
121
290
294
117
384
283
309
117
320
342
115
333
217
112
307
288
291
100
250
375
189
211
385
123
454
403
311
176
117
457
168
116
340
127
123
361
354
404
89
361
410
82
242
282
171
226
322
343
128
163
370
74
159
314
173
216
321
382
280
793
438
380
146
282
106
161
320
300
290
164
265
263
159
325
312
160
304
391
310
90
344
411
74
259
316
315
86
203
295
73
184
360
150
167
279
271
350
72
371
282
174
209
341
166
213
304
334
216
171
298
184
163
324
86
160
298
328
156
176
429
107
162
390
134
163
402
329
340
122
277
287
169
323
284
159
271
334
339
126
187
315
78
163
237
142
176
343
436
112
309
268
167
358
73
162
319
337
72
275
198
166
344
73
166
278
415
72
323
190
167
359
106
192
309
342
126
369
168
270
214
168
314
286
121
172
319
86
284
201
163
362
355
155
178
274
168
246
119
166
301
277
121
257
218
169
380
159
143
410
396
180
278
87
159
328
117
173
391
375
189
156
167
311
302
120
414
168
175
356
121
191
450
337
416
82
444
400
89
364
190
162
391
295
338
181
291
225
182
301
257
195
311
384
306
139
249
341
98
239
360
153
176
356
451
165
165
350
154
88
324
74
189
385
299
289
166
336
201
168
384
117
168
346
328
336
143
237
359
176
218
376
76
171
308
420
212
175
346
158
171
475
118
291
316
408
122
237
298
177
179
182
322
234
166
226
181
325
323
187
211
210
223
168
341
289
171
152
171
161
182
304
273
480
140
181
188
178
306
314
178
175
179
188
164
278
314
188
252
177
242
187
342
308
188
327
226
188
164
332
337
179
185
174
81
307
317
327
165
136
168
166
178
358
247
170
173
175
161
164
341
209
171
185
164
323
172
327
395
172
346
180
282
172
398
155
195
329
188
278
251
347
353
204
307
227
277
220
383
389
152
267
241
274
171
348
367
177
258
167
310
169
350
396
186
270
298
343
180
334
350
172
291
245
322
223
401
313
193
277
183
236
171
387
334
180
305
252
353
170
299
420
176
336
230
297
171
366
328
172
216
179
316
171
389
423
175
371
237
319
165
356
386
177
343
177
355
268
434
337
168
339
228
320
173
421
374
220
137
174
287
179
325
340
213
305
230
335
218
449
300
217
318
174
365
230
321
383
247
253
197
269
341
380
335
209
294
180
209
345
340
302
237
381
255
433
391
174
357
229
303
230
370
421
191
271
176
277
168
415
437
217
239
207
220
173
366
382
222
172
323
109
172
366
307
190
244
172
312
185
340
336
196
219
222
179
172
358
324
174
175
180
213
174
328
295
184
224
218
193
173
357
234
230
218
175
212
279
440
342
180
298
177
168
174
388
292
178
240
171
165
174
415
328
192
267
172
212
224
327
365
135
165
200
189
178
349
366
169
217
751
348
250
279
315
173
235
173
221
172
365
187
267
182
175
208
173
338
180
182
163
164
186
334
356
245
173
217
167
248
167
518
209
164
179
175
111
176
286
301
237
313
281
308
236
326
359
238
196
199
248
187
312
438
319
247
238
160
225
375
355
229
193
236
148
247
338
257
219
211
231
236
218
299
321
227
214
167
289
170
313
325
181
268
224
380
308
204
287
194
247
189
394
376
194
363
177
245
177
465
422
119
256
141
217
179
352
402
87
243
73
208
122
286
329
167
74
198
188
174
376
407
172
215
174
178
176
403
363
184
194
167
193
170
330
346
170
229
167
210
182
357
346
178
364
187
246
398
480
332
178
300
258
340
174
335
280
174
268
170
239
179
376
270
178
294
173
261
170
337
446
169
278
168
269
186
512
368
446
349
174
372
222
451
552
241
288
219
309
167
306
375
174
326
200
286
252
374
450
266
334
167
343
211
346
327
117
375
173
172
170
531
363
167
292
168
415
236
419
387
228
319
234
300
219
432
423
215
384
246
377
246
343
423
175
319
218
350
169
354
201
163
267
234
313
165
313
396
225
380
163
248
170
405
339
232
329
171
345
234
524
347
169
332
229
372
369
223
312
222
293
428
392
356
254
236
172
288
258
336
384
189
285
219
251
164
324
372
229
279
226
269
217
377
391
214
315
167
401
200
426
502
401
411
179
295
258
328
433
324
278
187
264
236
377
337
180
363
174
304
230
371
318
187
356
178
257
251
389
407
214
340
176
236
228
323
348
219
381
248
416
269
380
335
248
250
172
268
175
331
346
170
318
167
385
235
441
345
197
300
243
330
176
347
209
224
334
230
269
232
319
365
270
335
235
279
225
321
280
211
315
204
315
254
320
341
265
302
220
268
232
1430
87
314
74
319
231
240
316
341
234
315
189
316
185
381
396
187
282
172
210
191
345
393
211
193
127
214
121
378
355
126
263
119
309
130
475
300
121
300
181
261
198
322
284
188
308
179
268
176
333
445
177
322
176
269
198
352
345
204
325
180
315
360
195
285
175
148
195
276
214
202
133
214
130
203
307
85
216
190
191
147
220
395
287
268
182
253
288
221
393
344
215
218
212
232
231
443
175
335
73
200
172
249
287
150
230
123
224
163
754
503
447
267
173
229
132
219
288
141
177
156
256
212
170
354
221
343
214
369
170
167
284
228
172
139
223
217
226
425
209
222
137
222
196
232
379
210
217
162
225
173
226
277
185
232
227
214
143
235
367
103
214
248
184
252
222
508
332
239
234
183
197
165
335
370
178
334
177
231
170
325
405
167
251
219
314
174
472
341
166
118
209
247
247
365
385
174
240
223
226
230
326
353
173
363
220
264
257
346
416
298
252
175
335
221
331
394
135
284
198
163
449
326
462
265
337
175
473
465
171
242
131
220
329
319
216
350
371
121
286
229
435
378
209
346
193
232
184
368
335
204
204
315
221
163
437
459
223
324
177
221
220
345
362
175
209
176
324
178
405
364
192
180
176
273
218
300
275
217
302
173
275
199
471
71
202
202
252
247
186
285
326
178
177
131
247
116
290
286
128
250
178
187
178
340
297
240
308
180
370
230
389
427
248
131
182
198
181
357
251
233
215
230
158
245
376
339
180
163
192
163
192
328
322
76
216
194
179
191
321
383
220
153
175
185
328
337
405
194
252
219
219
238
333
274
210
307
174
143
229
383
252
223
215
175
235
173
329
228
170
254
233
221
173
367
274
472
253
256
315
244
313
373
216
279
169
199
222
351
380
170
233
170
207
177
417
372
260
260
165
166
175
326
388
171
267
231
118
247
355
368
168
234
202
188
167
353
368
218
310
177
394
343
174
245
183
248
222
467
392
224
298
230
186
177
303
250
173
122
204
224
201
420
406
167
184
155
239
173
385
366
170
84
177
221
165
309
264
177
159
226
189
166
404
239
176
169
168
246
450
364
106
246
194
253
236
168
330
187
167
232
221
185
178
359
187
175
163
168
230
212
290
266
165
192
188
166
184
413
179
1190
451
186
162
421
344
145
174
166
170
164
216
337
301
199
274
175
237
176
437
397
200
250
173
161
199
254
193
186
165
181
74
236
298
235
195
133
176
230
186
327
115
207
153
128
174
122
248
249
126
153
192
83
183
324
208
194
265
232
205
236
386
75
323
76
286
113
216
354
162
207
173
168
199
198
318
171
185
147
166
228
172
285
194
195
225
176
179
192
272
220
178
200
294
193
168
381
194
168
244
173
105
166
439
289
169
160
168
132
696
500
750
273
72
125
270
99
176
204
189
119
156
370
216
344
116
123
202
229
320
308
217
233
199
173
178
288
150
176
119
174
234
181
284
144
226
132
116
124
205
370
260
181
208
141
75
266
422
160
173
186
184
215
166
306
191
172
188
164
164
167
235
171
218
165
212
237
174
453
187
163
271
167
189
170
350
130
419
111
182
161
165
338
232
172
177
162
136
183
256
203
168
222
230
154
167
320
209
179
176
175
111
167
365
221
170
271
371
142
159
340
251
121
268
128
129
165
306
271
221
181
189
166
182
399
245
190
235
168
207
195
347
331
233
215
167
161
214
348
116
282
135
239
140
227
392
252
170
110
177
105
192
326
227
203
203
148
235
172
331
217
277
230
170
151
211
279
260
209
107
214
152
182
353
312
178
229
169
195
221
371
253
224
176
177
285
195
175
173
188
169
171
365
171
291
202
177
154
179
537
140
366
110
183
170
179
272
162
168
205
177
138
185
296
258
186
152
189
274
165
342
337
261
352
193
359
233
426
511
238
297
442
198
169
440
348
184
206
171
258
185
356
371
167
317
344
380
118
409
483
131
321
118
267
261
488
431
167
294
235
229
177
312
152
219
194
175
170
242
343
337
230
238
174
220
168
345
359
172
257
210
284
174
369
293
219
293
170
242
184
399
389
171
170
231
242
267
363
337
171
261
164
256
170
334
414
174
320
165
212
169
450
363
221
258
164
302
170
393
285
163
216
162
208
400
411
372
166
199
223
271
226
392
322
195
335
223
364
217
452
405
170
321
230
376
173
400
384
375
267
182
266
193
502
401
369
355
205
344
361
174
268
274
389
133
317
354
172
360
218
362
178
344
359
251
290
170
337
166
389
335
196
232
302
202
186
421
140
209
197
179
408
130
367
85
184
229
177
220
164
354
339
177
279
208
194
163
397
338
241
159
244
265
177
422
345
195
193
207
220
243
340
362
224
299
235
284
228
443
411
176
261
173
218
178
429
340
239
262
171
171
175
353
314
176
184
181
318
391
353
356
162
162
117
238
117
372
314
120
179
189
294
183
340
371
225
254
171
249
171
368
324
221
241
240
237
224
487
323
315
308
174
163
228
342
320
171
236
215
231
246
342
404
187
270
230
204
214
362
681
167
172
275
241
223
326
319
236
311
197
155
208
322
352
232
173
180
247
258
347
275
170
271
220
267
174
295
326
178
197
233
249
223
281
372
223
243
234
202
229
435
146
169
219
243
365
356
234
225
238
233
259
273
361
172
221
195
170
230
412
355
168
195
170
227
218
461
379
244
273
229
229
356
335
325
167
218
176
196
220
357
439
232
306
227
215
229
333
345
173
245
222
205
241
315
391
174
233
287
186
175
424
313
407
110
167
199
161
491
349
209
218
224
221
172
482
300
238
375
215
247
225
377
307
169
347
256
316
239
297
295
172
318
224
134
164
296
415
270
318
242
364
260
442
290
175
296
146
335
174
333
408
169
318
170
322
171
376
392
234
357
212
315
229
349
177
224
308
223
302
229
285
341
196
349
239
334
236
368
392
197
332
226
356
176
369
350
172
289
215
279
166
360
279
173
162
334
188
221
379
362
221
222
248
195
237
360
285
170
196
240
232
238
276
271
234
163
163
265
227
323
346
239
268
222
338
478
342
171
219
199
219
350
347
166
261
180
304
165
321
339
219
216
165
165
180
275
71
417
170
220
361
433
217
465
140
311
162
293
295
385
72
298
208
232
164
174
356
359
214
207
222
236
164
342
347
224
213
241
182
166
302
283
248
229
245
175
240
544
147
184
252
229
267
214
352
330
163
236
222
192
227
489
443
148
239
220
250
233
407
304
221
246
244
204
176
346
318
234
242
306
121
174
303
256
269
220
271
259
222
288
369
173
241
215
233
238
370
326
221
288
225
355
225
308
356
181
222
218
280
174
315
170
170
160
218
224
240
329
389
162
184
264
224
236
361
202
202
135
170
127
221
369
182
241
230
224
199
214
347
210
299
112
320
235
216
385
226
249
111
247
378
155
184
211
299
243
218
111
228
349
176
240
156
288
115
256
304
146
260
141
226
333
231
363
279
202
146
236
320
126
238
123
252
248
249
279
138
231
197
231
220
229
259
314
252
204
225
221
230
301
188
251
218
329
264
234
335
379
168
220
168
177
228
396
392
223
286
163
197
243
332
316
162
167
238
200
261
343
264
245
163
364
187
119
375
70
324
197
165
209
244
376
362
236
267
162
264
170
355
320
163
304
167
302
219
357
299
194
1056
166
246
172
357
320
165
210
250
239
172
373
366
131
246
256
314
167
423
333
163
250
171
204
167
329
385
174
218
165
252
169
375
317
165
255
165
292
324
360
408
237
294
166
360
269
339
342
240
315
223
306
170
370
391
165
271
239
272
165
289
395
227
291
169
307
231
370
268
317
85
167
222
169
335
276
176
203
119
213
163
361
197
173
265
169
134
173
304
221
170
210
167
197
182
407
378
228
345
166
377
417
235
356
168
326
224
357
377
165
336
162
288
161
290
359
163
352
169
338
241
386
387
163
322
161
312
239
325
317
228
76
174
210
241
297
271
236
211
165
179
234
337
384
163
271
165
244
230
370
309
250
223
226
125
174
322
305
222
245
255
161
313
410
407
241
157
172
194
229
315
230
229
169
227
218
235
356
360
247
199
326
238
123
490
376
124
325
171
287
163
408
347
383
328
175
233
163
285
171
163
142
167
168
164
345
147
233
155
169
178
170
304
227
172
178
165
202
187
449
148
178
228
170
116
218
334
386
182
246
157
143
166
360
213
174
209
166
271
163
310
365
192
308
182
149
226
357
334
186
322
195
229
221
368
92
194
150
191
249
232
285
333
199
261
245
168
271
283
362
187
263
224
256
172
285
173
222
261
164
262
177
353
365
174
214
329
274
239
368
317
172
340
176
361
366
231
429
173
379
166
286
305
168
380
226
306
167
392
436
180
372
259
316
213
410
287
486
300
222
379
179
361
351
167
295
235
333
220
347
260
189
309
331
322
221
377
381
224
348
248
315
227
345
354
226
242
258
86
256
317
218
183
216
170
181
222
384
321
181
190
220
215
252
399
293
232
228
192
216
217
408
361
223
227
240
254
253
353
138
210
375
174
328
186
269
147
222
178
172
234
175
396
122
432
399
228
335
186
378
293
193
263
182
247
225
424
425
255
249
344
293
196
421
420
175
177
177
161
201
299
317
169
290
285
266
242
402
331
191
278
172
287
179
363
438
201
274
178
200
245
406
153
223
142
196
188
187
308
309
216
176
265
144
211
234
234
181
223
228
198
223
382
137
258
118
224
159
172
412
170
207
108
189
302
276
227
290
228
259
231
468
387
169
233
266
232
243
303
267
177
223
217
308
240
335
313
171
268
268
993
226
373
226
214
235
174
213
229
369
326
223
208
211
257
165
315
340
229
187
231
158
232
322
273
163
198
233
179
171
323
277
175
217
442
245
170
462
376
169
225
126
195
130
350
359
124
248
120
307
120
404
310
122
256
180
265
164
404
303
166
310
163
307
162
326
254
163
216
167
337
182
290
365
211
285
176
309
198
364
280
173
335
164
302
169
305
415
204
280
165
372
218
358
354
223
131
382
380
170
269
347
170
303
228
309
169
360
331
134
347
139
347
134
355
308
124
283
124
313
142
318
354
121
410
131
343
366
332
377
113
255
236
343
134
352
312
143
356
278
329
162
309
439
164
316
246
355
220
304
336
238
437
209
301
222
330
415
345
171
316
346
81
349
166
363
240
234
346
370
153
312
151
303
248
306
317
231
316
227
334
172
332
326
254
321
164
385
256
332
387
170
322
236
312
174
320
408
227
363
246
444
342
309
442
168
323
181
345
166
354
377
220
306
216
411
169
346
422
219
77
297
271
221
414
371
222
207
184
168
234
325
338
224
258
233
261
186
406
402
169
245
163
268
228
354
343
227
280
166
177
328
356
326
282
241
279
232
243
331
256
241
213
245
235
217
340
304
218
227
221
234
234
382
380
171
241
226
221
177
391
352
318
315
231
217
174
318
380
178
304
228
223
257
378
353
263
266
218
289
220
336
336
228
291
166
213
350
355
379
181
215
222
166
229
407
291
231
154
234
271
167
321
381
169
163
245
146
282
314
341
233
195
221
237
232
418
440
256
323
252
302
174
294
134
240
179
249
399
345
167
226
221
176
223
385
335
184
373
285
193
125
277
195
174
249
125
229
149
396
378
167
238
241
226
441
360
407
214
251
241
208
229
308
268
227
218
225
175
179
314
1196
346
147
322
191
200
337
358
227
264
238
161
177
332
356
424
282
170
229
246
380
336
180
257
185
148
180
331
402
223
270
186
232
247
465
378
188
184
176
274
233
332
362
224
258
179
107
168
315
249
226
206
183
154
182
345
345
247
255
173
300
177
483
464
169
241
167
149
179
361
109
284
162
316
168
326
288
122
425
228
176
254
174
349
461
234
264
225
201
221
447
364
239
259
222
291
173
373
333
75
151
167
159
163
313
362
195
291
478
1083
204
363
397
230
248
225
160
171
357
263
169
309
418
206
167
406
277
173
258
167
223
174
357
279
225
357
239
408
423
419
297
228
185
169
327
339
226
311
247
252
170
411
244
174
241
169
312
168
360
399
223
226
128
290
221
359
329
176
316
161
125
183
341
325
230
232
164
242
172
364
354
174
147
187
224
165
401
347
154
262
238
366
172
371
390
164
260
173
284
169
349
117
296
213
164
315
229
317
296
228
263
227
235
227
393
338
228
319
222
278
228
326
366
123
194
128
227
78
335
270
131
234
368
285
274
302
378
222
227
237
221
175
328
387
169
216
164
159
163
296
257
175
191
164
205
172
421
426
169
347
236
262
169
458
407
172
265
165
205
171
437
363
239
205
230
195
165
353
365
182
203
182
175
169
353
158
165
190
236
143
166
316
98
244
81
241
128
164
418
152
272
198
170
187
171
457
419
166
304
244
152
169
288
276
171
249
164
366
423
171
304
224
300
223
304
142
268
170
171
191
123
359
283
120
172
119
267
117
387
307
232
264
168
144
173
313
309
175
256
171
151
232
286
362
269
264
368
282
172
401
276
169
210
171
180
231
356
314
242
192
167
222
249
392
324
220
211
234
190
168
267
287
234
223
181
191
241
377
223
241
236
228
214
231
245
292
225
219
232
220
166
290
311
225
207
166
239
238
371
350
189
207
172
293
235
414
394
145
92
225
198
277
339
339
260
224
232
247
234
372
330
173
255
166
303
170
331
187
201
208
226
244
222
309
233
175
189
228
199
366
357
338
206
215
233
243
175
371
426
174
246
223
218
285
426
375
169
346
262
296
247
386
426
224
247
215
333
236
296
296
329
265
257
234
165
402
362
228
354
185
233
170
376
374
169
304
164
245
285
329
1181
383
175
228
378
293
173
220
177
202
196
331
276
179
195
192
260
173
301
397
167
245
172
286
176
386
387
187
323
172
92
180
337
322
190
325
166
302
124
283
348
120
144
173
133
173
424
186
170
161
175
232
237
320
377
179
222
188
169
216
360
378
226
246
168
246
187
341
367
168
149
181
214
434
281
260
207
234
202
217
173
305
343
184
205
178
228
172
280
259
175
247
236
277
231
397
324
177
248
190
297
224
352
365
341
240
261
237
178
1098
432
131
223
251
277
170
306
389
137
226
174
246
227
348
302
170
257
233
304
180
400
335
171
372
242
106
233
359
288
189
328
245
321
122
339
442
117
313
234
298
171
359
378
172
286
220
345
221
430
428
228
337
243
346
238
327
231
226
354
165
366
230
397
343
226
365
228
168
388
384
206
389
161
364
526
404
170
339
254
325
239
354
328
169
331
173
294
390
379
426
172
392
175
287
185
366
320
172
352
235
332
231
361
312
121
331
164
357
269
363
317
136
404
114
405
128
349
301
472
367
181
361
200
411
356
224
349
174
324
170
403
381
221
356
239
343
166
360
421
120
333
169
314
227
261
363
186
344
220
183
170
446
333
254
344
251
347
233
411
335
166
386
174
324
234
379
355
170
301
163
316
225
354
347
165
335
234
313
172
342
253
189
319
248
349
172
339
311
167
289
176
352
170
438
405
285
292
167
298
226
287
290
234
322
169
335
181
269
288
192
303
371
299
172
346
343
225
254
171
285
232
310
308
171
346
193
263
257
389
387
266
281
227
275
228
396
320
155
332
228
323
165
419
386
211
243
219
282
229
350
367
169
248
166
281
193
356
403
213
265
210
463
311
169
251
255
238
167
318
292
169
309
217
222
229
360
377
184
237
167
269
166
436
398
196
296
188
264
214
363
308
187
353
171
339
224
357
325
172
307
172
385
175
426
247
165
409
174
316
170
299
419
167
319
163
301
234
375
408
175
299
73
347
126
392
425
126
363
161
285
164
346
355
177
308
322
349
250
339
366
172
348
230
316
125
388
335
347
307
122
287
250
295
346
175
349
167
311
174
448
443
168
320
173
328
172
371
347
171
393
224
339
231
388
354
193
347
186
366
179
383
414
170
327
167
336
174
343
324
202
299
366
329
174
318
408
177
149
198
393
195
337
299
197
360
172
366
201
338
323
199
283
177
299
199
359
260
226
338
182
335
227
328
368
178
296
189
301
314
460
343
170
395
176
304
204
389
295
199
325
239
355
174
379
370
172
288
175
447
327
123
314
121
335
172
364
402
172
398
409
345
189
373
264
181
398
211
292
178
374
372
183
318
185
331
205
349
337
182
342
223
355
234
319
375
207
283
168
319
198
344
355
179
346
177
326
173
397
358
716
688
139
334
233
381
397
228
295
187
324
222
361
397
191
327
245
357
175
386
414
187
114
189
290
191
385
437
220
345
174
388
203
413
429
197
321
154
293
184
357
361
198
340
192
282
193
348
325
216
325
172
322
340
354
335
195
267
228
255
247
341
330
174
253
174
304
208
348
387
197
303
171
241
199
409
361
212
267
175
264
224
368
281
346
319
184
361
237
354
367
191
300
183
372
175
343
388
191
311
174
310
170
370
371
188
349
176
378
189
357
336
169
359
138
111
122
446
413
127
352
122
348
228
323
409
165
329
175
320
348
169
396
168
315
171
363
415
197
312
170
287
226
426
325
174
239
171
347
173
297
456
184
403
222
355
193
408
368
121
294
178
373
179
439
419
185
408
234
313
227
361
335
192
376
229
328
445
333
319
175
375
225
363
191
309
290
240
332
180
304
285
351
346
224
319
179
364
177
346
406
194
418
180
394
191
345
376
370
373
255
373
168
382
306
178
257
176
265
191
377
343
199
376
177
272
188
439
321
200
381
199
233
200
401
330
214
275
169
87
172
408
357
173
238
194
252
194
358
356
173
347
171
269
209
295
389
194
235
179
294
128
353
411
121
253
127
214
118
364
228
193
224
229
383
222
350
407
195
309
177
329
231
365
330
176
362
215
312
185
345
451
180
318
171
329
234
330
408
179
299
410
327
193
332
387
198
343
271
307
251
313
306
288
326
255
468
383
184
329
246
332
182
325
466
191
335
181
328
218
354
344
335
419
248
317
272
382
455
230
354
181
315
184
349
290
182
385
183
316
227
330
347
171
312
171
398
215
333
269
230
299
232
199
233
310
316
117
361
116
325
120
421
382
174
324
172
348
277
370
316
207
290
169
301
186
365
384
188
336
226
1140
371
380
353
185
331
201
369
231
359
331
168
287
250
305
252
369
411
172
281
238
325
271
351
383
182
283
237
306
183
335
336
169
328
460
346
211
365
394
194
314
211
324
166
338
370
184
388
251
361
185
348
421
170
364
220
340
203
363
341
206
396
230
354
172
395
386
252
332
241
274
169
333
370
170
298
167
323
149
347
417
176
320
193
308
226
385
248
352
187
366
170
383
272
236
168
106
214
343
254
399
373
234
390
233
333
221
404
355
782
674
214
559
340
221
399
230
354
224
357
384
216
205
227
104
233
440
219
361
223
258
95
263
370
211
220
163
224
237
225
304
74
248
105
225
204
234
369
314
189
217
239
207
229
310
349
229
230
367
320
172
385
339
170
189
163
167
233
420
323
176
294
175
187
239
353
364
237
217
227
221
222
290
340
226
220
218
227
223
348
129
198
314
206
198
170
412
286
164
227
168
249
167
404
317
76
285
274
257
171
376
417
225
253
228
227
229
396
397
166
98
196
198
126
437
446
175
201
171
358
110
219
440
400
130
338
94
222
283
226
362
377
150
260
339
211
267
79
288
347
341
270
337
216
432
121
231
328
329
210
282
73
261
360
212
409
436
80
443
183
238
410
218
311
427
251
249
375
219
426
124
205
374
167
300
330
208
281
334
167
316
115
216
298
217
350
309
242
219
314
218
335
77
235
312
364
216
403
221
178
211
223
536
337
216
345
174
409
209
245
306
260
219
175
218
236
265
380
142
192
169
248
145
215
318
131
214
140
225
152
221
302
336
223
130
222
188
173
344
305
218
275
243
268
177
383
333
225
279
241
306
253
413
342
175
221
229
294
232
360
348
223
262
234
267
348
298
301
173
229
174
208
217
300
322
235
298
234
258
223
371
310
120
157
222
201
252
367
310
172
237
188
222
228
320
326
294
191
281
229
227
328
328
172
227
222
226
232
296
384
224
196
237
170
224
326
325
228
159
173
204
230
350
332
226
172
189
111
223
341
309
237
167
240
243
223
314
321
165
173
233
171
172
313
213
218
173
172
160
169
358
229
167
135
168
235
169
276
150
280
190
249
162
181
328
314
169
176
173
287
155
190
165
170
130
173
391
263
190
218
174
184
173
310
272
174
181
168
148
473
916
185
281
182
345
74
183
291
106
235
138
175
131
188
304
188
212
214
173
221
168
379
305
234
251
172
162
178
330
146
381
169
175
154
174
310
207
179
178
180
196
179
245
262
177
123
173
166
181
336
142
196
183
176
142
202
362
225
197
188
169
75
221
345
297
193
178
198
246
179
402
354
193
187
176
199
174
442
164
171
160
177
91
215
408
195
177
220
195
211
183
420
186
311
176
174
199
178
303
289
118
184
118
95
122
353
232
174
206
719
661
207
345
141
147
174
167
224
177
340
304
172
174
386
86
182
300
228
186
180
188
209
168
323
203
171
137
178
250
179
279
226
171
211
177
221
170
364
229
236
181
169
211
173
381
130
375
208
171
220
171
396
244
218
231
215
339
320
172
135
223
182
177
500
239
169
182
178
142
172
283
316
191
175
212
76
261
290
281
169
210
176
228
171
329
151
172
186
180
143
173
321
182
178
145
168
211
172
280
231
165
171
170
158
167
295
74
355
142
137
137
144
279
269
165
171
217
161
190
322
346
182
314
179
314
213
360
293
180
312
190
243
187
411
375
184
288
364
380
173
393
391
223
276
170
292
179
410
368
190
334
246
256
178
370
309
190
297
167
290
172
331
353
195
284
173
316
172
421
219
170
272
252
250
179
274
309
169
243
168
269
197
396
383
193
321
244
231
179
318
302
173
282
225
223
174
372
401
121
81
121
210
242
370
290
210
245
179
240
175
324
295
170
251
177
217
179
406
360
169
274
238
225
168
382
398
221
282
171
331
226
200
291
244
287
201
397
272
196
322
173
254
174
329
363
228
244
190
266
177
362
358
203
282
239
360
176
331
338
191
255
378
264
231
360
421
244
241
230
207
184
379
327
189
325
201
292
179
377
332
268
283
175
312
182
356
333
179
288
217
343
174
303
432
203
325
173
320
197
360
339
124
318
240
340
197
330
348
174
303
182
395
179
331
297
195
298
173
332
190
331
321
190
76
149
295
177
377
444
178
387
180
346
179
389
436
194
325
173
314
194
357
372
184
298
185
313
256
391
382
230
327
197
315
424
380
413
198
374
174
357
191
425
339
179
359
237
275
192
322
361
176
338
173
346
192
332
317
177
312
183
304
177
498
407
407
359
366
261
333
1068
312
112
356
159
175
300
305
386
182
359
173
349
175
370
358
121
358
119
317
119
309
476
121
415
172
490
376
192
355
169
327
258
378
340
176
291
173
371
204
359
445
233
409
175
358
183
317
412
176
328
174
356
168
407
291
173
165
174
332
199
426
446
188
371
175
396
200
338
378
183
398
172
307
181
387
287
205
399
178
312
171
330
391
171
331
170
318
494
328
378
172
337
176
327
171
433
318
183
329
169
325
170
357
320
172
371
180
311
730
572
687
121
294
121
304
118
314
370
285
412
172
342
167
359
337
166
343
171
338
173
325
376
174
372
175
341
243
390
406
170
318
166
335
270
386
319
166
400
167
119
172
330
388
171
327
185
377
250
393
379
186
321
174
333
181
344
256
170
326
173
334
241
375
324
171
298
178
395
168
394
255
177
367
178
339
170
418
360
169
360
168
363
167
358
408
231
355
245
355
229
431
363
172
307
234
302
224
354
348
173
364
415
445
305
222
363
170
334
169
505
390
178
312
170
356
230
417
401
206
326
236
332
196
367
401
190
297
239
334
244
358
445
349
363
238
342
227
393
405
192
310
255
400
251
456
473
216
412
226
337
236
342
419
169
337
244
385
223
321
416
236
324
200
146
169
314
424
222
333
167
368
222
402
276
164
366
228
272
237
330
429
164
396
228
416
239
376
376
168
317
264
386
228
402
210
224
392
172
353
171
350
422
217
337
226
388
167
325
363
234
345
234
360
244
424
447
169
355
206
331
176
408
317
255
324
342
309
245
363
367
173
343
240
378
234
385
330
228
390
218
361
229
400
417
242
374
229
365
214
383
398
226
365
247
342
186
309
325
242
376
175
322
250
375
321
215
313
259
317
229
412
309
170
366
227
363
227
381
354
241
353
172
377
349
241
380
236
187
238
401
378
164
383
171
317
261
425
287
166
306
225
387
170
360
465
71
349
115
335
116
445
333
119
349
124
359
243
305
254
174
377
188
326
168
448
308
227
305
252
292
288
313
366
164
361
243
303
233
344
314
172
332
209
262
230
302
383
165
274
468
355
229
354
315
223
340
167
286
174
359
346
167
293
258
342
234
383
445
239
336
238
291
167
309
308
170
377
227
329
235
331
373
171
315
238
340
238
353
388
231
82
284
340
248
424
283
189
374
240
387
200
371
399
169
421
259
303
265
371
384
170
190
227
339
248
347
299
168
343
283
338
169
355
330
180
352
257
389
174
359
379
170
353
167
365
172
394
386
241
332
200
355
389
326
287
238
371
242
312
172
322
370
176
308
228
351
238
339
381
172
355
236
421
402
176
324
244
299
249
394
393
244
372
264
373
235
419
277
241
381
239
357
170
284
361
227
347
173
331
167
428
407
171
330
229
344
185
422
760
269
307
183
346
181
342
329
236
346
185
374
235
419
413
251
303
170
318
185
360
340
218
396
251
333
244
367
321
116
332
119
338
243
422
417
183
176
231
342
230
365
277
230
320
185
319
224
338
355
237
266
216
272
180
348
340
230
255
249
330
252
370
255
248
285
205
269
322
337
330
189
234
182
320
187
362
430
179
238
215
276
178
333
389
214
264
239
234
176
352
323
229
302
249
266
272
319
313
383
282
231
267
239
359
410
268
299
250
281
290
391
359
246
232
234
280
130
372
353
125
185
123
189
165
319
339
226
274
229
122
168
391
266
118
294
122
296
167
325
362
166
341
233
338
235
436
321
165
315
168
316
385
222
361
235
366
238
388
411
167
161
232
334
164
358
331
237
311
176
347
255
372
347
115
389
230
450
236
398
407
230
242
167
223
222
362
405
240
299
235
191
368
398
327
168
155
179
207
163
276
335
169
221
166
187
168
319
248
167
303
164
321
170
317
331
168
259
166
208
173
352
324
344
242
166
205
170
318
340
168
278
174
288
176
306
279
118
215
119
259
118
361
340
170
239
172
218
165
399
365
189
197
169
118
169
246
344
171
191
167
211
164
338
367
182
212
172
201
167
336
316
169
175
165
242
165
350
289
171
238
169
236
174
311
132
131
194
169
247
177
314
285
166
271
168
277
172
340
172
166
359
164
259
235
163
381
74
341
253
172
279
304
167
171
116
271
156
163
302
374
175
194
179
299
175
325
290
167
266
171
236
171
307
375
175
220
167
375
343
170
206
127
302
122
352
382
378
339
164
320
165
372
361
188
321
175
309
177
352
414
206
248
170
271
167
355
324
173
286
166
285
172
305
317
168
225
175
112
170
342
265
178
151
170
144
176
491
363
126
150
113
134
336
334
169
126
178
118
249
127
303
309
168
128
175
106
168
296
79
414
172
180
147
184
314
178
195
195
174
167
172
367
288
172
142
174
133
175
385
246
172
120
179
155
171
391
261
168
197
260
100
192
326
149
122
160
173
119
174
300
299
188
186
167
203
167
416
347
180
211
169
105
182
365
209
167
157
169
139
178
316
71
401
118
178
94
176
272
151
179
186
174
116
173
335
253
171
204
175
170
170
351
134
199
153
187
163
170
286
907
292
167
137
103
173
290
195
169
132
170
267
175
325
322
174
181
168
377
156
165
169
174
161
170
263
249
169
175
172
141
198
331
189
208
211
174
206
176
440
362
175
250
172
249
166
329
281
173
251
120
226
119
313
283
120
205
167
173
172
311
307
169
141
344
97
183
331
196
168
226
173
195
169
326
269
137
215
130
178
173
375
204
134
139
128
89
124
363
316
169
260
177
225
177
482
379
170
235
174
260
188
386
358
179
267
173
196
174
335
320
179
267
174
267
168
301
412
170
244
173
207
177
279
328
178
87
196
235
173
318
360
186
263
171
219
181
334
310
148
203
147
227
138
312
340
170
244
173
277
175
408
315
124
247
121
233
310
337
385
120
191
120
220
123
380
234
119
285
172
222
174
394
292
173
257
169
334
168
311
373
174
242
178
230
174
325
320
358
270
174
319
173
303
374
170
251
180
343
360
177
226
147
212
176
351
306
170
210
173
180
171
262
128
302
72
174
104
177
394
74
371
71
192
137
177
300
151
197
184
187
184
182
476
72
300
140
172
139
181
341
88
239
91
183
95
181
340
96
304
73
193
198
174
347
349
169
242
118
256
125
316
352
122
232
168
268
169
385
264
168
246
172
193
176
358
371
169
275
180
226
343
403
395
169
245
166
250
172
404
418
167
272
171
266
173
336
343
177
235
175
238
172
332
375
170
312
172
289
169
301
448
329
178
186
201
178
462
226
173
76
148
147
180
294
149
276
203
175
121
169
337
80
362
193
172
206
176
330
363
187
213
177
147
220
388
352
177
264
178
253
175
370
318
183
184
173
276
171
413
435
121
296
127
305
137
359
318
120
328
121
295
119
310
172
177
333
183
289
169
363
423
177
303
177
299
170
311
391
175
320
174
414
297
186
263
178
259
179
395
343
173
305
183
277
261
352
278
175
281
179
222
201
334
422
189
264
182
298
213
367
322
193
291
181
354
170
345
326
178
249
189
193
149
293
283
253
99
176
220
179
408
226
197
205
171
220
181
375
319
183
308
169
286
210
289
316
208
247
167
233
178
342
353
171
213
120
185
124
353
321
170
222
170
234
170
343
285
176
266
176
287
167
354
386
170
239
192
222
179
374
392
75
228
130
262
128
422
106
176
921
165
195
187
356
351
199
203
191
239
195
394
287
178
242
186
293
180
334
323
185
232
185
230
193
426
466
192
311
301
307
219
314
335
184
213
188
273
179
386
371
212
244
210
271
192
427
366
208
274
207
233
175
333
377
201
248
178
260
197
380
264
174
239
205
240
196
349
287
131
240
126
303
120
366
385
176
295
198
359
353
181
270
194
256
210
428
385
211
252
196
132
208
278
163
201
139
187
126
184
488
187
187
113
183
119
230
387
176
278
242
183
166
185
288
269
191
250
128
192
131
323
189
128
265
132
302
168
258
296
171
314
182
351
171
328
333
177
390
176
266
159
303
308
173
241
180
276
200
332
326
220
314
352
279
178
257
386
177
313
176
275
177
403
410
168
303
177
278
184
311
350
185
305
124
249
128
367
329
124
245
203
302
188
389
128
172
320
184
264
177
534
432
174
247
168
204
170
463
316
184
266
177
277
176
310
306
190
139
387
217
346
423
211
291
161
217
290
178
458
382
178
340
171
326
174
380
291
166
371
173
359
177
426
307
170
349
168
307
174
348
317
177
315
184
353
490
331
341
178
320
176
311
152
387
341
167
327
158
434
404
173
329
177
369
175
392
447
172
326
182
310
178
359
306
184
303
301
327
183
312
431
177
343
184
301
179
305
351
174
337
180
279
173
323
327
181
268
179
361
175
377
405
168
319
185
316
184
380
286
173
291
198
321
177
313
343
177
345
181
321
179
393
369
183
311
190
333
177
380
406
178
296
177
329
178
360
348
185
129
187
379
179
362
298
191
312
188
332
184
328
311
181
321
196
321
207
331
320
191
340
177
278
194
363
310
181
307
206
152
335
347
125
226
73
223
72
201
383
128
292
218
194
124
199
364
174
198
147
175
106
193
321
115
186
159
310
160
269
315
72
309
162
405
118
187
267
91
194
97
188
143
186
387
71
195
72
181
164
186
288
71
453
157
175
115
194
356
172
170
140
178
78
366
472
178
178
250
179
290
327
178
122
183
141
189
339
128
178
143
196
85
176
306
73
247
123
176
176
177
292
132
118
147
398
156
198
361
116
191
168
176
219
179
311
364
175
250
171
219
164
424
170
186
245
118
163
184
352
217
178
144
172
181
260
289
388
204
265
165
1112
249
361
324
176
221
176
193
176
347
345
175
280
174
351
186
370
360
183
220
174
222
187
350
405
360
277
181
190
176
369
312
175
247
185
260
173
409
402
194
256
179
310
206
287
352
182
279
173
221
187
277
214
180
243
179
131
210
287
347
195
263
201
240
169
358
310
173
273
183
123
188
276
228
175
237
190
248
174
378
414
210
263
176
270
205
303
176
362
105
119
209
118
423
323
122
214
120
288
122
342
307
130
289
171
221
176
360
322
172
228
176
263
174
232
423
203
275
395
296
175
331
300
181
293
179
337
390
216
269
181
264
179
358
387
179
251
172
252
177
380
368
173
237
177
254
170
361
324
368
314
175
344
191
347
294
157
238
178
213
175
339
373
171
239
175
238
165
342
361
171
220
175
246
168
406
396
159
231
168
73
168
352
334
175
273
171
242
177
393
290
175
242
122
248
120
411
364
123
281
177
271
170
427
334
179
221
167
256
174
434
201
208
324
167
285
168
412
328
171
240
173
271
169
321
313
173
273
176
242
166
355
400
168
251
169
267
177
367
307
166
296
321
278
184
363
418
170
295
169
354
178
278
267
169
330
168
318
174
347
332
180
396
167
336
165
375
388
167
323
166
320
169
294
398
185
306
169
345
186
293
359
172
295
168
288
175
431
346
130
306
132
273
169
345
312
126
300
72
400
168
342
272
171
120
168
353
336
188
357
173
313
171
306
379
173
349
175
316
177
402
373
176
368
177
340
173
335
380
172
340
174
338
179
325
202
183
324
176
317
176
385
404
175
270
173
343
178
371
336
172
309
181
292
172
399
291
175
356
173
323
173
326
405
167
288
360
370
179
292
411
168
388
166
323
188
353
313
165
276
170
224
170
337
366
175
229
173
312
170
343
1085
290
166
344
130
173
391
170
224
241
185
200
172
310
368
177
194
187
269
179
352
369
179
241
173
151
170
297
140
194
102
171
135
187
344
97
200
167
257
173
222
458
81
197
208
174
233
178
326
343
181
276
178
236
174
343
254
173
138
178
128
183
433
139
179
215
172
95
308
352
155
312
128
171
268
172
284
335
167
273
167
249
169
316
295
171
229
172
271
394
169
293
171
224
169
320
300
171
197
314
292
170
418
373
176
319
166
335
173
814
443
157
226
185
212
120
336
360
117
189
179
201
168
329
284
171
271
175
315
186
321
311
175
320
176
199
174
330
327
178
302
191
229
174
338
315
183
265
181
284
177
375
323
179
346
175
329
176
303
354
182
154
216
337
185
310
352
202
328
173
286
175
321
287
177
308
186
300
183
334
416
212
328
177
312
185
483
362
176
417
183
291
323
370
303
188
365
181
344
172
381
392
176
396
174
292
179
394
327
175
340
171
321
174
373
398
195
291
130
308
120
322
407
340
297
121
397
361
333
194
420
77
380
157
469
344
341
178
312
184
394
186
396
372
180
347
178
326
180
363
345
196
314
186
89
184
397
367
184
383
180
342
179
367
279
179
382
180
299
182
340
336
173
312
209
372
218
336
344
187
284
171
279
175
396
231
184
282
179
359
331
184
272
185
308
176
546
270
176
282
181
365
172
372
392
237
306
177
265
193
369
351
172
273
177
283
355
316
371
207
277
172
306
170
362
448
175
274
167
302
156
358
297
165
305
175
317
172
322
371
171
338
170
231
173
283
316
276
260
169
242
170
388
336
196
273
197
267
186
310
409
171
299
187
294
218
275
394
178
325
171
350
170
330
359
170
254
173
101
169
340
363
176
212
202
235
231
341
341
169
315
197
266
165
349
359
195
224
168
247
166
349
326
167
252
198
281
175
363
213
213
260
165
276
170
441
301
174
199
174
281
193
385
381
168
225
308
270
113
319
348
123
215
176
226
175
365
384
177
239
460
220
210
347
281
173
242
216
184
184
372
410
167
224
165
176
174
350
261
245
212
200
151
184
318
238
206
261
173
263
224
438
138
184
154
183
313
314
189
253
167
254
177
397
413
185
230
173
185
177
325
349
225
269
251
233
179
471
468
183
1079
400
180
383
374
218
220
242
170
251
169
345
353
166
228
174
208
169
266
350
206
225
173
226
195
399
330
183
249
171
250
118
260
132
197
261
170
210
125
430
408
187
227
183
191
165
291
305
191
202
177
222
189
356
431
172
277
173
223
172
363
334
194
180
306
196
171
331
342
244
215
169
230
180
398
378
171
189
179
177
173
376
356
185
279
169
308
168
383
413
176
258
168
275
188
359
379
174
260
173
274
184
397
341
173
280
219
269
241
917
442
144
371
190
297
188
417
330
179
272
173
273
188
406
336
186
104
179
343
169
355
327
175
265
163
311
187
378
318
194
237
177
270
222
389
299
172
284
181
272
175
350
385
173
248
170
281
379
361
403
173
265
175
318
340
166
326
236
265
248
460
402
217
362
169
314
167
337
316
169
274
165
270
242
330
409
169
267
426
276
170
370
375
168
296
202
304
165
355
424
188
292
172
287
167
364
403
209
275
168
342
173
351
319
166
248
224
326
163
299
320
179
347
164
394
167
455
316
172
249
196
276
179
382
340
137
270
167
240
119
356
419
117
253
168
325
171
399
313
165
113
171
267
160
378
381
137
288
125
274
117
343
341
131
227
113
222
165
303
297
165
215
165
240
164
368
348
138
208
197
182
378
465
186
171
181
170
198
167
378
297
173
213
178
232
120
291
351
182
228
196
181
167
403
403
174
183
173
196
171
302
364
418
198
168
266
172
392
305
167
158
205
207
172
278
359
192
290
174
214
168
371
301
176
201
172
245
171
380
345
168
165
124
413
208
231
288
119
158
173
288
261
175
239
170
304
172
408
422
125
245
127
288
134
356
383
132
234
121
346
129
360
389
126
174
129
331
171
290
341
165
341
169
240
167
336
411
173
269
170
266
168
361
436
168
281
171
290
172
416
314
170
293
184
296
334
397
329
166
265
171
261
165
335
411
171
297
166
272
170
379
353
169
238
166
245
185
429
401
171
253
165
320
170
385
282
334
318
173
356
168
318
362
171
257
169
289
116
334
346
126
257
170
306
175
368
364
171
214
177
147
169
322
331
165
152
164
72
165
300
302
171
193
175
246
166
345
340
164
194
169
229
172
369
344
165
191
172
170
168
330
290
166
185
169
200
177
384
150
202
1057
413
73
296
344
235
217
261
177
204
203
388
383
219
213
198
349
187
331
324
194
279
221
310
337
175
260
224
316
331
397
337
216
289
192
284
168
375
431
186
317
256
283
264
340
326
202
306
191
286
153
368
355
184
280
252
325
217
386
279
363
307
192
304
199
376
305
242
297
235
292
196
377
437
168
289
188
285
189
399
342
200
256
195
252
195
337
327
174
286
243
210
175
396
350
228
267
187
282
240
371
317
176
272
232
269
191
387
374
725
579
156
284
285
360
398
182
288
187
371
196
352
166
248
307
301
340
188
355
313
223
253
171
267
195
302
427
432
195
341
165
313
306
201
377
163
226
259
173
315
403
200
275
373
258
184
356
371
184
271
219
381
184
398
294
229
289
231
267
229
421
374
227
250
236
279
178
345
340
170
291
197
302
232
371
132
242
140
186
147
224
271
319
183
207
254
181
195
415
422
224
277
175
234
238
394
301
248
186
236
280
273
208
221
192
127
229
279
238
157
189
212
263
231
344
349
173
257
188
279
167
355
351
215
212
167
194
177
342
185
246
208
193
178
166
475
131
219
252
224
331
175
325
311
173
278
167
305
167
355
382
181
269
222
322
188
372
374
216
276
225
271
245
343
292
284
132
327
213
235
267
258
134
277
163
293
163
327
399
172
310
179
300
167
411
354
167
247
220
306
183
369
321
166
272
246
213
257
348
126
213
205
166
103
229
274
326
186
196
168
126
208
454
345
175
135
221
264
217
369
306
224
201
189
222
232
300
383
180
74
266
151
167
408
342
187
177
236
225
267
333
288
247
244
210
304
180
387
425
185
287
190
329
213
343
333
170
296
172
308
357
427
385
235
226
215
156
208
301
147
169
127
247
115
240
338
341
136
237
131
302
177
134
189
133
164
181
340
311
177
259
368
189
151
519
249
133
192
124
185
145
362
321
128
197
132
155
230
331
184
205
195
225
208
189
398
349
172
225
191
108
169
365
170
261
194
229
146
236
389
340
181
164
231
201
197
313
244
177
159
226
219
241
374
273
229
215
219
218
203
359
331
244
76
208
127
127
310
289
228
219
228
234
227
431
215
171
198
217
190
195
290
209
191
178
172
162
185
316
77
353
77
235
78
401
224
210
157
171
1110
326
393
77
480
130
208
255
231
402
295
104
322
135
176
149
182
350
263
249
180
205
193
168
282
237
328
259
241
147
194
451
146
309
213
206
140
170
324
269
177
128
202
121
181
366
176
180
218
192
177
194
351
272
193
173
172
75
202
363
254
187
123
196
176
201
314
236
178
269
240
333
302
182
192
178
171
191
431
289
178
168
195
157
180
306
193
203
93
226
215
179
395
318
211
175
186
244
173
358
150
180
216
189
143
177
371
377
182
242
758
644
151
299
279
212
162
178
189
348
463
183
186
243
230
186
205
386
338
179
188
227
294
189
322
373
174
296
195
278
224
420
302
182
370
222
287
183
405
346
362
278
232
272
174
343
364
178
374
225
304
225
410
423
166
295
209
331
209
313
329
176
347
221
285
120
292
332
183
271
251
171
175
363
368
182
265
181
296
188
326
387
247
264
267
293
235
416
415
171
245
226
271
230
352
306
169
294
209
234
230
317
243
312
196
236
219
178
382
345
183
249
210
209
215
320
381
216
225
171
390
171
330
231
182
301
130
232
393
391
74
278
123
222
327
174
312
296
194
228
306
129
387
233
167
321
305
257
188
301
167
252
349
351
166
345
74
241
298
135
216
338
390
164
394
175
351
197
171
377
327
165
215
224
239
209
334
336
180
231
178
187
221
293
400
215
192
245
259
210
346
391
172
190
262
129
264
360
310
220
171
238
213
227
312
244
223
258
227
204
214
361
295
190
192
185
238
227
404
388
174
223
205
180
251
329
111
240
240
176
203
177
382
311
177
210
170
207
187
381
329
195
202
174
212
172
357
364
173
237
223
193
232
291
194
187
185
359
152
240
359
281
169
280
223
187
219
351
206
165
171
166
172
81
332
107
141
171
153
159
143
323
269
138
192
144
125
177
341
114
383
148
135
240
190
327
366
233
250
173
205
211
373
308
246
227
168
208
187
319
334
171
180
223
263
172
382
319
171
96
172
245
168
291
362
168
299
180
288
171
385
364
225
312
172
351
412
173
247
169
232
195
341
363
194
214
214
273
221
308
216
210
231
221
273
204
366
405
212
269
187
276
190
371
315
221
279
230
276
236
313
363
246
282
218
368
215
495
405
137
313
359
310
219
400
340
213
306
227
275
222
1356
71
322
188
209
267
217
361
427
207
285
223
317
222
324
356
229
393
223
393
242
464
336
196
259
237
374
217
298
360
228
252
207
275
233
391
358
219
314
215
281
225
298
324
198
315
221
141
320
328
217
221
389
72
200
400
438
210
296
178
242
213
217
361
367
200
258
247
227
442
177
184
173
165
169
163
180
282
266
190
204
175
235
348
493
380
177
259
223
203
161
296
377
119
219
123
210
175
317
309
227
190
202
228
242
351
395
201
249
743
638
203
390
155
356
160
141
330
308
147
230
209
244
191
262
318
171
203
176
162
176
384
244
164
201
175
178
169
395
329
169
168
175
178
175
320
162
229
209
196
208
212
350
397
171
210
219
207
167
328
287
209
280
246
187
271
346
324
162
176
171
260
167
338
234
246
142
224
184
168
466
356
168
169
167
201
179
322
403
177
175
172
178
170
338
278
119
193
116
262
139
315
318
117
177
172
159
361
320
230
169
219
170
277
171
403
314
203
216
173
204
172
262
241
171
176
168
168
168
352
303
135
206
129
177
123
258
304
411
204
169
253
166
315
255
170
264
170
280
173
339
368
174
154
174
330
176
309
305
169
188
170
230
173
335
331
170
255
169
94
276
305
312
169
182
169
180
169
291
273
167
192
170
270
170
318
315
173
248
169
173
167
312
363
164
253
165
159
121
279
139
257
187
167
184
182
469
315
173
219
174
312
291
168
239
172
190
168
392
331
176
216
168
274
170
382
351
172
328
167
260
374
362
327
181
263
171
272
205
327
316
172
281
171
299
180
382
290
184
203
190
230
165
307
415
178
174
168
170
191
317
337
348
177
169
271
179
341
283
173
168
194
162
170
338
349
169
232
180
202
176
314
320
168
193
191
157
182
335
347
180
211
199
105
218
378
387
170
332
169
289
170
376
281
128
220
187
237
189
514
374
172
210
192
225
178
295
336
170
204
194
209
186
368
240
215
197
171
250
192
330
406
167
224
181
198
173
331
288
213
227
174
231
179
334
430
164
234
205
259
173
378
337
174
177
461
288
194
461
344
204
197
182
205
178
313
326
178
248
195
195
175
376
360
169
167
186
261
199
296
359
173
237
175
202
183
486
147
221
215
177
185
183
388
323
190
245
190
301
333
192
139
458
193
207
460
349
124
203
171
246
182
366
268
212
189
169
79
243
317
280
179
183
176
223
190
353
377
180
204
177
230
171
341
370
197
271
183
169
179
363
364
182
236
174
263
191
372
244
245
238
179
195
207
386
264
180
200
186
153
189
370
282
188
206
192
201
224
419
188
412
178
174
129
183
390
217
177
241
339
73
175
329
117
187
109
171
87
204
322
200
208
155
179
237
196
373
318
192
297
180
256
192
403
405
182
373
195
283
753
391
870
277
266
123
211
177
310
318
170
232
185
156
185
344
362
183
215
165
202
171
312
325
176
199
170
146
168
404
314
180
98
217
128
166
311
278
170
226
166
160
175
370
303
178
226
177
173
171
483
318
168
235
173
163
171
341
277
165
131
184
334
354
328
373
170
287
166
353
166
313
304
167
251
168
287
326
172
147
174
157
168
434
145
166
150
178
128
168
425
253
168
202
297
190
175
371
237
178
159
167
122
179
388
184
118
210
167
179
165
276
157
172
139
137
139
128
329
186
128
87
132
126
129
398
122
376
170
128
211
135
378
231
132
135
123
122
140
436
142
136
125
175
151
166
380
162
200
129
162
166
176
297
146
183
77
212
106
172
378
242
159
140
173
116
176
456
128
157
153
204
146
177
469
162
203
92
176
155
177
291
230
171
165
161
111
298
307
75
364
81
247
100
173
306
130
174
144
172
125
198
347
231
180
227
173
129
172
287
198
224
207
120
104
174
376
164
311
78
247
102
172
336
241
194
197
177
193
173
334
117
198
183
172
136
173
346
354
168
232
171
268
169
299
191
167
95
175
289
206
320
93
174
140
177
300
145
166
140
173
206
175
505
155
167
133
181
157
169
334
120
203
124
167
198
177
336
137
248
121
208
104
176
362
186
174
138
177
85
170
275
261
167
264
166
136
155
375
198
170
158
168
117
168
287
148
224
165
178
125
363
349
153
289
79
246
145
177
324
74
380
207
180
135
173
394
172
252
115
195
104
195
327
210
252
177
184
192
168
356
74
265
179
304
164
467
169
436
298
166
341
170
294
85
374
187
177
304
338
132
222
381
165
347
176
182
355
304
190
169
157
176
75
187
330
352
171
169
173
226
170
398
401
179
192
167
235
179
449
354
190
124
471
256
189
320
456
201
256
175
289
155
317
168
285
204
195
234
183
309
391
200
226
205
260
194
347
370
120
271
120
303
161
327
348
184
273
175
348
396
195
236
174
206
402
286
364
176
280
178
264
176
344
366
183
262
178
232
189
386
380
180
196
182
272
174
343
406
170
191
180
218
178
316
305
372
251
185
243
188
400
340
172
207
197
228
176
358
281
193
221
175
220
226
301
263
197
175
148
202
125
348
313
162
228
152
105
232
340
1072
250
129
188
161
171
330
288
231
236
234
238
254
298
417
182
194
187
159
194
308
316
145
171
145
177
116
275
180
263
192
118
202
217
358
320
178
188
253
191
199
285
322
173
266
279
182
173
266
397
235
164
184
144
237
342
284
212
188
310
122
199
358
253
178
207
186
196
177
313
342
179
240
193
276
175
332
316
217
186
165
155
190
278
267
171
199
196
166
243
374
109
236
222
280
208
179
379
352
222
219
183
196
184
386
377
223
302
162
202
174
289
266
174
216
231
161
331
327
282
167
90
288
436
328
118
200
266
161
230
340
387
180
198
235
284
228
309
352
183
252
187
267
169
321
337
172
282
220
287
185
372
243
178
331
241
314
186
313
320
185
287
246
233
189
372
377
248
238
184
114
265
259
200
254
106
185
144
189
287
224
196
190
403
204
234
407
144
200
197
232
133
210
319
112
242
114
235
153
185
404
309
169
206
224
255
196
373
189
178
171
206
166
179
357
74
273
94
228
127
185
338
283
172
149
169
103
169
309
101
199
168
221
118
198
284
336
171
150
169
124
210
345
128
195
76
215
191
231
386
307
220
218
189
186
166
296
303
233
159
170
211
224
486
206
173
164
222
150
183
287
131
270
202
174
197
392
331
131
254
188
244
225
196
391
202
172
248
208
378
304
171
146
167
193
231
169
177
273
299
221
103
185
325
94
263
162
383
123
183
283
294
245
163
235
226
173
291
200
166
177
183
163
227
278
302
120
127
184
149
171
295
204
150
146
172
149
158
326
217
151
130
166
108
122
278
291
200
249
240
165
177
360
194
183
241
185
192
225
327
232
228
147
225
246
205
351
81
181
77
193
177
219
352
278
174
145
167
220
170
331
219
199
136
243
152
167
314
218
180
197
270
411
125
390
117
214
166
198
184
319
361
293
215
189
221
182
199
311
351
167
235
178
255
175
311
360
233
203
166
211
176
299
232
176
151
246
275
168
314
318
402
149
227
108
194
289
310
160
271
173
168
169
294
310
177
189
190
176
207
301
231
261
233
183
180
170
300
337
235
221
178
141
244
337
366
173
215
169
171
193
346
308
171
257
218
427
329
173
163
198
141
191
310
287
172
181
168
172
172
315
257
164
106
177
226
202
293
240
166
849
120
135
185
471
381
174
248
181
203
206
406
255
175
208
177
195
195
313
365
166
262
179
