1526
1447
1501
1455
2663
2026
1579
2604
2240
2235
3189
2646
1690
2705
1751
1761
2783
2633
3305
2349
2911
2832
1864
2119
1767
1607
1889
1894
941
2286
2142
1997
2578
2566
2094
1939
2495
1270
1286
2438
1673
1314
2259
2516
1811
2060
3933
2952
2713
2114
2118
2144
1595
1927
1355
2225
2269
2273
2753
1756
2140
2638
2186
2861
1860
1862
2272
1843
2455
1722
2234
4136
3137
2117
1974
2292
4067
3071
3644
2649
2862
2237
1638
1627
1974
1370
2280
2414
1777
1568
1568
2321
1321
2076
2612
2648
1651
2349
2369
2264
2430
2887
2304
2247
2274
3568
2571
2423
1420
2270
2206
2136
2320
2510
2817
2772
3077
2077
1532
2082
2489
2493
2642
2041
2289
2005
1392
1176
567
884
1216
1548
1698
2186
3583
2578
1983
1776
1227
1427
1152
751
2409
1850
1861
1957
1999
2702
1702
2100
1101
2110
2158
2536
2611
2040
1746
2328
3128
2136
1579
3291
2550
2613
1613
1900
1876
1674
1812
2414
2520
1519
2276
2413
2184
1659
2150
1849
1803
2139
1645
2046
1454
2065
1963
2225
2239
2150
2240
1235
2394
3127
2337
1614
2707
2627
1622
2302
2806
2227
1630
2089
2178
1588
1626
2980
1983
3260
2257
2307
2067
1675
3128
2126
1126
2360
1841
2251
2383
2991
1992
2534
2135
2621
1880
1945
2665
1660
1900
2515
2069
2647
2012
2085
2240
1654
2148
1531
1862
2509
3412
2413
3213
2218
2184
2167
1589
1118
1680
1820
2223
2195
1626
1465
1094
1411
2780
1783
1609
1725
1874
2099
3570
2558
1573
1826
1764
2123
2045
2198
2999
2960
1964
2347
1346
1757
1702
1623
1474
1627
1721
1848
2275
1703
4146
2884
2152
1579
2514
2418
1416
2416
1882
1742
2994
1999
2387
2262
2301
2029
1029
1948
2162
2339
2473
1917
2752
1754
1961
3449
2450
2399
1895
1317
1150
1676
2785
2069
1953
1922
3020
2019
2103
1973
1519
1916
2089
1722
1887
1273
1149
1744
1709
1745
2663
1660
2148
2256
2461
1833
1644
2786
1789
2059
2034
2234
2503
2253
3046
2049
3124
2123
1597
3491
2494
1957
2086
1880
2191
2076
2715
1712
2073
2351
1829
1647
2071
2269
1264
2553
1555
1608
1220
2409
2387
2388
3533
2531
2206
1459
1750
2382
2003
2338
2610
2625
2017
2071
2025
2034
2236
2410
2276
1726
1844
2228
1828
1810
2142
2318
2546
2095
2034
1607
2409
1966
2092
1962
2011
2143
2629
2623
2132
2404
1826
1988
1441
2542
1543
1989
2683
1684
1657
2074
2906
2362
1363
2473
2002
2454
3263
2263
1699
2287
1834
2563
1950
1872
1291
1647
2130
1653
1092
1746
2379
3801
2801
1801
1982
1314
1975
3247
3086
2090
3230
2240
2220
2395
2632
2954
1954
2085
2088
2566
1566
2302
1303
1967
1947
1986
1792
1226
851
995
973
1112
1337
1314
1867
2217
2037
2490
2553
1552
2065
2890
1886
1394
2607
2971
2942
1943
2495
2393
2934
1936
1301
1788
1749
2185
2784
3126
1872
2286
4238
3243
2243
2214
2630
2023
1420
1259
670
1062
1226
894
2111
1781
2865
2257
1256
2797
1801
1655
1804
1351
1319
1126
1410
1525
2060
2037
2316
1064
1231
644
527
1726
2328
2431
2219
3135
2519
1519
1673
2015
1600
1606
2239
1745
1372
3025
2029
1566
2588
1593
1988
2326
2098
2000
1757
1520
1748
2132
1570
816
976
2069
2346
2239
2211
2164
2244
2487
1990
2724
1726
2020
1017
2098
2105
3021
2997
1996
2036
1785
1223
2189
1614
1997
2024
1941
2794
2298
2789
2959
2214
2034
3125
3027
2032
1782
1864
2453
2448
3331
2332
2839
1842
2816
2383
3662
2665
2607
2583
1917
2681
2025
1752
2073
2053
2191
1931
2766
1941
2283
1956
1208
2337
1654
1759
1544
1456
1705
1592
1687
2577
2455
1455
1739
1745
1690
2056
1525
2127
1495
1733
1708
1921
926
1485
1665
1615
2206
2583
2130
2143
2206
2372
1374
1161
1148
1493
1296
2348
1775
1097
2414
1842
1762
2400
1986
2404
2431
2251
2114
1543
1300
1748
749
1015
1526
1586
1935
1417
1906
2877
1878
2791
2475
3859
2867
1870
1976
1877
2043
2272
2301
2263
3090
2083
2050
1886
1696
1722
1588
1541
2111
1968
3205
2207
1607
3144
2993
1994
3012
2016
2267
1700
2088
1345
1674
2016
2791
1788
2544
1982
2672
2347
2495
2747
1748
2433
1429
1282
1484
1503
2324
2066
1606
1968
1003
899
826
1199
2017
2003
2012
1017
974
1191
1102
1467
1186
1700
698
1384
1402
1877
1736
1067
1804
1521
779
1189
1231
1346
1848
851
1370
1352
1609
1381
1610
2027
1029
1515
1749
1388
1142
2167
2119
2506
1507
1100
1439
1434
1282
668
615
1018
1177
826
784
852
2494
2095
2956
2386
1392
1822
1153
984
1596
2542
2616
3357
2354
2505
1503
1748
1756
3279
2531
1535
2510
2844
2400
2555
2547
1912
1929
1276
1941
1790
1665
1314
1477
1593
1245
1162
825
958
1064
1008
1473
908
1136
1533
1171
972
753
1017
901
965
2342
1794
2293
2042
2363
1816
1982
1373
1835
1259
2038
2146
2731
2434
1883
1735
3346
3246
2245
1614
1960
1407
1946
2555
3209
2213
1731
2184
3103
4030
3284
2759
2899
1899
2245
2428
3217
2210
4181
3188
2188
2100
2140
2157
1699
2218
2657
1651
3065
3133
2136
2441
2490
1977
3322
2754
2200
2736
3035
2564
2059
2003
2145
2156
2277
1716
2306
1736
1775
1789
1581
1783
1751
1733
1473
1860
1808
2381
1945
1621
2302
2086
2010
2179
2336
1903
1702
1760
2432
1852
2178
1945
2663
2951
1951
2835
2206
1209
1393
2167
1167
2652
1656
2357
1864
2168
2939
1939
2116
2109
2008
1815
1258
1731
1751
1737
2374
2596
3371
2372
1965
1696
2526
1690
2290
2094
2263
2267
1693
2530
2336
2504
2522
3465
2467
2368
2430
2097
2260
2328
2370
2193
2017
2266
1725
1972
1968
1758
1879
2053
1692
2879
2866
2323
2636
2155
1812
2029
1347
2581
3059
2053
2414
3430
2433
2600
1599
2368
1789
2123
1664
1354
2774
1773
1157
1175
2599
3092
2093
2109
2072
1840
1303
1968
1825
2513
2654
2560
2437
2450
2000
2522
2674
1677
2461
1939
2021
2200
2330
1700
3034
2687
2098
1995
2309
2286
2941
1943
1310
1493
1772
2228
2018
2002
3071
2535
1701
1629
2219
1731
2335
1754
1624
2070
2348
2326
2134
2344
1731
2976
1975
2455
1874
2444
2472
2437
2097
1919
2322
3461
2463
2055
2572
1960
1701
1607
2086
2579
3131
2131
2435
2223
2701
1696
1224
1995
2928
2886
1885
2147
2411
1408
1978
2109
2379
2063
2243
2097
3303
2302
1878
2149
2047
1879
2219
1563
930
2633
1799
2418
1419
2715
3042
2447
2181
3023
2023
2635
1637
1768
1810
2034
1966
2187
2101
1650
2609
2007
2215
2724
2226
2324
3199
2196
2110
2825
2429
2346
1812
3276
2274
2138
2962
2351
2509
2303
2230
2164
2219
2224
1636
1668
1713
2323
2279
2031
3170
2580
1578
1792
1080
3178
3634
2636
2509
2371
1372
1769
2647
2014
1654
2429
2917
1916
2092
2273
1708
2415
2209
2049
1882
2156
1639
2922
1921
1959
2434
2256
1689
1970
1893
1985
2472
2468
2494
2234
2058
2120
2276
2841
2182
2183
2540
1535
1739
2081
2688
2456
1453
1863
3125
2657
2025
2025
1858
3060
2526
2138
3346
2341
2266
2388
1813
1309
2873
1873
1920
2972
2321
1290
1729
1825
1601
2612
1613
2546
2707
2609
3153
2153
2022
2078
1905
1729
2191
1972
2008
1946
1368
1194
1767
2415
1798
2732
2171
2525
2411
2968
2858
1855
2175
1781
1464
1997
2617
2134
2554
2353
2487
1901
2201
2769
2677
1676
1852
2236
2257
2417
3048
2463
1462
2185
1185
2633
2182
2146
2698
2419
2519
2495
2377
1728
3007
1838
2072
1491
1653
2150
1514
2768
2924
1922
2580
2491
2479
2945
1945
1397
1670
1661
2138
2599
1599
2915
1911
1339
2888
3498
2500
2708
2548
2270
2027
1936
2183
2302
2447
1907
2092
2201
3134
2581
1580
1825
2216
1567
1667
1688
1529
3093
2092
2288
2139
1575
1600
2095
1514
3269
2268
2180
2557
2208
2588
2266
1604
3285
2454
1454
1462
2332
3025
2656
2167
1574
1411
2502
2026
1434
2277
1277
2665
2465
1466
1926
1800
2895
2789
1794
1765
1879
1650
2890
2408
2210
1784
1747
2661
1830
2340
2123
1542
2530
2374
2171
2345
1345
2182
2006
1545
2587
2546
2200
1652
1601
1935
937
1552
1763
764
1061
1455
1769
1651
1679
1447
767
1032
1855
1898
1567
2004
1347
1210
1399
2363
2380
1920
1000
2351
2346
1349
2850
1850
1994
1512
1192
1582
2101
1365
1760
739
1080
1321
1111
831
1023
1301
2026
1579
751
1082
1165
1203
1602
962
1782
1709
1777
2585
1996
2203
1207
2115
2114
1906
3066
2829
2240
1241
1820
2124
2055
1480
1587
2091
1090
1353
761
1697
2223
1608
1712
2314
1312
2005
2668
2030
2001
2086
1746
1872
2040
2636
2039
1605
1997
1869
1909
1598
1114
2071
1074
1064
1641
1598
1226
1104
709
1057
1364
991
1593
1391
1712
1316
1533
1188
921
1559
1564
1573
2578
2343
1759
1941
1570
2712
2549
3042
2046
1735
1097
976
1499
2237
1236
1956
1342
774
898
1341
902
1219
1566
1347
1272
2459
3028
2029
1865
2194
2201
2788
2388
2289
2290
2113
2045
2436
1433
2035
2122
3548
2549
2160
2391
2119
1907
3038
2042
1915
1942
2145
2134
2646
1975
1436
954
1135
1186
2138
1140
1012
1234
958
731
1059
1295
1835
2065
1064
1588
1654
1181
1785
1041
1158
1090
1200
1036
790
1628
1624
1426
1726
995
1112
1126
1206
1443
1805
2055
2002
3185
2190
1189
1692
2363
2755
2772
2252
2846
1848
2320
1735
1900
1728
1936
2747
2121
2672
2130
1946
2752
3092
2258
2316
2671
2492
1957
1972
3069
2073
2591
3052
2497
2434
1433
2172
2398
1823
2884
1887
2092
2183
1914
1729
2978
2436
2157
2434
2331
1744
2645
2477
2834
2681
2216
1666
1875
1689
2888
2292
2403
2259
2014
1017
1777
1624
2057
1454
974
1908
2311
2449
2502
1980
1904
1979
2389
3581
2583
1583
1752
1802
1852
1689
1747
1605
1710
1570
2364
2858
1858
2590
2487
2416
1881
1781
1803
2502
1953
1989
1763
1863
2500
2400
2660
1653
1664
1658
990
1217
1126
2401
2318
1734
2007
2170
1710
1821
1715
1291
1482
1562
898
1641
1024
1032
1278
1629
951
1704
1081
1092
2242
1672
2058
2294
1730
1150
1301
1448
790
3108
2110
2377
3277
2107
2036
2830
1832
1880
1746
1892
1771
1780
2335
1787
1394
2411
2331
1803
2366
1886
2397
1723
1755
2493
2034
2135
2603
2534
2548
2638
2138
2798
2540
2574
2262
2042
2089
3505
2507
2145
1968
2947
2400
2011
2105
1516
1918
1560
1540
2238
1907
2206
1906
1981
1836
2194
2010
2640
2520
3168
2174
2699
2130
2615
2134
2090
2609
2476
2853
2477
2321
2325
2063
1983
2194
2094
2817
1818
2480
2432
3121
2121
2472
2604
2481
2241
2092
2069
2500
1890
2091
2983
1983
1760
1906
2050
1794
2447
3425
2426
1871
2061
1665
2600
2488
1999
2257
1595
1840
1086
1673
2465
2792
2276
2362
2038
2235
1650
2008
2314
2194
1192
1702
1934
1954
1397
2542
2476
2313
2666
2071
2041
1924
1363
3120
2465
1465
2330
1330
1943
2497
2260
2483
1925
2310
1314
1422
700
2004
1571
1606
1692
1980
1772
2493
2491
1913
1575
2894
2061
1502
2030
2371
3676
2676
2377
2549
1544
856
2578
2015
2056
1455
2006
1009
1807
2953
1956
1136
1819
1503
1130
1078
2211
2105
2119
2545
2793
1795
2892
2698
1704
2248
2499
1764
1629
2590
2067
2018
2141
1588
1280
3070
2525
2291
2044
2515
1925
1734
1573
2347
2388
2324
2132
1793
1553
1012
1197
892
1911
2350
1513
1461
1847
1909
1858
1675
2577
2611
1613
1742
1554
1168
1259
2138
2510
3067
2484
1486
2192
1507
1349
1102
1158
945
1272
1484
1106
1759
762
1781
1101
1416
1079
1479
1543
1331
1628
1439
2463
2401
1863
1247
1809
1940
1750
945
1963
2078
2160
2395
2274
1274
1355
1153
1375
1286
1182
1699
704
1455
2599
2833
2003
1367
2119
2623
1624
1768
1364
2298
2509
1946
2630
2098
2788
1789
2415
1415
2742
2175
2703
2518
1873
2385
2023
2075
1499
1890
2261
1260
1915
1814
1832
2003
1691
2151
2396
2383
1858
1292
1950
1997
1990
2424
2709
2150
3019
2021
1889
2383
3028
2029
1562
2199
1793
1747
2029
2228
1664
1729
1964
1805
2034
1572
1542
1456
1792
1423
2857
3611
2611
2692
2349
2136
2706
2512
1505
1762
1957
2947
2412
1414
2318
2679
2110
2273
2488
3132
2733
1735
2578
1577
2446
2449
1797
1370
1429
2500
2498
2341
2464
1917
2235
2376
2685
2937
2905
1906
1897
1761
2331
2042
2210
2286
1726
2495
2143
2664
2433
1431
2142
1544
2122
1535
1453
1484
2064
2048
1751
2470
3379
2380
2746
1725
1931
2070
1923
2239
2121
2238
1674
2033
2986
2427
2254
2265
2862
1861
1687
2064
1884
1254
1188
1160
1100
2018
1682
1954
1844
1691
1721
2528
2615
1995
1911
1872
2366
3363
2362
1807
1728
2726
2090
1957
1899
2257
2370
1966
1981
984
1114
1663
2410
2458
2227
2226
1224
1264
808
1387
1783
2124
2005
2491
2365
2186
2200
2238
1240
1749
2006
1847
1954
1791
1842
2105
1973
1384
1120
1277
1091
1284
1037
3084
2083
2409
2218
1638
1970
1208
1457
1948
1817
1769
1202
2078
1513
2083
1985
1587
1947
1894
1259
1510
2008
1604
1553
1881
882
689
776
1317
1162
2338
1735
1850
2435
3942
2942
2878
2048
2049
1743
1917
1722
2174
2414
2355
2447
2304
3009
2345
1771
2399
2293
2555
2355
1701
2416
2456
3103
2561
1563
1408
2281
1751
2179
1902
1600
2362
1914
1617
2088
2022
2535
1532
1990
1844
1998
1907
2303
1869
2140
1580
2309
1763
2598
2748
2181
1645
2341
1869
2042
1900
2266
1269
1917
2085
2689
1691
1645
2521
1681
2223
2140
1544
1365
1710
2297
1730
1936
2527
2383
1926
2257
2292
1722
2003
1429
1494
1916
1909
2911
1913
2679
2439
1857
2057
1994
1410
1386
1763
2089
1807
2427
1427
2151
1719
1685
1850
2232
2053
2102
2562
2363
2384
2436
3325
2326
2018
1592
2235
1663
2442
1798
2161
2041
1968
2015
2394
1802
2315
2462
2631
1799
1332
1963
1837
2229
1656
2465
1836
2434
2225
2349
2518
2856
1854
1850
2266
2658
2116
2033
1560
2008
1452
1704
2237
2711
2338
1337
2083
1984
2182
1430
2066
2370
1785
2283
1703
2266
2337
1775
1182
1058
1291
1233
1089
1050
1226
1690
1613
1042
1216
1396
1154
1337
1428
2125
2298
2208
2263
2654
2363
1720
2024
1643
2131
3071
2468
2847
2227
1230
1986
1456
2115
1469
1929
1374
1579
2095
1565
3197
2200
1730
1513
2135
1720
2764
3044
2046
2312
2139
2368
2365
2361
3459
2628
1627
2051
2030
2485
2063
1997
1449
3092
2808
1811
2133
2270
2715
1718
2038
2624
2045
1461
2422
1845
2283
2496
1498
2257
2071
1417
1807
2434
2343
2394
2602
2402
1865
2492
2444
3130
2539
1539
2250
2729
1796
1329
1813
2425
2704
2043
2215
2037
2987
1990
2611
1613
1869
872
1383
1787
2269
1737
2373
2395
2200
1897
1923
2067
1784
1700
1629
2823
2254
2557
1983
2309
2697
2146
3125
2066
2438
2240
1649
1671
2090
1937
2303
2115
1567
2741
1739
2264
1792
2136
1591
2447
2879
2437
1436
1967
2394
1396
1215
1120
772
1937
1895
1947
2199
2495
1921
2210
2561
1558
1613
2690
2052
2398
1998
2579
1580
1950
951
1854
1243
1457
2188
3191
2215
1648
1608
1770
1619
1465
2458
2348
2556
2382
2550
1968
2905
2722
1722
2283
1806
1761
1936
2973
2437
1924
2798
1799
2152
1154
1057
839
1340
1917
1620
1672
1744
1654
2885
3202
2207
2241
1675
2810
2553
2011
1970
1494
1664
2003
1418
2673
2146
1146
1845
1680
2246
1625
1428
851
1078
2072
1890
1702
2291
3393
2422
2192
1791
2028
1953
2290
2791
2970
1973
1933
1717
1113
1855
2453
2253
2408
2179
1778
2169
1169
1484
2035
2269
2488
1876
1310
1251
2162
2589
1968
1688
2322
1336
1149
1310
1538
1562
2331
2930
2270
1811
2816
2935
2373
2676
2115
1947
3006
2469
2332
2041
2862
1863
1766
1220
1818
3078
2577
2393
1769
1890
1073
1844
2120
2675
2503
1506
2156
2069
2408
2267
2419
1924
2159
2283
1790
2146
1913
1942
1380
2349
2170
1186
1658
1668
1118
1189
2276
1698
2495
2270
1473
2374
2235
1233
1766
1300
2454
3010
2012
2274
2488
1860
2837
1835
1291
2144
1483
1812
1895
2694
1697
2499
2422
2586
1931
2611
2476
2478
2287
2316
2694
2270
2003
1503
1964
3257
2263
2134
1636
1748
1606
1599
2143
1712
1850
1677
1338
1327
1386
1685
1797
2253
1720
2119
2141
2635
2275
1708
2514
2947
1947
3112
2614
2386
1790
1993
1774
2059
1964
1335
1342
1500
1120
2154
2110
2146
2379
1752
1958
1890
2321
2698
2609
2429
2330
2479
2128
2031
1725
3021
2019
1822
2222
2521
1691
1201
1962
2444
1442
2337
1339
1942
1300
1694
1868
2162
2050
2163
2052
2467
2323
2671
2129
2407
2398
1830
1919
2423
2845
1847
2802
2709
1706
2407
1686
2347
1802
1803
2096
2903
1897
1896
2353
1830
2230
2776
1780
2289
1669
2183
2396
1913
1819
2411
1944
2206
2829
1831
1756
2371
2880
2351
2487
1948
2230
2296
2679
2707
1704
2265
1797
1282
2272
1567
1018
1456
1377
1703
2166
2881
1882
1928
2177
2000
1788
2525
2532
3067
2066
1832
2180
1760
2148
1524
1485
1518
2144
1311
1234
1659
1683
1739
1701
2359
1920
1760
1402
931
1759
1755
1132
1205
1518
1499
1634
998
1159
865
1074
1936
1689
2051
1051
1644
2476
2307
2122
1902
1585
2393
1856
1935
1294
1628
624
1008
1075
1513
1330
1668
1089
1267
1153
860
1604
1163
1306
1320
1390
1429
1243
795
1054
996
964
1255
1231
1288
1288
1206
1701
1533
1495
1307
1463
1242
1068
1181
1602
1641
1073
1969
1082
1217
1523
1290
1448
1539
1736
785
1029
1276
658
811
1025
1144
870
760
853
1254
2558
2042
2655
1656
2204
1202
1534
1053
2011
2135
2439
1443
1680
987
1539
1204
1308
889
947
1253
1799
800
634
894
1299
1750
1634
1093
928
1318
994
1289
1224
2355
2234
1232
1388
1230
1709
1058
859
1351
725
1342
1144
1289
1370
1384
1208
1241
896
766
1025
2293
2510
2099
2771
2582
2103
2477
1479
1837
1758
2194
1828
1954
2482
2525
2088
2039
1930
2590
1591
1491
2172
1797
2825
2378
2644
2092
2121
1538
1449
2586
2576
2552
2390
2313
2249
2069
2662
2464
1709
2614
1616
2187
1953
1810
2121
3445
2447
2307
1728
1803
2491
2416
1838
1565
3216
2248
1632
1869
3097
2784
1781
1699
1651
1116
1373
1892
2257
2332
2726
2039
1991
1442
2290
1748
2030
1927
2367
2482
2024
2492
2337
1867
1720
1582
1657
1577
1383
1242
558
1487
860
736
1057
948
1167
1042
1496
1674
1031
1059
916
1455
1679
911
987
1640
642
658
1218
1435
1595
1467
1200
1063
1612
2608
2025
2206
2401
1402
1871
2112
1694
1983
2306
2148
2341
1846
1845
1937
2263
1737
2661
2739
1741
1728
1746
1791
2369
3282
2281
1648
2047
1597
1991
1397
3294
2295
2407
2733
3642
2643
2539
3032
2032
2033
2362
1758
2072
1852
1376
1480
1559
2541
2011
2280
1632
1739
1634
2204
2426
2352
1809
2705
2116
2341
2776
3166
2563
1568
1973
2520
2958
1959
2464
2119
2369
2763
1757
3340
2342
2309
2218
2393
2337
2353
1353
1739
1886
2277
2733
1732
2286
2223
2259
2695
2162
2158
1612
1735
1525
1597
2459
1699
2296
1746
2293
1791
1992
2890
2611
2456
2572
1986
1706
2365
1801
2432
2191
2758
2638
1646
2590
1594
2160
2528
1532
2788
2343
1783
2005
2258
1258
1866
2692
2958
1958
2135
2464
1866
2042
3346
2346
2795
1795
2326
1565
2502
1800
1668
1495
2408
2238
2578
2660
2060
1866
1865
1307
1560
1945
2536
1893
2258
2504
2983
2418
2329
1742
1628
1945
1815
2302
1872
2665
2881
2718
1889
1311
2164
1608
2025
2179
2052
2021
1821
2530
3137
2727
3110
2107
1755
1445
2080
1636
1239
2032
1691
1617
2399
2884
1883
1832
1994
2631
3605
2940
1769
1163
1098
2023
1951
2539
2333
1794
2405
2286
2387
1842
2147
2098
2333
1859
3538
2539
2031
1854
2241
2536
1971
2127
2416
2428
2891
2521
2386
1779
2450
1830
1601
2006
1904
2046
2028
2691
2146
2257
2188
1660
2519
1932
2362
2350
2971
1971
2363
2189
1689
1876
2371
2524
1981
2477
3074
2075
2024
1397
2555
1925
1670
2321
2553
2310
2104
2217
2262
3859
2858
1859
1867
2383
2808
2364
2921
2252
2045
2292
1746
1904
2995
2316
1316
2205
1658
2245
2168
1962
2294
1756
1764
1046
2158
2402
1784
2387
2553
2309
1830
2504
2087
2257
1873
2474
2288
2567
2048
2366
2499
1901
1329
1190
1687
2502
1502
2596
2599
2027
1788
2019
2638
2083
1995
2142
2231
1233
2032
1822
2020
2452
2015
1848
2458
2858
2172
1600
1938
1384
2057
1491
2309
1804
1844
1927
1696
2887
3344
2345
3387
2385
2744
2225
2121
2216
2291
2002
1385
1810
2329
1791
1255
1054
1626
1590
2214
1212
1708
2501
2299
2426
2295
1910
1847
2021
1949
1589
1486
1887
1272
2075
1574
1021
1309
932
2385
2354
2688
1689
2125
2259
2219
1800
3036
2517
1517
2300
2101
1562
2000
2336
3045
2045
2258
2452
1870
2124
1534
2138
2576
2560
1980
2120
1630
1497
2149
2317
2224
2654
2049
1460
1785
2047
2585
3116
2118
2146
1585
1707
1155
1852
852
1601
2087
2251
1256
2591
1587
2202
1729
2028
1937
1736
1544
1347
1265
3491
2319
2929
2307
2939
2449
2168
2181
1702
2050
1740
1609
1433
2246
2924
1926
1802
2921
1923
2084
1710
2917
1915
1454
2440
1846
2186
1838
2131
2374
2355
2459
1691
2130
2082
1711
1828
1264
1643
2320
1753
1266
1645
1596
2134
1569
1441
2368
2008
2588
2039
2110
1929
2438
2309
1858
1266
1331
2107
1515
2071
1072
1454
1623
1328
2111
3515
2511
2397
1802
2544
2367
2029
1422
1892
1994
1845
3161
2570
2367
2271
1846
2150
1592
2457
2328
1732
2022
1523
2101
1529
1746
2371
1753
1581
1802
2300
1300
1474
1963
1798
2123
2355
2773
2602
2026
2365
1806
2324
2015
3080
2078
1897
1681
2240
1690
1597
2066
2118
2275
1916
2265
2089
2058
2417
2753
1925
2480
2130
2555
1557
1923
1732
2740
1741
1522
2506
2724
2452
2945
2330
2235
1843
1848
2278
2721
1719
1875
2215
1745
2318
1749
1650
2207
2319
2782
1611
2725
1729
1266
1810
1882
2567
2043
1485
3048
2049
1443
1257
1318
1484
1722
722
1155
1220
1174
1450
1307
1082
1691
965
726
777
665
2625
1624
1397
1516
1277
1816
1685
1877
1509
2157
2347
3040
2039
2287
1622
1726
2123
1961
2010
1772
2285
2627
1628
2224
2594
2569
1572
1947
1361
1352
720
915
588
789
2472
1876
2263
2642
2458
2222
2728
2438
2186
2550
2038
1848
1548
1900
2121
1633
1450
787
1181
1319
1599
1340
1641
2091
1095
862
991
1106
1316
1209
1345
1158
774
849
1030
1826
1617
2315
1633
1858
1827
1587
2008
2155
2569
3301
2298
2527
2392
1393
2148
3286
2288
2565
2104
2551
1932
932
988
834
1026
916
1848
1015
858
1421
1365
1810
1419
1064
1339
1191
1614
1097
1452
1252
1122
1060
1552
1680
1509
1473
992
849
1409
1555
1515
781
957
1059
1072
1127
1614
1373
1540
840
1531
1320
1578
1644
875
756
900
1309
1062
1342
1952
954
1357
746
1029
1204
626
1109
1588
909
1192
1120
1012
1133
820
969
653
1411
2594
3503
2505
2260
1731
1152
1464
1430
1645
1377
1429
1656
989
1637
997
1247
1485
1841
1574
996
1149
1172
1425
1021
1118
1308
890
1380
907
1193
1136
1331
1554
1394
1416
1480
1746
745
1525
1842
1754
788
977
1040
1592
1133
1146
1337
1268
1036
949
1206
1111
1448
1022
827
1043
1531
2046
2323
1324
922
949
1137
1330
1280
1346
1769
771
886
1075
1907
2989
2394
1393
1331
1123
1588
1579
1011
1839
1639
1485
1965
969
921
978
1082
1606
1608
1537
2157
2161
1734
1040
567
3050
3093
2519
1883
2104
2603
3888
2887
1889
1328
2197
1197
2462
1465
2894
1891
2144
1147
1320
1682
2261
3044
2044
2833
2267
2375
2662
2217
1935
1702
1682
2078
1939
2695
1694
1637
2528
2085
1863
3015
2399
1399
1605
2158
2284
2454
2898
1893
2598
2425
2536
2128
2120
2322
2242
2056
2570
2069
1070
1725
2226
2139
2391
1390
2004
1865
2079
1775
2398
2242
2091
2503
1507
2661
2238
2559
2187
2515
2685
2071
2727
1727
2116
1113
2080
2890
1892
1774
1955
1476
1130
2526
2743
2605
2166
2197
2785
2715
1715
2805
1807
2258
2849
2269
1264
1228
1031
1460
1072
1477
2349
1884
1308
1502
812
907
883
1577
1777
1628
3111
2715
2464
2426
1425
1706
1158
1585
1584
2072
1998
1758
2165
2200
2134
2340
1752
1787
2006
1408
1689
2043
2746
1746
1725
2274
2035
1872
1884
1409
1791
1916
1126
1815
1623
2555
2616
4212
3213
2212
1663
2063
1819
3478
2477
2430
2265
2077
1529
2710
2847
1846
4083
3080
3304
2308
1697
1414
2656
1658
1912
1680
1999
1655
2013
1012
2879
1879
3232
2686
2115
2241
1812
1715
1666
1732
1709
1491
1736
2522
1524
1226
1268
1566
1469
1338
636
1187
998
1217
1311
1073
1832
2070
2146
2967
2359
1375
2189
2078
1651
1209
1033
1436
1448
1791
1730
2848
2660
2021
2376
2094
2412
2768
2102
1659
2230
2047
2804
1807
1317
2170
3269
2269
2523
2848
2021
1835
3269
2268
1764
764
1570
2321
2717
2116
2423
2497
1962
3272
2807
1805
2172
3528
2529
1924
1933
2318
2252
2179
2112
1525
2571
2051
1469
1560
1825
2132
2087
2152
2160
2324
2271
1714
1662
1869
2919
2423
1864
3095
2510
2036
1993
2563
2088
1660
2644
2224
2083
2116
1670
2233
1663
2548
2546
3305
2302
1645
1586
2107
2099
2328
2306
1964
3101
2706
2299
3077
2368
1367
2319
1750
1587
2320
2037
2582
2094
1521
1874
2554
3383
3036
2036
1640
1424
1842
1264
1253
2065
2783
2228
2039
2596
2362
1896
2220
2114
1869
1883
2102
1512
1595
1561
1818
2470
2307
1759
1912
1313
1207
1862
1413
1024
1425
2227
1228
2353
2550
2969
1724
1394
1961
1396
1340
1485
1776
1507
1801
2502
1914
2700
2137
2013
2886
2847
2432
1857
3246
2249
1650
2516
1522
1061
1393
1286
1234
2154
2221
1681
2017
2056
1224
1706
1872
1850
2864
1864
1840
1753
2010
2053
2409
2303
2979
1978
2960
1962
2679
2126
2238
1625
1918
1325
1569
2511
1990
1417
2818
1824
2401
1833
2444
2738
2582
2523
2088
1680
2566
2141
1868
1966
1393
1335
1934
2331
2699
1671
2280
2058
2169
3145
2896
2359
1766
2551
1919
2935
1933
2336
1895
2467
2069
2346
4198
3202
2199
1624
2130
1522
1844
2014
2505
2504
1831
2023
2609
1950
1390
1731
2707
2592
2016
2002
2499
2408
1776
1753
1999
1285
2098
1840
1655
2550
2744
1914
2626
1627
1548
2259
2427
2442
2863
2584
1922
1733
1264
1424
1429
1292
1891
1670
937
2316
2118
2140
1664
2414
1416
1344
2396
3164
2166
2609
2068
1613
2326
2423
2272
3290
2291
1730
1843
1659
2030
2139
2310
2015
1963
2554
1984
2679
2758
1762
1690
1565
1365
1736
2323
2097
2333
2370
1785
2274
2204
3081
2449
1617
2253
2295
1696
1959
2305
1742
2183
1555
953
1635
1201
2159
2113
2101
1578
2342
2902
2518
2100
2096
2221
1222
1969
3176
2177
2124
1541
2151
1968
2230
3311
2316
2609
1611
2630
2975
2841
1842
2794
2237
2373
3308
2309
1747
2196
1644
1911
1791
2378
1704
3590
2591
2371
2850
1848
2039
2406
2767
2195
1198
1491
2455
2297
2251
1660
1905
1782
1970
1384
2355
1790
1672
1968
1368
1723
2311
1843
2147
2185
2550
2963
1965
2438
1839
2724
1725
2466
1909
2036
1470
2003
2420
2217
2502
2489
2425
2059
1955
1824
1741
2084
2468
2516
3058
2501
1503
1599
2350
1804
2432
2739
1741
2309
1700
2115
2497
2471
2835
2422
2459
2245
2479
1763
2085
1530
1656
2476
1899
1323
1671
2356
2307
2343
1344
1906
1703
2439
3040
2447
2566
2709
2189
1191
1588
1561
1569
1483
2038
1460
1361
1811
2010
1793
2136
2071
1756
1403
1690
1747
2099
1543
2303
2099
2204
1859
2029
1837
1301
1990
1532
2579
2526
2344
1779
1717
1985
2454
2574
2287
2151
1570
2092
1892
1932
1857
2549
1972
1939
2181
2661
1661
2082
1902
2054
1501
2049
1887
2418
2840
1841
2483
1881
2338
1898
2464
1900
2433
1907
2948
2970
1971
2817
1812
2150
1881
1781
2577
2364
2212
1718
2031
2611
2189
1881
2304
2210
1756
1217
2089
1617
2694
1690
1254
1592
2674
2398
2540
3238
2239
1680
2929
1931
2413
2315
2190
2040
1856
2011
1425
1526
1537
1811
1268
2064
2397
2586
2016
2709
1711
2725
2245
2939
1934
1979
2323
2683
1683
2408
2420
1989
2211
2507
3133
2673
2066
2090
1528
2407
1971
2388
1976
1793
1763
2833
3129
2131
2022
2202
2516
1519
2026
1924
2032
3130
2636
1634
2604
1990
2085
2334
1341
2286
2022
3141
2140
2536
2591
2437
2689
3633
2635
1638
2344
2029
2085
1697
2157
2234
1638
2580
2038
2041
2597
2353
1779
1594
2136
2043
3345
2345
2368
2301
2273
1713
2070
2407
1407
2027
1457
2207
1999
2556
1953
1776
2246
2338
2780
2712
2296
2153
1600
2444
1812
2324
1833
2456
1832
1729
1506
1854
1279
1666
2228
2518
1950
2341
1342
1849
2414
1824
2399
2315
1657
2397
2952
2579
2168
2582
3255
2255
1701
2244
1727
2248
2135
1139
1561
2045
1498
1743
2652
2027
1774
2391
1814
1989
2455
1847
2421
2373
2562
1779
2703
2177
1996
3565
3021
2022
1940
2260
2081
2189
2114
2379
2183
1622
1808
3059
2615
1616
2274
1265
1287
1937
2599
3389
3114
2114
2701
2706
2706
3206
2457
1627
2790
1789
2456
2401
2166
2630
2873
3180
3420
2421
2626
1628
1964
2856
4200
3196
2196
2584
3037
2040
2787
1788
2490
4492
3492
2491
2774
1775
2302
2171
2533
2968
2402
2566
2374
2337
3213
2215
2164
2833
2569
2775
3285
3130
2122
2780
2228
1229
2252
3006
2008
1914
2630
3697
2699
1695
1593
1923
2519
2823
1652
2151
1588
2507
3081
3177
3003
2008
2788
1791
1821
1807
2536
2000
1882
2221
3659
2658
1657
2992
1992
3276
3185
2186
2097
2107
2091
1089
2463
3524
4216
3041
2215
2170
2063
2675
2677
2294
1736
1951
1801
2652
2002
1455
1666
1597
1050
1425
1182
1530
2619
2708
2987
1985
2207
3016
3191
3614
2615
2326
3343
2346
3407
3200
3239
2241
2857
1854
4347
3347
2349
3691
3085
2087
2604
2729
1732
3067
3235
2232
2730
1727
2433
2363
2411
1414
2775
1776
2139
2872
1871
2577
3504
2333
1502
1893
3095
2093
2425
3398
2400
3285
3965
2963
2555
1557
2987
1988
2533
3207
4321
3321
2323
2843
1846
1694
1651
2328
1332
2551
2448
3377
2377
2425
2034
2290
3035
2037
1629
1869
1672
1961
964
610
884
1860
1264
1041
1062
1054
1496
1979
1788
2824
1822
2621
2432
2386
3101
2104
2784
1781
2953
3051
3315
2142
2780
1784
2584
3635
2633
2556
1554
2480
3133
3477
2480
1481
1750
2982
2998
3172
3148
2147
3322
3432
2432
1435
2508
3257
2660
2383
2705
2540
2268
3002
2430
2544
1543
1405
1331
2637
3050
2653
3393
2397
2604
1607
2219
3087
2090
2694
1693
2318
1804
2278
2121
2052
3198
3697
3613
2616
3185
2189
2737
3326
2327
2481
2784
3414
3026
2023
2847
1847
3552
2549
3846
4063
3060
2064
2637
2439
2734
3089
2091
1493
2108
2810
1811
2756
3465
2470
3006
2006
1873
2710
1706
2184
2278
2461
2228
2494
1496
2838
2882
3083
2082
3017
2020
3319
2318
2748
3569
2746
2478
1456
2447
1751
1606
1837
1790
1622
2307
2402
2097
1494
2605
3029
3853
2683
2948
1953
4152
3153
2152
2863
2480
2489
2593
3193
2194
2326
3265
3318
3342
2344
2569
2801
3158
2547
3407
3328
2328
2874
1872
2836
3548
2544
2512
2785
1611
2226
3125
4566
3567
2567
1566
1960
2271
2136
2540
3850
2851
2617
1616
1594
1337
2191
3008
2007
2870
1878
1684
2008
2495
2621
2707
2911
1912
2236
1236
2622
1793
2454
2495
2950
3182
2183
2347
2234
2950
3227
3014
2014
2109
2403
2713
1714
2359
2769
3445
4347
3349
3574
2569
2301
2780
3358
2359
2720
3012
2012
2578
2279
3663
2663
2859
3293
2291
3099
2096
2595
3632
2627
2197
2423
2464
3314
2315
2683
2910
1910
2899
1906
1721
2045
2602
2324
2205
2021
1542
1314
1081
1122
1351
1407
1214
1876
1335
1782
3469
3465
3411
2412
1844
843
1311
1200
1013
969
1433
1320
1576
1240
949
632
582
954
1047
1000
1533
2273
2027
1491
1138
1023
1002
803
1470
1548
1829
1363
1803
1912
2215
1764
1987
1533
1199
2520
2062
1868
1414
1879
1915
1982
1964
1507
1992
1543
1499
1041
1691
1427
2132
1559
1672
1005
851
1028
1556
1361
1170
1490
1270
1717
1106
1145
1925
1803
1001
1670
2271
2695
2524
2374
3900
2895
2641
2085
2041
2453
1960
2018
1812
1742
1870
1949
1804
2048
1912
1903
1938
2435
1942
1774
1650
2617
2451
2942
3122
2121
2637
2937
2383
1380
2258
3177
3111
2110
2575
1576
2468
2503
3315
2314
1312
1851
1853
899
1138
1750
1697
2249
2007
2034
2290
1677
1466
2084
1515
1421
1452
1640
2308
1312
1441
1265
1717
1024
1209
1315
1085
1299
1517
1259
1441
1483
2141
2410
3076
2042
1520
3235
2508
3223
3689
2690
2714
1715
2647
1643
3679
3097
2101
1635
1439
2998
2412
1412
2056
3427
2427
3225
3250
2251
1724
2336
2970
2637
2333
2527
2387
2841
3539
2537
3190
4317
3316
3250
2251
2579
2057
2032
3114
4114
3114
3286
2808
1810
1841
2009
2096
2584
1583
2444
3026
2564
1563
3633
2878
2053
3599
2597
2869
2932
3161
2160
2670
2956
3145
3304
3094
2096
3270
2272
2199
2331
2557
2437
2342
3266
2204
2536
3042
2221
2255
3298
2757
1753
2887
2685
2793
2762
1760
1719
2368
2603
2948
1951
2246
3240
2240
2953
1953
2245
2275
1276
2481
2786
2806
2339
2000
2215
2092
2614
2248
2662
2205
2675
2614
2166
2490
2264
2267
1887
2053
2444
2347
2251
2510
3071
3109
2113
1931
2417
3430
3141
3368
2372
2298
2189
1190
2601
1601
2677
2542
1904
2465
2909
1913
2772
2744
2735
2941
2733
3000
2035
2246
2370
1408
3022
2024
3205
2203
2974
1949
1924
1702
2000
2814
3178
2175
2583
3236
2237
2776
1775
2204
2694
2664
2463
1461
1985
2171
2984
1991
3942
2946
1945
4301
3306
2306
2614
1616
1514
3077
2079
1081
2577
1575
1674
3557
2897
2320
2834
2345
1631
2674
1675
1710
1854
2129
2284
2229
2369
1540
1914
2853
3465
2464
2941
1937
2293
3008
2011
2719
2552
2118
2768
2741
3297
2298
2840
2483
2973
2987
3596
2596
3016
3755
2750
1752
2543
3237
2238
2766
2014
2996
1995
1819
1378
1200
3123
2125
2740
1739
2394
1757
1422
1497
1558
2736
2345
2217
2247
2105
1869
2654
2651
2444
2808
2195
2059
1059
854
1058
1362
2143
1802
1495
1164
1293
1027
1783
2360
2646
2145
1143
1047
1362
1631
2031
2043
1961
1368
1288
2354
2582
2565
2683
2078
1429
903
566
1992
1887
2053
1280
1481
1353
987
1534
2616
2090
1578
1368
1038
1864
2131
2593
1668
1816
1228
729
902
1189
1945
1656
1568
1854
2452
2312
2143
1672
2667
2768
2105
1110
607
1451
1699
2470
2222
2308
1916
2000
2291
1275
1899
3355
3832
2833
2861
1862
1350
2456
2800
1798
1509
1538
1364
1508
2219
2120
2221
1972
1477
1523
2188
2335
1865
1917
2110
1747
1769
2577
2755
2533
2429
2363
1811
1869
1866
1990
1664
1878
1853
2344
1891
1816
1744
1896
1687
1699
1575
1737
2372
1620
1860
1848
2005
2352
2356
2987
3438
3608
2609
2639
4213
3210
2211
2579
3176
2993
2495
2860
2603
3048
2823
2622
3006
2457
2333
3269
2273
2644
2783
3262
2262
2571
3084
2377
3441
2445
3161
2160
2089
2441
2880
1882
2313
1739
1912
2502
1943
1466
1716
1281
609
1454
854
1013
1204
792
1821
2113
1908
3173
2169
1980
1959
2118
1978
2039
2727
1724
2170
1506
1461
1216
1476
1643
1820
823
1324
730
964
1220
1464
1831
2052
2165
2245
1996
2637
2693
3399
2395
2460
2192
2417
2605
2012
1834
1769
2576
2117
1951
2365
2710
2882
2589
1590
2126
3400
2941
1936
2091
2881
1882
2399
3088
2884
1887
2382
2873
1873
2477
2824
1824
1846
1614
2050
2039
868
3319
3377
2379
2502
1505
3131
2132
2217
3160
2162
2456
2066
1066
1948
1916
2083
1514
3207
2205
3085
2511
1518
2018
1469
2269
1963
1745
2000
2370
1920
1945
2360
2080
1884
1289
2487
1486
777
901
2020
2182
2345
2192
1838
2405
1404
2369
2313
2453
3052
3232
3252
2253
3425
3096
2097
1987
3096
2660
1660
2507
2848
2613
2946
1948
2655
1656
2586
1586
2119
2862
3527
2513
1527
2224
2366
2596
1977
2342
2813
2372
1371
1373
3133
2917
2480
2894
3037
2807
1786
3089
2983
3383
2621
2456
2256
2437
3268
2701
1703
1999
1432
1277
1289
1844
1475
2405
2410
3014
2457
3511
3568
2563
3481
2476
3330
2334
1335
1257
2627
2933
3783
2783
2754
2986
3323
2324
3704
2703
2254
2880
3812
2814
3344
3062
3586
2586
2309
3054
2927
2486
2430
2734
2115
2123
2811
2798
2733
2134
2434
3174
3747
2728
2905
3073
2246
3235
2235
2114
2190
2524
3342
2343
2928
3474
2473
2817
4129
3130
3824
2823
1816
2249
2455
2772
1776
2056
2803
3990
2174
3452
2759
1759
2622
3137
3762
2931
1934
2945
1944
2387
2791
3333
2335
3464
2462
2821
1820
3549
2545
2844
1842
2312
2838
1839
2497
3301
2302
2792
3712
2714
1714
2445
1444
2501
2764
1592
2109
2485
1490
3294
2292
2445
1460
2880
1883
2262
2174
2023
2417
2977
3013
2013
2349
2484
3032
3236
2234
2092
2568
3332
2327
2426
2751
2948
3454
2453
2884
2048
3458
2461
2451
3027
2029
2291
3905
3367
2367
2626
2552
2609
2990
2439
3482
2483
1919
2695
2892
2339
1333
2889
3130
2129
2368
3133
2133
2801
3069
3261
2429
2457
3410
2412
3045
3639
2617
2510
2561
2475
3505
2507
3060
2060
2755
2651
2508
2315
1808
2801
2760
2272
2699
2703
2910
1908
2347
2426
2549
3403
2265
3445
2444
2618
1620
2108
2557
2417
1419
1799
2753
1753
1969
2101
2961
1963
2776
2810
3735
2737
2565
2601
3147
2143
3201
2201
2311
3683
2683
2385
2419
3432
3339
2340
2797
2814
3102
3843
2847
2731
2254
2440
2310
4108
3030
2922
1924
2239
2691
2124
3413
2410
3070
2070
2285
1284
1519
1406
1271
1171
906
2273
2433
3063
2718
3131
2133
2998
2995
2762
2237
2263
1667
1890
2288
2428
2303
2464
1973
2183
3276
2276
2167
2720
2777
2689
2516
2008
1896
1359
1526
938
1692
1675
1313
757
419
701
1804
1676
1517
1238
1531
906
1020
1360
1185
1914
1195
596
1016
935
1421
1436
1328
1157
1419
1150
1055
1175
1427
1332
692
1192
2085
2088
1518
1434
1514
1162
1575
1384
887
1246
760
1501
1177
1618
874
1012
1455
1677
1780
1610
1544
1635
1340
1008
1200
1910
1393
1011
1045
1446
1311
1466
707
1416
1753
2559
2603
1604
1362
1382
1505
1492
1222
608
819
1350
1369
1779
834
1214
1017
1013
1447
1545
1713
779
970
806
1110
1634
1229
2023
1619
901
1070
1818
1055
1291
1246
1556
1611
606
1614
1466
1175
1592
1246
1131
1346
1900
1976
1771
2484
2502
3258
2254
1875
2766
2048
2341
2030
1958
1621
2125
1775
2507
2344
2335
2450
2171
1876
2167
1751
1857
1947
1660
2122
2042
1844
1786
1888
1789
1851
1992
1923
2190
2905
1905
2548
3148
4028
3028
2031
3583
3199
2368
3571
2854
2852
2435
2657
2125
2839
1839
2413
1415
2438
2492
2422
3256
3191
2607
1608
1960
2407
2426
1427
1597
1826
1963
967
802
926
931
1066
1960
1121
1143
1593
2263
1845
1986
2299
2586
2558
1556
2625
2035
2082
2431
2070
2758
1756
2371
3103
2806
2522
2640
1639
2989
1990
3171
2773
1771
2244
2032
1631
1876
1500
1950
1373
1389
659
942
945
1550
1571
1249
871
739
1200
1003
1356
1263
807
2351
2772
2072
2517
1517
1666
912
993
1941
939
1144
988
979
2506
2667
2060
1843
2012
1803
1897
1258
1357
2041
2604
1605
1038
1433
2375
1757
1912
1730
1883
884
1698
1888
1357
1569
1606
1963
973
1922
1797
2486
1605
1638
2604
2069
2221
2529
1938
1369
812
915
1593
1423
1923
926
1143
1449
1205
580
2099
1548
1978
1337
1240
829
2267
2673
2777
1777
2678
2792
2920
2591
1759
1777
2162
1544
1193
1995
995
992
893
1324
1117
1824
825
1489
774
1140
1621
1294
700
1069
930
1262
1216
1326
1075
1534
1279
1118
2150
1546
1566
734
947
927
1183
1407
1535
2238
1778
2510
3469
2467
2291
1288
1844
1960
1429
1059
1496
1306
1810
2062
1060
1487
488
1425
1248
1509
1488
2094
2853
2389
2240
2312
1637
1722
1818
2087
1889
2777
1779
1634
1845
2403
1746
2128
2556
2021
2174
2480
1927
2289
1818
1986
1824
1849
1876
2792
2232
2417
1911
1743
2377
1902
2456
1837
2007
2136
2111
2285
2152
2352
2431
2220
2255
2167
1739
1210
2142
1796
2819
1815
3259
3204
2204
2356
1989
2037
2312
2125
2516
2956
3014
3038
2281
2472
1839
2409
2546
2522
2549
1552
2344
1791
2410
2435
2381
2928
2542
2536
1846
1847
2247
1881
2880
2871
1874
3352
2353
2252
2485
1485
1565
2508
2766
2418
1421
2480
2881
2800
1801
2275
2268
2571
3029
2909
1911
2596
2402
1405
2032
1738
2259
2626
2601
2645
1647
2022
2252
1802
2789
3136
2140
2106
2199
1960
1125
1695
1404
1197
1149
1348
1768
769
1363
1095
1450
1722
1837
1060
1983
1852
2145
2574
2552
2805
2361
2250
1605
1830
1812
1844
1883
1638
2142
1962
2449
1939
1802
1788
1512
2276
2013
2060
2261
1726
2200
1693
2091
2360
2077
2394
2233
2519
2710
1979
1035
1043
1069
2432
2801
2286
1720
1770
1569
1909
1170
2059
2300
3378
2380
2307
2120
2921
1922
2303
1297
970
735
2072
2160
1158
2183
1950
2096
1681
2442
2449
2603
1603
2825
2816
2773
2675
1678
1764
1869
1969
1703
1871
2124
2307
2708
3107
2104
3291
2290
1293
2246
2057
2321
2220
2535
1536
2523
2579
2553
1552
2155
2616
2042
1962
2001
2484
1897
1976
1966
1798
1761
1819
1801
2529
2903
2973
2811
2227
2116
2772
1771
2401
2607
3382
2380
2381
2579
2004
1002
1807
2444
2500
2336
3086
2080
2364
2664
2571
1570
2982
1980
2392
2892
2061
1822
1661
2221
2127
1200
1207
718
779
1274
712
1263
945
1256
1598
1527
1285
1041
1514
949
1260
1382
3305
3123
3558
2559
2351
2136
2296
1759
2014
2275
2583
1587
1937
2354
2195
2507
2151
2978
1978
3142
2140
2060
2092
2652
2621
3992
2987
1988
2131
1811
3389
3411
2411
2473
2362
2332
1911
2483
2078
2599
1769
1093
1250
2239
2137
2073
2253
2533
2874
1874
2062
1069
2587
2948
2496
2162
2762
2536
2992
1998
1866
1754
2099
2436
2738
1741
3528
2531
2869
2747
2820
1988
1432
2848
2690
2665
3382
2382
3161
2166
2325
2350
1351
1949
1823
2165
2258
2242
2265
2294
1294
2060
2379
2981
2702
2520
1520
2260
2159
2015
3569
2478
2047
3037
2543
1844
2753
2499
1500
2888
2877
2558
2174
2098
1465
2529
2265
1259
2080
2247
2195
1979
2501
2964
2784
2906
2457
3403
2402
3088
2693
2776
2714
1953
2180
2028
2132
2460
3133
3125
2101
2262
1267
1349
2746
2169
1173
2697
2786
2820
3034
3378
3739
2739
1740
1678
2070
2675
2608
2377
1822
1795
2411
2963
2995
1995
2574
2545
1545
2127
2132
2603
2501
1499
2236
2257
2429
2119
1942
1818
2052
1947
1750
1772
2460
2691
1690
1744
2636
1691
1777
1710
1747
2386
2625
1795
1950
2660
1662
1403
1973
1829
2713
1816
1547
2269
2046
1648
1722
1572
1789
1777
1902
2057
1621
1437
1773
2161
1871
2103
2056
2392
2081
2589
1630
1530
1772
2506
2400
1399
1740
1991
2096
1610
1688
2626
2775
2055
1813
2376
1939
1711
1621
1863
2338
1904
1826
1968
3564
2540
1834
2130
1642
1551
1686
2172
1910
1941
1685
1934
2252
1902
1526
1424
2225
2030
1806
1563
1835
2021
2055
2362
2158
1996
1589
1648
2371
2011
2408
2420
2095
2038
1093
1890
1700
1784
1817
1969
2051
1928
1926
1485
1844
1966
1911
1710
1573
1951
1670
1585
2401
1962
2075
1756
1745
1853
1865
1670
1662
1631
2740
2162
1922
1523
2236
2080
2002
2077
1749
2232
1858
1961
1882
1721
1804
1546
2121
2014
1934
1554
1904
1571
1873
2019
1603
2401
2145
2380
1714
1398
1754
2492
2382
2890
2550
2385
1825
3553
2554
2485
2646
2383
2527
2977
1978
2071
2049
2757
1759
2931
1929
2876
2717
2907
2941
1940
1779
1693
2769
2227
2405
2699
3262
2261
2435
2217
2796
3108
3371
2372
2771
3025
2023
2963
3109
3017
2018
2282
2402
2973
3061
2065
1979
1780
2657
3260
2262
2867
1869
1793
1966
2796
2607
2484
3121
2164
2723
2042
2361
1531
1872
1742
1232
1764
1694
1665
1585
1992
2913
2343
1345
2072
2372
1373
2356
2554
2760
1766
2697
2602
1601
2761
2625
1624
1758
2223
2562
1566
2278
3771
2767
3033
2907
2076
2266
2495
2297
1299
1225
1457
1492
2778
2950
2583
3321
2959
1959
2156
2235
2291
2179
3450
2446
2695
2764
2631
3280
2279
2628
3127
3285
2287
2163
2587
1756
1310
1898
1940
2045
1442
2603
3400
2396
2525
2420
1421
2467
1894
2154
2081
2427
2755
2193
2732
2757
1755
2234
2301
2265
2369
3792
2786
2777
2826
2332
1574
1473
2250
2914
3004
3123
2126
2336
2122
1634
1599
2793
1790
1667
3101
2097
2403
1404
1271
1720
1573
1592
1881
2274
1765
1198
2097
2159
2476
2530
2267
2340
2416
2904
1859
1331
1990
2375
2633
2628
1627
1898
1862
2287
2207
2366
2560
2606
2872
1872
1373
2528
1529
2712
2827
2660
1656
1568
1828
1942
3237
2067
1963
3607
2609
2031
2159
1813
2429
2325
2633
2175
2606
2120
3061
2535
2469
3516
2514
3196
3024
3509
2509
2601
2677
2455
1458
2950
1947
3822
2823
2508
2429
1593
1428
1862
2767
1769
2825
2340
2162
2041
2215
2480
2923
1920
2495
2399
1824
1986
1894
1787
2726
1727
1163
1739
1628
1108
3015
2016
3084
2496
1498
2820
2808
2623
3669
2668
2120
2184
1960
1859
1626
1447
1193
1185
1360
1255
990
1328
1460
838
1683
1875
1923
1401
1236
967
1165
1586
1679
2339
2007
1874
1533
841
1833
1925
2499
2141
1952
2777
2033
1886
1951
1557
1108
894
631
1789
1898
1705
2418
1840
1397
1867
1603
1460
1326
1097
2600
1968
1769
1768
1382
810
597
932
1670
1746
1952
1959
2285
3119
2517
2047
1564
1579
1625
1063
1838
2287
2380
1931
2390
2816
2332
3202
2202
2153
2109
2665
2122
2201
1199
1130
1143
2120
3614
2617
2165
1600
3693
2693
2114
2315
2799
1801
1232
2175
2437
2093
2371
2068
2089
1928
1939
1658
2009
2168
2349
1798
2371
2377
2548
3160
2538
2188
2528
1911
1859
2023
1855
2227
2217
1217
969
1968
2427
2361
2342
2072
2966
2387
2580
2588
2411
2303
1886
2382
2511
1964
2091
2342
1345
2448
1450
1566
2476
3103
2107
2089
1516
1309
1873
2009
1882
1825
1736
2025
2429
3031
2536
1537
2443
1785
1700
1868
1255
1099
2302
1658
1850
1981
1805
2759
2546
1923
2596
2171
2425
2120
2460
2350
2173
1622
2363
1938
2052
1865
2156
1646
2118
2101
1102
1072
2775
2384
3229
2230
1670
1989
1722
1641
2007
1885
2310
1689
2204
1629
2031
2095
2454
1452
1856
2226
2012
1911
2499
2364
1813
2548
2793
1794
2594
2312
2240
2095
2549
2575
2463
2697
1696
2390
1759
2229
1664
1160
1974
1413
1511
2591
2674
1675
1991
1854
2437
1941
2770
2857
2341
1339
1534
1808
2491
1919
2617
2494
2269
2234
2049
2057
2631
2046
3312
2760
1758
2128
1537
1929
3332
2332
1615
1774
1580
2589
2438
1857
3571
2570
1569
1801
1222
2547
1544
3080
2083
1529
3418
2418
2414
1812
2402
2833
2598
1992
1866
2170
1605
1931
2276
1669
1604
1803
1564
1577
1796
1871
2013
1893
1882
2600
2411
2350
2547
2193
2362
1363
1745
1782
2699
2236
1657
1636
1378
2426
2449
2578
1580
2467
2263
2399
2212
2647
1906
2413
1412
2388
2519
3125
2819
1818
1966
1764
2022
1533
2052
2620
1621
2515
2122
1893
1835
2200
2147
1531
1795
1925
1311
2491
2407
1963
2467
3357
2358
2155
2251
2233
2393
3205
3053
2367
1784
2122
1635
2851
2323
2652
1649
2356
1359
1342
1627
2210
1659
1769
1215
1455
1814
2400
1825
1696
1686
2179
1804
2283
1940
2412
2165
2524
1526
2515
2242
1688
2565
2005
2457
2365
2104
2225
2738
2391
1924
2539
2083
2598
1599
2093
2113
1913
1848
1226
2196
2732
2244
3161
2162
1655
1770
2471
2105
2550
1551
1997
2773
1771
1756
2027
2002
3004
2007
1937
2614
2053
2706
2144
1936
1870
1929
2021
1825
2017
1762
1809
1827
2342
1623
1686
1756
1993
2353
1932
1863
1857
2477
2335
2660
2044
2326
1845
1544
2471
1897
1784
2164
1606
2684
2196
2035
1960
2576
3400
2402
2355
2279
1724
2567
2043
2142
1428
1980
1427
1328
1742
2066
1997
2001
2537
2666
2164
2096
1552
2968
1967
1870
1703
1580
2327
1777
1900
3184
2577
2239
2320
1747
1638
2108
1457
1950
2017
1847
3463
2465
1880
2371
2624
1992
2671
2508
1954
1885
1327
1256
1620
2011
2613
2114
2343
1903
3037
2039
1874
2193
2219
2141
1608
1945
1385
1413
1343
2075
2186
2320
2235
2361
2610
2012
1949
1785
1196
2284
1765
2083
2481
2730
1730
2509
3333
2332
1713
1742
2388
1920
1325
2310
2379
1976
2341
1892
2110
2542
1892
1975
2493
1495
1864
2277
1741
2218
2454
1456
2331
1694
1528
2981
2479
1902
1276
1602
1201
2431
3613
2609
1608
1909
1771
2226
2777
2357
1771
1891
2598
2415
1673
2298
2178
2592
2020
2561
2015
2290
2438
2788
2494
2401
1827
1968
1423
1913
2201
1612
2126
2016
3508
2511
2428
1857
2033
2424
2236
2340
1733
2157
2096
2200
2422
3158
2791
1793
1878
2513
1972
2366
2527
2199
2084
2624
1991
2167
2431
2433
1434
2389
1820
2276
2560
1994
2511
1515
918
3279
2277
2078
2354
1795
2023
1638
2594
2409
2498
2286
2300
2451
2487
2033
1897
1981
1996
2250
2178
2064
2368
1760
1621
2364
2310
2512
1511
2005
2484
2155
2389
2333
2471
1476
1918
2181
1910
1875
1848
2327
1769
1556
2398
1868
2475
1805
2069
2146
1817
1715
1968
2031
2352
1948
1680
1817
1809
1906
1710
1669
1882
2320
2223
1932
2477
1881
2138
1607
1723
1634
1854
1754
1871
1847
2598
2043
1790
2356
2695
1693
1644
1916
1677
2155
2063
2271
2150
2420
2294
2090
1894
1647
1704
2532
1634
1787
1275
2635
2353
2572
1918
1649
926
1686
2011
1928
1818
2489
2318
1322
1615
1871
1810
1760
2574
2461
1967
1476
1956
1883
2733
2173
3037
2036
1613
1817
2375
1372
2107
2146
2207
2107
2583
2495
2082
2344
1958
1369
1776
2083
1876
2077
2138
2582
1585
1619
3007
2559
2346
1706
2491
2330
1333
1653
1093
1700
2512
2848
1848
2272
2930
2672
2458
2329
1920
1582
2004
1760
1657
2040
2038
2068
2314
1593
1418
782
1006
908
2433
3627
2631
2310
2247
2350
2010
1869
2522
2337
1335
1403
1611
1568
1837
1419
2370
2433
2268
2479
2299
2564
3227
2231
2309
2636
1638
2494
2208
2520
2339
2488
2627
2027
2542
1542
3721
2724
2242
1654
3127
2126
2315
1934
1721
1451
1368
2372
2203
2552
2094
2078
2150
2904
2773
2138
1799
1802
2116
1775
1639
1821
2373
2411
2894
2209
2478
1959
1808
1970
2110
1922
1799
2015
1760
2063
2099
2408
1731
1831
1625
2342
2036
1714
1671
1859
2413
1845
1710
1759
2105
2167
2179
1622
1685
1372
1273
1369
1373
1657
2072
2028
2073
2407
2420
2534
2138
2248
2180
1182
788
1021
2410
2031
1405
1926
1838
2686
1686
2601
2108
1790
2485
2296
2440
2373
1764
1194
1627
1747
3375
2373
2461
3084
3146
2149
1897
1699
2169
2608
2190
1612
2562
2755
1757
1671
1866
1297
2404
1733
1611
2031
2337
1365
1824
2152
2156
2233
2664
1664
1794
1117
851
1750
1512
1167
1287
1508
1251
1079
823
1176
1505
1511
1458
752
916
1293
1389
1485
1304
1062
1009
842
1432
1492
1249
1825
2389
2099
1960
1645
2297
3226
2613
2634
2573
1575
1728
1640
2013
3328
2326
1327
1535
2108
2308
2656
1656
2441
1962
1383
2182
2906
1900
2470
1473
1847
2439
3200
3102
2102
1705
1862
2033
2127
2092
1957
1685
886
2148
1655
1731
1624
1521
1513
1283
1068
1224
646
1306
1150
1605
1648
1823
1284
1045
1129
1229
1620
1608
1617
1596
1698
1051
1656
654
1012
1159
1317
678
3149
2556
1559
1370
1475
1813
1737
1679
1742
1523
596
873
953
1778
1186
1127
1303
961
726
1116
1259
1430
2770
2407
2337
2337
3225
2224
1735
1414
2681
1854
1648
2109
1915
2849
1852
2487
1852
2354
2097
1935
1930
2933
2497
2725
2544
2928
2381
1821
2410
2228
2565
1987
1847
1815
2442
2521
2405
2016
2026
2343
3226
2227
2160
2027
2297
3266
2268
1272
2093
2519
3505
2506
1852
2533
3009
2008
1919
1920
2029
2328
1329
2163
2108
1976
2795
1765
2219
1959
2537
2328
1589
2093
2352
2334
1335
1807
2080
2348
1874
2099
2597
2553
1550
2247
1708
2458
1939
1350
1287
1403
1863
1234
1667
2627
1625
1677
2435
1435
1800
2146
1610
2997
2168
1896
1331
2100
2444
2785
1786
2185
1184
1308
1119
1425
2623
2111
2083
2488
2078
2606
1605
2479
1479
2577
2241
1729
2149
2552
3082
2085
1635
1148
1538
1509
1565
2277
2428
1814
1729
2652
1648
1522
1880
3204
2205
2852
2278
2668
2067
2053
1911
2443
1445
1995
2779
2903
2243
1820
2127
2037
3095
2098
3447
2263
1427
2177
2663
1665
1996
2268
1281
1940
2435
2390
2363
1834
2442
2511
2062
1883
3004
2349
1355
2164
1669
1936
1387
1409
1793
2812
2403
2705
1709
2687
1498
1991
2311
2210
2409
2431
2420
2419
1420
1452
1237
2350
2677
2119
1120
2262
2109
2556
2413
3048
2047
2502
2236
2818
1819
2333
1795
2237
1668
1964
1922
2430
1675
2802
2235
1781
2358
2519
2040
1479
1830
2094
2315
1314
1629
2514
1946
2609
2949
1949
3086
2088
2108
1949
1345
753
2307
3163
2164
1630
2113
2008
1774
2533
3563
2563
2004
1473
2274
2213
1737
1851
2198
2006
2351
2159
2058
1982
1912
1373
1517
1160
1296
1003
1155
1535
1680
1304
1182
852
1121
1327
1299
929
1791
791
1241
1571
870
1576
1224
1396
1128
1121
868
1015
1191
1343
1885
883
648
1003
1218
2068
1625
1554
908
1200
869
1486
1147
1194
999
1284
894
1095
1675
1310
936
992
2341
2318
1763
1002
990
1676
999
925
1145
1112
1397
1719
859
1241
1396
764
1043
1236
1609
1151
1804
1743
1827
1453
1070
1731
2139
2125
1607
1655
987
1088
1548
1157
1172
1040
1064
1241
919
1316
1249
1435
2389
2191
1509
1598
2037
2578
3424
2758
1759
1620
2356
2160
1160
1468
1461
632
1171
1128
1743
1361
1267
1243
1457
965
840
1259
918
850
1404
1289
1524
1607
1517
1417
1132
1320
905
1156
895
1154
1825
1792
1034
1175
773
708
1299
1357
1073
1437
2242
2514
2413
3399
2404
1794
1746
2138
1139
1823
1259
864
2581
2084
2335
2190
1911
2244
1674
1564
1539
1594
2538
3244
3200
2199
1825
2364
1363
1400
1394
1632
2126
1127
1558
997
1081
838
1272
757
1495
2842
1840
2028
1957
956
1331
1417
1873
954
795
677
1279
1591
862
801
634
859
1798
1652
2535
3041
2039
2338
1770
1815
2510
1910
1893
1415
1541
840
1369
1390
1468
1293
1041
1190
798
2072
1072
1633
1922
3478
2479
2354
1917
1830
926
2012
1554
1457
1376
1513
1753
1310
1299
855
788
848
1105
1394
1529
1524
517
1083
1034
1616
1020
992
935
876
629
1200
1995
1691
2912
2799
1797
1514
1635
2265
1631
971
1365
912
835
2016
1963
1797
2152
3005
2550
1997
1590
1602
867
928
1680
1487
1750
1874
2433
3067
2067
1682
1589
1567
2718
1714
1566
1861
1829
1874
1446
1550
2086
1897
979
2379
1890
1861
2067
2146
2083
2008
1956
1356
1164
1223
2063
2073
1736
1516
2709
2028
1028
2886
1888
1956
1656
2149
1746
1475
2053
1049
744
940
931
2089
2408
1747
2406
2294
2352
1604
1969
1836
1979
1907
1727
1522
518
1418
1295
1379
2011
2372
2080
2079
1667
1969
1502
1826
3144
3427
2424
2426
2579
2179
2128
2564
2833
2231
1232
1538
1284
1601
1373
687
979
658
1003
1401
1432
1958
1771
1628
1012
1043
2382
1767
2224
1607
2606
2974
1974
3665
2666
3216
2217
3060
2063
2637
2846
2018
1014
1984
1398
2692
2470
1956
1383
1155
2027
3257
2255
1978
1956
1837
1666
1561
1996
1984
2033
2090
2586
2437
2508
2094
2657
1661
1565
2504
2605
2541
1871
929
1358
1681
1547
1681
1434
740
852
1040
1413
1224
1342
1658
1658
2025
2224
1971
2574
2116
2436
2095
2441
1759
2032
2356
2249
2043
1423
1640
2348
1706
2374
2281
2497
2110
2440
2045
1573
1520
1890
2966
3362
3117
3268
2811
2711
1713
2457
2543
2361
3235
2238
2131
2355
2842
1836
2038
2130
2458
2705
2165
2493
3558
2559
1555
3088
2091
2611
2177
2919
1919
1898
2019
3047
3449
2449
2464
2466
3028
2029
1721
1964
2945
2336
2495
2927
3309
3498
2475
3078
2078
2044
2362
2531
2503
1504
2528
2039
2520
2423
2516
2820
2804
1805
1678
1831
1979
3034
3047
2073
2325
2359
2425
2268
3150
2152
2441
3054
2053
2141
2757
3007
2009
1813
2718
2518
2692
2904
2762
1765
4142
3140
2567
1667
2091
2614
2768
1772
1616
3049
2045
2386
2378
2489
2728
2650
1650
2245
2080
2713
1714
1828
2018
2757
2813
2313
2714
2224
2324
2153
2483
1959
1953
2112
3542
2541
3301
2682
1681
2361
2362
3308
2309
2797
2382
3439
2941
1945
2248
3131
2133
3439
2438
2379
2453
2775
1777
2131
2424
1422
3140
2137
2541
2591
2857
2682
3216
2213
2151
2166
1166
2771
1792
1820
2350
2509
2387
2556
2466
2488
2738
3291
2694
2301
3081
2083
3313
3199
2201
2564
2887
1889
2112
2045
2843
1843
2133
1895
2093
1960
1862
1911
1823
1706
3191
3773
2947
1950
2142
2635
2503
1505
2049
1868
2775
1804
2060
2018
2327
2634
2625
1622
2943
1943
1829
1960
1835
3231
3161
2162
2739
1740
3147
2188
2421
1419
1942
2014
2138
3209
2205
2573
2372
2304
1307
2531
1530
3338
2340
2696
3308
3577
2576
2516
1933
1792
1952
1914
3141
2141
2042
2630
2490
3061
2066
2157
2151
1918
2460
2563
2901
1901
2777
1778
2239
1732
1444
2421
2413
2313
3636
2631
2719
2587
2679
3095
2705
3205
2199
2664
1662
1928
1760
2320
2993
2640
2734
1733
3175
3343
2343
2173
2287
2329
2241
2538
2355
2891
1889
1724
1922
1918
2316
2241
2358
2480
1481
1446
1570
1597
1783
1783
3096
2099
2050
2026
1828
2328
2425
2938
2108
3580
2584
2387
2448
2226
2043
3153
2149
2504
2574
2535
2801
1803
1952
2245
2698
1697
2826
1830
1752
2096
1960
1983
1833
1632
1672
1462
2234
2474
3819
3023
2026
1803
1780
2144
2655
3148
2146
2749
1748
1789
2709
2178
2550
2938
2355
2450
1452
2751
2556
1557
2979
1976
3044
2044
2242
2169
2311
2508
2458
2374
2626
2888
2799
1798
2859
1860
1825
3421
2420
2596
1597
2029
1841
1900
3049
2051
1907
1950
2770
3017
3193
2192
2218
2551
3071
2697
2968
1970
2165
2164
1891
2373
1372
2215
2462
1466
2301
2134
2312
2547
2864
2656
3286
2291
3088
2777
1777
2895
1893
1821
1867
1966
3062
2058
2012
2199
2174
2394
2655
2950
1947
2606
3105
2107
1106
1790
2799
1798
3174
2175
2776
2638
1639
2485
2322
2354
3210
2208
2812
1810
2011
2452
2276
2748
1746
2994
1988
1763
1872
1947
1816
3221
2048
2056
2495
3301
2300
2379
3026
2032
1914
2026
2266
2733
2519
2312
1308
1187
2268
2268
2391
2302
2951
1955
2243
3416
2413
2559
2666
2682
1677
1869
1929
1833
2138
2362
2532
3097
2099
2362
2525
2385
2263
2356
2860
2221
2339
2633
2182
2258
2139
2550
3167
2650
3773
2772
1771
2696
2579
2466
2873
1870
2735
2144
2344
3559
2561
2615
2346
2232
2031
2034
2180
2188
3108
2106
2198
2366
1363
2493
2535
2483
3275
2274
2413
2450
2402
2320
2225
2247
2288
2109
2614
2456
2467
2333
3572
2572
2393
2162
2867
3128
2700
2820
1820
1577
2227
2237
2391
2321
2242
2409
3213
3812
2812
3434
2846
2377
2293
2815
2150
2529
2036
2813
1814
1594
3243
2487
2655
1657
1512
3070
2070
2063
2391
2315
3697
2700
1699
2197
2168
1945
2695
1698
2028
2959
2800
3681
2682
1685
2061
1062
1385
3479
2478
2025
1855
2640
1811
3068
2064
2934
1936
2255
2632
3532
2531
3265
2264
2289
2180
2537
2312
2674
2678
2896
2794
1797
2843
2915
3042
2050
2295
3566
2567
2548
2577
2371
2417
1589
2363
3086
2083
1086
1810
1637
2196
1610
2613
2508
2752
1751
1967
1445
1375
1446
1323
3928
2926
1929
2032
2314
2135
2707
2476
3505
2504
2269
2749
1578
2770
2642
2722
1719
1761
1172
1367
1250
1496
1264
1033
1307
1549
1562
1237
587
974
731
1402
1345
1395
1154
1509
2561
2485
2065
1063
1116
1757
760
798
1447
1493
1410
1506
1544
1678
922
1569
1830
1359
1145
1341
1478
1622
621
1060
1220
1679
1333
1110
2014
1014
841
1156
1202
1491
1404
816
1445
844
581
1707
1714
716
2182
1670
1428
1378
2633
2132
2500
2500
3795
3349
2870
2421
1976
3176
2737
2291
1850
2717
2277
2600
2132
1661
2734
2289
1843
1401
2238
2962
2188
2025
3285
3344
2346
3264
2267
2439
2371
1371
2827
1853
2268
2374
2775
2380
2726
2563
1554
2471
2603
1604
1703
3530
2532
2704
1704
2910
2677
3062
3330
2501
2700
2134
2447
2373
1989
2119
2659
2084
2127
1564
2995
3594
2596
2639
3462
2461
2361
1362
2534
2969
1968
2090
2428
3076
2821
2206
2751
2874
1879
2254
2278
1278
2634
1636
2113
2470
2266
2349
2861
1845
1998
3020
2025
2316
2332
2530
2478
2305
2840
2889
3141
3568
2564
2765
2626
2521
3325
2326
1324
2120
1875
3430
2425
2467
2031
2298
2136
2308
3590
2932
1934
3612
2613
2942
1941
1440
1647
2563
1565
1448
1414
1871
3023
2909
1878
3284
2283
3160
2162
3525
2525
2691
2516
2411
2706
2962
2712
3116
2995
1999
2094
2512
2902
2418
2647
1644
2942
1941
2396
2504
1505
2098
2102
2097
3839
2840
3165
3540
2539
2344
2568
2414
2097
2416
2402
1404
2067
2120
3318
2318
2136
1135
1659
2675
1675
2858
1856
2176
2343
2694
1702
1756
1966
3438
2437
3023
2462
3017
1999
3462
2455
2400
2277
2353
1667
1517
1944
2556
2506
1509
2569
2901
3115
2118
2480
2818
2812
1811
2188
2557
1558
1910
2837
2513
2486
2889
1886
2241
3574
2575
2830
1830
2862
1864
1751
2216
3565
2567
2560
3462
2461
2983
3153
2155
2445
3224
2651
1673
2074
2193
2087
2088
2210
2293
2543
1542
1465
1619
2333
2023
1862
2174
1485
2277
3465
2292
1890
2373
1888
1704
1627
891
1028
882
797
1047
3215
2215
2241
2823
2199
2078
1636
1016
2229
2519
1951
2250
1253
1020
1689
1097
1269
928
1064
896
941
1068
1358
2325
2268
2461
2994
2899
2594
3103
2165
2957
2379
2517
1917
1265
1740
1400
983
1081
1211
1055
1248
1030
1665
1635
1515
1269
1120
1974
1615
1855
1316
1009
1364
1126
1850
1289
1595
952
1799
1528
1201
1581
573
1121
1488
1296
1042
1031
1091
1305
1303
1445
1803
2090
1876
2080
1971
1733
1601
1843
1917
2943
2336
3392
2393
2686
2825
2074
2258
1798
1781
1901
1727
1982
2486
1893
1701
1800
2199
1927
2133
2357
3035
2937
1936
1963
1816
1643
1675
1707
1684
1650
2231
1989
1945
1907
2033
1867
2404
2575
2475
2349
2419
1420
1793
1884
1726
789
1531
1743
1172
1834
1297
1278
2416
2839
2388
1980
1567
1339
1778
1970
2204
1496
2350
1715
1760
1738
1875
1985
1696
1961
1971
1714
1843
3062
2996
1992
3553
2553
1549
2488
1489
1311
1144
1376
872
1219
1776
2204
2053
1509
2347
2440
2558
2909
1905
2354
2392
1934
2243
2673
2432
2724
1726
1711
1004
1945
1373
1624
2232
1232
794
862
1428
2032
1044
1617
1233
2976
3173
3775
2772
1770
2035
2192
3294
3108
2110
1945
2100
2014
2037
2154
2328
2537
2455
2494
2367
2882
2318
2785
2966
2894
1896
1806
2381
2473
2384
1386
1722
1663
1485
1203
1538
1071
1257
2011
2245
2860
2194
2191
2237
2036
1570
916
1150
958
845
1502
1321
1538
1838
1885
2837
2637
2611
1609
2426
1937
2345
2697
1695
2267
2724
1724
2505
2543
1968
2505
2413
2332
3498
2500
2803
2288
2210
2277
2303
2346
1794
1785
1574
2533
2299
2558
2577
2283
2431
2329
1324
1565
1623
1406
1462
1659
1780
1443
1649
1010
1725
1708
1852
2201
2379
2725
2692
2823
2693
1691
1960
2148
2336
3039
2363
2247
2522
2440
2691
1839
1744
2252
1651
1839
2055
2098
1483
483
1009
2167
1954
1755
2175
2865
1865
2485
1935
1884
2475
2448
1833
1548
2023
1679
1356
1904
936
1001
1625
1644
1413
882
1404
1098
1456
1070
1085
1445
1063
1334
2379
1754
1807
2520
3437
2441
1975
2399
2458
1869
1965
2108
2474
2105
2614
2090
2820
1822
3447
2448
2426
3174
2578
2243
3564
2559
1563
2163
2065
2828
2401
2430
2287
2717
2692
2984
2336
3107
2794
2817
3227
3429
2430
2460
2794
2344
3119
2891
2989
1986
1969
2166
1165
2432
2333
2439
2246
3687
2688
2206
2378
1984
1561
2168
1580
2295
1718
1675
2009
2017
1820
2246
2398
1960
2018
2586
1980
1924
2826
1824
2376
2883
1877
2702
2335
2690
2488
1867
2267
1268
1355
1935
1155
1764
2101
2684
2499
2475
1853
1921
1719
2057
2573
2894
1894
2259
1895
1946
2245
2549
2011
2384
2562
2453
2663
2429
2237
1872
2338
1731
1697
1606
2126
1899
1950
2266
2077
2078
1078
2035
1478
1882
2380
2464
1827
1974
1856
1934
1890
1759
2296
2548
3071
2906
2310
1764
2693
1692
2164
2565
1960
3230
2231
1755
1517
1961
1540
2273
2164
2983
2002
1478
2347
1810
2495
2033
1438
1284
2967
2404
1848
2336
1855
1457
2227
1815
1981
2553
1550
1532
2344
1776
1941
1390
2427
3898
3071
2073
1930
2435
1689
1817
2147
1932
1367
1533
2426
2611
2793
1794
1958
3338
3197
2195
2768
1768
1305
2446
2253
2053
3040
2042
2808
2394
2131
2113
3091
2326
2530
2504
2457
2459
2138
2725
2874
1874
1870
2386
1925
1874
2191
3026
2028
1385
1769
1796
2392
2780
1779
1230
1624
2434
2494
1930
1894
2383
2498
2205
2500
1899
2503
2103
2151
2377
2942
1945
1922
2147
1829
2317
2068
1641
2051
1853
2666
2105
2461
1459
2197
1786
1570
2004
1858
1815
2168
2429
2623
3244
2855
2024
2591
1979
1813
1562
2464
1463
1726
2138
1896
2123
2200
2648
2072
2221
2734
1735
1772
2108
2302
1739
2109
2742
2171
2493
2893
2416
1842
2241
2228
1773
2225
2606
2156
2336
1824
1263
1184
2116
1907
1725
2802
2531
2451
1908
1853
1823
1852
2450
2705
1697
2280
2042
2253
3514
3541
4377
3380
2380
1380
1615
1773
1788
1827
2195
2582
2241
2220
2488
2304
2310
1844
1658
2817
2548
1993
2754
2352
2284
2316
2291
2263
2420
2401
2486
1902
2117
1554
1604
1693
1840
2335
1718
2489
1881
2248
1867
1742
2305
2082
2477
2083
1732
1757
2332
2208
3001
2394
2278
3232
2228
1769
1553
1751
1750
2438
1873
2145
2568
2069
3111
2114
1586
2168
1339
2095
2169
1580
2074
1527
2053
2209
1641
2203
2093
1413
1806
2314
1314
1061
1501
1330
1819
2374
1819
2407
2427
1429
2523
1522
2297
1294
1749
1924
2537
2103
1535
1738
1929
2028
1959
1391
1621
1684
2005
2187
2252
2425
1941
1930
2746
3155
2156
1582
2075
1506
2320
1962
2287
3126
2127
1559
1935
1508
1704
1556
1456
1436
1754
1952
1823
1966
1433
2184
1749
1640
2086
1593
2700
1700
1511
1380
1825
2707
2108
1574
2166
1978
2340
2589
2696
1724
2207
1218
1935
1873
1665
2456
1889
1903
2986
2603
2012
2148
2463
2149
2460
2313
2433
2234
2396
2428
2203
1880
1302
1181
2450
2687
2090
2443
2217
2567
2533
1965
1468
2010
1806
2089
2739
1738
2516
2970
1971
1923
1770
1514
1490
2443
1776
1228
2198
1579
2111
1937
3237
2240
1649
2040
1976
1769
2001
2475
1906
1915
2820
1826
2351
3792
2617
2171
1752
1926
2877
2322
2360
1793
1934
2310
1713
1717
2085
1516
2976
2190
1922
2265
2140
2006
1513
1676
2448
2322
2353
1846
2324
1838
1876
2100
2407
2519
2121
3948
2949
1949
1359
1309
1765
2346
1849
2406
2369
1957
1699
1762
2201
1620
2552
1941
2283
2524
2460
1803
2436
1939
2454
1787
2612
2013
2304
1745
2132
1306
1838
2547
1973
2337
2201
2315
2193
2181
2127
1545
1593
1516
2013
1999
2737
2589
2006
2311
2169
2109
2013
2714
1714
1762
2000
1537
1939
1752
2010
1454
1590
2221
2627
2488
1914
1327
1755
2157
2748
2537
2515
1519
1672
2887
1886
1409
2089
2714
2129
2464
2908
2316
2300
1727
1687
2236
1679
2235
2151
1552
1859
2038
2002
1001
1351
2527
1936
2653
2173
2296
1843
1314
2160
2569
2276
2377
2247
2040
2261
2450
2460
1460
1972
1776
2523
2160
2443
1904
2462
3163
2166
1396
1574
2038
2312
2690
1691
1326
1205
2325
1852
3299
2300
2568
1569
2423
2383
1383
1771
2679
2016
1927
1298
2032
2621
1624
2156
2310
1713
2098
1579
2523
2384
2244
2377
1378
1924
2505
2295
1773
1368
2796
2697
2572
1573
1413
1776
2237
2403
1831
2632
2046
2462
1471
2079
1798
2426
1510
1879
882
694
1026
1936
1610
1607
2072
1071
1726
2044
2365
2780
2118
1115
1159
1661
1619
2430
1825
826
1415
1334
1215
1559
1635
1082
1612
1584
1534
1754
1099
515
963
1024
1241
1582
966
1096
1145
1177
1052
956
945
1010
1161
1398
1078
1154
1120
1337
1349
2194
1601
1038
848
1192
2326
1609
1895
1538
1760
1592
1750
1236
1100
1721
1742
1258
932
1019
1316
1069
1526
1101
799
1455
801
978
1073
1080
1152
1379
1226
1658
1087
1339
1884
2156
1155
1571
1479
1732
1816
2153
2139
1139
1203
1690
860
988
1651
1311
686
1435
1816
1769
767
1277
1328
1246
2140
2478
1913
1492
1255
2523
2834
2361
1749
2056
1059
889
1776
1961
1832
2028
2100
1090
1234
1654
2094
1547
1859
1493
504
753
963
1550
1182
880
1240
1566
1898
1865
1864
1678
1728
1527
1533
1538
1300
970
754
1014
1131
1900
2653
2786
1786
1995
2591
2430
2549
2465
2355
1896
2000
1795
2456
2111
1760
2142
2097
2040
1483
2409
1807
1727
2380
2429
1863
1622
1365
757
1430
2017
1908
1816
1787
2073
1758
1706
1800
2489
2397
2632
2154
2639
2565
1565
1414
1803
1359
1293
1877
1232
776
1137
1554
1959
981
795
917
966
1347
1776
1112
995
1303
1144
1615
1191
789
2848
1845
1788
2292
1735
2317
2575
2268
1653
2316
2698
1696
2528
1953
2481
1852
1843
1823
2104
2467
2364
1920
1721
1900
1434
1889
2557
1981
2033
2832
2999
2001
2025
1925
1725
1781
3042
3595
2593
1586
1427
1965
1474
1363
1168
1472
1550
2804
1805
2174
1175
1237
1203
1042
1412
1652
1603
1342
1139
1611
1274
518
676
1131
1223
1105
1806
1199
752
2524
2661
1663
1617
1341
987
2203
2023
2102
3569
2573
2009
2490
1951
1694
998
2692
1695
1901
1398
1078
881
929
1869
2144
1897
2239
2370
2601
2001
1653
1928
1913
1302
1229
1746
2320
2205
2164
2044
2298
2529
2448
2338
2341
2332
2284
2721
1723
1562
2470
1841
1551
1777
1815
2092
2374
3529
2532
2556
2443
1880
2043
1897
2369
2418
1421
1960
1990
1778
2007
2028
1957
957
1598
2450
2366
2421
1868
2130
2451
2276
1767
1857
1516
1997
1691
1067
1559
1478
2137
2051
2372
1371
2224
2004
2415
2111
1110
1880
1773
1954
1717
1693
1056
978
877
2801
2227
1548
848
2488
2574
2993
2865
1692
2255
1797
2197
2553
2030
2022
1529
1916
2629
1629
2058
1563
2313
1376
1783
2554
1924
2044
2360
1810
2656
1656
1775
2457
1458
2288
1290
1616
2551
1552
1184
2057
2303
2472
2521
1920
1451
1803
3109
2108
2423
1797
2733
2935
2584
1566
2514
1511
2082
2559
1557
2310
2243
2721
1721
1832
2718
2196
1680
1768
2112
2058
1682
2262
2335
1823
2182
2807
3081
2750
2211
1896
1850
2035
1880
2079
1881
1673
1760
1994
2405
1961
1813
1706
1799
1875
2055
1754
1499
1455
1952
2202
1766
2307
1309
1961
2137
2303
2142
2438
2751
1748
1469
1667
1948
1880
2162
1679
1752
1590
2820
2729
1729
2531
2940
1939
2292
2401
2242
3245
2238
2733
3247
2870
2046
2659
1659
2477
3402
2402
2186
3031
2031
2745
1741
2153
2714
1714
2340
3065
2067
2705
2945
3854
2855
3127
2128
1128
1772
2520
1523
2129
3186
2190
1836
1929
3558
2583
2778
1778
2452
1451
2491
4115
3119
2117
2386
3347
2346
2418
3068
2068
2778
1778
2072
2464
3250
2246
1848
3259
2260
2731
3335
2335
3552
2377
3467
2413
2333
2269
2937
1935
2536
2888
3200
3139
2136
2151
2226
1876
3509
2508
3166
2166
3026
2028
2584
2443
2390
2231
2871
2634
1632
2071
2327
2382
2010
1183
1805
2951
2359
2209
2648
2600
2667
3048
2998
1998
2814
1814
1685
3029
2026
2608
2986
2559
2421
2415
3104
3620
3062
2060
1972
1963
2507
2804
1804
2174
1420
2607
3250
2245
1677
2225
2961
2813
2319
2548
3307
3948
2942
2519
2320
2127
2641
2578
2129
3698
3759
3187
2187
3373
2369
3516
3618
2619
3556
2553
3206
2377
2527
2875
2406
1409
1671
1278
1406
2129
1791
1722
1874
1843
1293
1093
3494
2497
3583
2584
2804
3207
2208
3154
3408
3295
2294
2991
1992
993
3194
2463
2512
2798
3650
4016
3019
3047
3336
3366
2367
2681
1677
2504
1466
2280
2118
3589
3698
2696
1699
3239
2239
2519
2558
2649
3123
2125
1865
3503
2502
1502
2066
2647
3231
2232
3147
2145
2722
3907
2905
1908
3191
2192
2627
1628
2474
1474
2465
2926
1923
2501
3838
2840
3404
2406
2766
2993
2962
1957
1807
2634
1635
2951
2714
3515
2515
2991
3650
2649
3087
3302
2302
1303
2302
2545
2721
3109
2102
2987
3431
2432
2904
3485
2486
3284
2284
2466
2419
1419
2091
2415
1412
2175
1986
2984
2843
3398
3042
3637
2635
3236
2237
2961
1961
1937
1919
3444
2444
2455
2427
2514
3362
2360
2056
2767
3444
2443
3254
4166
3165
3101
2102
2159
2300
1986
2710
2167
2686
1688
2487
1486
3578
2577
2392
1391
1890
1961
2676
2118
1658
1970
1802
2017
2482
2796
2274
1645
1706
1963
1995
2558
2473
2392
2743
3376
2205
2708
2782
3122
3075
2070
2547
3235
2233
2538
2765
3415
2416
3180
2985
3380
2374
2155
1596
1735
3435
2435
1438
1876
2126
1700
1562
929
1059
1322
1188
2402
1577
1694
2131
1956
1799
1912
3046
2044
1929
1960
1465
1083
2994
1993
1096
613
2853
2506
2785
2145
2286
2472
2133
2171
1659
2293
2231
1607
1770
1689
1213
2470
2040
2679
2917
2132
2216
2791
2683
2345
2333
1331
2388
2853
2277
2469
1813
2726
1727
2052
2848
1847
2575
2286
2759
1755
2424
2195
2183
3138
3644
3261
2407
3320
2317
3585
2585
2059
2142
1142
1399
1927
2528
3197
2198
2184
2450
2462
2573
4535
3530
2532
2983
2652
3363
2361
2686
2703
2181
1177
1826
1978
1846
2024
2620
3721
2722
1721
2105
2390
2405
3285
2707
1707
2724
3440
3062
2062
2510
2411
1846
2387
1830
1847
1741
1610
970
1230
641
855
960
912
2422
2248
2786
3508
3390
2816
2233
2160
2160
2472
2810
3508
2508
1933
2184
1178
1612
1855
1416
1128
1514
937
982
1115
1303
1339
1086
941
1194
1172
1909
910
813
790
1272
706
702
1771
3411
3348
2352
2016
1018
1279
1566
1655
901
3144
2575
1575
2193
1936
1579
1970
1394
1423
1356
1076
1988
1852
1481
1871
868
1169
1083
1783
1660
1370
1366
1228
982
1480
1474
2268
2152
1953
952
1180
1535
536
1364
871
977
924
2490
2242
2303
2656
1657
2068
1487
1408
1896
2129
2400
3021
4315
3319
2315
3103
2103
3255
2259
2745
2721
1725
3296
2296
3306
2308
2539
3523
2526
1528
2454
3624
2625
3030
2030
2595
3240
3469
2466
3182
2592
2881
3331
2329
2720
1693
1786
2453
2725
1729
2815
3111
2114
3068
2069
1068
1401
2091
2261
2160
2416
3108
3415
2417
2839
3012
3065
2779
2614
3188
2189
1639
1406
1524
1223
618
835
988
1288
2186
2298
2418
3263
2743
1744
3259
3470
3702
2703
2093
2079
3004
2885
2865
3460
4139
3137
2137
3064
2065
2226
3385
2378
3161
2334
2717
1721
2449
1450
2362
2760
3283
3543
2546
3888
3330
3408
2408
2957
2817
3020
2016
2324
2314
2516
1519
3069
3409
2411
2529
2709
3027
3312
3798
2625
1799
3772
2772
1773
1601
1505
2768
1770
2848
1855
2434
3269
3002
2004
2009
2267
2532
1533
1577
3150
2501
1502
2142
2568
1562
2291
3105
4515
3513
2515
2967
2140
2461
2554
3152
4174
3176
2177
2155
2182
2045
2179
2094
2180
2027
1030
1967
2355
2272
2726
3189
2191
3575
2577
3415
3254
2254
2792
2231
2729
3566
2392
3233
2231
3498
2499
3150
2146
2145
2103
2058
1850
3091
2093
3025
3469
2470
3527
2528
2552
3133
3012
2014
2121
1119
2421
2916
3419
2420
2353
2177
2622
2612
3099
3455
2451
2925
1926
3000
3452
2448
3557
2560
1558
2887
1888
2364
2565
2242
2412
3624
2626
2977
3047
2051
2890
1891
1907
2131
1922
1441
3361
2360
3572
2747
3816
2817
1819
1840
1795
1276
1104
1136
1809
1814
1264
1555
1342
1656
1780
782
849
1142
1272
676
805
646
2238
1241
1687
2141
2126
2155
2409
2234
2727
3087
2085
2040
3484
2484
2387
3219
2220
2980
2545
3033
2032
3326
2328
3663
3360
2358
1794
2132
2585
2596
2734
2632
1627
1826
1816
2832
2285
2430
2360
2037
2191
2044
1849
2169
2549
2513
2523
1521
1509
1306
2146
2441
2708
2145
2197
2418
3344
3072
3463
3195
2194
3102
3629
2627
3031
2625
2482
2460
3590
2416
3239
4252
3256
2251
2684
1684
2099
2091
2004
2437
1437
3459
2459
3003
3452
2451
2786
1789
2452
3960
2963
3035
2035
2620
2940
3553
2553
3492
2496
1494
1796
2553
3584
2584
2374
2741
3321
3254
2254
3997
2999
1998
2067
2228
1229
1476
2606
1608
2163
3199
2197
2676
1678
1759
2760
1764
2714
1714
1889
3345
2342
2272
1444
1390
1735
2050
2408
2361
3037
3382
2382
2654
2631
1625
1622
2174
3321
2322
3442
2446
1447
1374
1328
2182
2791
3333
2333
2840
1838
2708
3088
2086
2800
1975
2929
1926
2543
2554
3197
3555
2554
3491
2489
2471
2744
1743
1677
1740
2293
3400
2399
2810
2645
1646
2593
3264
2258
2597
2508
2444
2341
2815
1811
2670
1844
4220
3219
2219
2414
3545
2540
1542
1761
2373
2653
1674
3093
2092
2559
3073
2074
3171
2170
3050
2049
2379
2259
2645
1646
1960
2525
3468
4506
3509
4191
3365
2366
2841
1810
2087
2320
2786
3343
2341
3176
4031
3030
2032
2521
2411
3572
2571
3559
2560
2383
2421
2220
2666
3913
2916
1914
2470
3111
2109
2007
2742
1909
2133
3002
2007
2393
2439
2384
2248
2391
3151
2154
3291
2295
3090
2087
3072
2071
2630
2447
1449
2335
2601
2475
3026
2077
3083
2089
2654
3542
2545
1369
2588
3434
2433
2868
1867
2987
1988
1890
1845
2634
3042
2038
3394
2395
2727
2677
3860
2861
3554
2555
2362
1360
3215
2217
2265
2101
2092
2251
2320
2608
3242
4589
3590
2590
3396
2394
2513
2485
3378
3922
2924
1922
2740
1740
1631
2043
2121
1958
2933
1935
2509
3613
3524
2519
2889
2877
2727
1730
3073
2075
2722
2916
3380
2379
2404
2972
1974
2254
3422
2424
3278
2280
2746
1748
2555
3045
2069
2418
3316
2312
3634
2631
1629
2647
2447
2799
1802
1854
1963
1874
3607
2608
3068
2314
2172
2041
2118
1117
2157
1156
1856
1311
2975
1972
2662
4311
3313
3667
2670
3319
2321
1320
2970
4167
3164
2166
2628
1631
2348
2611
1609
1402
1334
2162
2479
2398
2522
2370
2341
2824
1824
2866
3458
2459
2925
2415
2872
2277
2205
3106
3042
3179
2179
3037
2039
1936
2093
2506
1507
2854
1851
2763
3517
2518
2864
2036
1874
2297
2337
3366
2363
2077
2875
1877
2579
3395
3193
2195
2000
3122
3064
3348
2685
2207
2171
1173
1227
2820
2854
2651
1652
3187
2188
2789
4172
3001
2172
2972
1975
3120
2122
2232
2739
1737
2102
3112
3121
2097
2017
2258
1638
1642
1589
2364
2337
3913
2929
1925
3031
2031
1900
3108
2913
1915
3141
2141
1956
2281
2120
2922
1923
2539
3169
3602
2602
2690
2630
1633
2152
2672
1671
2882
2891
2574
2372
2530
1526
2760
2651
2167
3140
2378
2535
2586
1975
1725
1803
2224
2315
1854
2051
2380
2126
2124
2209
2246
1248
2561
2499
2452
2271
2409
2763
1762
2482
1897
2114
1117
2380
2415
3711
2709
3937
2937
1919
2838
1843
2253
2854
3510
2512
3370
2371
2799
3452
2454
2759
3619
2618
1620
2231
2251
2099
2803
2659
2666
1665
1709
2100
1616
1928
2585
3192
2192
3264
2261
2793
3641
2641
1462
2028
2049
2736
3535
3083
2085
1900
2436
2760
1757
3071
2662
2650
2837
2966
2807
3145
2958
2902
1904
3065
3289
2286
3523
2959
1959
2458
3898
2896
2267
2845
2016
2298
2299
1745
2314
2185
3218
2220
2363
3158
2163
2757
3169
2168
3113
2116
2602
3146
2146
2483
2372
3515
2891
1893
1895
3273
2275
2119
2463
1465
2110
3737
2740
3302
2300
2833
1835
2279
2594
2988
1990
2264
2141
2316
2900
3570
4123
3117
4181
3186
2184
2615
2527
1527
1312
2654
2461
2622
3193
2188
2545
1370
3067
2070
2225
3047
3165
2170
1972
1792
2385
2670
2796
3260
2265
2142
1138
1591
2132
2076
1913
1792
2486
1487
2873
1868
2531
2755
3880
2882
3951
2952
1777
1805
1751
2549
1549
1927
2308
1829
2233
2402
3267
2727
2849
2751
1753
2276
2382
2533
3332
2872
3238
3427
2425
2443
2864
2450
3006
3124
3561
2560
2621
3836
3100
2103
2589
1589
2158
2826
1826
2372
4443
3443
2445
2770
3291
2292
2542
1544
2475
3458
3338
2341
4323
3322
2320
3546
2548
2572
2697
1697
3177
2177
1860
2557
1560
2484
1485
1794
2468
2336
3156
2159
2220
2053
2584
2461
4791
3793
2792
3917
2916
1915
2284
2952
1951
2577
1577
1630
2380
2480
2353
2851
1852
1933
3009
2009
2585
2473
3143
2144
3185
2186
2608
1606
3677
2676
1676
2454
2634
1640
2532
3140
2141
2966
1967
2248
3023
2023
2748
1748
2934
1933
2532
3206
3804
3037
2049
2462
1464
2850
3173
2175
1992
1840
2608
1607
2222
3206
2206
3126
2129
2654
1656
2285
2296
1290
1785
1777
2627
1631
3405
2406
3014
1992
1893
2396
3421
2420
2735
3207
3732
2733
2615
2794
2610
1611
1824
1970
3511
2511
3241
3807
2812
1810
2750
1751
3880
2879
1882
2122
2852
1855
2231
3411
2413
3240
2629
3011
2012
1812
3191
2183
2165
2286
2733
2548
3220
2221
2304
2073
2379
1380
2500
2818
1821
2572
2730
2613
1607
2703
1702
2656
2670
2684
2802
3157
3244
2073
3249
4106
3106
2101
2397
2399
1400
2173
2657
3082
3811
2813
1814
2086
2409
2209
2191
3367
2362
1366
2294
2247
2329
3010
2012
2324
3318
2319
2193
2135
2020
2464
1462
2827
3027
3602
2605
1606
2053
2032
3176
2173
2787
1785
1935
2171
2139
2099
2699
2960
2902
1902
2946
3057
2057
2628
3114
2115
3196
2199
2328
2113
3242
2242
3999
3373
2374
1814
2781
1782
1557
3121
2124
2459
2479
2812
3238
3264
2989
2386
1389
1449
3651
3478
2480
3696
3771
2768
3144
2654
2944
2358
2004
1856
1781
1823
1964
2392
2025
1946
2111
1732
1719
1876
1804
2247
1754
1875
1854
1788
1927
2009
1947
2049
2116
3285
3222
2214
2220
2055
2629
2885
2265
1914
2045
1959
3321
3054
2055
2662
1657
2179
2417
2903
3951
2956
3469
2470
2334
2572
1575
2071
2396
2884
1881
2382
3380
2381
3057
3541
2542
3571
2574
3174
1938
2518
2932
1930
3451
2451
1469
2356
3203
2203
2688
1689
3329
2329
3074
2076
2520
3589
2590
1588
2476
1475
3878
2879
3255
2252
2722
3442
2440
3207
2217
2855
2099
2560
1562
2033
2352
1899
1944
2662
3249
2251
2330
2586
3230
4354
3323
2353
2876
3029
3291
3809
2810
1808
2448
3210
3906
2904
1902
1971
2715
2100
1904
2360
2833
1835
1736
2416
2839
3227
2228
2245
2121
1899
1953
2235
2544
3048
3147
2149
2762
3310
2326
2362
2480
2400
2216
2011
1913
2835
2967
3423
2825
2613
2741
1743
2823
1827
3032
3398
3709
2708
3080
2080
2358
2959
1961
3063
2955
3607
3832
2813
1797
2291
2428
2034
2192
2615
2699
2622
2597
2371
2408
2733
1932
2493
2394
2222
2246
2047
1903
1965
2799
1800
1655
1693
1810
2025
1842
1557
1504
1581
1789
1738
1759
1780
2041
1767
1523
1790
1914
1830
1699
2198
2500
2154
1735
1686
1823
2328
1700
1888
2301
2251
2538
2149
2036
2029
1926
1952
2029
2096
2801
2786
1837
2519
2629
2920
2404
1405
1586
1777
2075
1863
1801
1932
2282
1460
1545
1488
1730
1697
1611
1874
1596
1530
2054
2970
1973
1760
2445
2259
2991
2603
1960
1715
1803
2328
1644
1682
2783
1779
3094
2094
3922
2924
3478
2305
3942
2947
4335
3335
2335
3857
2861
3822
2824
4690
3687
2680
4134
3138
3579
2635
1636
2605
1602
3061
2061
2769
1774
2316
3522
2523
1523
2964
1937
3255
2064
1248
1463
1642
2918
1920
3732
2730
1729
2539
4603
3601
2601
1602
2767
1765
2528
1530
1645
1834
833
1996
1909
2503
2405
2843
3770
2767
3007
2007
2632
4062
3236
2235
2689
4326
3325
2326
1321
2384
1385
1857
2156
2352
2362
2562
2654
3157
2159
2534
2404
2607
2840
3538
3886
2914
1913
2844
2857
1858
2492
3004
1831
2062
1938
2551
3192
2193
3001
2002
2332
2778
1775
2142
2491
2617
2445
2452
3036
3681
2684
2555
1559
1871
2238
3265
2267
2217
2203
2110
2243
1243
2279
2039
1219
2457
2366
2271
2696
2487
1488
2869
1868
3889
2892
2993
1989
2973
2812
1812
2690
3366
2367
1366
2736
1738
2576
3584
3417
2422
2481
1481
2007
2242
1874
2371
1373
2387
3099
2078
1920
3048
2048
1939
2074
2795
1795
1963
1786
2858
1854
1683
2058
3313
2311
2972
3437
2433
2861
1862
1853
1787
2555
2973
2894
1644
2008
2629
3191
2192
3948
2931
1920
3782
2781
1783
2069
2236
2046
2105
2099
1972
2786
3199
2957
2800
1796
2500
2518
2896
2311
2747
2683
3500
2620
1643
1803
1326
1934
2451
2464
2102
1701
1592
1672
1952
1835
1788
2432
1828
1688
1904
1630
2480
1857
2381
1995
2393
2316
2662
1667
1619
2065
2569
2597
2523
3087
3020
3362
2365
2789
2500
3240
2240
2338
1918
2865
3033
3004
2005
1831
2470
2842
1844
2304
2130
3487
2486
3018
4091
3090
2801
2944
2889
3066
3388
2386
3043
2406
1581
1623
2904
1903
1821
3436
3262
2264
2402
2911
1914
1710
2555
2467
1466
2383
2102
2151
2335
2175
2248
2440
2279
3336
2336
2140
2052
1936
1830
1823
2360
1531
2545
3186
2186
3366
2362
2491
3098
2098
2416
2933
2833
2942
1940
3297
2296
3025
2889
1860
2813
2732
2635
2513
2402
2370
1681
2123
1983
983
1125
1177
1568
1242
1533
1415
1047
920
2159
1681
2011
2290
2285
1288
1248
2376
2708
1708
2342
1345
1339
1537
1261
2271
2264
1500
1807
1741
1095
905
1074
1457
1587
1377
1160
1690
1712
1425
1587
591
733
1097
980
1347
1621
1415
1369
966
1249
935
832
610
2017
1888
1592
1360
1115
1149
2048
2108
1502
1726
1393
1606
2086
2647
2015
1016
1112
1215
2259
2523
2157
3191
2642
3199
2200
1716
2350
3269
2268
1272
1330
1225
1238
1630
1100
1097
1421
1485
1555
1230
1321
1146
965
1455
1514
1356
1071
1276
912
1086
1020
1150
1058
1728
1771
1251
1506
1115
1725
1661
1072
939
1495
1111
829
1448
1564
559
1369
1469
1804
1475
1423
1466
640
1330
1398
1477
1518
1095
844
1554
1516
1399
1446
838
1450
1136
574
1278
1552
1548
705
892
1423
689
1640
1664
1869
1511
594
1513
1668
1692
1319
1221
1274
1151
1158
951
844
975
1368
1494
1648
1133
1716
1093
1051
1653
1667
982
692
1253
1305
1396
1382
1432
2046
1102
1132
1210
1140
822
904
1372
2031
1032
1260
1188
1340
2029
1503
774
889
1129
1563
1598
1401
1575
1713
1148
1629
1404
1830
1328
1392
1384
1423
1458
1636
1049
988
483
2247
2611
2516
2957
2366
1371
1106
1298
1367
1594
1599
1641
1783
1497
2016
1015
1342
1106
799
1591
1485
2024
1024
1099
1158
1231
724
1420
1064
1243
1702
1134
1531
1450
1455
1107
1101
1285
1471
1679
680
1723
1102
949
1262
1835
880
602
1201
1532
1716
1598
1764
1174
1094
1253
1619
1560
1357
2311
2158
1964
2498
2323
2215
2618
2008
3098
3350
3384
2785
2769
3154
2584
1585
2529
1910
953
1116
1578
1363
1342
1635
1160
1010
1208
922
1484
785
546
2442
2545
2511
2186
2146
2321
1888
2453
1454
1559
2410
2932
2627
2466
1935
2213
1211
887
1465
2002
1898
2053
2065
2339
2855
2723
2538
2076
2104
1888
2435
2796
1798
2512
2960
2768
2032
2466
2105
2702
2747
1911
1922
1980
1419
2436
1840
2623
1983
4247
3243
2934
2446
2297
2174
1178
2369
2630
3443
2881
1882
2675
2053
1897
2077
2557
1558
2392
3537
3155
2159
2878
3418
2662
2635
1638
3054
2052
2529
2336
2533
1533
2444
3071
2466
1465
1279
2327
2199
1200
3327
2325
3203
2200
2573
2516
3008
2916
2833
3048
2050
2346
2919
3047
2049
2702
3095
2088
3417
2421
2877
1877
2556
3438
2436
3037
2039
2173
3424
2427
2640
2806
3241
2238
1240
1935
2204
2353
2245
2253
1427
1521
2355
1811
1890
2293
2498
1697
2826
1888
2002
1878
1511
2040
2049
2530
2302
1733
2106
1636
1474
1249
1056
1461
1578
2237
2951
2388
1384
3006
3233
2410
3148
2145
1858
1769
1702
2076
3114
2116
1116
1978
1815
2165
2324
1998
2054
1818
2004
1857
1895
1893
1676
2340
2187
1993
2650
2026
1877
3146
2530
1894
2376
3252
2701
3019
2020
2486
2431
1795
1697
1939
1319
1067
1770
1467
1522
1465
963
1059
1633
2119
2678
2103
2553
2203
1200
950
2760
2336
1367
2311
2466
1643
2296
3467
2467
2664
1640
1599
2876
1877
2273
2144
2291
2619
1619
2008
2350
2915
2893
2410
2901
2441
1992
2489
2930
2377
2293
1836
2397
1946
2364
1751
1280
1529
1248
2353
1909
2491
2032
2565
2069
1957
1925
1877
1839
1343
2368
2398
3164
2719
2281
1465
1880
2233
1752
2194
2056
2536
3091
2831
3007
3407
3147
2403
2234
2426
3084
2405
2591
2668
2516
2800
2967
1969
1949
2062
2229
2202
2309
1973
1772
1543
2113
1614
1555
2436
1863
2258
2758
1758
2155
2249
2108
2823
3055
2474
1474
1611
1880
1268
2370
2796
3349
2348
2694
2229
3121
2122
1734
2670
1640
1474
2828
1824
2258
3271
2163
2864
2513
1510
1814
2618
2594
1993
1865
2027
2280
1281
2441
2211
1212
827
1718
1116
2550
2286
3405
3402
3557
2556
2746
1733
2136
1137
2339
1341
2616
3346
2345
2379
2576
1853
1908
1735
1780
1307
1634
2818
2934
3277
2277
2143
2701
2162
2019
1959
3011
2451
1451
1809
2209
1725
2166
2590
2592
2978
1979
1940
2571
2829
2224
2467
3167
2167
2759
3977
2800
1971
2941
1936
3064
2066
2482
2306
1309
1248
1730
1639
1411
1991
2917
2713
2210
2852
2829
2877
2444
2354
1351
2684
1684
2051
1981
2582
1953
2107
2040
2203
1758
2502
2592
2600
2594
2295
3111
2545
2664
2688
2830
3049
2049
2744
1744
3098
2699
2652
2572
2529
3339
2342
2971
3956
2956
1927
2219
2536
2372
2672
1497
2210
2341
2620
2842
3057
2089
2845
1850
1694
3129
2983
1984
2663
2000
2162
2123
1975
2318
1847
1523
1804
1910
1917
3028
2409
2408
2327
2911
1908
2569
2727
1900
3054
2053
2883
2537
2413
2233
1660
1736
2160
1161
1419
657
2549
2431
3120
2804
3087
2484
1484
1976
1927
1775
2007
2076
2544
2900
1901
3057
2860
2749
2959
1956
2555
2169
2873
2727
2889
3136
2113
2247
2442
3252
2613
3827
2798
2834
2647
2396
2563
2022
2599
1599
1555
1500
2245
2161
2239
2053
2023
1979
1839
1668
1085
1463
2176
1594
2773
2440
1346
2015
1489
1796
1728
2171
1867
2273
1929
1884
1875
1848
2425
2170
2120
2214
2709
2834
2202
1930
1786
2078
1942
863
2193
2330
1935
2185
1660
1926
2203
2932
2654
1654
2512
2419
2864
2654
2115
1798
1551
1920
1831
1959
2064
1992
2144
1677
2247
2357
2051
1978
1705
2019
1451
1802
2194
1646
1832
2647
2728
2092
2661
1662
2492
1486
1638
2807
1772
2470
2507
2638
2998
1999
2036
1733
3025
2974
1975
3094
2098
3003
1999
2500
1886
1564
1840
2701
1706
1807
1550
1755
1743
1934
1706
2352
2163
1856
1576
2367
2588
1591
2428
2600
2441
2189
2490
2259
3371
2335
1369
2249
1575
1877
2018
2112
1491
1676
1762
1806
2343
1985
1978
1787
2190
1188
1806
1732
1905
2409
2283
1781
1614
1624
1754
2085
1902
1740
1363
2250
1901
1718
1781
1757
1840
1794
1529
3156
2364
2105
2743
2485
2428
2486
1435
2435
2320
2208
2468
2420
2392
2877
3040
2031
2759
2505
2471
2957
2347
1747
1346
1773
1857
1862
1837
1868
2558
1556
1379
2605
2161
1931
1769
2056
1803
1715
2025
1820
1896
1836
2086
2036
1818
1617
2359
1622
2065
1606
1432
2260
2075
2414
2463
1815
1702
1573
1528
1760
2091
1288
2024
1734
2343
1967
1873
1715
1726
1771
2024
1644
2745
2627
1624
2520
1522
1931
2822
2238
2961
2813
2893
1891
2939
1934
1774
2558
1558
1971
2358
3173
3043
2219
2566
3089
2090
2152
2906
2444
2969
2741
3098
2956
1926
3030
2035
2361
2225
2222
2397
1398
2758
1759
1632
2472
1469
1895
2547
3567
2572
1916
2877
2888
2062
3070
3354
2351
2411
2765
1764
2169
1965
2267
2227
2224
2768
2380
2307
2343
3068
2066
3190
2187
1187
3139
2138
2009
3068
3857
2890
1887
2186
2172
1862
2081
2332
3360
2357
2382
2514
3203
2205
2657
2088
1978
1870
2065
2288
2517
2980
1981
1774
2139
1974
2635
2008
2840
2442
3464
2464
2485
3352
2351
2759
2616
3084
2898
1899
1727
2558
2002
2496
2636
2414
3072
2569
2645
2981
1947
1912
2824
1824
3106
3227
2222
2008
2043
2240
2725
1725
2858
3518
2521
2387
2386
2152
1297
2319
2394
2577
2364
2264
2091
1856
2025
2104
1830
1834
1850
2353
2785
2160
2235
1548
2005
2131
2285
2323
2249
2189
2217
1597
1707
1853
1644
1811
1587
1838
2835
1866
1822
2980
1979
2082
2311
2576
2101
2193
2166
3220
2221
2184
2987
2878
1879
2185
3106
2070
1929
2968
2046
1871
2251
2436
2262
2285
2706
2731
2320
2695
2446
2426
1429
2373
1689
2387
1959
1607
1534
2415
2344
2636
2587
1586
1967
1707
1768
1847
2335
1728
1868
1643
2069
1910
1942
1844
1768
1963
2209
1585
1810
2462
3486
2488
1485
1496
2313
2524
2727
1728
3387
2387
2373
2321
2670
1668
1900
3338
2307
2381
2446
3055
2055
2917
1917
2426
2180
1755
2375
1886
2599
2478
2494
2817
1818
2353
2322
1789
1583
2625
1632
1314
1817
1332
1789
1674
2054
1749
1840
1734
2319
2045
1699
1859
1876
1792
1875
1599
1513
1619
2214
2276
1783
1951
2020
1828
1830
1948
1962
1986
1881
1734
2323
1811
2398
2621
3345
2346
2562
2592
1574
2751
3281
2283
2065
1946
2120
2664
1631
3514
2478
2196
1367
1583
1598
2447
2414
2398
2806
1806
1744
2846
1844
3220
3043
2049
2320
2837
3043
2423
2417
2369
2438
3201
2203
2737
2445
1977
2810
2449
2225
3152
2605
1779
1810
2059
1671
2840
3030
2032
3080
2458
1498
2345
2525
2747
1747
1622
2465
2680
2542
1516
2084
2261
3284
2933
3378
2380
1401
2408
2469
2237
1210
1864
2619
3403
2846
1847
2066
2785
3033
2034
2431
2544
2616
2368
3024
2024
2320
2502
1503
1632
2294
2400
2465
2363
2380
2315
2248
1281
1718
1154
1812
1668
1750
1960
1534
3246
2707
1738
2943
2608
2439
2460
1483
2432
2229
2460
2261
1850
2072
2410
1765
1973
1816
1835
1794
2062
1944
2292
1765
2428
2312
1695
1459
2108
2174
2160
2386
1962
1851
1586
1678
1738
1646
1633
1895
1659
1846
1695
2333
1890
1864
2096
1738
2434
1942
2244
1412
1814
1657
1841
1741
1889
1622
1811
1425
1765
2613
2055
2622
2292
1912
1936
2303
1898
1009
1665
2365
1825
1741
1817
2616
1616
1893
1580
1660
1715
1856
1967
1765
1782
1863
1804
1892
1779
1945
1849
2011
1842
1747
860
2125
1994
1887
1958
1642
1131
2173
2022
1904
1517
1823
1705
999
1351
1758
1973
974
1751
1833
2307
1994
1870
1890
1868
1665
1831
1742
1832
1806
1879
2008
1831
1697
1797
1784
1763
2289
2520
1517
2504
2488
1889
2162
2551
2288
2448
2410
2646
2429
1603
1918
2028
1886
1801
2429
2721
2023
2168
1879
2231
2374
2086
2212
2324
2359
1413
2360
2595
2696
1695
2147
1791
1786
1542
722
848
1900
1793
2334
1602
2166
2986
1984
1839
2749
2081
2372
2073
1694
1705
1614
2233
2205
1748
1824
2527
1562
2716
3293
2292
3904
2904
3617
2618
3163
2163
2847
3421
2421
3151
2152
3752
2754
3060
4087
3089
2090
1688
1879
3523
2698
3013
3161
2161
2510
3370
2346
3047
2044
2665
3249
2249
2289
2441
3097
2099
2571
2641
1637
2399
2577
1581
1704
1814
2322
1917
2214
2494
3116
3524
2348
2431
2973
1970
1836
1780
3397
3442
2445
1445
1659
2864
1863
2990
3316
2323
2524
2830
1854
1788
2140
3012
2012
2340
1338
1699
700
2155
2470
2297
1297
2243
2459
2442
2434
2320
2351
2236
2641
3006
3277
2279
3074
2073
2054
2071
2142
1145
1013
2401
1402
2294
2067
2006
2228
2255
2171
2028
2421
2422
2354
2292
2004
2563
2998
2028
2025
2023
2742
1770
3208
2210
3281
2278
2147
3039
3644
3444
2402
1445
1673
2714
2590
2975
1976
1779
2194
2174
2227
2160
1161
2213
2503
2721
2545
2527
2540
2974
4566
3581
2587
2035
2203
2524
3086
2084
3464
2499
1710
1641
3114
2352
2848
2635
2598
3034
2482
2031
2335
1856
2197
1928
2849
2722
2799
2916
1916
2525
1526
2758
1761
2340
2238
2618
2589
2436
2691
2652
2362
2644
3141
2909
1910
1691
2574
3062
2699
1703
1542
1329
1519
1868
1970
2593
1594
1481
1911
1933
1630
1776
1570
1768
1689
2192
2601
1598
1702
1664
1499
2189
1728
2156
2047
1746
1683
1881
1990
2123
1590
1689
2724
2558
3024
2961
2767
2468
2244
1421
2720
2777
2673
2664
2041
1700
1251
2000
1777
1761
1793
2223
1864
1854
1667
1681
2295
1929
2333
1726
2478
2380
2547
2847
2897
1894
2724
3198
2196
1731
1746
1276
671
1687
1704
1904
901
1011
1151
1687
973
1761
1523
1665
1184
1520
639
1957
1918
1965
963
1637
1729
1874
1703
760
1231
798
1864
2064
1848
1963
2261
2118
1947
2636
4120
3117
2518
1552
3251
2892
1887
2076
1815
1907
2110
3081
2479
1479
2111
1510
1399
1302
1114
1016
3612
2610
2105
2017
2204
2018
2570
3411
3055
2020
2478
1480
2034
1935
1910
3954
2954
1954
2416
3769
2805
2231
2054
2075
2134
2444
2734
1736
2114
2349
2557
2511
1479
2227
1228
1554
1451
1425
1133
1872
3387
2406
2906
2587
1586
1012
858
936
975
1747
1327
1100
1400
2207
2444
1812
1555
1358
1851
1596
1914
2101
1387
2182
1529
1737
2666
1939
2532
3094
2945
1946
1670
1788
787
1332
830
1471
1816
2219
1967
1734
2247
1698
2108
2247
1697
2327
1937
2371
2462
2238
2301
3310
2311
1842
2367
2228
1093
1239
2762
2444
2472
2440
2553
2671
2354
1353
1860
1747
2280
2967
1963
1737
2525
2074
1950
2466
2419
1415
2337
1335
1939
2336
2631
1633
2324
1325
1748
2573
2803
3705
2671
2400
1862
1837
2184
1619
2184
1875
1269
1341
1262
1551
1532
1273
1375
3068
2682
3018
2049
2487
2503
2396
1774
1774
1347
1880
3357
2362
1626
2200
1736
2147
1599
1717
1751
2132
1586
2107
2340
1863
3016
2905
1933
2083
1880
1818
2353
2451
1981
2117
2077
2013
2473
1991
2757
1758
1950
1382
2652
2601
3152
2122
2596
2449
2090
1529
1888
1943
2236
2114
2042
1647
1935
1865
1703
1934
1793
2168
1168
1531
1943
1492
1737
2309
1873
2605
2680
2077
2645
2080
2157
1738
2622
2012
2291
1818
1811
1626
1445
2100
2072
2212
2376
2776
2257
2103
2388
1815
1838
2192
2348
1773
2044
1928
1307
2024
1614
1529
1979
2362
1990
2487
2115
2138
1162
2404
2221
1841
2025
2572
2567
2383
1816
2165
1643
2354
1815
3114
2605
2948
2016
1456
2309
1810
2217
2019
2341
2151
3132
2685
2165
1905
1885
2663
1661
2220
1732
2702
2228
1760
2082
2147
1572
1491
2402
1810
2428
2463
1977
2554
1917
1566
2454
1925
2384
3397
2421
1417
1778
1725
2957
2380
2512
1795
1842
3138
2556
1559
2220
1646
2184
1857
2708
2082
1511
2073
2088
2097
1695
2743
2118
1150
1659
786
1690
852
925
1022
962
1268
1045
1106
1877
2169
1506
1892
922
741
1323
1440
1548
2169
2375
2472
2396
2460
1910
2542
1913
3495
2497
1887
1911
2369
2936
2437
2537
1536
2157
1732
2286
2223
2300
2561
1969
3198
2445
2019
1801
1819
2235
1802
1619
2718
2097
2191
2504
3212
3122
2125
1851
2732
2293
2391
2672
2065
2534
1564
2770
2125
2048
2507
2355
1900
1807
1537
2091
2163
1818
2178
2225
1725
2484
2630
2836
2663
1660
2521
1524
1732
1705
1655
1628
1604
1626
2141
1590
2552
2341
1718
1663
1939
2147
2276
3248
2247
2288
1686
1815
2356
2409
2172
2435
1439
1400
1227
1668
2353
3525
2526
3058
2059
2128
1537
1876
1715
2011
2139
1217
2693
1693
1737
1712
2390
2155
2296
2561
2683
2311
1511
2444
1936
1808
1893
1846
1817
2206
2088
2163
3076
2921
1957
1771
2539
2825
2668
1668
1735
2050
1612
2544
2116
1420
2290
1608
1847
1834
1847
2996
1822
1357
1772
2074
2409
2027
1943
2422
1985
1784
1632
1769
1710
2065
2347
1446
1559
1480
2227
2442
2982
2485
1942
2737
1735
2045
1972
2660
1662
2090
2184
3171
2344
2200
2047
2627
1624
1633
2081
2114
2247
2353
2472
2088
2271
1271
2051
2826
1825
2253
2340
1762
2389
2125
1995
2198
2567
2530
1968
3119
3361
2332
1499
1256
2483
1831
2431
2562
2264
2645
2233
2161
2140
1419
2598
2737
1738
2099
2574
2545
2307
1305
2199
1644
1028
3075
2552
2083
2474
1478
1930
2567
1552
1690
2107
2160
2020
2863
2286
2196
2003
1005
1815
1731
1064
1730
2061
1859
858
1225
2548
2536
2793
1836
2707
2521
1978
2308
2097
2106
2109
1933
2932
2332
2639
2645
1646
3009
2012
2642
2048
1700
2604
2509
2818
2157
1745
2129
2102
1901
2048
2050
1881
2346
1751
2479
1865
2217
2179
2649
1649
998
1551
2193
2105
2063
2147
1150
1201
2086
2105
2625
2665
2463
1462
1904
2198
2205
2079
1774
1829
1920
2096
1958
1601
1807
1980
2012
1852
1660
2176
2311
2064
2209
2563
2827
2800
1974
1388
2016
1324
1649
1706
1689
1695
2501
2424
2677
2235
2541
2058
2500
1501
1976
1997
3260
2230
2511
1954
2555
2512
2270
2054
1998
1371
1750
2652
1867
2274
2279
1745
1819
2098
1518
1437
1808
2972
2415
2363
2576
1577
1684
1241
2092
1626
2293
1322
2317
2789
1787
1818
2439
2569
2755
1752
1941
2596
2873
2081
2325
2125
1733
2003
1396
2485
1487
2906
2493
1920
1817
2051
1555
1370
1623
2182
1184
1400
2366
2628
2517
2000
1456
1837
2055
2415
1842
1621
2535
2600
1863
1570
2200
2132
2563
1564
1731
2726
1759
2491
2404
3114
2114
2043
1367
1923
1291
1746
2443
2455
1943
1724
2127
2328
2504
2247
2071
1477
2750
1773
2527
1754
2593
2713
1707
1082
1844
2727
2781
2152
2398
2873
1866
2309
2230
2053
1488
1869
1938
981
1560
1391
1726
2887
1889
2131
1658
1487
1874
3063
2064
2619
3115
2289
1704
2218
1989
2155
1667
1989
1697
1726
1799
1343
2806
3004
2004
1931
1401
1982
2161
2070
1074
1464
2761
1764
1956
1969
1430
2198
1829
2568
1983
1919
1622
1825
1698
1970
2375
2683
1683
1984
2568
2413
2452
1449
2250
1706
2691
3359
2360
1762
1853
2297
1741
2392
2436
1437
1797
2585
2911
2404
1837
2577
2426
2578
2346
1728
1930
2525
3204
2221
2163
2346
2937
1937
1744
1990
2388
2177
1729
2737
1738
1776
1617
2082
1958
2790
1787
2504
2646
1646
1481
2506
2370
2722
3152
2776
1778
1234
1681
2035
1064
1365
1812
2146
1411
1757
2995
1998
1445
1299
2184
2599
2572
2393
2539
1869
871
1877
1747
1570
1355
1145
1735
2182
1860
2898
1898
1733
2634
2148
2056
3035
2028
2372
2304
1910
2323
1691
1895
2185
2242
2642
2544
3193
2195
1578
1774
1642
1545
2460
3732
2762
1764
2055
2358
2246
2847
1848
1282
1766
1885
1809
2114
2255
2823
2252
2139
1825
2658
2606
2013
3154
3100
2101
1499
2014
2398
1737
2516
2110
2131
2093
2156
2722
2128
2025
2087
1706
2219
1660
1812
1512
1832
2269
2477
3089
2087
1902
1322
1363
2138
1618
2232
2668
2118
2301
1690
2600
2737
2153
1642
2426
2463
1911
1981
2571
2444
2298
1473
2608
2387
1831
2074
2287
2076
2111
1528
2496
2553
2506
2164
2016
1932
2060
2184
2273
2095
1746
1606
1003
1624
1019
1534
1328
2214
2447
2626
2252
2291
2699
2585
1588
1473
2217
2222
2423
1852
2484
3235
2235
2027
2430
2240
2686
1692
1722
1728
2151
1981
2770
1771
1966
1452
1485
1773
1569
2119
2563
2935
2209
2746
1750
1720
1940
1490
1363
2360
2593
1943
2641
2413
3033
2034
2686
3479
2480
2311
1867
1322
1826
1822
1912
1342
1605
2288
2395
1928
2830
1828
3227
1982
2214
2303
2047
2199
1601
2192
1696
1721
1682
2318
1817
1884
3071
2711
1742
1434
2177
1895
2080
2228
2614
2148
2263
2257
2998
1996
1505
2736
1734
2239
2151
1900
2378
2520
1973
2491
2382
2231
2432
1837
2109
3175
2178
2059
2615
2089
2027
1482
1609
2032
1861
1866
1748
2371
2476
2131
2398
1811
2098
2082
2841
1663
2378
2394
2356
2066
2252
3170
2169
1921
1346
2170
2418
1904
1832
2302
2522
2162
2035
2583
2453
1875
2253
1672
2442
1768
2117
2298
2148
2048
2403
2306
2094
1680
1657
2414
2317
1878
1486
1875
2320
1757
2403
2381
1378
1652
2582
2127
1723
1610
2246
1696
2290
1735
1195
1232
2746
1750
1878
2039
2139
2162
2036
2427
2346
1774
1195
2570
2021
1406
1859
1875
3113
2667
1655
2975
1966
1909
2562
2526
2628
2435
2191
1792
1952
2034
2294
1868
2189
1618
2505
2401
1886
1286
1992
1687
2221
1251
4312
3313
2309
2954
1957
2251
2306
2409
2560
1949
2642
1644
1685
2182
1176
1593
1980
1794
2911
1882
1306
2236
3341
2354
1462
2398
2031
2409
2012
1847
1228
1389
2114
2208
2098
2649
1665
2004
1970
2289
2305
1729
2555
2545
2253
2683
3065
2065
2235
2249
2541
2463
2744
2450
2202
2121
2120
2101
2016
2339
2389
2467
1461
2425
1915
1360
1272
2742
2162
1580
2643
2330
2262
3096
2098
1995
2242
2300
2961
2568
1541
1610
2230
2645
1640
1723
2485
2276
2162
2735
1911
1861
2890
1888
1738
1804
2108
1890
1366
1663
1175
1550
1415
2140
1590
2384
2270
2144
2455
1449
1957
2662
1691
2155
1994
3331
2740
1742
2141
1571
1942
1635
1694
2038
1845
1272
2268
1687
2490
1492
1324
1083
1604
1954
2881
2462
2346
2764
2552
1552
2433
2243
1876
2518
1538
2250
2803
1803
1549
2161
2853
1679
1827
2311
2980
1980
1881
1859
1288
1223
2271
2103
2159
2268
2291
1755
2378
1919
1814
2330
3273
3064
2035
2312
1723
2112
2279
2644
2571
2229
1670
2493
2068
2360
1807
2253
2482
2330
2617
2020
2504
1504
2018
1425
1648
2771
2155
2093
1664
1918
2501
2318
3174
2138
2425
1790
2096
2353
2420
1434
1995
1449
872
1379
1792
2307
2219
1847
2745
2652
1654
2882
1864
2803
2619
2850
2195
2421
2456
1831
2848
2208
2076
1827
2278
1760
1969
1796
3123
2438
1893
2054
2887
1886
1728
1847
1758
1937
2288
2350
2287
2178
2426
1459
1877
2403
2051
2364
1719
2461
2226
1995
1953
2727
1728
1850
1476
2453
2492
1982
1448
1220
2526
4133
3132
3296
2515
1516
1847
2381
1777
2394
1397
1516
1284
1473
1767
1765
2228
2003
2268
3276
2694
1694
2164
1614
2280
2131
1634
1615
2977
1977
1897
2445
3850
2851
1672
1380
2126
2095
2417
1921
2357
2661
1663
2162
1568
2541
2041
2233
2173
2196
2575
1603
1752
1869
2877
1908
1616
2537
2157
1803
1323
1880
2170
2216
2929
2233
1404
1971
1412
2216
2652
1650
1577
1945
1835
1676
1919
2014
1897
1794
2608
2008
1939
1943
1876
2178
2415
2749
1750
2229
1763
2570
2104
2463
1913
2727
2993
2526
2675
2125
1925
2370
2475
2376
2870
2466
2398
2009
2321
1323
2515
2318
1815
1652
1636
1842
1941
1708
1913
1901
1950
2027
1762
2152
2259
2191
2341
2604
1779
2269
2150
2499
2237
2630
2798
2446
2055
2933
2425
1921
1915
2090
2820
2188
1994
1963
2360
2285
2460
2644
3068
2095
2301
1756
2554
1900
2663
2037
1751
925
1764
2164
2132
2102
2236
2094
2083
2178
2206
2431
2767
2416
1800
3246
2250
2378
2620
1995
1573
1457
1763
1040
2321
2313
1310
2004
2134
1882
1820
1304
1596
1809
813
1251
969
1493
1314
1114
1305
1071
1143
2100
1101
2324
2017
2517
2246
1990
1859
2334
1873
1391
3244
2248
1247
2018
1793
2563
2267
1580
2084
2274
2372
1832
2118
1550
2476
2500
3126
2561
1577
1849
1958
1860
1797
1871
2353
2158
2034
2784
1782
1975
1960
2382
1972
2254
2553
2264
2099
1647
2796
2233
2141
3021
2495
2709
3182
2630
2240
2057
1973
1836
1871
1181
2282
2311
2290
2236
2404
2009
2479
2749
2902
1900
2204
2128
1796
1052
2258
2390
2163
2049
3095
2272
2004
2523
2554
2003
2018
2080
1093
2340
3059
2085
2610
2387
2466
2255
2471
2422
2499
1529
1822
2715
2160
2286
2078
1872
1710
2634
1597
1771
1596
1110
2385
2396
3105
2730
1728
2171
2038
1904
1692
1958
1747
1810
2059
1992
1405
1301
2060
1487
2396
1396
3087
2058
2460
2696
2137
2154
2085
1643
2585
2362
2801
1979
1904
2241
1651
2523
2322
2450
2344
2466
2186
2376
1378
1933
1640
1919
1697
1480
1437
1941
1732
2304
2414
2265
2214
1740
2381
2049
1834
2449
1448
1667
1843
1849
2324
1706
2372
1799
1896
1662
1068
1008
2784
3267
2269
1724
2094
1586
556
1933
2106
2180
2519
2226
3338
2338
2899
1931
3011
2482
1484
1535
1704
2274
2176
3073
2729
1726
2310
2386
1383
3009
2585
2116
2268
1667
669
2450
2570
1970
1851
1273
2222
1840
2447
1829
1684
1352
1158
953
1116
1476
1972
1298
921
1295
1078
1953
1804
1714
1260
1107
1148
1697
1032
1074
1149
773
971
663
2015
1971
2008
1866
2778
1778
2571
2433
2243
2273
2274
1960
2066
1944
2084
2149
2913
1930
2369
2286
1701
2551
2627
1628
1909
1409
1947
1729
1723
1366
2139
3198
2200
1557
1985
2183
2127
2140
2020
1860
1918
1911
2344
2853
1851
2477
1622
1310
1703
1725
2476
2328
2525
2415
2352
1873
1597
2226
1793
2176
1179
1580
2284
1813
1813
2161
1980
1566
1386
1238
2603
2664
1701
1067
1256
1609
1585
928
1494
1796
1810
1771
956
1813
2361
2156
1933
3086
2085
2461
2309
1307
1454
805
899
3333
3652
2683
2334
1761
1878
2332
2492
1491
1916
2337
2753
1932
1650
2212
1750
1836
2082
3366
2365
2283
2106
1544
2112
1531
1840
1739
2380
1803
2500
1867
2071
2658
2281
2529
1530
1881
2538
2456
1889
1410
2161
1716
1370
1358
1933
1955
2349
2243
2142
1908
2281
2036
2088
2257
1258
2410
1842
2217
2884
1886
2404
2237
1262
1518
1956
2039
2381
2478
2423
1412
2431
1401
2346
2180
1823
1689
1886
1972
2731
1734
2578
2633
2037
1870
2333
2828
2271
1771
2296
1325
2378
1976
1840
1732
2656
2273
2444
2435
1405
1423
2776
2184
2640
2116
2201
1381
1543
1119
1786
1851
1952
2085
1741
2034
1863
2354
2377
2838
2585
2212
3115
2110
2257
2592
2530
1530
1996
2270
3537
2511
2457
2194
2047
2906
2357
1752
2257
1845
2218
3190
2222
1877
1659
1506
1629
1383
2001
1425
2527
2367
2279
2213
2374
1374
2613
2019
2472
2656
2235
1663
1979
1825
2056
1859
2605
2159
2181
1706
2022
1878
2032
1050
1097
1041
1205
1207
1293
2538
1962
1999
1424
2169
2851
1849
1681
1625
2065
1827
1436
2389
2264
1303
1187
2191
2417
1801
1775
2027
2084
1087
2620
1647
1520
1032
1221
1727
1824
824
1400
1155
869
1011
1293
1670
1740
1057
773
1134
1008
1151
1902
1830
860
931
1040
856
1180
2572
3362
2538
1868
2251
3511
2516
1958
2431
2151
1603
1969
1872
3172
2171
1965
2456
2054
2646
1649
1606
1908
1968
1720
2138
1569
1521
2300
2074
1531
1499
1455
1427
2333
1337
1657
1072
2342
1681
1342
1378
1376
2817
1818
2828
2240
2396
1852
2178
3102
2104
1477
2390
1760
2117
2483
2659
2186
2130
2172
1554
1970
1412
1813
1408
1667
1697
1620
2182
1605
1876
1690
1463
1991
2932
1933
1927
1999
2313
1831
1777
2276
1821
2469
2699
1699
2372
1873
2675
2380
2752
2610
2124
1570
1546
1716
2242
2318
2305
1301
2398
1980
2707
1711
2288
2291
3000
2555
1554
2227
2019
2182
2663
2506
1937
2661
2028
1787
1892
1535
2319
2432
3345
2313
1735
1530
2893
1864
1267
1082
2060
1499
2553
2037
1896
2999
2363
1330
2310
1743
1975
2263
2128
1740
2049
2378
1346
1219
1589
2951
1954
2437
1972
2592
1590
2192
2596
2506
2003
3462
2463
1890
1735
2541
1543
1388
1837
2135
1717
2077
1991
1800
2289
3020
2059
1490
3008
2007
1384
1814
1641
1024
1430
2173
1629
1798
1648
2354
1868
1743
2147
2621
2121
1122
2718
3054
2055
2289
2161
2253
1798
1676
2174
1175
2683
2491
1490
1440
1558
1869
1773
1827
1960
1861
2147
2328
2582
2804
2548
1684
2657
2558
2013
2914
2495
2072
2518
1925
2552
2139
2335
2337
2800
1802
1759
3316
3102
2104
1515
1600
1770
2585
1982
3110
2113
1840
1291
2129
1530
1968
1139
2417
1419
1332
2141
2163
2671
2879
1881
2177
1703
1772
1630
2288
1718
1906
1906
2294
2390
2444
2015
1858
1988
2654
2303
2204
1716
2686
2531
2734
2964
2210
2239
2146
1600
2250
1841
2891
2351
1772
1643
1077
1629
2508
2545
2151
1850
1299
1748
2101
1973
1519
1571
1742
2158
1966
2413
2154
1984
2939
2615
2030
2518
2174
2344
1345
1755
2090
2018
2155
1688
1525
2265
1923
2556
2108
2081
2509
1511
2015
1900
2365
3162
3101
2100
1782
1162
1667
1458
2287
2588
2020
1544
1670
1595
2108
1110
2032
1440
1287
2582
2952
1955
2221
3008
2011
2280
2057
2226
1225
1119
2699
2075
2261
1743
2164
2155
1583
1639
2634
2524
2140
2491
1737
1418
2140
2397
1932
2209
2675
2129
2121
2607
2481
2020
1929
2080
1083
1092
1371
2041
1753
2301
1279
1321
1939
2327
1940
2314
2571
1892
2816
2314
1741
2223
1827
2373
3027
2029
2586
2013
2038
2426
1849
1182
1585
1690
1501
1786
1665
1684
2299
1894
1683
1981
1747
1820
2076
1107
1627
2561
3513
2513
2102
1474
1666
2140
2049
2028
1845
1413
654
1089
1093
1637
984
673
956
647
1225
839
1348
1472
1150
1589
1078
795
1017
2369
1789
1953
2243
2600
1965
2318
3543
2396
2494
3456
2458
2351
1798
1200
2851
2764
1603
2814
2548
1596
1875
2007
1824
1506
1551
1807
1290
1412
811
1360
1507
1416
1754
1373
1317
769
761
1003
1110
1730
1638
1640
1612
1510
1139
831
1106
1030
1338
1447
1149
1710
2017
1583
1063
1290
937
706
1077
1021
1450
1755
1771
1705
1247
1336
1763
1780
