511
516
159
472
459
170
397
479
225
501
461
260
362
433
294
536
554
415
545
444
412
538
532
419
487
526
361
476
451
323
466
552
377
523
556
437
505
127
403
464
501
136
429
512
435
459
512
432
463
566
489
418
520
509
351
496
513
427
451
556
389
439
591
437
494
546
424
522
294
345
569
513
292
462
530
452
505
545
348
526
448
445
543
467
486
511
539
430
483
487
475
483
469
341
533
456
385
612
433
531
550
564
470
501
510
339
446
558
424
534
512
341
511
529
500
558
595
458
522
543
356
530
477
407
498
475
338
474
461
424
527
593
489
451
483
437
493
546
442
450
439
340
509
506
303
510
537
437
582
501
360
514
495
282
461
429
325
484
447
375
577
237
434
522
518
348
497
565
422
521
504
386
456
592
441
611
545
491
514
525
347
481
513
417
571
532
455
464
511
411
525
432
453
548
462
267
453
485
410
484
450
388
529
542
443
591
506
363
514
505
343
540
464
386
514
540
436
583
500
487
498
455
327
495
538
398
508
429
432
580
500
410
576
506
340
447
462
386
514
438
443
551
568
475
511
562
420
505
434
402
511
541
434
462
248
409
503
517
339
503
508
394
515
428
335
480
494
412
457
462
345
542
486
480
420
513
548
339
470
502
152
441
415
342
440
297
175
382
434
415
567
553
407
514
541
329
462
501
416
506
512
348
450
458
389
554
594
446
611
552
491
522
518
341
448
553
562
537
484
325
497
546
413
514
451
356
513
473
202
460
484
422
567
576
497
514
274
402
472
533
460
533
505
340
598
505
414
511
483
331
504
409
264
483
541
391
497
500
425
530
632
470
496
468
342
541
465
394
507
438
320
469
504
431
520
462
374
488
279
389
568
428
449
500
552
360
496
545
331
494
501
419
545
494
436
468
505
424
521
510
353
507
506
414
547
490
422
417
468
477
501
495
405
516
544
326
471
496
406
511
514
341
449
465
386
517
438
440
583
506
888
947
890
287
446
532
304
523
524
408
540
465
347
504
503
405
516
542
447
582
506
347
476
534
428
435
503
412
521
553
439
474
501
420
507
521
354
513
507
389
511
298
430
573
606
485
514
496
328
469
457
303
532
437
354
476
564
398
550
479
444
495
544
434
576
567
342
448
462
290
546
484
539
511
495
357
426
512
405
513
545
452
574
499
414
501
432
468
453
554
406
469
499
445
503
547
497
504
539
350
522
515
408
565
483
438
472
504
419
449
514
364
455
558
421
550
484
323
477
550
426
515
536
349
544
483
415
545
487
326
483
500
429
518
292
303
448
403
413
551
491
374
462
465
503
501
496
569
584
494
504
572
531
473
516
566
538
584
626
454
480
461
393
540
625
591
489
610
442
584
520
465
486
493
408
427
443
461
504
520
523
552
478
474
466
505
380
461
455
357
506
494
397
492
510
475
616
407
522
553
587
393
491
399
474
442
509
553
473
459
466
513
529
546
453
523
491
399
536
415
376
520
440
405
583
508
478
465
469
538
604
516
461
484
484
400
481
475
470
491
524
406
550
588
400
493
491
407
490
491
503
552
502
538
581
518
458
435
269
274
511
399
380
493
440
542
525
511
392
501
606
448
481
559
407
513
436
469
517
564
532
469
517
418
576
582
411
607
446
468
580
561
434
598
523
410
513
524
513
553
509
512
576
559
498
594
515
321
524
456
466
516
455
532
584
511
467
491
496
281
489
446
479
446
430
374
481
507
511
521
536
458
536
531
492
479
473
477
487
512
536
553
592
472
509
561
413
517
526
571
515
238
386
503
464
477
535
505
443
548
458
503
498
492
556
533
505
328
483
508
488
518
564
435
587
521
331
425
424
434
398
458
484
505
507
410
476
508
396
486
494
406
523
528
421
467
519
404
508
527
494
627
565
402
432
444
487
505
544
318
552
513
341
511
572
374
545
595
397
479
565
312
495
507
330
486
531
367
515
549
397
490
581
321
501
519
356
596
644
431
477
501
311
464
343
414
462
492
243
503
539
403
479
549
302
461
454
334
404
443
301
456
539
339
453
480
378
509
541
263
467
427
283
543
542
529
554
589
247
416
542
381
463
432
297
458
544
534
456
587
373
520
556
404
561
488
303
447
568
359
972
995
378
500
531
281
429
441
321
451
472
363
510
550
386
514
492
308
464
448
346
479
526
369
540
603
411
505
552
289
559
482
350
482
530
374
447
383
329
499
515
385
494
506
348
483
421
267
419
420
302
433
471
362
479
542
373
512
494
340
461
591
362
509
538
353
494
488
543
488
596
333
593
528
380
509
526
323
432
435
448
309
496
510
331
482
527
369
539
588
401
470
337
454
570
426
323
489
580
480
562
453
377
510
484
308
462
547
340
554
479
378
518
545
392
464
427
368
524
500
117
482
456
148
495
460
152
360
467
283
477
491
347
519
544
268
452
491
280
428
500
439
524
492
126
437
471
302
454
449
328
475
475
361
515
546
401
485
507
294
448
359
352
535
511
265
467
460
288
462
449
319
452
472
358
508
658
424
491
569
298
433
569
357
516
577
427
480
571
294
518
462
552
497
571
386
535
581
462
531
530
359
524
431
429
532
557
336
444
494
345
589
470
408
511
608
462
572
581
425
507
472
342
466
548
409
498
503
452
534
535
423
553
522
353
437
427
300
432
455
456
600
520
365
502
476
369
449
518
207
470
442
429
487
273
312
494
493
331
539
458
353
434
520
419
541
553
337
487
522
439
474
553
381
548
497
433
520
603
485
491
537
368
541
462
552
560
505
341
518
508
415
503
525
388
484
455
328
465
539
430
491
537
361
525
433
432
541
573
289
462
514
350
491
477
319
414
537
369
505
481
165
354
382
440
412
219
79
453
377
425
306
125
363
425
457
435
185
85
419
491
456
286
80
389
474
428
336
130
358
476
447
419
132
264
394
470
421
239
78
383
455
500
421
473
444
293
396
481
274
418
405
421
503
516
403
565
492
505
520
478
514
511
519
388
538
479
465
391
432
324
388
475
391
412
535
432
479
490
477
410
481
420
491
521
539
462
507
415
531
510
457
549
477
349
458
472
402
538
480
441
371
488
422
403
445
380
399
485
482
421
420
395
449
415
427
469
523
392
479
372
331
455
569
409
510
493
346
452
562
498
458
592
439
372
471
319
546
437
471
449
519
439
546
561
574
473
328
519
548
555
572
469
477
475
419
541
565
405
423
485
426
520
439
388
450
479
444
456
528
332
516
531
392
536
474
447
462
613
485
1034
945
506
483
447
406
499
474
388
488
515
383
438
454
402
523
486
379
576
477
412
522
516
455
463
471
424
510
529
385
536
478
435
546
603
436
449
559
406
543
582
455
530
514
421
515
538
418
464
533
390
475
509
436
478
518
400
564
528
429
503
558
421
425
320
379
535
476
441
505
465
410
495
491
382
507
531
439
510
471
407
530
591
480
520
534
434
492
471
415
436
536
396
542
591
508
515
433
346
513
532
395
565
528
398
481
486
440
450
456
484
535
480
442
444
507
316
485
413
348
451
466
300
454
478
507
474
511
414
513
436
393
447
475
448
581
579
419
510
532
307
537
483
445
461
493
441
505
571
410
593
576
454
561
516
441
475
303
416
460
534
384
552
515
445
473
515
439
568
526
441
509
477
420
523
538
498
648
588
459
537
615
365
455
460
354
512
480
486
508
441
383
508
534
372
509
396
429
504
520
406
465
492
444
530
443
343
427
520
395
555
485
443
536
523
350
550
465
411
517
543
377
428
472
517
530
499
487
419
536
394
378
498
342
399
538
389
510
536
392
520
480
403
525
501
385
498
490
428
503
276
335
514
508
309
517
543
382
588
479
431
515
513
332
433
465
352
418
501
408
542
482
457
456
541
351
557
472
405
512
538
504
428
495
515
539
535
420
443
490
459
438
508
327
504
478
383
485
483
427
495
473
339
488
484
391
510
534
432
510
473
351
504
510
381
411
434
421
478
543
332
425
535
547
400
463
533
402
422
490
353
491
529
402
483
530
449
463
472
432
359
380
605
438
544
447
464
616
495
512
556
365
520
518
398
505
531
393
524
654
433
463
491
452
510
457
435
500
586
461
557
563
354
448
341
227
433
417
347
517
493
474
512
462
525
562
479
453
429
593
323
460
497
386
540
502
534
583
517
530
467
537
412
475
517
502
481
465
404
497
585
465
469
556
341
446
556
408
543
588
456
547
476
341
541
461
219
449
416
523
440
530
404
435
484
430
581
588
466
474
462
407
511
430
477
486
511
521
549
471
457
411
480
472
439
497
451
551
455
384
508
483
384
486
471
391
504
239
241
495
463
486
481
484
476
518
455
496
493
536
401
486
483
467
483
510
524
556
584
390
498
503
339
525
540
469
518
460
558
410
949
356
461
408
403
514
435
463
532
456
365
502
496
315
482
492
475
534
590
451
539
492
434
538
463
407
534
452
481
546
572
508
521
499
490
514
539
382
538
530
332
535
443
393
532
468
440
450
512
424
515
534
394
543
487
445
446
517
345
446
347
404
540
587
434
527
525
418
515
532
494
557
586
435
505
555
336
426
535
394
539
481
446
446
491
343
512
435
386
447
477
495
503
572
422
521
534
499
445
488
373
432
471
413
420
532
390
549
484
432
515
501
354
449
475
200
424
483
439
542
462
411
540
487
372
525
523
509
499
497
489
508
534
423
462
564
417
502
547
423
604
432
409
534
483
375
447
432
524
513
519
408
453
376
432
530
525
417
512
519
393
547
593
442
533
524
345
520
513
403
606
531
449
461
500
366
439
547
515
415
515
394
453
482
488
500
473
375
414
482
430
442
462
395
443
483
375
445
444
419
312
400
471
493
516
645
419
441
477
425
465
497
484
443
511
511
444
434
411
519
434
468
492
522
256
520
395
374
580
439
359
474
552
413
460
518
488
573
559
432
450
507
324
435
538
468
554
453
362
414
458
488
478
476
374
511
448
470
503
491
412
430
541
381
511
455
357
434
487
381
436
502
448
546
570
482
480
260
403
572
389
464
511
453
478
434
454
400
483
490
364
413
561
425
520
427
419
526
445
365
620
455
419
490
458
407
455
512
505
544
506
297
426
447
325
483
480
472
484
511
437
518
580
316
509
529
367
536
455
418
490
529
318
488
501
472
527
464
362
506
485
474
459
500
375
460
463
385
463
449
128
471
452
402
453
507
371
548
453
521
524
541
448
476
470
484
490
504
460
510
180
520
558
592
397
554
468
405
433
438
377
499
512
418
561
599
478
512
523
413
427
445
358
486
506
524
553
466
449
495
467
507
495
437
451
475
405
409
568
526
454
512
484
513
537
533
403
550
493
440
536
489
362
502
463
412
497
479
455
412
398
351
483
505
395
547
484
433
454
452
434
449
556
396
429
478
441
517
518
341
425
537
411
544
591
446
576
560
348
420
519
412
545
375
375
446
473
425
509
527
463
453
479
440
472
507
351
429
383
317
521
487
406
490
596
422
442
570
418
503
496
362
419
517
410
543
488
441
534
532
881
969
909
473
506
547
396
482
533
397
407
476
517
509
516
447
502
529
436
581
494
469
489
549
423
489
530
390
538
485
443
446
543
521
531
554
407
540
479
438
433
414
341
479
444
376
483
483
413
525
517
463
401
482
277
464
357
218
511
524
502
493
437
463
454
524
508
414
417
482
499
503
458
342
538
462
406
399
437
469
505
467
421
476
537
470
481
266
254
448
482
337
478
438
368
543
524
405
515
519
399
475
503
410
433
480
309
439
468
383
551
448
349
429
439
392
449
483
487
515
518
418
522
528
493
544
477
443
535
554
341
450
553
390
530
479
433
503
490
440
471
564
414
535
481
447
449
487
336
528
443
378
482
479
422
412
424
356
449
550
503
562
598
389
459
537
354
425
506
402
410
534
440
409
540
334
421
509
388
432
266
500
525
515
337
479
535
386
395
442
201
376
413
425
517
582
404
518
540
438
516
504
434
508
514
396
553
595
459
470
500
427
508
501
397
512
533
443
448
512
415
550
534
404
478
484
431
497
485
362
439
459
389
454
484
338
541
535
342
443
519
427
490
551
343
455
473
324
455
531
278
404
511
362
511
545
423
534
494
497
477
448
479
504
593
446
504
458
331
489
575
408
513
327
330
452
412
415
473
533
373
475
479
416
517
521
453
464
536
337
510
520
391
457
482
442
529
526
335
516
527
403
572
497
446
457
579
308
534
477
417
566
526
449
456
530
341
601
513
400
542
484
379
457
447
433
543
563
391
554
477
259
410
555
354
421
460
430
603
510
401
510
532
444
570
611
493
525
489
425
506
502
492
510
546
384
512
536
397
502
507
495
546
514
489
515
257
409
510
433
459
486
517
476
445
510
320
517
437
472
515
453
530
484
514
398
503
494
406
487
499
371
518
568
382
382
531
505
512
539
447
464
509
467
471
332
484
577
586
512
360
398
417
490
489
556
471
477
479
431
450
390
536
483
446
441
489
261
443
446
269
509
424
395
541
488
447
549
582
355
581
523
420
578
536
496
367
492
353
448
534
611
402
524
547
448
467
515
326
481
529
356
590
536
460
593
625
493
529
607
345
549
470
225
513
416
429
439
523
397
548
593
443
514
498
354
565
480
416
553
389
455
535
501
365
551
467
298
410
540
883
943
970
458
428
461
272
448
485
333
488
444
455
466
569
395
525
541
403
526
521
503
446
562
399
547
489
386
521
553
416
425
465
313
468
556
400
523
544
447
521
486
334
478
548
343
485
486
450
540
537
434
411
531
408
542
485
447
464
451
340
511
519
395
547
490
447
516
565
342
517
508
397
508
551
328
503
517
418
471
532
395
545
252
240
457
419
338
476
538
376
478
486
353
569
567
487
514
516
340
424
510
416
553
488
445
453
486
386
471
585
384
520
494
470
421
391
330
479
538
402
492
490
420
535
521
467
488
502
347
551
473
422
553
492
379
511
562
426
507
513
399
461
488
384
456
480
326
470
440
475
478
589
442
489
546
348
428
525
392
552
489
445
515
481
336
531
512
411
546
489
374
432
553
424
496
290
308
469
550
410
519
549
447
507
495
346
531
541
398
550
597
453
545
556
359
487
524
376
552
525
347
486
488
304
431
438
518
571
534
446
470
534
339
512
507
397
520
552
391
522
550
484
506
508
292
559
463
416
525
555
383
462
533
379
551
547
412
548
485
388
410
419
447
482
523
410
578
531
433
497
570
360
455
472
416
551
599
449
502
502
343
452
563
399
543
596
452
518
361
426
509
505
386
442
545
382
452
482
379
465
481
404
549
596
448
540
469
349
458
468
358
489
636
458
519
559
337
476
438
505
500
493
487
485
477
402
502
527
466
406
368
391
579
529
603
427
503
466
359
454
469
196
399
440
517
526
543
419
585
574
475
498
525
401
545
487
394
453
485
357
514
524
393
546
485
328
449
479
372
426
461
408
525
499
149
593
524
413
589
538
391
508
610
337
483
453
326
452
537
422
545
519
320
515
480
439
528
514
496
520
545
348
472
504
295
475
521
348
520
515
391
432
231
438
472
449
305
474
560
410
519
544
424
474
420
437
524
458
428
514
508
497
522
538
438
475
504
430
544
499
355
551
473
359
385
506
345
475
437
573
477
580
422
434
486
345
488
548
389
486
490
331
528
524
466
483
572
312
508
539
406
583
541
350
511
503
363
449
454
391
436
436
386
528
455
376
489
431
405
573
535
422
448
494
340
511
514
398
548
487
454
530
484
335
479
239
388
379
475
414
427
515
460
475
481
439
467
563
457
961
953
334
496
458
316
575
536
386
440
492
345
390
536
388
484
585
474
480
463
424
599
518
418
440
586
453
508
561
424
426
442
387
523
543
456
514
483
411
482
568
475
519
566
434
422
560
415
521
538
490
519
565
433
494
550
402
613
438
465
519
463
365
429
479
398
493
514
492
518
463
360
427
416
388
452
509
467
480
196
341
471
464
399
484
414
471
626
582
449
514
487
355
431
543
414
444
484
454
458
533
363
461
462
422
545
492
464
523
491
588
607
516
407
544
484
449
460
529
431
425
532
389
534
482
438
511
491
324
468
533
392
480
484
166
464
416
411
440
482
396
499
524
424
486
482
425
518
437
288
436
479
381
452
442
425
465
524
493
566
450
411
528
523
462
489
500
428
512
439
448
394
339
257
443
426
409
364
384
394
566
533
448
532
487
538
353
514
507
383
511
541
439
524
526
347
543
561
396
545
490
435
507
346
414
532
532
390
544
593
438
540
522
419
506
502
381
502
525
446
535
532
422
539
436
389
537
483
438
502
481
336
525
539
494
540
581
437
527
468
432
446
556
409
545
590
447
514
498
342
539
461
401
539
479
433
484
541
423
498
494
432
524
533
414
583
519
375
503
481
511
526
538
508
537
477
333
512
416
337
516
536
389
536
480
381
502
494
515
524
442
502
544
583
373
545
310
419
507
439
389
554
480
446
589
483
422
517
533
387
438
480
432
525
523
419
517
539
411
540
478
389
484
549
420
513
438
541
534
586
373
523
519
417
504
494
347
555
479
451
467
615
403
477
507
416
499
499
344
455
472
378
518
550
402
479
488
379
431
443
576
521
534
432
505
499
352
456
552
329
483
533
298
489
490
384
494
506
332
502
528
438
608
543
412
508
569
365
443
241
284
375
424
331
403
467
315
510
518
308
457
455
445
464
466
407
481
586
466
475
476
292
458
416
333
596
502
325
468
519
547
466
548
442
553
473
413
429
558
380
468
498
332
489
481
324
453
579
433
550
468
443
468
460
403
567
490
395
517
567
454
499
548
342
586
530
470
542
502
404
481
513
452
473
523
363
518
514
378
481
510
519
669
592
503
535
545
369
551
566
573
610
281
411
465
515
407
479
441
383
435
431
386
492
497
437
544
537
415
482
947
239
417
534
430
445
509
478
491
515
541
561
474
484
426
496
489
512
507
479
538
480
376
525
494
418
496
536
386
480
488
422
525
519
392
470
478
358
451
466
378
506
538
439
511
471
417
531
439
387
544
587
390
460
446
429
509
476
530
467
476
480
415
527
519
462
532
493
338
513
533
396
544
486
439
546
529
429
436
551
402
534
588
454
512
549
432
516
534
408
537
483
374
505
411
427
536
533
411
548
592
449
540
534
341
446
251
291
402
535
376
512
425
332
471
439
381
473
481
201
442
412
434
427
535
410
436
479
436
528
523
348
544
463
405
504
533
493
522
523
430
444
550
394
438
484
439
509
482
423
446
538
411
537
583
442
539
494
461
475
446
257
459
492
320
438
482
392
464
479
415
437
448
391
475
485
420
420
439
400
545
484
443
523
519
425
518
540
396
545
487
440
529
524
423
519
537
387
545
298
225
380
422
416
468
528
401
475
480
417
521
510
392
468
473
341
483
513
401
464
535
331
464
536
336
510
502
304
437
478
421
503
485
423
534
503
383
517
535
334
478
498
420
503
486
340
532
538
409
535
481
458
516
483
342
518
531
388
538
472
452
471
525
421
531
537
392
551
584
434
506
575
419
530
533
394
544
485
451
536
530
337
521
441
397
438
478
430
576
613
489
531
312
417
499
496
377
425
536
331
450
442
418
429
440
412
548
477
457
464
530
380
455
473
404
539
478
454
535
528
343
431
539
483
541
472
427
498
487
423
537
534
406
541
481
383
445
488
426
521
533
388
538
479
434
499
469
330
474
538
137
473
496
423
469
448
487
582
553
491
564
468
474
474
579
312
451
455
415
494
482
345
471
443
374
468
531
321
544
518
457
471
580
418
518
326
417
570
530
459
409
526
430
449
557
395
540
483
455
605
663
423
590
379
479
354
315
384
520
482
302
579
537
392
460
479
457
524
485
392
492
494
495
432
488
547
426
519
533
409
543
487
460
513
485
348
551
466
408
536
479
385
467
455
419
472
444
474
583
589
424
442
569
419
443
529
344
456
554
384
473
593
452
485
505
353
483
525
408
584
536
464
468
512
395
480
474
392
535
476
434
582
496
491
475
499
345
453
560
393
545
591
444
449
478
428
423
438
395
558
970
309
433
448
382
458
470
420
447
383
453
596
517
351
523
511
397
512
538
446
448
517
428
507
510
499
542
590
510
514
567
360
521
510
393
513
535
432
496
557
591
443
540
413
548
483
456
460
530
336
506
515
395
542
588
398
526
487
354
474
542
401
499
494
450
560
578
419
488
545
516
497
488
487
412
544
442
435
480
427
437
518
405
472
541
456
537
532
412
496
509
339
581
633
387
556
602
400
413
493
324
500
387
455
481
525
497
530
585
464
480
549
282
546
548
347
584
526
361
417
535
391
483
573
410
521
472
339
510
570
362
534
585
475
556
489
377
487
590
339
581
522
382
515
431
391
429
515
383
515
466
340
424
578
364
535
585
400
532
591
298
618
466
456
510
567
459
478
484
336
511
524
394
535
478
459
513
511
348
455
564
395
546
488
454
508
554
338
514
522
344
482
525
384
522
275
419
571
444
378
483
485
421
535
519
461
472
479
349
541
464
409
526
546
445
459
529
422
607
534
414
543
489
458
575
541
471
469
443
485
478
482
368
414
538
423
518
534
413
554
595
452
519
492
364
543
561
418
543
587
466
451
533
366
492
432
430
599
530
374
506
491
513
619
541
407
549
588
469
478
506
368
496
525
427
480
536
384
469
453
417
558
441
478
485
489
337
531
536
525
473
502
490
352
546
463
220
451
487
422
466
535
475
482
485
438
423
563
432
510
518
404
549
482
447
529
501
421
430
322
392
542
484
443
461
524
340
601
517
389
541
485
385
516
420
421
479
535
374
481
486
432
564
473
428
520
536
409
541
586
472
615
667
510
594
509
362
449
554
403
543
484
462
515
506
342
544
562
412
552
489
391
469
532
362
515
511
418
576
534
382
460
468
433
510
516
402
470
490
437
514
486
342
599
518
407
540
591
468
468
452
335
599
487
587
533
411
325
498
590
403
539
309
408
503
514
398
536
484
434
470
505
488
518
507
336
442
537
403
544
489
460
584
608
499
537
531
364
518
627
425
576
531
457
497
463
454
491
525
401
475
535
442
500
511
349
458
564
406
554
497
452
550
587
362
575
524
422
575
540
410
488
487
350
504
551
411
456
454
174
458
470
428
423
485
282
513
466
248
469
500
433
440
508
389
514
541
350
590
509
924
992
955
431
471
290
400
569
534
396
477
484
428
431
542
396
550
595
467
464
517
344
521
523
414
549
486
459
510
477
421
564
450
494
517
549
503
505
418
423
487
538
382
487
488
434
515
549
442
454
468
409
511
540
381
467
450
436
516
517
423
555
488
468
460
534
341
497
508
423
551
559
367
556
567
502
443
595
346
520
413
344
525
523
404
541
485
444
537
531
391
483
589
485
537
578
336
483
328
398
483
588
447
509
570
338
519
519
409
556
487
450
446
512
341
427
522
404
551
498
448
478
537
343
540
462
410
521
544
435
470
451
340
444
520
397
443
487
532
386
451
433
492
484
389
527
538
452
529
521
431
571
451
387
492
598
600
448
494
543
508
518
533
422
577
532
472
534
523
346
503
489
392
527
545
384
435
491
353
560
468
412
554
494
387
469
455
445
515
488
393
507
494
280
488
445
366
399
395
343
472
473
402
561
481
274
426
476
350
551
470
416
424
548
391
523
408
435
489
574
390
517
329
438
511
474
339
439
541
405
550
496
473
515
590
368
551
461
398
449
490
391
534
431
337
481
442
386
479
486
430
486
463
479
478
544
382
487
491
310
472
447
358
495
487
422
531
558
453
574
560
436
602
520
422
546
485
394
457
527
356
523
514
397
538
481
409
481
515
360
496
533
324
472
534
448
516
489
345
428
525
424
563
496
464
457
570
357
509
504
402
519
544
446
515
200
215
447
413
418
561
538
407
513
545
450
524
492
348
482
541
487
499
517
386
534
456
342
502
488
386
487
492
335
533
527
547
560
603
355
425
593
441
509
601
469
494
569
362
405
570
450
539
529
406
485
489
347
459
470
258
457
507
264
474
509
415
502
485
394
478
490
429
439
526
409
427
491
350
448
509
398
512
539
388
511
404
433
494
586
405
550
494
435
423
519
459
533
413
437
554
471
388
443
544
391
448
491
346
479
448
382
463
549
379
552
539
347
454
464
162
447
467
419
464
571
379
463
447
541
523
517
465
572
513
351
544
467
416
449
493
394
523
512
333
480
451
377
477
534
373
499
418
337
514
514
392
548
594
336
463
506
428
547
538
409
455
491
437
536
534
278
426
512
387
512
544
447
535
531
588
360
427
399
515
540
386
529
445
433
1071
852
503
468
481
411
503
497
326
467
476
352
482
487
307
489
496
339
486
527
442
543
491
297
470
450
360
538
515
493
457
457
372
221
369
461
271
445
533
338
550
571
362
480
485
374
499
497
325
477
521
251
537
583
346
494
486
431
447
451
329
539
467
603
504
652
329
471
508
294
548
535
499
511
533
380
506
538
347
489
465
222
379
373
147
407
487
311
429
570
418
551
471
372
520
529
362
454
438
375
485
503
412
651
594
421
492
501
359
520
578
441
530
503
403
481
483
383
496
598
394
459
481
482
539
371
410
489
467
335
525
532
425
520
516
387
530
487
349
446
538
346
474
517
388
491
473
373
497
495
331
560
587
437
506
494
442
503
547
337
534
514
435
491
498
300
532
465
401
573
533
384
507
473
345
422
525
324
583
518
444
515
470
476
509
480
406
530
507
453
554
563
289
471
498
367
450
534
447
547
578
431
448
473
365
452
537
329
556
476
387
512
474
357
451
534
338
553
361
441
543
525
387
498
493
388
537
481
369
504
536
350
413
450
468
491
501
498
552
483
376
522
577
328
474
554
281
501
520
532
565
512
349
486
490
295
431
460
333
502
468
359
507
559
385
514
458
340
509
566
476
529
579
491
498
476
284
574
496
408
535
576
494
536
581
492
526
512
357
446
439
421
561
569
469
623
657
490
529
523
297
494
507
500
463
592
379
531
572
457
464
391
283
451
450
420
549
467
474
616
537
405
494
604
440
479
514
329
502
565
380
542
596
489
501
507
345
449
460
322
472
518
506
546
581
483
526
534
383
483
498
343
554
583
321
487
499
330
456
483
383
541
540
340
544
572
462
615
548
395
483
534
292
502
456
406
400
463
325
532
527
417
532
517
399
526
495
477
350
326
323
551
472
355
470
431
364
434
469
444
373
476
476
372
398
465
480
420
514
364
480
521
355
515
577
472
473
513
338
522
519
408
536
586
456
509
493
293
514
459
407
584
538
386
540
494
495
480
482
342
538
464
416
519
548
434
475
501
426
438
424
358
520
521
406
558
495
391
476
520
424
519
540
404
557
485
505
541
535
428
540
538
393
539
485
445
520
568
348
517
514
492
539
544
453
512
479
296
498
509
395
521
544
438
487
573
364
508
556
390
1110
994
376
533
472
341
534
462
348
557
588
143
411
553
325
463
491
287
545
539
404
527
586
370
484
484
305
508
399
344
476
526
298
473
500
499
475
537
323
444
534
420
527
518
471
494
548
421
600
435
408
537
588
378
459
509
330
530
456
522
525
571
364
521
454
410
525
518
428
441
425
271
496
394
436
501
497
435
553
569
438
507
493
344
548
462
409
539
593
445
469
523
415
512
530
392
539
593
443
482
495
337
447
554
493
540
484
448
574
611
498
528
528
427
419
516
387
542
475
443
535
343
273
459
474
384
540
481
439
457
526
362
446
466
413
548
486
461
509
518
356
487
529
401
574
427
384
442
480
338
383
533
484
480
484
260
380
400
340
524
518
386
539
481
396
446
527
512
512
437
413
468
592
454
433
480
334
423
537
394
543
588
460
465
482
353
511
519
404
542
482
447
616
557
490
460
530
352
521
447
395
443
489
390
510
475
434
420
438
402
446
486
449
452
326
352
502
502
381
507
430
386
433
492
342
446
461
233
453
414
429
421
518
390
443
485
399
536
525
347
436
541
397
556
477
411
372
439
425
409
485
537
398
385
417
532
520
512
473
413
428
521
536
446
409
542
485
379
532
447
522
506
499
489
512
434
431
441
484
421
424
536
395
559
476
440
454
527
358
459
562
390
541
591
443
510
480
335
505
503
411
536
582
447
442
496
427
473
496
391
412
536
387
434
476
345
420
535
384
542
534
228
141
428
429
526
488
184
335
471
498
493
178
118
401
406
523
451
136
441
429
507
374
164
380
468
423
398
224
101
357
444
418
297
403
437
565
401
486
583
485
486
520
344
446
457
383
429
478
444
568
493
477
505
506
344
437
525
395
547
482
369
454
448
430
447
461
392
455
480
441
614
541
486
505
493
415
511
496
399
528
582
453
420
507
441
479
465
277
392
526
405
572
533
451
534
532
341
522
538
398
549
596
441
515
483
339
510
518
388
545
302
222
459
464
402
436
488
379
585
488
423
439
572
423
472
526
342
510
602
418
549
492
429
574
498
424
532
529
432
543
564
500
544
594
455
510
494
257
455
495
334
434
487
389
496
498
374
494
484
341
523
444
395
548
490
394
607
443
335
525
444
391
612
587
461
519
489
351
506
934
389
414
494
439
548
558
401
543
596
385
460
459
340
422
519
400
563
488
449
458
423
351
469
348
407
543
486
226
377
468
346
477
537
408
519
549
384
516
510
430
521
445
396
440
485
452
475
532
336
432
540
399
549
491
507
574
543
523
530
538
412
544
487
447
494
543
417
502
469
351
483
452
476
465
539
421
532
526
478
487
469
347
511
521
400
581
526
454
477
503
372
486
523
407
490
537
379
527
519
332
479
536
382
485
583
335
447
567
421
486
462
429
484
450
201
460
236
194
448
494
425
517
438
401
572
538
492
399
503
579
440
454
466
315
453
488
382
592
424
438
519
523
393
540
483
439
536
319
253
394
416
407
528
502
479
586
606
450
451
499
310
481
506
435
448
465
309
513
546
388
520
488
338
522
439
410
542
483
436
490
458
426
516
520
410
545
590
454
514
568
353
511
506
406
512
544
453
512
561
425
517
539
409
539
481
384
494
530
502
519
527
390
483
488
424
417
525
463
487
505
342
433
542
410
540
588
463
445
570
444
427
532
407
540
484
439
569
537
423
428
322
392
545
591
444
589
484
332
427
538
400
546
491
446
520
508
436
531
526
408
540
481
444
440
489
440
453
562
400
545
487
493
442
519
521
535
552
407
543
595
465
525
495
356
429
543
415
545
588
451
437
478
424
516
533
415
519
499
366
454
560
391
476
475
435
510
491
423
524
444
396
536
485
440
505
565
425
531
536
393
544
485
439
510
525
347
546
467
403
513
544
433
359
281
403
435
396
323
558
441
402
496
593
492
556
569
418
535
476
316
497
577
403
540
510
413
467
530
398
486
490
322
434
520
480
493
485
342
592
497
379
506
543
432
482
464
410
474
559
407
518
547
453
516
491
309
463
451
339
555
555
396
511
539
430
482
593
414
449
488
428
537
585
512
373
451
325
526
520
462
474
535
443
545
468
201
444
473
419
482
478
296
464
489
398
448
361
429
346
519
405
551
492
460
491
458
352
524
431
324
431
512
351
468
474
415
437
478
389
472
419
443
553
571
421
449
495
508
516
445
435
515
526
408
471
535
446
448
482
504
362
488
525
319
475
539
402
397
349
427
525
405
582
555
495
459
546
517
419
514
527
421
453
496
396
539
532
340
523
931
368
500
436
343
452
470
396
526
552
440
494
619
498
509
564
346
425
533
401
543
482
329
491
539
362
456
526
345
513
521
409
579
542
463
460
507
357
516
523
312
446
483
381
379
485
342
434
446
422
444
389
449
369
510
335
559
444
392
441
435
423
427
530
402
466
533
341
431
507
419
523
543
377
433
484
350
364
566
395
435
482
440
508
475
343
519
519
415
445
482
450
461
532
357
469
506
401
467
486
393
518
501
349
458
473
396
456
482
342
485
473
351
461
526
411
574
535
452
462
535
351
530
515
396
535
477
464
538
531
442
546
563
418
449
492
381
422
475
491
453
442
340
428
327
398
444
492
445
413
505
380
491
530
405
470
535
405
486
478
348
347
521
408
581
541
462
463
536
359
519
516
288
418
441
520
589
611
478
550
544
352
546
468
348
561
486
387
442
486
436
433
508
512
451
499
389
463
525
344
422
520
421
447
492
394
464
517
336
417
505
389
514
535
433
391
442
338
496
488
381
384
482
265
451
411
409
370
509
392
498
499
428
416
484
427
515
308
405
553
483
455
444
491
426
441
539
394
543
596
449
462
529
350
458
569
398
443
599
387
459
487
423
473
449
484
588
597
547
487
576
368
485
526
410
477
536
458
449
415
351
386
448
396
411
490
371
361
409
430
426
520
400
441
484
387
515
430
340
477
513
398
449
494
444
447
512
342
414
512
396
458
489
458
458
489
344
391
537
485
493
595
432
360
468
345
425
517
417
472
350
357
455
481
483
404
360
396
475
509
364
399
450
469
407
473
539
456
478
502
140
416
443
409
527
563
373
556
542
413
435
426
224
457
489
405
526
577
396
531
544
457
449
431
443
516
619
406
574
535
460
540
535
340
505
471
467
490
519
545
494
579
515
524
544
367
518
563
536
585
522
478
467
458
478
429
446
465
470
535
437
530
523
469
568
489
340
451
450
407
555
495
436
587
604
480
513
579
428
535
458
343
476
522
366
423
466
346
494
579
397
547
513
429
493
585
459
474
613
431
447
462
378
413
324
426
570
494
417
490
498
346
450
566
389
533
589
462
607
541
509
517
514
355
566
491
408
431
588
451
611
659
496
612
612
510
442
553
409
542
479
455
534
532
346
494
524
393
639
482
967
1005
990
371
529
493
311
573
529
440
438
482
423
596
498
401
598
525
368
456
525
440
613
539
412
543
483
463
544
473
451
450
553
508
541
479
450
524
529
347
548
470
396
545
489
438
526
220
258
441
404
336
610
440
415
547
588
455
514
491
319
560
439
395
480
587
376
480
493
502
562
437
481
485
482
413
525
520
449
561
482
421
593
498
396
510
542
438
466
500
407
496
495
329
496
502
419
546
491
406
465
502
408
438
474
380
449
533
428
502
538
337
513
437
394
438
484
437
531
524
356
511
427
398
545
485
391
521
495
412
557
520
373
478
588
377
424
456
338
428
323
401
457
491
442
540
613
348
461
471
290
389
439
426
428
537
403
560
490
441
517
508
334
428
536
415
442
487
446
526
527
595
537
534
403
536
587
446
535
532
345
552
469
254
377
406
331
428
533
406
542
481
334
440
437
341
581
490
414
549
480
442
402
527
425
508
505
412
537
487
526
340
456
525
426
333
386
510
535
554
446
454
335
486
471
510
381
447
528
411
423
517
396
193
411
469
527
605
403
510
535
444
462
611
497
454
525
350
551
468
407
514
541
445
467
534
519
520
541
425
554
485
444
531
346
328
537
534
401
579
533
461
544
532
355
451
465
192
383
491
342
442
478
476
458
537
432
532
626
494
504
578
343
439
431
610
461
489
440
517
501
354
525
540
507
648
595
510
583
496
341
605
516
393
544
594
445
520
513
341
482
444
365
476
476
431
523
506
475
484
467
330
525
546
430
475
541
390
541
532
505
506
529
383
538
478
432
503
461
422
496
492
378
505
531
532
573
274
487
511
546
431
450
565
413
541
591
452
503
470
407
553
438
469
479
478
436
523
518
391
543
508
408
464
524
487
474
486
459
484
467
421
515
435
394
511
531
285
400
484
434
541
464
402
403
485
384
445
429
325
500
488
385
510
538
436
511
420
376
527
445
472
514
545
376
532
450
509
592
498
384
511
540
440
531
526
431
540
459
183
449
408
266
457
492
334
530
494
318
437
353
469
476
477
407
403
513
400
538
521
418
501
498
386
421
433
371
507
495
327
510
545
504
559
521
449
533
559
348
452
561
492
535
480
437
612
542
422
449
552
287
504
563
395
488
484
450
553
566
404
996
892
375
463
546
414
524
635
467
505
506
423
508
543
296
534
476
434
512
547
412
467
435
464
561
475
320
519
516
461
448
496
425
518
544
398
532
581
449
599
535
353
454
235
246
382
433
263
426
517
400
451
497
441
450
526
342
513
523
389
552
485
397
390
454
434
422
517
397
545
598
444
528
609
518
457
569
414
441
494
535
332
442
436
339
356
542
405
450
491
445
439
556
436
514
523
312
553
488
448
396
498
358
485
430
514
461
539
455
396
557
344
374
472
386
413
542
385
466
454
338
421
517
391
451
474
434
507
496
437
543
461
484
507
429
442
471
604
424
505
553
421
591
499
396
505
535
427
456
486
415
505
493
338
542
460
384
532
586
430
529
516
422
524
531
411
548
275
375
526
444
340
518
439
392
559
485
447
463
553
433
542
459
405
542
486
440
447
479
501
485
534
478
480
587
421
453
567
549
487
551
345
516
541
409
543
593
457
514
566
423
427
549
415
569
535
389
476
480
442
447
460
386
534
475
437
529
523
423
487
495
301
433
478
437
513
482
420
512
527
502
536
477
441
546
526
420
420
495
384
512
543
446
443
483
347
447
541
389
525
262
383
461
524
332
516
446
403
454
486
452
541
474
364
444
462
386
506
431
391
458
529
513
508
592
494
537
476
439
453
526
512
514
536
388
553
478
437
512
562
422
426
438
409
550
603
445
449
518
343
440
539
394
537
487
437
502
476
429
440
535
413
538
582
452
513
568
343
519
525
409
539
592
442
507
562
337
427
443
402
551
496
449
576
613
483
454
526
420
505
495
406
513
324
379
460
528
419
522
522
490
546
589
463
446
502
328
536
540
391
543
485
433
434
510
424
517
540
418
575
531
443
460
529
485
421
435
390
542
479
441
572
496
412
437
497
417
494
465
406
495
498
324
527
545
450
564
600
493
569
536
430
421
513
397
541
477
434
502
474
411
490
468
398
487
488
432
459
569
401
408
441
431
433
544
520
493
658
451
544
491
435
448
479
310
409
249
159
448
472
476
439
452
465
503
439
591
330
377
517
432
512
509
408
512
539
448
465
526
358
446
458
385
432
478
443
451
240
192
461
422
499
471
531
376
489
476
411
519
515
469
499
490
350
447
464
392
434
480
438
902
1038
324
473
513
373
483
449
344
523
492
413
465
438
381
483
491
415
413
522
462
465
506
421
438
533
392
542
596
444
511
476
415
490
463
390
488
484
192
462
414
321
467
432
471
484
453
256
377
524
345
424
524
396
436
486
382
542
446
448
450
469
395
439
488
442
493
546
492
532
347
424
441
443
395
545
484
445
443
506
343
537
460
231
449
412
417
544
515
395
481
585
442
478
515
359
472
538
393
479
480
355
437
478
422
441
533
391
542
481
452
534
491
434
446
463
156
454
410
407
466
530
490
495
494
371
488
545
419
438
535
400
465
490
447
461
496
406
549
525
394
478
490
419
455
520
428
512
525
436
449
462
392
539
484
449
576
495
486
498
577
459
447
265
402
536
478
453
526
479
354
522
450
407
440
482
445
454
478
339
438
481
387
516
545
440
447
515
332
388
446
294
382
477
553
486
406
439
483
554
412
495
588
463
534
575
421
566
537
387
488
484
330
431
516
472
488
470
345
448
447
384
409
538
443
494
522
428
441
557
193
440
457
406
465
532
392
403
493
323
418
523
398
473
541
339
431
541
399
546
483
444
441
480
336
335
301
467
617
451
480
496
571
407
498
510
473
520
456
473
430
493
413
505
512
475
520
465
430
424
463
402
580
479
492
523
562
522
492
496
407
508
440
235
493
372
483
451
509
561
485
567
532
524
542
460
470
520
490
490
417
383
500
515
415
487
554
440
533
457
480
447
577
493
530
575
450
531
562
453
517
557
473
342
338
430
566
610
546
453
528
556
407
426
184
401
436
496
498
503
491
573
494
525
365
495
462
294
497
432
441
501
561
417
592
575
445
460
497
402
496
513
467
520
559
411
484
514
457
466
261
245
495
385
387
414
457
346
549
454
513
522
508
390
489
541
414
582
493
483
506
528
412
497
524
562
534
621
498
541
594
590
519
520
502
521
549
440
508
487
438
526
526
405
554
604
508
526
568
339
523
445
408
545
484
323
491
545
437
548
560
374
547
473
415
605
546
446
483
543
369
436
427
425
553
497
435
492
501
462
540
580
418
567
633
416
527
558
451
469
539
437
609
313
420
452
497
447
512
489
414
511
546
446
591
554
405
464
498
422
547
523
383
579
587
443
579
469
420
463
905
282
400
531
495
427
523
424
564
607
469
601
493
345
594
496
405
590
501
291
505
456
417
543
487
473
468
450
408
534
513
451
467
538
422
485
585
400
660
500
512
546
524
442
467
474
422
514
494
446
528
524
401
530
556
405
607
522
435
499
583
403
534
555
443
506
266
409
463
528
572
586
582
456
510
488
361
524
521
421
531
560
471
545
620
379
466
577
207
447
415
422
515
550
392
565
527
496
578
571
362
516
520
400
554
604
466
553
598
372
596
538
424
452
507
451
520
621
433
479
543
404
474
541
435
610
527
413
534
579
467
452
510
338
502
582
400
441
553
384
510
505
446
551
570
417
591
427
337
516
446
490
637
475
465
551
591
385
517
320
421
511
487
419
562
570
460
557
576
515
555
500
454
555
592
385
597
551
424
622
600
429
567
504
349
483
520
417
501
589
462
480
564
350
549
469
409
513
542
386
461
489
432
521
542
314
444
488
528
377
541
526
335
531
537
396
545
487
448
518
484
477
498
444
478
479
581
425
414
471
428
521
537
397
565
490
447
502
563
366
525
543
413
541
486
464
525
525
354
456
572
396
540
484
437
447
513
416
468
531
395
486
491
196
455
408
321
443
489
386
484
482
418
432
527
462
484
486
340
512
505
395
437
273
378
444
484
418
564
539
410
491
493
326
495
493
343
424
521
423
546
487
448
531
532
349
455
477
235
458
498
430
431
539
508
548
491
444
451
517
335
477
533
393
483
588
386
494
474
347
435
544
397
549
491
385
470
529
342
520
537
416
540
488
335
478
456
354
450
561
142
409
413
402
427
504
385
427
482
423
493
586
399
474
567
439
454
563
354
382
478
192
443
471
421
484
351
387
414
537
441
458
495
340
429
538
394
547
484
441
494
542
420
507
470
419
436
472
474
578
504
334
522
437
503
505
436
528
474
422
326
419
598
466
480
568
345
539
487
311
483
460
422
519
541
408
542
480
442
510
540
420
525
518
345
520
518
387
446
478
443
606
665
494
494
554
372
463
473
305
543
483
443
605
547
485
523
527
358
518
539
397
549
485
441
456
481
416
465
230
380
451
537
415
514
509
521
504
513
431
448
465
396
525
550
337
467
499
159
498
506
346
539
456
402
516
546
319
463
480
1012
1018
911
290
465
506
415
514
589
457
426
519
353
490
531
314
467
531
459
460
434
412
424
537
391
543
483
455
584
622
497
532
501
411
465
527
387
484
586
428
418
407
481
356
353
391
549
583
449
464
456
507
344
353
527
393
443
485
449
461
485
347
515
452
316
430
462
410
442
483
375
389
485
428
501
496
338
517
505
397
550
597
481
469
587
339
478
438
474
476
485
432
523
245
329
397
432
417
481
537
392
487
454
205
468
486
427
518
442
393
540
484
456
464
538
343
432
446
429
457
596
452
453
517
490
421
529
390
538
480
461
482
620
491
514
480
349
613
504
407
515
544
387
533
528
512
413
502
386
537
480
441
533
543
343
512
556
390
554
471
442
576
498
413
501
549
338
519
536
427
555
598
445
532
525
353
523
426
385
512
542
388
523
482
506
468
315
474
480
494
337
439
494
347
524
443
400
550
489
445
512
559
411
591
497
393
547
591
442
467
526
335
502
495
400
509
534
570
573
494
409
490
547
338
523
537
398
550
493
447
585
483
340
518
505
489
506
539
440
457
515
338
521
534
393
550
481
452
539
527
340
525
539
419
551
482
398
398
534
426
442
526
399
574
534
459
516
510
355
447
464
392
455
478
427
577
612
490
601
316
446
443
461
388
509
434
391
464
479
420
563
533
457
464
466
417
500
491
502
529
454
435
515
529
489
522
571
438
590
592
505
513
528
577
528
563
475
505
503
415
426
536
471
518
459
476
512
501
395
500
476
462
490
514
417
500
499
487
475
476
565
535
502
412
468
525
327
496
510
469
532
455
534
587
634
471
477
528
358
481
482
478
484
513
420
557
592
469
489
467
410
517
250
310
418
427
376
501
543
475
463
461
235
501
382
482
463
445
444
553
558
517
518
546
456
525
521
308
499
508
473
516
564
455
393
489
410
486
422
346
466
463
392
544
487
455
454
564
504
377
401
417
505
590
466
489
479
351
460
470
292
377
403
328
443
466
460
390
518
543
434
485
502
446
529
530
367
460
470
333
446
414
415
388
446
381
487
494
418
514
521
420
498
486
347
437
443
472
543
532
435
552
575
488
421
545
358
524
543
405
538
587
452
607
540
497
538
529
349
460
473
420
552
486
335
472
329
505
514
534
907
981
865
369
499
479
333
533
536
397
567
529
443
514
512
343
543
464
414
541
482
367
421
584
429
522
442
501
533
455
339
549
476
443
532
525
334
510
498
386
544
588
447
541
533
418
604
499
408
509
536
427
579
492
423
533
530
373
456
513
385
541
479
387
540
529
442
469
472
390
536
592
481
533
583
366
509
507
431
452
541
409
538
480
452
513
493
361
523
311
500
545
594
379
517
513
341
468
436
380
487
592
427
559
567
411
428
498
261
519
448
405
500
539
467
494
485
345
540
464
488
534
589
457
521
503
344
451
560
414
550
598
471
620
548
381
538
475
343
537
463
404
515
542
453
515
566
423
514
536
394
564
484
443
521
510
351
519
436
415
557
497
465
501
544
429
468
517
424
506
504
396
552
486
447
544
568
434
451
468
403
517
327
256
456
492
416
488
444
400
493
493
365
450
562
410
434
590
461
523
494
338
452
536
393
540
482
453
458
515
345
390
444
569
480
586
424
438
565
581
478
414
325
348
473
469
455
540
420
534
521
466
485
487
435
449
467
410
438
592
445
443
487
345
483
517
393
546
486
445
476
531
339
427
538
395
543
487
454
454
614
492
452
527
352
457
472
292
438
441
448
448
484
330
428
324
386
544
584
443
510
484
426
430
537
394
543
485
454
459
529
424
428
537
555
412
447
450
479
524
508
335
445
529
388
545
267
450
459
493
430
448
465
387
509
540
453
447
481
330
472
448
366
447
534
320
521
526
424
493
470
341
443
440
153
436
559
477
514
536
389
436
485
453
561
505
441
580
515
418
471
580
527
620
583
519
536
615
343
534
460
402
512
544
333
366
472
405
483
577
383
507
537
450
578
611
487
513
486
341
446
543
397
544
485
434
530
490
410
556
442
402
484
482
435
519
519
396
485
289
429
533
460
565
523
538
384
451
518
389
543
539
364
420
525
425
463
538
445
519
489
422
493
561
399
510
543
446
445
502
552
488
561
411
517
542
382
443
477
420
569
537
378
490
484
422
530
528
400
511
486
369
458
472
303
514
539
441
584
610
367
466
519
514
537
539
517
553
489
452
476
503
434
447
559
421
558
605
467
500
663
497
544
617
367
461
563
418
546
487
451
465
316
348
425
522
410
578
538
478
829
896
416
525
528
435
554
574
356
501
476
340
435
542
413
559
485
456
461
481
496
495
559
514
606
539
325
483
498
410
408
500
361
449
463
221
453
420
348
514
440
404
541
587
459
454
521
337
530
447
408
520
542
566
501
547
450
533
535
500
542
590
468
518
560
416
490
467
295
405
535
434
505
482
329
474
533
375
584
488
430
462
573
428
507
332
355
518
443
410
544
589
438
511
584
364
542
563
403
540
588
451
544
564
347
545
465
159
454
495
269
448
408
415
479
434
558
487
474
426
552
565
430
486
472
351
503
500
385
510
539
386
447
472
338
449
446
402
549
596
446
515
485
347
521
445
405
525
535
438
506
577
428
455
460
392
545
591
448
510
504
349
554
467
222
450
493
272
455
425
326
438
411
459
386
389
453
435
500
525
354
476
520
402
573
533
450
539
533
334
516
441
396
458
486
441
520
515
351
452
569
399
553
491
440
509
415
431
541
241
216
378
430
416
384
440
469
551
537
438
527
525
415
547
479
364
453
466
213
451
411
404
456
470
390
459
537
421
509
513
517
483
557
352
454
470
410
514
544
390
464
530
428
444
542
411
541
592
462
473
536
349
434
524
397
545
482
429
518
490
340
492
531
400
544
489
453
459
547
351
541
469
228
399
405
409
560
444
381
488
489
424
526
522
409
490
562
359
455
467
262
437
266
425
515
440
390
534
478
434
506
476
374
497
454
325
491
468
428
426
447
400
542
587
438
508
498
340
448
541
416
547
487
486
454
449
419
595
503
287
437
487
376
435
474
375
557
546
395
542
482
441
468
554
344
452
561
393
537
585
451
475
532
351
507
553
388
542
483
436
603
543
417
522
506
437
449
559
489
557
581
500
535
531
431
543
554
502
541
590
376
504
514
443
569
224
409
577
531
437
487
544
422
444
456
307
492
508
397
545
487
389
455
609
431
462
453
356
506
502
385
508
543
435
472
505
469
491
493
413
465
557
411
539
593
442
617
538
484
537
529
435
541
466
413
545
592
460
512
424
426
526
538
407
540
484
380
517
552
494
472
464
400
506
537
443
620
547
493
509
526
357
526
544
412
540
587
450
533
529
338
434
539
398
551
594
470
522
269
412
586
491
382
508
535
395
465
540
343
427
964
314
340
500
341
520
545
338
464
500
417
473
467
390
481
485
332
527
521
464
417
411
423
504
503
486
510
539
440
488
621
433
490
474
422
502
499
497
561
587
460
544
565
438
442
478
473
407
538
586
494
521
513
435
543
465
414
543
596
443
507
482
425
415
504
500
527
560
390
389
450
332
515
502
389
434
536
453
474
529
134
415
426
338
440
488
390
479
584
420
500
432
408
470
529
404
512
542
454
453
522
427
522
540
408
541
483
452
530
530
428
448
342
398
543
484
427
576
498
426
461
535
436
434
445
442
545
482
444
549
497
361
489
531
402
572
532
462
538
535
352
518
441
494
450
484
435
448
424
419
565
446
398
483
592
428
434
489
341
470
448
382
488
496
320
413
421
354
457
476
415
513
539
399
403
549
439
374
466
388
515
435
435
577
610
415
507
482
421
499
499
319
554
580
435
482
497
297
469
534
291
532
507
327
461
379
352
483
488
380
487
503
330
477
524
364
491
492
286
488
598
334
584
526
377
511
542
339
475
429
356
488
548
320
519
525
590
595
614
398
457
509
370
454
543
338
476
519
269
502
422
295
524
463
346
506
522
386
515
549
342
522
484
384
441
582
398
467
425
378
497
523
351
482
525
248
418
463
362
414
506
297
529
469
340
515
579
368
507
466
420
480
452
392
494
492
301
383
275
420
489
448
475
575
586
438
494
505
424
598
505
399
515
543
379
382
528
509
348
444
487
146
502
526
443
470
161
333
462
416
452
164
428
488
511
482
239
171
391
466
537
345
127
343
393
480
476
381
457
448
132
491
537
380
510
466
363
479
511
458
525
529
466
577
575
398
447
488
276
513
489
429
497
483
363
543
525
485
478
463
436
615
452
348
483
531
466
471
465
293
497
378
334
462
531
423
527
540
453
470
523
291
489
479
520
339
368
369
526
549
495
583
561
480
441
550
567
362
491
536
364
495
282
389
524
531
429
475
539
254
540
586
335
502
444
356
484
526
408
583
546
479
516
487
350
436
539
396
551
592
336
462
533
530
476
497
503
538
482
398
540
594
342
502
491
492
505
530
333
582
524
453
519
486
298
505
518
415
547
593
389
541
589
270
474
500
258
447
483
323
444
532
432
554
568
294
469
455
294
464
941
314
419
417
307
500
511
281
543
430
371
433
506
335
466
314
364
539
591
332
489
490
352
460
474
400
467
481
477
586
488
287
491
502
357
567
594
381
512
546
424
549
527
365
467
558
557
483
529
442
527
507
312
472
485
352
486
529
466
463
540
383
500
602
389
557
485
447
521
556
312
482
551
351
486
529
449
516
539
336
560
493
298
499
511
344
563
594
268
402
551
425
505
488
425
525
540
418
548
485
368
437
584
465
504
502
405
496
412
402
504
476
390
528
492
292
491
500
375
497
536
437
521
535
346
487
527
385
521
487
392
585
506
327
493
528
374
552
594
559
498
555
291
466
455
340
561
587
370
508
547
328
537
522
300
500
510
359
486
514
261
427
488
380
425
463
453
522
482
372
456
584
407
493
494
290
520
458
364
514
580
459
537
500
301
461
448
348
485
526
459
527
569
359
485
395
417
469
499
357
606
363
400
490
452
360
531
420
412
532
559
344
507
522
448
468
553
365
423
535
443
490
554
439
448
454
371
481
511
409
543
590
503
537
585
267
435
498
385
492
606
505
547
485
369
445
474
401
500
539
348
517
523
351
481
525
266
510
548
385
469
538
359
482
502
406
465
531
381
511
494
308
492
499
355
497
529
450
528
521
295
459
466
506
316
470
540
365
534
589
407
495
492
304
503
567
360
511
577
456
525
574
295
492
507
343
559
582
367
511
541
351
490
500
300
536
468
357
509
574
375
540
588
399
485
368
400
548
507
410
592
583
394
509
485
307
549
543
417
552
596
388
554
474
268
484
490
406
510
426
339
495
536
368
517
659
489
509
474
378
436
487
402
496
489
415
468
526
426
508
504
335
556
480
484
517
550
483
441
523
312
501
510
429
486
524
363
518
538
392
482
587
302
556
551
424
550
485
434
492
576
311
527
440
450
391
421
306
406
441
300
517
574
339
529
529
460
566
367
263
477
465
377
524
491
425
450
475
367
416
493
308
444
579
362
512
577
462
478
527
287
460
539
359
491
536
369
537
471
527
483
493
307
478
507
303
413
440
403
513
487
336
481
464
292
384
488
419
417
518
409
488
406
355
436
444
394
519
441
437
445
471
451
388
467
393
495
507
469
521
463
411
436
474
389
475
386
389
444
500
973
932
993
479
389
466
392
364
536
480
383
347
250
299
471
403
357
535
477
588
614
477
509
521
350
426
523
461
429
585
450
534
528
420
516
545
433
500
584
463
480
590
489
492
490
418
536
584
451
514
500
433
448
461
399
537
480
324
491
527
363
431
480
325
563
462
473
479
476
408
514
510
410
465
522
427
440
544
488
545
587
440
527
524
422
509
497
493
532
643
466
533
518
318
489
464
394
506
538
433
444
435
428
502
283
575
528
530
337
575
493
472
491
559
424
590
506
412
537
480
383
521
480
500
476
559
399
505
537
426
473
498
422
522
551
474
469
436
388
476
479
253
521
415
330
473
440
372
472
436
222
388
395
530
337
533
553
406
440
471
438
507
491
327
501
497
467
504
537
429
474
473
421
466
529
377
477
588
421
550
556
410
492
497
339
514
508
404
514
535
436
433
490
510
500
590
413
539
583
440
436
483
338
430
539
407
547
483
445
470
442
410
553
439
397
480
481
343
536
520
406
498
489
425
464
529
400
483
380
431
525
567
408
417
405
504
512
441
394
427
481
420
466
503
423
500
473
331
462
530
394
475
484
410
433
521
461
477
481
486
531
460
399
505
533
424
462
607
482
438
497
341
423
501
399
533
584
442
381
525
343
542
464
404
423
539
435
454
528
423
489
543
395
464
529
453
452
554
357
484
529
422
523
510
474
547
538
436
450
456
226
381
489
407
470
435
475
478
482
421
452
352
222
434
413
321
381
474
386
517
541
388
365
415
414
491
445
378
377
480
319
524
519
469
473
541
340
432
539
396
444
565
537
571
515
425
456
484
331
467
538
393
473
580
208
420
540
297
454
490
331
446
589
353
461
591
381
517
436
424
529
529
406
564
580
442
611
542
488
514
507
337
449
559
400
541
482
447
613
543
483
521
527
400
376
499
340
494
453
412
392
585
402
492
281
346
552
463
406
508
539
429
418
539
407
456
502
385
412
428
448
477
505
366
445
426
355
465
472
421
549
599
449
533
533
473
497
495
405
441
478
450
585
619
490
533
524
445
445
452
382
510
539
446
479
498
359
441
433
423
505
500
410
540
479
395
478
517
420
533
535
388
540
480
446
502
551
421
443
456
412
479
472
292
480
482
415
519
520
456
988
900
388
467
453
411
516
273
299
425
498
157
516
394
496
468
421
376
494
497
485
418
550
568
472
480
545
429
505
502
384
524
440
448
475
535
427
506
285
382
516
535
368
634
542
394
552
579
290
491
505
355
500
637
164
551
484
283
494
462
375
548
541
332
460
588
364
514
546
523
539
601
463
553
545
345
485
526
367
516
552
338
463
431
310
492
599
351
488
533
377
477
449
435
507
501
403
519
546
368
528
541
429
530
528
291
467
459
369
561
590
362
508
543
334
484
490
315
488
514
342
591
636
379
548
588
285
492
469
383
456
327
330
572
481
361
633
660
422
478
440
393
520
578
427
559
588
364
528
545
395
471
534
287
489
553
346
602
545
397
526
559
463
486
491
296
501
507
333
477
535
374
481
545
444
595
538
382
515
547
343
414
541
377
474
452
423
554
477
390
513
545
413
518
519
385
490
410
433
481
526
378
512
514
294
452
615
344
542
520
382
518
498
390
498
604
447
526
467
325
511
477
290
458
321
336
554
481
374
505
498
390
460
512
216
417
459
378
466
454
432
561
476
381
517
551
330
484
545
391
487
547
347
457
585
535
514
662
335
407
425
308
492
514
360
484
533
268
512
544
351
502
489
288
463
554
337
555
586
364
521
540
325
530
495
348
538
444
346
555
586
364
510
659
407
507
586
406
475
517
366
541
521
386
508
491
328
545
565
342
513
574
373
544
586
405
551
397
290
489
503
452
592
529
388
509
547
337
486
563
385
500
508
456
537
480
444
376
523
345
543
461
255
452
425
491
439
474
452
549
530
417
523
517
410
484
398
504
480
438
484
482
592
334
568
567
428
504
572
338
537
532
554
411
443
446
606
540
498
490
591
506
362
430
389
538
496
521
441
532
563
152
411
422
385
411
543
433
414
478
342
435
445
559
627
550
409
504
576
464
549
510
413
357
529
480
473
491
230
459
410
411
443
479
467
447
537
420
530
519
463
490
485
431
443
462
407
540
480
328
440
216
219
450
504
416
474
465
381
507
531
435
446
439
343
440
545
397
546
482
442
508
668
498
542
534
338
452
539
397
542
483
460
485
542
432
514
494
343
526
432
411
441
487
441
474
499
428
513
489
326
480
468
410
493
485
416
522
516
521
1008
948
446
534
553
418
544
565
465
500
503
421
508
501
405
514
543
435
467
616
421
594
516
423
518
440
395
460
472
449
466
615
488
433
352
432
448
462
382
510
539
324
516
421
435
447
460
396
542
482
442
509
494
346
560
467
401
507
538
431
435
494
496
487
532
565
493
485
222
402
406
347
479
538
407
498
482
368
435
501
448
482
525
322
470
431
449
471
535
338
439
533
392
537
477
444
527
473
416
385
444
386
506
491
425
489
464
429
385
445
373
451
535
367
491
474
415
472
525
390
475
478
217
381
498
265
378
199
408
465
528
378
475
582
427
554
569
349
425
478
423
501
495
397
511
543
385
449
508
417
479
539
482
483
589
372
479
517
466
368
523
375
482
587
256
399
420
190
387
423
355
415
501
404
409
540
449
466
615
483
450
500
347
418
499
417
445
597
455
523
472
420
444
471
394
484
482
420
531
636
475
480
537
335
433
454
402
474
539
458
477
483
427
418
504
488
415
430
438
532
306
189
451
427
413
472
441
472
478
485
424
551
568
467
510
532
361
445
433
470
516
560
421
378
518
573
473
507
506
411
429
254
305
419
465
480
476
473
356
498
514
424
487
473
413
427
539
474
524
566
536
487
514
462
487
531
399
386
477
491
482
511
504
476
551
413
429
540
305
491
459
391
451
500
449
553
558
364
483
412
273
450
483
319
516
441
461
487
509
414
489
474
389
496
419
468
519
562
433
493
460
403
503
516
499
528
573
434
512
503
430
421
533
491
518
568
438
495
465
307
476
475
452
483
229
405
454
475
452
473
445
396
543
510
456
464
462
514
531
532
448
463
521
317
480
478
475
517
563
435
574
514
479
505
501
479
489
471
558
585
511
431
560
591
481
490
534
388
442
500
369
455
457
519
524
489
405
444
503
446
566
480
330
449
401
420
418
423
376
492
590
433
552
567
466
504
528
436
454
555
411
555
593
444
513
485
327
591
501
409
542
481
344
494
548
424
431
275
344
502
497
400
505
538
445
587
553
326
479
468
397
484
488
332
454
527
433
510
504
387
507
432
436
487
483
337
468
528
558
494
447
315
451
412
321
525
472
378
553
531
420
527
521
455
531
503
337
501
503
410
539
584
453
535
531
335
518
533
389
557
987
331
444
436
364
519
445
392
456
480
438
577
613
483
582
565
357
510
488
407
539
581
450
516
580
343
541
465
407
514
325
426
480
493
413
491
504
345
547
556
406
540
590
453
534
613
361
452
462
221
453
494
416
481
446
371
480
486
305
497
479
469
468
523
393
476
480
214
446
405
327
521
472
389
462
535
421
533
510
394
473
462
351
509
501
392
550
588
448
528
489
427
556
495
396
507
537
366
429
496
526
448
465
261
452
409
410
438
470
474
480
502
362
417
471
428
512
525
398
565
525
444
529
527
495
329
416
412
509
533
557
353
487
617
435
471
606
439
480
520
402
574
429
393
475
461
413
487
557
403
509
542
435
468
279
414
512
549
419
468
471
397
516
541
346
431
409
420
496
495
401
514
540
427
462
498
412
481
521
337
464
437
490
477
481
515
518
539
388
472
450
491
474
465
559
484
509
412
486
456
392
464
426
437
455
509
391
514
491
435
517
487
328
486
470
361
513
510
520
555
586
528
495
486
415
547
496
499
546
614
440
499
496
345
515
531
480
516
458
413
418
476
388
446
441
534
476
263
425
516
514
399
487
467
430
522
500
397
511
530
438
443
501
530
540
561
411
542
479
432
490
539
425
445
474
346
502
502
471
504
531
440
494
471
508
474
540
461
575
585
436
548
566
482
506
488
169
456
417
414
474
465
476
476
581
419
497
496
438
509
552
390
451
587
440
507
485
345
476
470
381
484
593
427
444
561
398
488
500
342
445
559
164
449
497
416
476
464
383
507
317
313
465
489
404
484
541
421
504
498
500
611
536
456
584
499
500
508
553
351
504
500
491
506
533
430
474
457
404
519
470
501
540
526
425
520
629
369
459
451
366
512
498
426
506
539
433
465
495
421
513
508
340
510
503
401
512
544
436
466
500
404
1264
377
476
324
341
435
551
466
403
516
543
429
472
502
422
518
478
413
553
440
395
482
486
416
524
522
401
528
496
413
559
254
290
445
404
410
572
450
380
498
490
342
532
526
461
531
587
339
600
506
409
518
548
432
468
499
405
502
570
327
593
495
476
503
536
317
478
483
412
482
436
479
578
588
428
550
571
477
498
569
336
591
499
403
506
539
442
497
469
528
518
425
488
500
539
550
373
508
872
397
490
418
427
511
500
385
510
531
425
550
564
408
486
492
353
420
505
405
511
539
450
585
617
489
521
506
360
436
466
389
509
537
438
526
513
435
450
553
192
465
417
399
436
470
466
546
533
418
522
516
407
488
541
425
519
283
215
507
452
405
455
484
397
486
589
424
494
505
427
448
553
396
541
484
411
519
434
417
565
470
388
515
537
376
530
526
481
427
540
395
441
485
442
523
513
417
388
532
480
485
482
275
384
508
427
510
504
393
537
475
437
513
501
422
420
499
400
604
532
439
455
529
430
514
519
415
444
590
462
537
504
426
417
502
383
509
540
464
519
458
386
493
507
391
547
488
376
509
328
331
475
540
382
486
498
354
486
523
364
513
543
354
547
518
396
543
540
323
469
584
362
509
539
538
519
494
393
518
465
525
567
537
473
540
509
334
447
440
387
510
536
459
531
488
426
538
455
417
447
491
472
493
542
488
530
531
438
449
553
394
427
475
440
493
539
372
441
487
343
507
505
395
547
586
383
492
468
426
510
500
399
509
536
442
443
428
440
592
498
398
510
343
222
386
406
327
562
443
380
476
581
423
549
568
416
472
519
424
541
540
405
540
479
441
495
540
455
444
446
367
545
563
505
533
481
457
608
542
485
437
493
428
520
505
492
553
479
446
512
478
417
470
436
370
453
531
430
523
624
468
513
529
446
550
519
401
568
532
456
516
556
503
495
472
402
511
538
440
537
526
545
443
449
417
539
480
461
508
483
347
540
563
424
489
319
326
411
459
333
509
500
403
522
535
346
470
499
409
406
449
471
430
356
408
579
544
489
452
477
338
505
589
488
405
516
326
432
470
503
424
505
492
365
523
536
389
435
479
438
483
501
353
447
492
344
390
468
299
399
486
425
557
568
353
345
503
595
516
526
420
444
473
661
385
457
332
425
448
430
581
539
394
464
454
429
554
444
480
481
588
336
559
571
490
511
497
328
469
496
401
510
535
429
471
496
417
432
489
383
448
416
444
432
508
502
496
604
457
495
478
311
360
451
463
507
545
552
546
286
512
541
543
451
462
507
411
609
441
477
485
510
521
557
478
394
430
503
410
480
477
406
538
562
549
489
489
288
553
445
519
551
580
365
547
522
420
497
478
936
960
924
491
457
520
362
597
574
379
491
508
334
484
529
373
498
506
292
493
488
437
579
530
420
468
593
311
459
456
338
486
526
379
545
479
410
494
501
296
499
441
359
515
580
381
539
586
401
491
493
294
441
346
417
464
530
356
511
557
425
524
543
400
415
526
481
438
510
441
410
551
411
515
433
478
485
514
523
343
593
459
483
477
479
509
521
480
549
506
553
464
522
486
501
488
424
511
498
388
428
541
375
494
469
408
490
468
390
580
581
429
498
499
335
512
528
406
537
479
452
512
514
429
594
502
483
513
540
443
453
445
423
423
505
501
461
598
457
461
532
424
501
497
385
519
323
432
584
500
485
437
567
337
414
504
402
512
539
387
395
458
518
434
544
508
589
642
458
482
514
349
451
565
392
537
588
496
510
564
413
587
499
480
505
533
439
479
612
155
463
500
480
511
602
409
438
592
494
560
570
381
493
625
572
492
546
639
504
520
472
505
518
515
444
478
524
359
506
410
466
591
583
341
492
470
295
437
568
422
524
632
467
594
613
476
509
531
431
506
544
213
500
588
533
475
619
449
541
517
377
585
585
411
495
533
549
589
640
510
555
609
411
488
573
402
530
571
474
649
409
381
409
534
364
505
479
437
501
587
373
565
561
514
504
472
372
516
488
316
520
527
464
566
559
437
510
473
453
540
534
530
478
528
491
562
566
409
532
569
477
525
479
487
564
590
389
519
557
332
502
574
486
530
590
394
561
489
480
519
553
440
606
653
484
559
507
399
513
522
479
488
503
322
451
579
448
514
504
423
511
497
378
518
537
440
522
426
334
432
553
393
540
264
443
577
617
354
450
551
419
467
444
404
519
542
435
485
498
420
442
429
344
502
404
490
509
539
434
577
496
408
492
561
481
500
494
393
548
484
433
579
619
471
426
470
286
440
502
378
511
480
400
467
535
439
608
543
419
437
508
333
506
504
402
496
534
363
500
421
428
494
467
396
487
587
440
562
544
346
502
498
497
542
590
463
615
546
487
485
467
336
502
495
390
537
260
429
581
496
475
515
531
350
454
549
403
553
593
470
543
538
434
450
466
385
510
541
440
473
497
473
504
569
502
500
592
531
529
580
441
529
512
427
585
493
402
510
542
431
935
923
380
445
440
380
505
536
448
586
507
485
507
490
340
424
506
404
605
537
450
511
486
499
562
535
399
487
492
315
473
503
341
519
448
403
553
594
449
540
455
363
456
473
390
441
546
441
517
283
338
525
536
402
538
481
441
453
491
426
429
541
402
549
489
435
583
502
423
438
489
329
563
446
374
476
485
323
518
512
532
494
487
434
539
463
258
450
430
351
507
501
401
511
539
448
603
555
586
430
434
540
307
511
456
523
557
472
405
468
520
481
494
509
470
615
456
535
502
474
389
423
391
396
484
476
458
502
407
410
557
471
395
500
488
322
517
440
396
518
456
432
534
633
477
584
513
433
459
498
483
542
509
426
509
475
402
499
519
468
523
569
544
494
540
408
475
473
477
506
510
429
486
257
222
422
387
266
493
395
239
431
475
316
446
408
403
479
473
464
500
512
543
556
470
417
525
473
333
416
386
402
484
483
588
488
519
408
450
477
406
472
466
395
512
512
388
562
519
440
505
469
378
580
444
448
526
514
505
415
497
368
456
513
401
503
509
471
519
459
360
531
583
391
478
437
299
537
419
477
456
501
343
413
528
401
432
515
480
522
454
435
444
477
424
491
259
408
517
518
479
520
461
527
560
483
363
459
527
516
444
541
403
446
491
451
522
492
427
598
500
400
523
541
381
442
416
582
593
499
412
518
543
443
514
490
340
506
504
500
647
595
514
586
560
354
416
501
493
520
543
382
517
483
345
445
509
394
539
489
452
438
482
422
479
537
408
501
496
277
446
480
426
412
446
382
480
487
427
491
462
354
436
543
396
536
478
430
478
314
200
375
479
423
499
496
485
530
537
442
482
614
436
510
576
422
502
498
483
508
534
437
472
467
414
474
529
372
482
483
539
517
627
468
514
584
437
539
560
419
575
637
452
464
464
443
424
508
385
514
541
431
574
495
414
514
489
268
387
418
345
564
499
384
504
528
310
467
492
345
492
500
300
561
471
406
514
541
436
479
552
418
568
472
465
385
409
424
547
471
579
418
198
399
526
491
402
514
545
302
483
501
531
370
498
484
333
508
499
409
433
486
341
417
504
404
415
540
217
380
415
409
372
354
278
479
489
261
394
521
433
455
543
505
562
497
443
499
541
424
1028
921
425
494
473
414
521
517
459
499
551
348
417
502
493
509
535
449
580
616
510
443
494
414
447
460
390
450
478
443
505
547
523
437
506
338
446
491
276
492
546
527
501
497
393
537
481
444
437
479
406
557
530
392
472
477
438
501
502
425
450
461
191
375
413
342
581
475
299
428
542
380
494
554
434
452
251
385
512
538
437
495
473
337
423
439
399
544
484
446
512
557
413
470
536
473
480
587
442
463
576
480
449
510
352
408
525
507
576
535
453
515
521
434
467
578
434
471
530
443
494
548
428
472
525
433
508
504
491
511
536
446
459
430
417
470
530
382
464
481
255
307
420
338
439
468
361
520
480
415
571
534
443
519
501
435
452
469
392
507
542
438
506
469
425
495
496
194
444
179
494
465
512
488
511
537
425
545
572
394
480
466
349
478
448
489
488
484
423
560
578
348
485
446
507
576
537
404
492
493
533
536
518
459
488
519
340
459
560
397
546
490
452
583
618
489
495
483
341
601
508
387
514
533
421
452
567
418
494
472
339
519
499
398
509
541
382
451
507
354
525
541
421
547
482
453
528
520
329
487
489
350
438
545
421
583
537
390
462
523
518
601
291
381
414
433
434
581
497
485
510
534
347
458
558
396
546
488
449
592
505
262
392
413
342
443
497
389
512
541
342
578
501
477
500
478
341
425
505
385
409
428
391
512
403
416
482
536
379
579
489
440
529
525
404
409
410
431
541
457
506
538
474
456
477
533
350
546
562
502
651
594
459
524
501
513
369
482
524
403
571
427
458
518
489
337
449
543
418
537
481
432
482
498
420
518
489
337
501
489
384
523
433
440
582
617
490
507
550
336
501
478
405
510
540
449
586
617
430
506
473
421
440
568
395
487
375
444
559
571
419
515
534
348
455
466
220
452
488
492
525
470
292
525
472
517
489
576
411
491
517
355
607
523
423
568
526
458
497
536
417
481
481
423
503
496
383
510
434
439
479
482
405
437
483
385
476
484
423
548
522
460
484
571
295
492
505
167
486
524
356
485
454
188
445
420
504
474
443
467
578
586
444
550
573
489
578
501
224
448
409
487
428
464
387
574
584
437
545
352
405
424
495
345
471
440
479
481
483
222
450
470
395
520
563
479
584
591
446
554
967
319
409
488
428
523
457
410
539
480
584
605
545
499
511
562
354
421
507
405
513
546
453
585
618
357
513
486
428
592
596
485
545
588
455
514
488
419
608
452
412
537
482
458
512
503
413
476
554
400
516
547
380
462
531
517
449
546
409
530
584
447
510
571
342
542
463
379
505
540
436
464
279
288
438
482
416
474
534
379
498
490
425
521
522
466
487
564
338
445
556
393
440
486
389
517
418
333
505
501
493
537
478
481
574
604
414
503
560
429
453
464
394
457
484
432
483
471
403
443
569
394
481
481
318
412
463
328
465
441
379
482
590
430
520
492
353
446
463
380
424
540
544
575
493
475
499
495
361
545
467
346
485
526
471
530
499
337
509
493
387
517
538
437
529
277
326
474
532
374
477
484
374
434
501
502
474
536
406
622
547
440
513
485
339
521
547
422
468
535
446
464
544
560
439
554
266
427
523
409
403
374
527
388
491
592
458
557
569
412
428
491
505
570
446
484
491
592
446
455
567
481
505
464
225
455
409
465
475
442
291
382
481
436
447
518
462
483
515
328
493
463
390
476
481
222
457
413
419
475
534
476
483
481
421
519
515
449
470
517
432
454
555
299
431
478
452
477
473
356
484
509
382
583
492
401
532
521
432
605
503
402
515
537
335
482
496
402
494
267
278
540
536
485
508
533
367
478
454
505
476
465
337
551
572
449
502
471
425
601
496
337
553
579
317
484
500
452
526
498
483
511
308
167
459
417
472
625
205
296
448
454
416
228
86
390
487
447
421
143
304
419
432
414
234
132
378
438
472
435
135
316
438
391
410
186
329
432
528
409
497
533
339
520
524
446
551
565
489
493
576
341
542
464
414
446
597
458
493
542
493
530
309
417
595
498
405
513
538
435
463
496
368
507
413
424
416
495
382
516
541
334
483
476
407
326
393
367
481
514
401
476
535
584
488
573
421
482
470
398
512
536
434
462
495
414
423
506
339
449
544
402
556
493
321
418
482
335
415
500
407
519
545
315
509
474
429
503
501
488
505
533
444
496
549
495
527
479
354
507
503
381
510
543
437
583
501
489
452
489
425
598
498
406
511
236
313
466
494
367
453
430
428
419
503
385
526
543
441
586
625
493
520
515
424
502
500
386
526
538
954
953
912
391
461
515
424
495
580
395
491
489
384
543
466
341
450
488
319
438
471
379
554
536
429
526
522
475
492
506
357
484
525
428
569
532
360
560
466
459
535
485
378
577
500
349
484
523
390
543
459
381
551
452
377
527
493
440
536
444
450
479
516
462
548
473
296
492
289
333
549
580
370
510
543
459
361
499
473
468
506
518
460
487
525
464
479
525
424
593
496
343
491
520
246
432
494
390
523
341
435
508
570
363
526
584
465
541
436
293
457
542
349
482
523
382
518
422
374
546
448
326
460
484
359
624
542
411
485
541
488
510
505
352
488
524
385
436
488
379
486
501
334
475
631
448
477
563
292
492
501
341
554
579
374
507
533
395
482
557
301
591
467
465
531
512
487
499
485
298
524
465
401
488
530
361
427
466
331
415
492
313
522
461
338
512
471
369
538
584
395
478
355
378
483
592
331
585
526
488
506
542
393
568
502
386
497
509
406
550
487
370
556
572
398
501
511
289
514
457
389
496
497
483
502
493
293
518
462
244
509
570
359
531
581
501
522
493
303
501
506
348
483
523
392
497
528
282
511
481
338
519
469
270
482
453
280
468
443
316
569
474
383
624
659
488
512
505
294
516
456
277
428
546
366
445
482
323
595
579
351
462
456
381
531
305
288
496
601
392
548
488
386
542
583
273
481
486
442
557
564
439
487
523
389
535
449
371
463
533
400
548
487
377
507
539
448
453
572
306
508
605
333
545
448
296
454
441
445
550
580
374
507
543
333
472
443
302
485
493
342
478
515
453
527
508
271
481
476
329
518
524
443
547
563
263
458
515
369
513
487
321
446
531
367
522
571
278
522
488
324
548
580
296
459
426
282
597
237
415
523
555
339
512
472
436
518
512
500
523
548
386
432
490
353
528
512
405
528
551
349
513
488
544
519
545
312
495
474
533
521
629
470
499
566
335
602
504
411
520
551
320
484
486
527
427
422
328
475
467
278
417
495
430
446
456
404
576
556
499
478
484
534
499
509
553
341
524
447
389
513
540
436
581
620
358
519
498
351
541
561
494
564
589
457
490
546
497
509
563
337
495
531
407
538
478
455
611
540
495
500
470
355
477
537
395
487
487
444
553
458
411
433
428
309
470
431
200
376
493
937
1037
822
327
484
451
415
508
591
463
486
466
333
506
503
420
547
588
470
456
497
333
512
524
406
547
587
379
493
569
429
501
502
482
504
536
442
502
466
427
471
467
297
491
494
427
534
528
461
536
586
362
505
502
415
540
484
451
514
467
415
473
440
469
530
533
422
538
526
468
510
504
343
543
457
406
443
487
445
514
544
427
431
548
334
476
442
484
486
488
325
516
518
458
469
347
426
447
465
300
512
540
434
581
619
498
443
516
349
453
560
388
539
478
430
577
501
422
441
422
358
526
447
418
542
485
491
506
483
355
512
497
385
511
537
438
508
563
359
510
504
487
517
540
385
514
421
334
505
498
489
530
479
435
520
503
340
476
499
394
510
539
440
488
503
424
506
485
342
446
539
396
549
491
461
479
455
341
509
503
412
517
548
385
436
472
338
522
318
390
542
491
389
509
411
347
462
473
235
455
407
507
480
443
486
484
592
429
554
575
435
581
471
331
392
450
463
542
532
570
519
517
451
458
525
420
499
499
383
516
535
386
519
500
429
508
504
385
507
537
379
526
559
426
426
464
334
600
499
403
495
532
373
519
437
516
510
503
390
502
432
375
465
442
421
516
448
404
489
534
378
516
487
430
471
534
396
479
445
161
454
200
413
468
524
390
476
481
418
522
520
458
530
500
424
502
495
577
489
422
355
583
611
644
452
476
421
501
495
487
403
513
322
221
450
488
293
526
405
322
474
458
369
475
480
417
533
518
483
427
530
376
411
440
355
412
455
436
511
595
468
494
573
486
448
465
387
465
492
203
394
443
423
367
501
409
472
539
453
504
578
420
452
439
423
418
502
415
517
544
436
365
618
418
448
493
358
431
442
408
543
488
441
394
540
427
509
504
411
475
467
402
492
494
430
423
530
395
483
489
445
420
501
570
532
513
364
459
543
327
518
588
434
544
480
332
463
434
332
525
548
415
518
481
468
488
512
342
515
502
409
507
542
437
476
497
483
473
519
353
516
503
484
531
534
341
523
412
346
519
452
407
470
432
445
612
663
379
517
505
425
503
497
328
504
414
336
467
500
413
551
595
454
599
538
498
511
594
348
456
565
404
556
490
436
468
500
425
536
510
353
419
498
412
519
546
456
587
410
487
923
1007
401
487
473
420
505
588
466
478
550
423
522
457
416
545
593
460
468
534
364
509
499
327
558
585
436
564
574
544
506
551
437
504
574
490
539
592
402
495
499
479
511
557
456
493
575
511
566
631
470
565
585
395
562
521
349
511
575
488
590
576
379
487
601
460
488
531
355
506
539
452
461
528
459
516
581
536
554
584
392
517
552
523
527
579
382
546
547
458
585
342
500
540
588
454
577
496
485
619
563
329
509
576
485
536
584
536
489
575
397
450
468
333
505
572
488
539
592
296
492
501
553
512
556
462
537
626
380
576
566
477
586
509
336
501
529
480
630
663
402
564
576
398
548
612
395
513
553
536
393
498
608
533
474
480
534
584
627
408
504
579
403
533
569
463
621
584
502
561
545
387
490
530
456
590
531
366
516
549
456
479
557
397
487
455
337
510
471
498
570
639
548
445
540
346
471
563
398
557
489
444
510
582
342
448
560
416
546
489
338
495
539
415
517
299
340
518
542
389
532
474
437
609
538
488
515
599
433
447
557
413
540
592
458
499
543
343
508
497
401
547
484
386
447
485
571
530
457
411
548
486
460
537
529
337
510
506
393
496
533
380
443
509
442
469
556
417
545
589
441
511
496
329
418
503
400
593
528
317
477
496
419
419
484
347
483
449
465
472
539
420
526
522
458
479
568
438
482
521
402
574
531
443
516
590
351
460
259
296
397
528
426
512
509
327
423
411
337
508
505
418
544
485
444
516
421
356
521
541
421
548
486
450
521
540
351
483
550
518
490
474
457
462
506
337
500
472
397
489
591
320
462
571
410
424
500
442
457
463
386
510
541
439
588
505
493
506
542
414
434
532
388
478
482
265
457
417
415
474
443
372
460
540
417
523
523
479
499
491
349
541
459
413
542
593
459
611
547
499
538
313
224
391
434
433
495
459
381
582
476
400
500
493
347
545
467
404
517
542
442
612
549
435
522
543
351
453
466
297
505
539
559
528
486
337
598
505
408
541
485
435
473
504
413
511
533
358
474
473
339
399
434
335
447
477
317
414
521
339
455
568
392
478
479
441
468
442
339
530
509
409
518
539
322
493
500
411
491
469
356
450
545
405
547
492
437
589
506
426
459
530
436
535
331
508
535
475
449
492
962
389
427
504
348
499
498
391
522
544
432
481
470
332
526
477
395
454
534
421
429
516
516
416
416
293
267
451
428
384
487
506
490
447
481
434
473
617
492
441
510
345
454
552
383
431
585
446
536
529
337
432
505
308
517
543
448
461
496
406
431
470
407
485
465
402
514
543
445
466
499
415
418
502
352
483
522
427
461
531
392
452
427
419
568
561
491
500
531
388
495
492
432
351
554
408
440
483
459
510
482
416
559
441
393
381
484
434
441
517
331
391
477
386
432
542
380
377
303
216
440
402
507
475
567
401
545
487
441
424
494
352
426
452
423
468
534
389
377
484
429
440
504
405
404
531
441
464
479
511
566
516
419
466
526
317
376
533
350
432
494
424
594
499
405
513
544
327
444
405
419
478
468
382
422
538
437
510
415
424
488
531
388
538
590
444
536
528
352
461
474
395
426
543
387
442
504
417
382
532
394
485
493
275
409
446
412
469
466
278
424
318
447
586
615
395
533
486
513
503
594
414
433
485
387
457
542
354
452
563
398
441
488
441
440
509
341
514
507
402
505
539
558
487
497
486
493
493
426
601
499
407
474
538
458
540
558
391
542
471
436
582
499
491
472
524
463
417
496
399
504
530
452
533
520
342
444
462
226
459
417
190
452
404
495
442
481
398
443
533
421
547
521
456
472
544
341
425
502
403
508
536
434
413
239
232
423
377
468
578
450
461
420
507
498
496
602
449
488
509
417
431
541
472
413
568
415
548
450
401
514
436
481
497
516
518
344
473
495
490
479
480
516
457
530
558
595
417
468
521
119
407
517
472
516
546
326
471
482
421
433
543
401
447
490
350
589
473
418
484
542
398
481
488
435
425
530
412
485
566
352
549
469
407
521
550
563
438
356
427
443
501
344
423
511
386
409
319
432
466
498
429
503
307
451
289
553
442
360
491
434
403
470
537
446
501
550
441
388
490
335
466
597
392
517
540
443
471
285
475
445
541
351
454
477
297
512
547
440
475
480
419
562
442
398
481
485
419
518
521
399
467
429
418
554
531
476
579
457
385
440
479
364
419
482
366
546
535
424
525
523
404
499
520
350
471
473
387
511
536
430
578
498
483
482
453
336
595
502
455
462
521
362
455
466
397
509
537
442
610
983
335
463
483
436
451
550
404
533
480
391
521
483
491
437
564
483
588
496
316
560
318
328
501
500
380
507
539
442
592
507
490
572
504
351
547
469
484
506
539
435
515
495
512
486
450
412
536
482
455
508
481
476
593
499
392
539
585
458
597
662
493
516
566
356
539
559
410
545
592
453
524
523
340
507
500
383
519
539
429
580
495
483
508
495
418
508
498
485
614
546
454
579
497
494
445
521
426
597
500
403
519
537
394
439
586
393
489
466
389
446
533
384
489
134
406
526
546
452
557
486
403
509
435
361
516
568
368
497
497
399
480
468
464
542
454
484
447
507
402
485
481
458
483
509
472
430
423
491
504
422
387
513
458
531
587
521
414
426
444
424
495
487
488
518
563
427
508
508
357
475
492
415
516
538
476
550
458
522
559
593
460
498
515
419
430
542
493
517
559
546
585
518
470
509
505
404
492
483
378
481
507
518
437
469
462
424
149
304
457
503
446
550
455
512
529
534
444
471
474
404
496
517
361
518
460
437
550
588
466
577
567
397
483
485
465
485
515
511
554
472
454
480
466
401
486
472
469
515
460
433
468
520
475
434
500
409
524
523
364
516
459
479
485
529
403
571
475
484
516
515
419
436
589
461
576
495
472
407
483
478
576
518
565
421
493
459
381
513
445
345
438
404
387
582
563
448
534
546
408
514
530
389
510
561
478
513
537
411
420
441
476
499
417
511
531
541
511
547
573
436
571
508
403
542
501
429
497
483
406
549
240
243
427
530
500
545
515
560
490
566
418
475
476
415
498
505
483
523
576
435
506
544
415
543
519
488
571
578
525
527
543
483
482
521
485
568
544
491
516
607
442
545
564
474
489
578
346
451
459
399
465
490
438
463
496
491
514
505
417
592
498
402
502
534
433
462
498
403
422
486
350
563
498
562
522
428
428
439
575
425
506
509
226
454
419
189
455
484
341
469
445
389
477
263
414
524
522
402
487
578
345
539
466
386
508
530
429
482
493
430
593
509
430
447
459
411
537
482
187
394
489
336
440
475
472
469
482
436
540
449
404
481
445
329
476
468
383
510
537
439
584
504
424
514
534
354
474
569
406
577
531
445
496
542
426
454
518
345
537
515
390
518
540
324
504
404
429
508
503
942
987
1027
407
496
466
425
527
522
462
490
497
431
447
559
410
543
377
454
495
549
490
529
561
426
601
501
403
513
538
388
441
506
480
480
563
402
510
544
446
456
526
428
447
451
413
544
488
490
501
478
424
426
540
414
546
489
380
516
491
430
435
543
394
457
486
438
584
502
428
504
583
433
459
464
219
446
412
303
482
461
332
499
492
396
500
533
443
527
449
340
520
457
412
542
589
454
528
526
348
454
548
391
542
478
441
459
492
417
500
269
461
484
516
425
555
475
453
470
461
389
453
426
472
572
564
524
521
534
449
479
543
487
496
474
580
520
568
413
578
527
537
492
458
432
398
446
534
480
488
517
430
567
557
402
486
481
477
522
561
486
495
459
405
479
474
384
489
519
524
437
591
522
432
558
411
616
436
464
486
515
357
410
440
382
422
564
467
398
518
424
443
594
407
414
562
420
431
448
363
492
520
518
515
472
468
490
515
321
429
541
471
515
460
419
471
517
463
483
447
397
453
504
447
454
455
394
388
495
383
471
407
322
596
260
243
357
473
387
540
529
459
484
516
412
447
595
398
408
466
325
434
446
480
515
459
355
435
504
482
568
477
480
483
513
487
470
527
406
501
485
475
480
514
408
438
470
407
475
443
398
448
512
464
485
513
362
424
475
480
446
508
458
466
408
233
517
462
489
478
571
476
412
564
361
500
492
489
505
523
385
565
520
492
451
532
413
531
541
472
408
561
420
431
501
399
485
294
237
372
397
390
412
452
465
445
450
269
494
467
427
502
514
488
514
561
547
477
520
466
353
453
397
467
444
385
495
491
506
506
533
409
513
440
486
497
522
409
444
474
402
440
513
425
511
531
474
518
458
411
460
529
482
454
532
465
500
518
426
506
508
457
497
443
341
527
511
465
547
476
337
520
443
449
514
533
383
581
557
459
404
589
430
471
533
425
438
546
398
459
308
453
607
549
492
497
474
419
564
438
322
490
575
419
530
521
454
505
591
296
494
628
532
566
526
337
505
541
347
533
521
524
501
501
337
552
471
448
579
607
491
529
552
299
587
533
454
483
519
454
610
542
401
485
489
352
577
520
348
562
492
360
511
551
407
536
592
430
514
513
333
506
503
398
511
539
366
513
545
412
1087
931
421
501
486
346
520
492
379
552
459
381
534
365
307
488
500
511
488
642
584
442
524
605
297
493
506
344
555
587
435
468
499
326
543
585
347
447
538
337
471
484
335
599
281
413
628
471
444
463
477
288
520
462
406
573
534
384
532
577
427
497
541
458
466
450
385
512
539
455
595
517
285
485
505
457
471
495
409
561
553
525
645
574
455
522
510
295
522
462
336
495
578
349
543
467
331
584
530
381
529
576
336
486
492
389
492
556
340
517
477
444
530
523
380
487
598
327
587
529
441
514
502
289
496
533
405
575
532
372
488
508
332
478
536
330
526
310
422
456
445
324
525
517
292
460
550
400
519
548
447
586
618
420
506
503
194
386
490
397
524
473
360
440
580
416
500
476
459
490
514
436
543
463
400
514
541
358
507
542
425
511
505
341
516
545
424
479
544
393
552
473
433
450
445
355
478
520
477
551
578
329
490
516
369
453
449
495
539
485
421
505
490
342
463
461
419
572
491
363
497
512
297
490
506
347
580
521
388
477
314
167
433
389
332
441
470
306
520
527
357
565
565
454
488
524
349
484
524
355
508
574
449
508
553
276
543
442
473
499
538
478
502
535
424
515
496
415
469
445
376
479
481
434
456
565
390
479
478
337
448
560
429
473
522
435
606
538
495
513
512
293
504
537
341
481
520
436
572
478
511
596
504
379
508
432
433
580
496
391
468
546
361
541
566
493
642
587
419
487
494
342
452
168
311
463
470
355
503
532
392
503
490
315
451
512
234
497
446
284
425
507
385
509
537
358
618
657
419
512
480
354
489
456
562
475
481
365
484
597
425
491
549
419
598
505
339
548
574
453
586
625
489
513
500
350
504
504
339
549
470
422
507
530
353
454
517
340
491
546
503
426
536
556
446
581
523
383
506
480
417
479
445
517
563
514
300
496
470
418
475
463
285
427
479
287
475
481
462
544
533
290
459
495
283
454
449
435
456
486
431
469
497
546
505
505
145
423
467
415
474
445
322
523
524
425
639
303
385
522
479
411
474
441
318
528
633
428
553
561
477
508
488
421
502
499
351
458
583
457
525
522
385
557
457
345
556
588
456
462
499
342
463
506
347
481
473
333
461
486
439
477
618
489
520
512
153
436
574
420
1132
1061
438
510
528
417
488
440
326
515
530
436
546
451
273
482
502
505
569
440
482
583
488
428
467
460
475
495
501
295
505
508
312
551
471
360
480
514
376
459
226
201
485
510
320
428
488
395
415
600
512
524
536
399
417
480
364
467
485
471
522
566
433
497
496
393
481
479
560
585
