209
183
392
224
415
255
470
442
223
331
377
487
89
605
115
425
127
128
411
131
419
129
424
101
412
96
516
117
545
116
437
140
457
112
477
109
406
510
446
121
492
205
289
448
127
418
120
547
230
538
100
527
137
557
136
424
124
421
109
80
393
171
333
104
460
233
395
127
562
165
452
179
349
126
425
122
421
128
546
161
330
127
82
408
122
358
124
433
98
467
120
436
121
437
122
535
122
408
126
480
110
451
205
80
378
82
502
125
546
125
422
102
518
97
523
121
424
160
457
127
548
112
412
126
78
375
138
431
126
422
274
457
121
420
175
466
128
424
130
554
99
568
118
548
96
654
130
79
521
106
409
144
443
126
421
152
449
114
421
178
346
124
399
102
403
149
575
126
78
528
200
496
118
503
126
465
125
470
121
493
122
467
107
527
107
494
134
578
135
84
552
116
474
124
386
117
445
110
533
140
565
141
456
100
581
130
472
131
489
138
549
89
79
487
99
406
126
419
151
576
121
544
143
577
106
400
105
394
170
466
120
414
121
129
425
184
352
108
406
169
465
78
396
115
409
176
464
124
552
144
570
141
433
126
83
495
125
425
176
596
115
547
138
555
132
550
138
443
124
426
169
469
131
551
119
80
528
167
462
126
419
86
488
118
457
111
375
140
441
134
555
237
554
171
336
124
426
176
78
405
112
405
120
535
211
385
125
424
125
423
134
428
125
422
135
559
247
526
176
79
538
129
540
85
413
110
383
122
316
115
469
180
592
135
428
128
223
408
408
127
79
521
128
428
186
352
123
426
98
539
125
420
130
549
206
501
126
424
160
581
240
455
125
79
423
162
423
112
423
170
341
127
392
157
574
320
489
146
446
100
399
126
421
120
79
322
125
443
161
458
123
415
123
546
238
578
127
418
151
582
131
551
141
562
145
78
529
165
331
134
359
122
508
122
511
115
548
133
426
102
579
128
467
140
430
121
80
400
167
461
125
422
191
482
121
377
163
424
129
403
124
401
124
456
127
540
160
457
125
79
857
234
400
123
418
122
417
248
537
214
510
150
442
125
419
163
460
129
424
161
81
422
127
355
192
464
87
526
237
468
125
355
104
408
81
473
105
349
118
398
115
78
494
125
348
99
424
167
591
114
536
174
481
115
411
126
550
127
424
199
367
125
420
166
79
424
179
479
113
534
83
526
170
592
124
554
142
437
205
372
124
471
165
475
77
133
561
117
418
178
344
123
416
97
399
173
463
168
550
126
383
128
424
94
534
230
80
402
174
343
126
421
127
464
132
574
121
574
143
554
89
492
123
555
128
501
138
80
388
181
445
129
414
128
423
133
426
186
344
126
425
135
432
106
417
142
497
133
554
131
79
579
142
581
136
545
127
543
122
415
121
435
190
350
119
423
140
435
124
545
139
79
527
137
440
127
554
146
449
194
482
162
584
254
420
128
427
174
471
122
545
216
132
558
141
423
127
422
119
415
123
417
189
356
127
418
133
450
116
558
135
566
110
530
136
80
524
162
462
119
367
84
409
122
497
128
396
81
383
79
390
95
464
118
548
129
83
490
115
448
123
483
133
355
123
405
102
442
90
536
135
427
97
528
124
544
222
80
581
133
554
137
558
143
554
137
566
133
551
127
398
122
415
126
416
126
420
124
417
119
80
396
122
419
203
495
130
577
130
561
142
568
112
409
126
432
101
408
208
402
195
128
557
111
533
112
411
125
416
126
424
148
444
158
453
127
546
161
457
196
494
129
130
423
126
545
183
467
123
546
129
471
84
529
112
549
141
564
102
575
111
475
133
131
554
93
540
131
550
138
562
136
431
124
419
126
420
123
417
125
421
146
576
234
400
124
78
485
125
351
127
409
124
420
123
420
164
336
126
426
85
521
118
586
140
468
546
604
246
80
475
172
405
122
453
88
452
219
387
168
334
126
440
117
445
109
488
116
126
584
156
466
180
482
188
486
190
487
182
476
140
438
268
451
122
366
146
461
144
444
184
79
446
215
388
153
454
194
489
181
477
121
573
82
446
154
453
124
529
124
508
154
78
458
145
551
162
459
150
458
224
507
179
477
126
579
221
386
156
450
223
405
81
79
326
167
462
146
333
112
563
212
382
141
441
207
426
160
464
173
471
157
460
170
78
458
136
430
168
495
297
561
233
400
171
464
203
369
140
406
115
555
148
417
125
452
124
77
492
123
449
108
572
202
498
186
484
180
478
179
497
187
483
167
592
157
452
151
131
451
152
389
208
494
136
342
81
373
125
437
117
550
134
518
154
454
136
432
166
81
436
144
538
175
404
145
409
176
361
87
412
182
355
115
446
200
505
139
436
121
360
157
81
446
111
431
113
390
125
457
77
592
149
437
156
456
224
518
185
477
178
473
149
80
330
125
536
188
390
114
414
106
486
134
484
245
416
181
496
124
456
217
386
120
79
577
122
445
215
507
172
465
157
454
162
457
176
472
172
465
173
522
167
470
177
474
123
80
564
117
451
207
390
140
453
124
570
129
541
176
420
178
428
177
491
126
569
177
79
431
128
428
125
494
206
375
146
436
163
459
178
475
183
481
165
467
176
346
124
79
306
125
439
117
532
101
420
171
382
195
356
130
406
102
374
150
489
183
470
178
78
445
165
352
234
476
175
467
180
483
173
469
183
352
243
407
176
463
189
488
129
458
109
82
488
142
385
155
441
207
372
185
458
179
454
182
563
156
467
160
452
226
517
125
78
454
127
454
185
484
166
457
169
465
125
361
210
397
146
534
139
367
178
468
125
75
447
97
531
130
480
167
450
140
440
176
474
180
474
119
536
211
406
101
444
115
485
199
77
440
136
464
174
459
180
348
182
481
148
461
159
454
184
475
154
321
218
383
153
80
431
88
537
110
407
160
457
99
543
143
569
112
413
142
564
147
438
125
425
125
80
485
126
429
114
411
138
560
205
498
161
465
151
326
151
570
146
440
83
523
199
81
424
108
481
148
470
125
378
91
413
90
509
234
521
140
435
160
584
153
572
158
449
141
80
417
460
423
328
408
211
507
167
463
181
474
170
464
106
440
159
327
167
474
107
77
444
197
489
149
454
217
512
154
454
218
512
179
475
125
492
182
479
148
367
123
79
421
165
615
148
355
181
363
82
404
123
435
80
443
173
467
152
448
171
466
129
435
136
80
437
121
493
154
449
137
436
179
473
156
456
155
458
137
443
161
457
131
433
141
80
448
170
481
173
473
178
471
178
473
135
430
125
493
140
539
157
464
141
526
171
79
435
134
441
161
458
151
317
165
776
286
449
102
371
106
365
125
567
148
571
139
362
125
80
427
122
497
128
334
122
436
133
521
110
436
209
502
177
360
154
451
170
478
125
79
532
122
382
128
400
176
361
189
467
125
438
176
465
163
458
177
475
166
466
172
77
315
166
460
124
441
161
347
184
352
80
438
91
568
105
437
175
466
188
454
137
79
446
152
465
216
511
173
467
175
355
114
438
177
472
139
441
172
347
108
574
205
499
155
78
430
152
470
216
384
118
356
132
436
212
505
148
443
131
432
147
442
214
511
144
80
434
123
455
122
428
163
461
124
452
86
574
147
462
169
403
109
279
119
543
141
79
570
134
431
201
385
147
440
182
476
180
477
157
453
221
513
195
495
175
467
167
459
175
80
448
157
499
154
452
173
483
124
439
100
487
127
432
78
565
178
351
152
446
167
77
312
204
367
139
334
122
442
120
397
140
443
179
522
153
327
123
379
110
494
127
78
442
134
436
185
353
140
310
83
563
82
308
154
450
175
477
159
451
124
454
145
79
359
124
503
121
564
140
309
99
437
213
506
233
399
137
439
206
508
181
474
143
450
159
83
433
174
343
128
370
124
364
125
436
129
501
206
509
162
458
153
446
120
533
162
77
502
146
400
170
455
170
471
189
491
174
460
125
443
193
379
128
563
208
383
110
78
430
204
499
175
470
179
467
178
476
181
478
163
463
124
569
169
468
145
325
123
449
118
79
439
127
487
163
441
139
365
117
434
186
478
156
451
171
473
122
324
126
569
213
81
440
164
469
252
429
87
311
167
465
158
447
122
619
122
363
139
475
139
438
140
81
439
126
437
169
600
233
528
181
477
168
461
119
567
120
563
159
586
138
459
219
134
434
155
449
173
464
125
200
158
440
155
449
155
314
167
461
151
373
124
479
109
577
217
127
448
135
379
121
324
124
448
201
487
170
338
168
466
117
361
136
439
187
480
124
128
436
128
444
207
369
159
447
162
456
167
462
147
416
187
483
126
545
89
508
127
127
609
140
446
147
306
143
438
116
299
80
417
123
506
125
578
131
543
123
549
219
516
147
79
498
110
454
160
450
103
413
119
422
79
412
110
418
125
340
201
471
119
541
215
128
553
124
424
149
466
122
310
83
332
101
498
182
463
143
440
115
543
119
512
126
208
480
79
601
154
573
223
645
144
566
154
450
217
513
120
502
122
364
135
551
206
374
140
128
550
147
569
152
448
121
410
80
385
159
472
180
604
198
365
123
424
102
393
122
127
501
112
536
155
451
125
418
191
612
136
559
180
599
154
383
112
524
226
465
205
128
558
215
374
140
564
142
440
128
420
102
411
182
478
120
423
124
474
124
387
120
76
349
82
522
119
427
125
463
121
355
124
446
179
343
121
579
201
365
139
354
113
465
156
79
434
155
450
224
390
122
420
136
343
85
418
124
419
101
496
130
483
109
497
143
79
488
149
569
117
424
124
356
118
554
187
479
126
425
104
551
183
476
147
441
107
81
406
97
538
234
410
183
348
148
446
126
363
122
390
106
334
88
432
118
389
137
465
175
83
440
148
445
211
379
187
481
86
440
119
434
100
469
111
435
197
363
130
316
123
79
324
125
435
122
441
200
493
137
404
170
428
164
492
119
565
123
566
210
374
146
81
497
145
398
180
463
164
333
121
425
98
432
207
377
163
338
123
437
208
501
150
81
429
204
496
138
444
187
352
120
441
151
630
213
376
120
573
207
498
143
534
117
420
147
80
421
148
364
123
444
102
311
125
336
122
312
126
446
202
386
154
338
119
453
165
79
605
122
412
173
403
170
461
179
476
163
327
125
438
167
465
151
447
162
462
123
81
365
150
424
121
486
166
581
79
523
195
491
183
369
125
451
153
275
106
432
117
531
136
80
343
134
420
127
420
125
370
125
441
133
438
122
438
80
426
119
491
158
456
181
80
447
155
448
125
363
122
485
124
565
197
381
143
447
168
420
176
433
149
479
161
79
436
148
366
108
394
147
437
123
363
489
388
315
458
125
536
127
478
133
451
174
470
185
78
434
205
498
183
476
173
469
180
346
132
532
176
474
152
420
125
447
154
281
123
77
436
94
577
139
438
168
463
177
469
175
471
121
564
122
543
132
417
171
479
152
80
438
104
472
119
432
123
437
159
458
125
443
119
567
122
616
131
384
115
447
199
80
427
147
440
153
451
148
536
175
520
158
444
103
475
190
485
170
462
164
578
124
445
124
79
364
125
492
163
574
97
451
206
375
160
456
170
339
124
866
271
400
87
479
110
79
430
171
470
174
340
143
528
124
383
102
572
130
442
175
506
168
385
170
455
149
80
442
160
391
179
470
144
448
135
497
167
460
161
355
123
366
125
374
97
445
118
313
126
76
570
198
488
132
407
112
505
121
378
166
458
122
445
162
454
111
494
202
366
150
78
359
155
333
123
389
99
440
126
515
150
574
118
434
177
472
166
336
124
438
123
126
438
84
432
203
501
83
453
152
449
124
527
204
371
120
397
129
419
111
449
178
78
428
200
498
211
381
159
466
179
475
150
451
168
331
112
444
115
492
134
437
102
614
129
79
421
123
393
164
581
122
381
178
335
123
345
112
415
114
503
99
367
171
453
166
79
564
203
543
167
466
187
480
150
447
125
362
125
441
162
385
122
309
119
444
215
78
449
204
369
151
454
166
464
186
479
164
472
173
439
179
473
180
474
177
470
123
564
104
78
449
122
439
119
441
212
377
159
451
125
449
108
400
150
307
124
585
121
566
152
79
446
91
446
198
374
129
447
206
499
176
469
176
465
156
451
180
475
178
600
126
81
448
113
380
141
455
185
470
179
471
126
498
139
442
213
379
136
571
204
498
181
478
159
80
444
174
336
96
481
181
603
132
378
96
422
108
505
105
481
178
479
120
487
241
128
449
211
378
148
445
173
467
167
333
146
331
166
460
235
403
149
443
161
457
179
78
444
148
315
147
316
175
397
122
308
121
567
204
627
141
447
168
465
166
463
164
78
440
185
474
177
476
175
342
178
474
141
450
154
445
224
391
124
495
116
495
130
445
171
77
513
177
464
178
472
114
454
136
437
135
373
102
380
115
448
113
498
107
353
117
80
384
183
547
122
364
159
578
155
456
122
447
125
150
89
282
106
441
136
533
125
80
506
169
330
113
572
213
387
121
535
174
381
175
468
123
490
124
451
119
514
97
530
127
78
518
179
469
168
469
179
473
145
448
143
446
151
450
216
382
155
460
215
506
163
78
492
151
321
92
438
81
568
137
454
156
374
202
370
136
439
123
388
80
487
118
78
442
197
372
133
537
141
337
120
417
140
408
123
469
125
467
135
398
116
561
175
128
433
206
374
152
400
120
456
188
550
126
443
107
564
146
439
181
474
175
467
338
539
253
78
448
146
502
198
489
176
471
240
534
116
453
208
509
159
458
171
337
114
438
123
79
438
202
499
139
530
163
508
121
382
160
322
125
437
84
434
211
501
161
458
164
81
443
171
496
179
464
143
435
158
460
106
446
124
485
171
326
123
443
117
434
124
444
203
77
430
142
432
173
468
178
354
147
454
172
466
170
460
161
328
122
437
125
435
125
80
320
83
438
191
532
147
459
213
381
171
467
176
340
108
528
163
424
81
502
123
79
445
125
497
154
529
175
422
184
433
190
401
185
472
176
521
143
439
165
459
142
78
458
148
410
180
474
181
477
184
348
169
332
149
447
150
445
113
414
113
435
121
489
153
128
440
83
582
198
494
164
485
472
359
120
347
422
242
77
558
526
228
458
533
242
121
343
434
133
183
457
339
111
346
417
222
77
401
161
123
437
511
183
77
93
270
447
242
124
504
152
439
157
465
182
484
141
571
207
372
179
472
196
360
126
460
265
568
124
130
378
125
412
123
483
140
451
82
454
102
392
129
436
201
360
124
425
115
421
240
127
514
148
439
125
445
220
392
169
378
114
437
199
489
195
458
203
424
122
418
176
129
520
139
448
178
417
251
437
188
340
176
472
160
330
175
467
172
463
117
351
112
331
123
130
528
109
499
145
444
177
473
254
419
256
427
196
355
125
443
161
371
123
548
78
130
589
230
388
230
528
121
488
165
399
188
439
256
383
233
534
83
394
122
469
124
128
432
120
428
93
526
95
436
185
408
244
511
176
476
145
577
105
401
160
497
122
132
537
185
707
145
551
171
436
238
441
176
559
121
561
124
560
144
378
143
508
260
432
176
130
446
231
426
161
461
152
449
125
436
201
492
159
481
178
484
441
531
279
492
176
135
479
241
518
125
572
120
560
221
437
142
566
181
554
182
458
238
437
122
434
205
128
434
125
555
165
697
111
439
125
453
114
565
115
446
133
435
109
559
180
563
138
561
126
242
553
183
574
175
556
150
559
124
562
251
563
201
564
129
434
201
434
196
437
194
128
560
129
567
219
566
247
437
173
563
108
482
178
467
129
393
128
437
161
472
120
80
355
167
496
183
476
150
453
154
466
127
421
169
475
110
554
177
563
139
457
115
76
431
273
565
152
448
121
440
122
440
127
433
124
450
167
434
124
449
114
439
108
431
175
78
437
172
563
168
555
163
607
197
437
116
442
189
438
149
436
212
564
218
450
127
77
562
175
455
197
455
153
447
203
441
126
567
124
441
91
564
172
529
125
446
123
77
560
122
440
107
439
108
448
199
474
159
480
222
441
180
561
124
709
216
584
115
559
121
78
563
152
436
106
480
125
451
123
569
168
580
102
455
166
451
118
580
164
441
114
130
450
117
454
157
449
170
589
182
567
242
565
126
568
124
622
187
570
253
469
163
77
457
173
573
185
453
246
444
126
563
199
565
134
442
168
436
141
443
164
568
176
437
122
127
603
123
446
158
446
150
441
176
562
162
562
209
575
162
558
185
565
250
438
114
127
558
91
446
158
562
173
554
176
561
203
609
201
694
124
439
144
572
122
562
135
80
435
143
558
163
432
124
568
238
563
124
433
176
443
177
566
159
442
176
564
127
128
499
198
557
155
695
149
440
123
433
175
590
142
446
128
562
209
441
123
441
125
564
183
125
445
126
570
190
439
146
458
123
369
250
559
204
559
124
437
108
570
212
449
152
127
449
206
562
199
533
188
533
147
672
214
544
139
669
184
662
142
535
354
530
123
130
537
191
548
117
424
159
421
153
672
148
541
125
547
181
687
123
537
191
533
188
533
122
129
542
88
542
122
430
123
539
80
426
170
537
139
410
225
531
138
540
77
416
112
76
537
120
414
161
421
141
663
222
418
201
548
187
416
132
530
111
669
118
418
102
129
659
148
535
152
545
153
545
142
676
275
581
139
537
132
638
201
540
191
543
212
130
538
226
539
227
422
181
540
228
541
176
676
219
665
228
540
234
533
200
414
197
194
127
130
446
127
463
159
450
179
473
201
495
254
527
188
444
132
330
229
652
159
450
158
128
424
192
486
293
594
216
397
195
491
152
458
228
529
214
636
227
651
233
394
201
128
405
281
444
134
441
131
427
134
429
100
464
103
393
112
470
87
414
157
608
131
424
190
73
425
195
485
129
572
126
558
144
566
140
434
129
423
134
429
197
486
126
423
177
74
543
124
551
186
482
143
434
111
445
148
398
119
320
120
583
227
519
117
479
206
75
435
205
366
173
661
287
450
118
466
111
460
124
449
122
531
165
471
155
444
132
443
125
74
620
236
321
122
431
124
374
139
490
210
375
146
527
169
413
123
444
124
384
122
76
373
83
532
177
549
116
559
180
431
129
431
124
434
121
429
123
491
169
550
115
74
555
159
432
121
557
170
691
142
556
198
430
107
557
167
438
160
550
122
428
125
438
96
76
423
103
488
111
559
106
436
150
557
163
555
138
547
125
554
171
560
129
434
160
75
557
132
433
209
433
170
555
107
688
204
432
142
521
176
555
159
553
197
432
198
74
553
132
433
168
559
165
561
179
554
194
556
199
557
178
551
168
560
134
557
179
73
428
121
494
172
479
166
481
165
484
168
335
121
449
139
575
124
445
106
461
139
441
162
76
422
164
471
135
339
119
448
201
622
123
435
196
490
173
386
135
437
150
523
101
76
453
125
424
103
346
124
455
144
519
87
500
132
444
186
462
111
430
131
520
125
75
403
124
534
131
532
120
415
104
412
125
412
121
407
118
549
124
435
126
555
126
76
426
117
432
125
554
161
433
118
515
146
687
135
558
169
557
196
553
195
550
161
550
226
77
556
206
435
145
560
179
435
125
555
124
559
175
552
123
435
115
475
134
556
111
77
428
124
560
111
430
122
433
124
557
161
769
123
552
181
439
121
434
128
565
123
77
437
174
585
183
567
120
365
148
443
219
379
153
446
223
409
125
444
206
565
143
438
210
76
455
211
508
165
465
166
483
179
487
178
488
181
482
94
463
121
538
166
423
125
77
414
99
612
150
418
167
438
104
407
94
520
125
339
119
386
122
368
120
388
98
73
434
125
494
155
379
112
448
122
527
119
480
159
450
120
472
122
428
124
477
146
78
463
119
461
427
209
77
456
164
460
152
446
168
510
154
322
223
509
150
445
165
481
172
77
435
166
462
156
450
159
468
109
462
147
363
126
509
155
503
260
416
193
485
201
76
446
163
333
123
431
97
559
124
434
177
469
119
309
156
579
120
613
132
501
124
75
481
134
309
124
442
89
434
148
455
109
486
169
478
179
483
165
425
124
447
123
406
128
76
447
125
439
162
404
123
572
173
464
148
439
152
443
163
457
126
307
125
394
126
78
476
124
409
154
331
126
568
174
413
113
465
164
374
169
437
169
415
122
438
177
77
438
168
481
177
476
174
513
155
466
151
532
118
587
140
502
122
475
161
431
124
433
162
80
408
153
453
168
343
127
346
78
479
181
546
96
440
206
476
138
432
206
415
170
77
435
176
470
168
474
235
438
169
337
122
487
154
497
138
458
151
472
123
420
108
76
412
152
343
94
472
194
376
128
435
213
382
137
437
208
371
159
451
161
326
172
75
456
125
469
120
453
124
426
120
436
122
554
126
444
121
498
161
521
169
369
124
418
166
77
407
166
476
170
458
131
467
124
467
122
510
140
422
124
424
157
392
162
326
123
76
434
88
443
125
514
128
457
142
341
145
420
161
434
168
434
129
484
166
465
223
77
467
124
417
125
506
88
454
114
394
112
457
101
543
175
433
176
554
198
431
157
545
226
79
429
131
554
171
429
171
563
126
557
174
428
110
430
82
559
114
552
138
603
200
80
550
170
556
174
483
132
522
127
404
176
467
156
458
178
418
140
428
80
505
125
78
463
125
380
125
498
162
584
120
371
133
397
172
421
112
418
76
464
123
456
204
76
433
203
380
140
479
174
496
164
420
151
343
150
524
175
471
154
478
95
337
141
374
131
79
524
118
504
137
421
142
536
201
428
204
556
163
552
103
410
134
382
146
413
100
76
538
123
396
133
492
208
510
126
435
188
380
146
434
208
368
139
527
200
427
79
78
517
125
447
119
467
165
381
97
462
124
476
118
499
135
552
154
418
165
417
124
415
112
78
678
145
550
158
430
165
426
158
430
146
532
138
534
143
525
202
403
133
522
125
77
532
358
528
179
660
122
668
187
405
153
532
176
409
131
534
141
529
201
403
126
75
522
193
662
136
1554
559
636
270
564
144
559
119
492
163
468
133
462
126
479
116
567
148
79
444
177
374
159
403
151
456
215
518
125
457
123
463
173
506
137
408
168
452
125
75
429
158
460
150
445
163
329
152
446
128
437
124
467
151
425
158
417
124
465
124
78
436
118
392
193
481
160
455
97
490
197
379
155
347
122
440
122
519
129
453
108
78
377
116
377
138
563
183
477
118
563
167
333
123
484
121
503
143
379
125
516
133
465
115
78
436
114
496
137
450
165
415
124
581
211
680
173
470
116
442
121
448
163
451
123
81
372
124
440
150
504
104
476
171
470
155
445
149
531
124
479
187
595
143
444
140
78
407
165
477
172
471
146
442
120
463
112
384
173
474
167
477
115
372
155
460
155
448
233
80
446
165
482
174
474
153
450
121
444
126
491
127
448
197
460
123
424
124
460
120
77
537
136
489
144
417
175
412
159
443
166
463
123
455
160
579
103
433
122
444
158
79
485
122
522
122
500
140
337
161
364
123
508
211
425
114
450
183
344
140
482
146
76
432
170
472
156
450
179
373
166
462
169
464
153
461
169
460
225
417
126
305
121
479
202
76
443
121
526
211
486
124
445
124
502
105
464
160
451
124
537
202
402
123
436
110
78
443
232
421
167
462
183
483
169
476
113
368
129
443
201
404
126
439
206
498
197
79
446
216
394
155
469
126
341
121
457
125
455
124
507
124
319
212
395
189
482
123
501
124
76
440
110
380
106
428
163
422
121
451
127
405
152
580
145
438
185
478
174
361
120
74
530
190
448
100
520
126
441
163
424
122
423
144
548
93
412
111
425
125
424
124
77
423
95
451
156
554
128
683
197
544
153
547
207
549
115
552
217
465
149
558
218
429
163
78
553
112
551
144
546
188
424
123
554
183
423
124
552
176
426
125
427
160
552
148
78
547
114
548
78
524
154
425
124
546
124
430
122
554
130
383
125
405
122
447
85
75
438
196
373
133
446
204
412
153
471
174
491
186
477
123
491
178
413
122
415
105
75
408
150
436
175
467
124
473
105
497
103
424
159
350
137
413
165
444
174
485
170
491
184
77
485
209
400
124
451
124
306
201
414
154
458
123
432
165
367
162
454
151
447
111
78
406
128
532
93
425
167
418
122
291
189
432
111
413
124
651
118
561
147
684
217
77
548
79
556
115
431
124
461
162
450
125
525
198
412
123
289
108
374
123
501
123
488
114
75
426
122
494
105
443
164
478
174
340
125
445
115
488
144
382
125
506
125
433
190
78
439
205
492
139
619
133
425
123
471
171
472
155
473
168
469
163
352
164
460
158
77
434
207
502
148
452
139
510
182
375
130
445
168
440
138
506
126
390
111
391
116
78
428
127
470
124
488
90
454
142
537
181
419
174
480
172
479
343
500
180
422
123
421
119
79
416
131
531
121
403
127
472
166
380
161
470
161
326
119
477
187
449
126
454
203
76
447
109
499
147
388
143
497
153
427
175
342
119
491
124
365
117
531
114
493
141
78
443
169
462
102
454
124
458
87
500
125
438
205
497
153
448
167
468
165
370
158
476
154
77
431
123
382
161
451
146
440
153
447
120
535
236
432
165
450
167
463
124
442
158
80
452
125
408
159
457
124
430
124
551
179
592
98
476
142
436
177
478
169
483
100
77
436
116
468
123
619
97
513
179
478
126
430
124
445
98
466
159
486
168
471
155
78
471
168
475
170
464
119
436
178
471
132
446
157
347
127
430
171
594
143
525
173
423
176
77
416
169
461
145
532
121
503
165
428
99
435
151
473
217
510
166
479
152
447
216
87
435
200
498
142
444
205
411
170
361
184
481
125
572
122
526
114
440
180
522
174
80
450
205
496
174
469
148
447
136
315
209
375
140
449
166
458
102
573
166
500
134
335
120
75
436
123
515
104
310
125
495
140
475
149
470
178
478
177
476
159
453
152
447
219
79
316
217
407
150
618
153
432
165
425
178
379
169
535
174
467
123
392
121
434
159
77
432
204
378
174
481
178
477
129
441
154
447
110
466
122
535
124
450
169
432
176
394
175
77
444
153
465
167
379
119
439
78
574
150
468
163
416
127
435
170
596
144
453
181
78
427
151
372
167
470
123
560
140
457
106
464
173
522
148
479
126
407
104
430
122
77
518
148
417
173
461
160
454
94
449
206
397
182
504
239
428
180
487
182
489
123
77
456
79
465
125
343
115
591
201
485
132
537
194
374
122
456
159
583
141
446
165
474
115
80
479
125
349
117
498
174
494
137
423
98
488
549
600
300
472
174
468
121
574
178
81
470
164
423
166
454
167
420
168
407
213
408
164
318
166
332
126
619
109
412
123
85
431
173
465
180
480
173
475
165
458
173
466
170
461
159
454
150
449
125
372
125
438
165
89
439
214
376
151
439
173
512
139
435
153
448
160
451
125
441
122
449
140
379
126
88
529
121
571
141
528
185
480
182
473
179
475
127
445
120
446
190
400
123
446
77
88
513
148
425
168
424
143
442
125
385
125
341
124
348
123
440
125
385
159
734
241
89
373
127
476
193
466
124
439
176
349
180
480
172
350
231
528
171
465
211
374
145
536
179
88
416
165
452
179
471
171
469
139
434
200
368
144
430
121
442
201
365
163
329
162
89
451
156
515
161
377
117
522
131
571
110
443
174
461
163
377
113
449
179
369
86
92
571
233
440
126
430
203
499
140
435
207
373
180
473
174
469
117
434
118
567
145
437
124
84
434
205
501
144
449
217
508
173
498
180
514
174
353
122
565
215
381
152
451
177
89
448
124
439
147
395
163
320
105
377
122
381
125
434
209
377
125
450
126
626
208
86
390
99
405
124
562
193
433
122
556
118
495
126
449
132
434
142
417
124
398
153
467
140
78
384
122
532
200
443
126
505
125
492
174
475
125
568
119
536
117
383
171
434
165
86
440
166
516
164
465
176
367
178
497
171
345
171
475
173
475
182
469
126
369
190
86
567
116
457
156
452
231
417
123
448
87
344
90
374
105
380
124
378
128
546
199
84
441
115
491
121
445
125
475
175
473
115
469
154
470
171
481
181
448
117
533
200
495
116
76
412
121
514
134
429
177
476
148
441
170
459
103
344
100
495
121
427
100
619
142
80
429
170
419
169
512
178
474
161
586
130
453
164
453
185
357
182
350
124
450
122
88
446
122
372
126
494
162
460
125
419
95
537
116
544
154
582
151
440
103
547
169
467
124
80
351
125
421
116
437
145
475
119
515
122
533
216
521
125
523
140
525
165
526
124
79
520
91
542
110
554
181
557
174
555
178
553
151
555
154
555
197
557
200
550
217
82
487
140
543
190
549
222
428
172
549
126
428
114
551
123
557
176
555
113
550
193
86
551
199
557
198
555
198
422
191
548
150
469
161
554
182
552
126
181
181
440
121
436
115
91
543
120
481
111
437
180
356
159
469
148
447
220
386
170
458
149
469
177
570
180
86
362
126
500
123
432
122
368
126
492
108
440
116
445
180
473
173
464
128
316
106
88
529
114
392
122
373
165
382
90
452
177
477
127
534
114
492
119
443
127
410
175
343
123
92
419
181
476
123
434
81
436
207
375
147
438
166
460
98
450
125
495
140
442
129
87
427
130
381
125
448
112
531
124
384
126
376
96
370
112
446
119
453
116
394
115
86
903
285
319
127
359
113
472
160
445
175
471
178
473
141
449
121
536
210
450
163
436
182
91
350
126
403
150
314
88
434
115
441
218
383
165
513
164
459
125
451
128
395
125
88
369
114
380
126
437
208
379
147
538
216
336
103
412
123
454
124
443
143
356
119
85
359
106
374
91
443
146
455
111
363
125
484
174
583
128
363
94
443
111
482
118
91
445
155
429
167
386
170
450
90
442
214
507
125
367
128
447
128
330
125
400
84
453
118
88
430
181
474
180
466
123
445
198
622
134
309
117
568
202
493
220
387
98
571
90
92
446
119
385
167
454
163
457
157
458
240
405
158
318
168
335
182
478
125
576
106
75
447
147
498
182
472
168
460
151
367
115
430
154
581
162
458
116
459
167
365
137
331
167
76
503
166
459
229
528
198
487
173
518
231
426
177
382
126
369
100
362
138
311
120
89
561
113
440
208
367
159
335
186
481
180
482
145
375
168
486
169
453
173
466
127
88
365
128
435
208
492
126
507
143
435
109
365
146
576
221
298
104
434
106
523
127
88
442
101
388
147
436
180
471
137
430
119
528
190
386
127
481
78
464
126
525
123
495
123
89
401
143
486
256
421
187
616
232
391
166
484
252
440
187
489
129
445
206
504
199
87
448
122
450
120
430
159
464
184
476
131
381
125
510
125
447
222
520
203
369
167
88
390
123
434
126
514
123
390
182
467
124
441
161
528
195
363
144
420
126
447
147
486
127
91
419
95
444
121
434
167
331
126
441
175
471
129
447
164
458
106
444
149
319
117
87
453
157
448
165
417
196
510
119
480
243
417
185
484
183
474
177
469
184
352
181
88
441
176
491
125
459
97
504
150
357
115
494
167
484
132
434
202
369
168
469
434
395
252
78
433
184
495
217
527
187
495
224
403
122
450
162
460
136
438
171
470
118
375
131
92
469
124
449
125
542
163
584
134
438
113
313
173
466
127
445
204
367
126
434
208
88
382
126
506
167
448
141
481
201
369
160
458
133
457
132
481
170
465
178
344
165
91
359
111
495
124
534
140
375
172
332
126
458
199
387
127
531
125
391
134
447
181
471
128
87
436
189
381
125
311
119
448
126
528
206
428
120
422
174
343
130
419
162
495
127
89
438
119
479
230
457
120
561
172
472
148
316
149
313
169
463
127
438
125
447
126
87
365
125
444
168
451
139
436
182
380
185
477
162
465
127
376
135
439
190
381
159
455
127
87
377
92
384
126
418
124
470
139
418
179
374
153
456
186
404
159
433
176
346
123
88
457
125
429
114
451
203
421
119
376
87
489
170
585
136
464
125
533
192
412
115
87
431
100
377
77
493
133
376
124
416
222
420
115
486
229
418
170
507
230
419
176
432
206
87
341
167
414
174
595
127
460
92
428
222
407
97
532
199
430
127
433
203
401
145
85
433
161
457
124
447
190
505
198
490
170
466
122
443
172
500
186
475
152
494
224
86
428
124
489
165
452
225
403
115
437
210
378
231
397
125
563
163
586
144
365
124
87
512
131
383
109
583
168
454
165
482
181
472
174
379
114
476
124
596
120
501
183
456
180
86
446
208
379
159
452
154
448
167
461
143
317
136
442
119
441
154
448
132
443
203
88
431
205
386
170
511
171
476
156
465
124
448
211
504
166
475
174
336
145
482
204
86
430
169
476
234
523
506
259
167
515
355
84
466
427
160
505
175
470
156
452
150
88
433
125
489
191
347
126
461
126
424
128
452
161
457
148
470
216
409
170
340
179
480
135
89
434
106
496
156
452
219
381
176
469
126
431
168
596
149
443
127
569
177
601
131
92
531
227
399
175
483
159
449
176
460
172
469
123
373
144
525
152
359
107
390
126
90
424
93
373
127
588
185
478
146
441
208
372
176
482
170
356
163
455
124
385
110
410
126
90
485
124
444
111
429
127
379
101
365
126
532
171
391
125
464
166
399
196
561
200
89
438
203
504
177
477
182
501
178
513
163
478
176
469
166
491
156
321
217
514
174
88
459
440
529
273
552
137
488
174
448
182
338
140
312
114
402
120
498
124
404
126
450
151
88
445
119
317
124
540
210
505
121
452
155
455
125
379
90
444
245
413
119
474
129
87
399
120
569
139
439
124
530
220
393
177
476
127
527
204
495
108
445
177
599
153
91
445
178
493
211
395
183
486
217
417
76
610
126
526
123
492
91
475
158
560
200
77
442
123
451
115
449
123
559
99
432
154
558
165
559
170
560
178
479
169
552
180
559
179
75
554
157
471
146
551
168
814
206
439
121
449
119
437
123
460
120
573
134
453
74
75
564
123
443
118
444
78
567
144
443
127
687
122
525
134
437
121
449
129
435
78
87
437
109
555
144
434
91
445
125
446
117
562
182
460
152
445
215
556
153
553
213
433
104
90
464
126
444
124
568
124
443
104
453
77
441
123
564
151
598
236
440
131
441
196
73
465
144
441
124
606
123
570
134
485
111
491
166
521
211
381
150
358
209
373
147
438
123
76
515
201
417
149
473
122
385
117
334
115
564
163
454
109
544
142
428
75
74
437
99
550
130
438
132
446
124
442
87
564
115
447
169
393
78
542
203
444
118
401
123
75
365
112
496
126
432
123
484
124
441
149
419
126
487
127
449
112
505
125
363
167
86
435
113
437
175
480
164
460
165
327
74
574
213
378
165
482
122
475
193
402
121
78
422
118
439
209
503
181
482
245
406
172
466
178
418
178
353
166
333
126
448
106
581
208
90
435
169
466
128
372
123
460
165
382
120
466
125
444
151
512
165
468
171
469
130
87
441
116
451
128
425
124
392
123
436
205
500
175
468
96
342
142
438
162
457
125
86
440
168
468
132
384
125
463
168
603
147
445
159
455
159
333
169
456
126
454
126
423
90
87
536
124
539
138
422
150
499
128
470
174
465
158
453
135
433
133
437
202
371
160
88
437
178
487
181
475
128
437
214
383
148
499
211
377
158
475
166
466
184
495
168
88
441
164
459
226
391
165
452
147
393
108
395
130
460
142
437
206
498
187
348
160
90
461
172
482
179
378
133
462
144
448
221
393
129
441
168
461
127
449
205
502
160
453
170
90
471
174
482
180
373
158
488
94
465
177
472
112
436
209
384
163
448
124
433
201
87
444
213
376
148
180
202
313
83
530
223
418
131
566
180
464
112
478
221
483
177
91
446
211
387
176
470
241
415
115
444
176
473
163
462
149
463
128
499
180
468
244
417
179
88
576
123
534
160
478
120
427
128
497
112
423
127
538
158
511
153
442
178
478
175
91
435
127
437
193
398
132
490
185
484
176
466
179
480
172
540
177
487
179
407
164
78
525
125
412
127
443
125
580
194
455
124
482
79
438
126
555
177
471
124
453
97
76
563
106
433
123
508
142
439
126
437
121
1082
267
434
156
452
107
448
157
384
126
476
124
78
553
150
416
178
405
167
560
123
476
217
459
119
493
131
459
124
469
194
486
146
77
449
176
358
168
465
164
461
178
514
125
445
214
443
162
473
133
437
170
382
177
77
483
201
377
138
458
106
529
144
434
116
426
165
484
104
442
161
477
175
514
175
474
125
87
460
118
459
125
446
168
386
125
400
77
503
127
378
124
538
170
564
141
501
155
76
472
125
458
191
540
153
532
121
581
174
559
126
564
170
556
139
605
253
473
193
76
432
137
690
127
446
150
482
206
478
200
560
181
442
153
449
166
439
169
445
125
440
117
74
437
126
435
122
441
126
407
117
437
157
552
111
567
202
499
123
563
122
484
192
75
434
125
439
166
597
143
435
173
480
201
536
174
454
178
661
346
530
207
415
147
75
459
225
530
152
459
223
412
132
593
221
420
124
482
124
435
126
475
170
553
176
542
217
74
461
153
527
197
508
151
461
156
475
189
575
125
462
137
571
123
476
82
585
138
76
310
111
459
105
559
108
436
145
568
202
440
195
595
163
442
92
555
127
562
129
77
442
161
441
124
437
117
442
126
557
128
449
178
562
201
562
163
554
126
433
102
77
444
230
552
108
457
124
445
80
435
113
302
119
448
144
446
127
453
144
567
221
566
155
76
558
146
437
166
455
162
457
124
443
74
580
105
534
176
388
168
455
123
441
95
76
442
214
512
208
376
143
537
77
512
128
455
164
462
165
462
128
372
125
367
127
77
421
75
510
124
404
167
460
174
471
160
450
126
315
126
442
116
452
171
466
124
416
125
73
415
127
495
135
457
172
456
176
391
166
573
216
400
131
408
205
421
172
446
196
77
489
124
419
213
377
156
468
484
563
273
459
165
321
157
450
225
431
155
450
191
74
447
141
455
178
429
171
491
169
454
126
445
191
485
127
457
127
427
117
626
152
86
444
177
347
128
453
106
378
197
492
152
454
217
382
156
444
198
495
134
361
158
476
142
90
470
179
388
136
432
187
475
173
480
168
476
235
546
128
378
140
438
128
436
209
87
611
133
379
126
402
125
354
110
526
200
496
135
452
127
396
216
506
153
448
186
75
447
158
511
153
420
168
495
169
453
92
572
199
625
134
789
204
407
100
495
173
75
432
123
358
148
352
111
409
145
564
118
421
121
404
123
345
128
426
124
425
180
479
120
87
589
146
583
152
568
144
442
148
577
151
442
122
414
150
450
126
429
167
586
113
92
389
160
328
99
427
176
465
123
432
136
557
227
424
105
413
154
450
148
439
125
87
335
123
342
125
421
100
412
112
420
229
421
152
581
141
437
127
431
124
546
123
558
188
88
588
101
340
124
425
126
423
124
439
117
419
238
534
122
549
193
615
228
409
210
87
418
127
397
126
409
127
357
90
384
114
530
142
496
118
504
141
480
140
506
113
90
396
99
509
169
356
125
415
179
474
172
338
128
424
140
433
199
367
88
412
135
431
131
89
571
137
563
153
469
173
342
132
312
125
450
128
422
123
501
121
398
128
463
165
90
363
123
466
123
361
85
463
125
477
177
471
124
438
117
522
103
492
181
364
124
86
463
126
523
93
465
151
319
168
464
103
465
155
456
126
470
206
371
138
450
112
76
402
147
459
126
386
116
452
122
486
167
462
149
316
127
502
162
452
126
447
78
447
117
87
392
119
370
123
362
127
393
153
574
130
437
124
434
212
503
144
442
211
396
176
88
490
155
375
138
430
175
358
166
456
155
451
125
447
94
468
167
458
108
443
155
76
443
91
373
196
492
159
457
124
547
187
374
127
378
124
439
117
435
104
439
178
462
125
88
445
125
370
159
313
124
364
155
496
127
387
157
573
129
447
166
458
156
506
171
91
449
165
481
175
491
159
453
99
442
123
569
132
436
165
457
165
465
152
323
173
75
439
153
580
151
454
180
370
114
364
126
403
162
449
128
517
193
359
148
478
132
76
403
172
460
172
486
176
472
172
482
176
456
173
315
85
473
127
448
120
494
139
383
163
78
449
148
395
166
470
163
467
138
452
162
445
123
395
120
286
86
442
94
505
126
76
452
122
367
124
376
161
461
152
444
158
455
148
449
218
383
127
458
150
451
104
75
426
128
420
114
509
136
451
171
497
183
349
171
463
161
369
119
441
126
425
127
423
122
78
458
137
393
182
346
170
457
171
469
165
458
156
449
220
384
155
380
123
366
122
74
433
126
507
153
529
105
491
218
378
159
498
225
388
147
459
160
384
204
338
125
75
364
112
484
176
355
112
449
111
363
130
338
116
474
124
539
148
442
139
408
172
456
174
78
444
169
467
181
348
116
453
108
374
139
445
179
481
179
467
159
449
159
452
125
73
527
223
420
125
436
124
534
114
511
137
438
132
453
117
430
126
500
160
406
121
74
373
125
545
209
503
161
327
173
387
121
574
198
491
95
528
111
370
150
371
125
83
431
124
507
140
486
122
448
124
377
83
444
125
533
192
348
125
428
113
394
96
431
124
81
355
125
500
128
448
135
366
92
481
196
489
154
451
151
444
217
379
172
463
153
80
447
128
419
126
363
127
457
104
533
100
420
178
422
168
339
123
496
123
452
127
80
448
178
384
158
401
125
571
220
370
163
457
178
472
189
474
108
486
173
469
154
448
229
82
458
160
432
110
397
126
454
103
568
144
435
122
572
213
506
148
448
162
459
152
82
435
136
478
175
468
173
468
150
445
216
385
82
326
169
335
106
451
211
503
148
81
446
161
443
166
519
172
327
177
473
126
569
205
545
158
473
224
390
163
453
206
82
447
166
468
185
470
82
451
102
475
172
453
126
572
204
384
136
447
91
436
125
439
91
85
458
225
400
116
438
208
376
149
461
181
474
168
459
153
452
163
460
172
468
172
80
434
182
472
188
479
259
427
126
432
124
373
158
453
157
459
181
504
244
378
105
85
367
112
620
138
434
151
444
212
381
182
476
183
470
157
455
124
439
154
576
121
368
142
82
437
174
462
165
456
181
475
174
338
187
482
116
435
139
559
208
370
143
438
162
80
436
158
323
168
462
169
505
191
360
127
430
203
370
116
446
161
461
183
476
171
77
434
175
472
124
449
125
415
161
393
147
340
146
509
178
388
460
441
178
413
179
483
162
79
437
125
455
163
601
136
441
214
512
209
375
145
442
214
380
150
441
170
465
150
78
441
165
340
125
501
214
375
125
437
173
470
149
451
158
495
158
453
145
434
209
78
432
204
369
176
354
167
496
138
436
94
418
116
476
85
455
165
457
125
451
117
79
385
138
449
177
507
145
340
172
385
104
439
120
445
164
457
129
445
124
368
126
448
105
77
409
104
454
164
459
156
451
120
529
123
516
119
438
123
372
109
394
125
450
126
129
528
114
446
125
502
170
430
124
437
125
371
124
394
124
438
163
509
140
533
122
81
404
122
373
120
384
118
439
207
370
141
574
204
501
138
441
150
374
115
378
144
609
173
81
444
143
428
193
476
133
448
218
505
77
577
145
436
208
373
154
450
165
461
229
81
306
126
444
125
414
122
414
125
406
88
362
125
431
123
519
133
448
188
428
151
82
503
115
563
196
489
153
446
167
458
155
318
167
464
121
438
120
529
107
390
151
80
447
166
461
139
462
137
391
180
474
164
460
186
479
150
450
126
402
123
413
118
303
98
78
538
116
498
151
493
166
393
174
461
117
438
171
466
114
443
125
420
151
429
124
80
304
120
460
123
419
117
374
124
433
165
460
126
445
190
378
80
417
173
504
139
79
343
123
421
123
421
122
417
121
345
82
539
129
523
174
338
151
447
120
419
107
341
122
81
427
120
412
124
529
202
501
121
437
94
535
128
439
121
479
133
435
121
564
177
79
616
153
386
125
410
126
432
126
507
173
390
124
494
156
451
125
536
111
417
140
80
417
164
422
128
423
155
443
160
365
122
441
125
527
167
375
124
438
126
365
81
80
394
98
419
150
421
123
485
137
447
141
419
172
384
142
345
168
361
121
520
150
453
118
79
507
112
418
130
497
187
476
183
393
125
433
117
435
176
467
126
402
76
366
151
79
448
114
423
123
425
141
392
95
445
111
418
122
420
100
500
177
350
141
467
165
78
442
127
426
126
382
115
463
123
447
170
442
114
420
126
513
146
430
107
534
124
534
123
80
506
168
448
169
502
123
485
172
467
153
449
133
455
168
421
177
354
146
481
163
80
431
207
497
140
534
147
344
122
363
125
422
90
513
107
440
121
493
163
227
126
79
441
159
451
156
450
176
468
168
459
160
451
158
471
114
438
209
503
160
459
177
469
105
79
462
202
413
151
576
173
468
161
319
170
467
156
452
156
324
173
470
118
451
144
79
422
153
447
184
478
156
450
178
344
151
446
216
549
235
529
162
460
117
564
177
80
449
124
378
118
432
194
489
158
454
125
524
86
420
160
382
123
366
88
339
126
81
427
112
490
130
309
124
571
109
566
153
449
169
462
169
464
233
399
172
474
203
376
141
80
455
112
742
196
459
109
515
169
502
122
473
137
309
126
436
220
514
153
453
151
83
362
165
421
184
402
162
461
119
455
207
431
122
423
117
354
161
492
114
444
126
82
517
120
575
116
458
142
479
180
469
152
447
178
473
187
480
125
436
79
526
148
426
122
81
422
122
376
127
561
134
482
177
473
135
459
178
419
133
520
165
460
158
454
185
80
451
174
426
185
503
170
511
177
463
175
341
174
357
159
456
174
509
125
530
121
80
502
147
487
151
463
160
506
183
458
150
443
179
475
174
479
192
363
154
465
178
80
437
180
476
125
432
100
419
173
360
126
437
140
564
114
443
159
421
147
380
124
452
124
78
403
124
448
122
449
112
440
182
364
170
468
170
463
123
373
192
372
127
530
197
77
402
123
435
161
342
108
446
97
449
200
495
150
457
206
375
172
467
179
481
125
79
429
103
481
125
524
174
379
123
527
123
432
144
366
158
459
142
380
171
336
166
409
171
76
360
124
335
97
424
94
591
137
320
220
565
200
496
158
320
122
446
204
503
82
79
447
227
391
163
454
160
451
139
459
209
373
159
449
174
467
115
454
124
377
99
75
450
180
350
116
437
129
449
167
465
122
451
163
455
225
520
151
467
142
464
154
356
142
76
397
173
465
161
480
182
352
113
366
177
371
181
482
144
369
95
489
206
500
139
77
273
105
446
150
513
125
452
127
462
122
444
99
396
141
441
205
500
123
506
148
78
375
168
434
178
432
152
509
150
440
123
484
165
323
117
441
112
583
89
440
206
82
437
204
498
159
354
123
385
126
496
155
406
122
390
214
513
149
516
203
410
172
487
256
94
439
172
471
128
455
160
426
170
487
157
449
118
436
169
377
123
479
150
576
145
82
146
125
328
121
347
114
397
118
424
141
410
221
512
178
503
190
360
128
445
122
92
565
121
439
119
498
176
470
124
321
104
452
164
365
121
440
179
468
127
450
212
387
109
91
536
208
502
128
400
125
608
125
421
171
503
92
435
126
449
127
446
202
371
137
94
541
235
428
125
476
189
486
125
440
127
424
122
339
113
380
124
512
104
413
161
92
554
125
391
124
365
106
499
172
577
141
442
125
566
173
343
171
464
157
450
166
90
359
132
451
121
403
112
1133
209
408
142
286
86
405
122
385
121
416
158
457
125
364
125
82
517
84
490
129
496
127
490
205
497
176
446
211
443
164
576
216
393
175
528
222
84
427
178
479
139
441
188
357
152
449
158
322
120
566
205
499
147
446
174
349
127
90
460
216
398
172
583
219
401
95
465
198
491
159
488
220
516
179
497
207
380
148
409
130
89
469
170
460
162
499
219
392
120
488
127
374
122
524
185
475
125
369
149
315
125
90
449
121
456
211
374
148
451
130
327
171
341
138
434
166
463
154
324
124
532
126
83
409
150
451
87
373
123
344
122
422
120
505
130
502
124
459
154
424
135
492
180
339
162
82
532
112
421
209
511
155
483
218
515
184
484
224
437
136
575
217
406
158
483
226
87
441
159
459
163
331
174
340
118
312
111
450
106
489
140
445
145
440
177
470
172
86
481
122
367
167
575
218
508
125
381
213
378
128
495
195
486
131
491
124
378
123
481
127
93
308
125
572
202
365
135
439
205
372
89
465
143
449
158
418
170
379
161
453
127
83
488
119
401
122
516
182
342
127
335
103
432
126
463
143
562
126
457
179
402
121
83
410
125
347
126
413
156
451
127
422
159
474
113
415
128
475
125
378
121
556
117
90
533
160
480
168
356
168
569
121
397
109
334
117
386
121
461
125
383
109
423
124
494
167
91
439
128
367
125
363
122
445
114
366
124
446
155
448
127
529
190
502
82
436
99
89
513
189
414
107
417
111
437
176
468
162
491
214
374
164
486
252
548
164
360
124
92
444
120
444
125
503
124
495
138
482
126
436
106
533
199
424
150
356
158
511
125
82
481
132
444
104
413
120
416
121
396
174
530
181
488
210
390
126
451
98
438
160
456
119
93
576
238
408
401
656
207
422
171
419
171
498
187
482
168
487
186
378
166
393
127
79
521
121
469
125
443
127
411
111
338
98
510
88
377
125
413
185
384
123
479
171
78
365
130
503
164
413
126
487
149
364
127
505
161
494
125
366
125
420
124
384
130
362
110
79
511
127
586
171
336
127
451
145
395
125
593
195
367
131
443
106
538
110
437
180
81
381
159
501
172
501
164
492
154
455
183
343
155
372
126
290
115
416
82
427
155
83
418
126
497
171
473
121
340
123
506
113
865
332
387
133
574
176
474
180
357
170
95
439
158
463
160
460
157
450
162
452
218
379
145
475
216
398
181
488
143
440
125
504
145
96
449
151
507
172
492
196
482
180
479
170
496
139
369
127
387
126
338
82
454
105
80
523
82
430
113
419
117
417
81
382
117
395
88
451
126
377
106
580
113
436
107
82
447
235
400
156
488
219
383
152
451
171
467
123
535
167
514
142
530
153
326
125
532
125
81
502
149
512
176
469
170
478
168
457
158
443
204
514
171
470
118
463
125
425
126
82
525
169
470
122
498
165
465
147
443
216
401
157
472
151
450
173
367
166
351
142
80
407
156
473
177
395
207
516
181
486
162
463
135
453
125
372
148
456
219
382
168
465
173
81
445
161
457
152
452
126
440
165
463
115
380
122
418
123
448
90
344
175
420
160
79
547
162
505
135
436
168
484
229
412
166
464
155
476
218
385
152
447
173
470
126
81
443
102
469
155
478
181
482
186
491
171
497
180
485
176
481
169
481
132
455
107
79
427
126
396
115
446
174
593
109
456
122
492
143
582
136
443
176
423
128
345
117
397
126
80
411
132
382
124
458
171
430
116
332
124
445
195
380
159
448
168
467
235
528
124
96
436
164
457
154
450
219
397
126
501
127
530
201
457
117
374
197
494
166
491
155
97
442
129
427
138
450
125
502
144
534
131
427
128
445
125
404
120
556
121
451
165
486
200
83
435
126
459
127
374
127
337
125
453
130
429
126
509
181
485
143
374
150
426
177
82
408
173
465
152
379
215
516
236
413
146
454
161
458
126
381
128
421
121
483
93
81
380
170
394
124
410
166
607
143
398
158
449
166
459
156
391
166
463
156
458
142
93
552
153
430
126
482
181
469
108
215
91
356
118
346
124
385
125
476
121
457
160
544
220
93
433
124
403
126
452
125
502
132
451
127
435
183
358
125
468
115
514
82
380
153
79
443
184
349
129
447
164
333
127
533
125
421
121
497
138
349
124
451
205
374
145
80
447
127
413
119
451
101
538
109
422
148
509
168
375
128
354
126
351
81
376
163
573
99
79
440
166
482
151
450
163
592
123
313
206
394
143
538
126
490
217
377
147
584
195
79
573
150
485
143
540
169
431
168
506
177
471
184
481
233
528
204
373
122
449
209
94
455
159
326
172
338
113
444
185
478
116
319
125
441
215
382
148
536
194
296
99
379
127
79
436
108
447
124
364
118
372
94
571
128
437
212
506
140
570
133
459
152
476
218
90
441
128
498
105
448
82
458
118
537
121
496
128
466
140
425
189
425
188
524
181
482
230
80
431
166
460
173
477
180
498
126
438
144
460
79
577
128
375
126
437
192
80
460
205
372
153
595
231
422
179
486
215
391
155
466
174
483
134
452
186
427
225
407
175
82
407
99
426
108
495
240
395
166
352
153
463
176
472
157
455
223
392
100
586
195
93
599
208
391
132
481
196
388
126
399
128
486
131
363
192
488
129
481
196
491
147
78
450
173
367
140
463
170
454
137
436
123
435
126
367
99
372
81
423
115
392
172
505
138
79
331
121
309
126
412
113
396
145
483
125
455
201
430
138
441
123
439
201
501
154
91
475
138
442
210
389
174
493
178
473
124
500
155
449
176
474
166
468
156
473
128
77
545
150
450
172
433
124
351
103
339
93
402
149
541
209
507
176
509
163
471
95
79
462
191
483
147
448
170
484
177
478
172
469
154
378
99
352
120
423
168
432
125
384
116
76
452
124
380
156
409
109
401
121
361
123
477
125
362
128
461
109
514
109
364
128
79
447
125
455
138
457
150
491
220
387
182
473
154
446
145
571
119
497
155
458
173
79
435
125
421
126
493
137
468
174
387
169
398
95
460
179
415
128
423
102
429
160
385
137
79
436
123
441
91
487
153
446
162
479
131
369
128
345
156
449
124
389
87
448
203
78
426
152
452
126
427
129
424
115
372
93
479
130
458
99
496
208
510
125
356
142
78
450
121
455
169
485
174
359
128
622
210
1523
464
552
237
536
217
403
157
429
217
386
124
76
492
118
504
138
355
171
355
136
415
159
419
158
375
172
393
126
523
125
449
117
81
453
236
409
165
475
166
477
167
469
151
361
161
463
115
451
108
448
225
389
151
79
364
134
542
127
438
139
463
126
367
134
470
132
521
220
397
183
538
263
431
160
465
126
77
427
128
421
125
424
123
492
169
453
128
439
148
474
137
524
168
455
134
451
166
78
361
154
449
126
489
142
574
121
446
125
566
160
425
158
457
125
744
240
473
149
81
535
123
505
138
459
178
337
119
471
168
398
126
594
117
532
99
461
85
468
166
79
451
125
421
131
512
122
448
111
455
113
481
147
494
157
343
124
451
81
396
124
373
127
77
445
143
578
122
521
162
424
165
487
170
466
174
493
161
459
150
576
237
403
126
84
459
126
435
126
495
148
408
126
491
168
589
104
500
180
516
172
348
113
540
100
426
180
79
451
125
535
123
517
143
460
174
466
148
324
119
448
158
374
124
430
81
80
404
94
373
124
630
130
449
216
513
125
568
174
504
126
418
203
361
114
501
116
474
104
79
388
147
430
197
491
177
471
167
472
173
339
85
339
147
450
125
497
189
609
120
93
445
165
474
183
479
185
496
123
439
115
547
122
496
225
525
164
468
164
350
168
80
346
120
435
157
455
235
403
163
487
133
316
164
459
114
448
160
482
227
392
180
478
159
78
449
125
425
115
503
113
314
126
368
91
451
137
631
137
431
123
484
180
488
150
80
439
125
443
177
469
168
609
239
405
167
338
176
496
123
343
143
370
180
465
514
198
176
532
477
173
242
453
280
127
490
447
283
76
78
140
416
279
126
419
393
209
77
517
431
128
375
566
281
76
361
264
125
481
436
262
77
390
163
329
119
466
177
361
125
81
448
125
438
78
455
196
370
121
334
118
437
153
465
231
520
125
379
147
441
124
80
390
127
497
133
445
210
439
97
466
173
603
149
463
170
335
169
480
160
471
126
78
465
109
550
141
380
124
532
111
484
137
448
182
503
182
479
167
340
172
470
162
452
167
79
441
209
376
151
453
206
499
183
505
180
470
156
548
175
378
183
349
126
591
171
82
371
125
486
175
463
126
452
172
466
156
327
162
329
171
208
80
548
127
402
160
79
381
126
423
125
329
124
444
165
472
129
547
205
430
125
504
179
593
234
400
171
505
173
78
541
126
495
171
583
106
329
159
484
126
504
149
544
140
405
183
473
176
493
147
78
490
173
459
175
480
184
499
170
487
168
498
229
526
177
476
188
492
185
354
125
80
536
126
407
149
486
179
365
174
432
123
441
105
437
166
348
125
371
125
499
220
82
579
164
476
228
393
178
476
164
504
174
346
130
316
132
433
144
574
127
461
215
379
256
90
374
127
498
172
436
126
470
178
429
125
360
125
379
84
540
168
501
126
455
129
78
379
113
369
159
446
218
513
154
394
160
352
165
379
150
484
126
376
126
574
213
80
479
164
501
206
493
122
504
141
474
169
463
186
490
184
475
190
497
157
501
179
432
190
79
446
127
387
127
405
153
436
128
490
186
601
115
449
105
488
149
465
185
429
150
90
434
125
424
120
509
144
386
126
456
128
513
152
450
123
430
115
489
111
461
185
94
534
128
378
95
482
175
462
150
460
181
350
171
386
178
466
147
451
157
395
179
463
183
90
445
177
469
118
453
180
473
167
456
134
412
128
494
181
458
127
459
91
581
222
90
450
175
422
126
571
182
474
116
468
184
479
183
476
150
464
164
341
171
457
159
92
379
124
344
126
479
125
534
117
513
148
381
153
451
176
376
129
371
128
416
121
87
530
147
530
127
411
126
372
125
432
102
379
118
376
103
452
115
368
119
427
123
498
94
78
583
147
445
208
370
141
372
112
423
125
485
81
567
134
451
111
417
219
462
98
81
535
122
443
95
458
101
477
116
509
125
423
175
351
171
471
178
491
172
601
162
90
426
105
433
162
457
198
538
157
482
148
451
128
425
119
385
137
455
223
523
168
467
112
78
322
220
515
157
533
129
404
158
464
162
464
174
471
146
490
130
399
206
491
177
88
447
126
506
180
352
122
441
180
488
173
484
235
386
106
447
148
383
156
448
91
78
531
117
395
119
473
172
468
172
469
155
472
175
474
171
467
157
455
221
385
156
93
449
163
398
106
328
125
457
127
583
215
396
162
457
127
498
179
493
125
577
107
545
132
90
414
122
466
167
424
118
392
80
449
119
392
125
447
149
447
215
1344
450
436
182
91
511
155
420
125
500
142
451
126
584
205
370
156
347
120
430
134
510
133
389
123
80
371
124
390
127
575
186
355
123
453
164
511
167
336
168
457
180
526
132
451
125
500
125
76
551
147
477
173
471
169
471
155
472
148
459
145
485
163
471
219
508
174
382
123
92
534
124
392
149
439
175
475
183
476
155
452
121
475
215
502
169
481
147
446
219
91
528
138
423
167
345
98
431
120
408
95
452
197
489
149
330
169
464
160
457
128
81
460
205
497
250
522
162
452
203
497
156
451
159
458
229
395
164
459
104
356
130
530
124
92
340
157
506
180
464
124
458
122
513
143
461
172
462
160
456
111
583
152
456
213
91
431
198
363
181
394
141
460
150
526
127
377
92
373
91
264
89
448
116
386
121
90
367
84
377
133
453
181
386
159
451
177
492
170
461
177
514
125
447
101
535
144
383
123
91
360
114
357
111
509
127
535
116
506
135
439
176
394
152
444
114
450
214
379
154
92
452
121
529
205
389
173
456
159
478
242
407
163
488
166
462
176
476
241
411
183
92
531
104
387
152
327
160
447
172
470
152
468
104
473
167
464
170
343
169
337
115
371
125
91
397
78
439
123
454
154
483
170
456
154
453
171
466
151
454
220
387
173
464
94
91
433
202
368
176
366
117
440
195
417
133
436
186
479
173
466
115
420
231
418
119
89
573
116
493
148
479
165
460
172
509
152
452
180
510
262
568
178
501
219
385
169
90
465
178
545
219
380
173
471
139
458
138
372
126
480
125
375
120
495
131
479
126
534
124
78
391
115
468
184
424
168
426
158
503
183
473
159
456
161
457
157
443
114
450
119
78
538
138
360
170
426
124
424
123
450
114
568
133
443
150
503
164
362
122
431
126
80
427
122
421
152
510
137
395
176
462
178
471
163
459
130
462
80
458
167
464
162
474
187
91
464
184
380
125
424
157
450
127
535
176
496
122
329
126
457
117
461
207
382
126
79
438
125
376
113
412
123
369
161
525
146
466
174
477
181
345
155
324
168
462
120
90
453
206
387
165
420
178
442
132
507
168
456
148
505
154
451
182
476
139
533
176
94
419
78
450
181
473
128
436
205
369
122
456
223
517
164
484
184
368
119
322
125
370
121
424
420
124
460
164
466
125
444
113
533
144
351
123
399
122
531
138
433
125
436
113
79
474
107
372
127
394
167
590
144
443
111
480
153
444
92
469
171
385
127
567
204
91
453
159
391
164
489
125
309
128
567
126
581
90
454
173
484
126
444
167
345
96
399
120
77
519
147
423
181
385
149
439
165
493
179
485
201
368
180
484
207
484
151
520
226
88
445
168
391
128
464
84
597
178
466
141
362
136
387
156
365
160
418
146
390
163
91
416
125
346
124
384
212
765
226
521
164
454
151
447
162
458
216
550
144
444
160
396
176
89
452
169
502
167
475
159
365
121
477
200
530
145
531
178
345
97
381
85
483
130
91
426
183
434
95
453
211
404
124
468
122
498
134
526
215
399
178
492
231
521
164
412
76
83
404
118
365
125
508
172
393
115
449
197
423
125
362
84
442
165
506
135
89
566
109
452
143
386
198
507
173
467
155
509
229
523
126
372
215
376
147
424
125
411
153
92
360
125
444
111
356
83
419
164
421
116
397
119
448
166
464
148
455
229
406
112
90
449
114
506
103
483
169
475
150
451
164
496
139
452
169
420
174
438
124
431
124
90
431
115
506
109
393
154
371
153
490
178
464
172
466
155
449
165
335
125
576
196
405
131
93
317
121
350
121
560
200
509
225
522
176
368
140
445
162
501
141
458
148
434
141
89
472
126
572
205
445
150
460
96
473
155
448
170
462
181
468
178
466
159
451
155
92
447
125
367
126
408
110
447
129
417
207
386
149
480
207
390
168
416
124
392
123
474
216
77
304
125
434
123
529
189
388
155
453
221
519
127
540
212
419
124
500
170
455
104
79
577
88
318
212
549
213
382
140
324
138
449
169
390
164
481
197
487
159
454
125
79
533
92
425
122
426
123
383
114
435
159
582
134
442
126
512
197
482
125
365
126
76
412
125
375
125
509
114
526
119
395
178
460
233
397
125
467
204
626
137
530
168
392
146
79
371
126
425
152
433
199
496
139
443
164
385
120
443
172
417
174
424
158
388
150
76
431
168
468
162
453
115
447
124
488
161
369
119
413
123
492
127
309
156
451
124
76
448
127
332
87
506
129
537
125
386
138
446
154
426
165
421
156
391
156
528
169
77
455
158
392
170
201
79
383
123
442
190
482
123
438
177
482
127
532
173
546
199
486
178
78
450
171
418
133
378
119
530
166
375
123
391
126
451
141
539
101
428
144
509
170
78
562
121
437
174
470
134
450
125
402
102
444
124
442
119
564
166
465
156
365
161
80
464
147
431
154
419
156
423
126
443
163
437
126
421
126
444
125
433
125
499
80
439
127
80
515
175
467
175
485
114
353
134
448
216
429
123
399
177
423
129
477
124
364
132
77
446
159
585
223
522
175
477
163
456
366
413
157
453
176
348
124
372
140
539
208
80
510
125
375
125
384
126
369
90
490
167
325
123
441
126
314
125
415
129
512
125
443
120
79
423
123
517
161
441
159
453
112
438
204
374
141
367
125
498
175
465
118
432
156
78
448
133
492
207
498
171
468
150
449
168
394
160
491
168
467
172
468
176
343
158
79
370
125
421
127
418
168
346
124
418
96
538
127
398
99
427
107
551
95
374
124
78
436
124
500
119
532
130
362
126
428
122
378
125
451
105
442
89
432
212
424
141
383
175
77
430
205
368
175
344
124
315
167
457
104
479
124
458
189
421
118
387
123
448
154
78
444
127
422
121
429
123
503
127
447
159
430
148
428
123
397
169
452
153
450
125
80
438
128
504
96
450
154
421
125
436
117
508
129
400
178
472
173
467
161
455
152
450
124
76
418
126
425
144
340
126
481
100
440
119
392
125
467
211
377
147
539
123
496
111
79
441
169
448
125
397
126
454
124
444
125
357
127
352
85
503
104
432
142
448
124
76
366
123
372
124
396
151
453
128
378
123
446
123
453
123
382
120
445
115
493
133
78
431
115
441
201
627
125
371
163
455
159
450
164
457
171
468
172
464
156
450
126
452
125
78
516
136
368
123
358
125
436
172
593
102
450
125
459
115
401
174
455
172
468
169
77
441
173
460
176
466
156
443
150
455
125
339
78
501
98
411
175
357
160
405
163
78
447
130
495
126
416
158
531
139
429
130
370
142
407
152
460
173
414
153
403
168
346
170
77
402
141
449
164
461
105
452
141
371
158
358
123
463
209
359
126
420
126
493
111
81
529
135
420
115
426
125
427
87
358
123
436
123
432
117
361
122
443
123
438
163
78
522
138
385
174
452
170
449
493
476
228
386
157
449
93
448
149
446
123
573
199
489
149
73
440
203
371
151
455
165
387
88
437
128
368
125
410
77
507
130
451
128
406
211
114
446
117
457
181
508
153
531
126
420
106
530
143
392
177
466
164
331
102
363
125
75
444
113
447
153
382
168
346
125
445
121
433
180
406
170
336
121
468
169
350
124
74
419
111
505
138
445
210
416
145
527
201
336
119
366
187
473
126
535
189
425
115
341
76
72
421
127
390
167
447
125
450
117
449
193
615
157
680
309
387
114
364
115
344
104
74
339
112
421
101
380
169
455
117
453
169
487
151
445
179
353
163
327
169
457
125
112
444
117
478
82
453
123
442
116
372
102
386
125
447
221
385
126
448
147
444
148
536
234
75
426
125
503
158
574
141
432
176
469
157
456
119
361
137
446
91
363
125
422
124
80
348
100
429
114
428
123
510
97
371
140
432
121
424
123
500
126
446
171
434
156
78
457
159
449
152
460
126
417
96
529
132
349
153
400
175
462
172
470
149
451
126
76
524
117
456
137
459
215
506
146
443
153
494
219
389
170
354
149
476
160
391
123
439
125
76
446
153
497
125
453
138
440
206
371
143
532
192
433
123
376
123
448
151
489
216
125
524
84
515
136
442
161
455
168
468
142
449
173
423
154
447
157
392
165
451
128
79
441
125
446
158
387
156
448
125
499
125
561
170
465
102
447
186
348
131
442
162
455
156
77
526
127
401
151
572
130
452
157
396
178
459
174
467
162
458
137
460
117
423
101
76
417
121
504
142
391
101
532
156
422
123
498
170
583
230
399
167
460
169
461
170
77
445
169
415
158
526
144
435
157
455
162
459
171
460
168
464
174
474
241
532
125
530
191
77
521
154
418
163
420
124
404
150
374
116
445
142
402
127
448
126
421
124
505
102
77
416
161
373
145
380
149
446
220
401
159
454
171
470
207
508
170
467
170
464
155
78
445
126
376
125
542
123
423
123
484
131
568
114
444
125
465
142
396
125
579
171
78
440
124
447
116
417
125
407
123
439
144
613
122
398
147
468
166
355
153
375
125
362
111
79
416
112
436
99
496
135
371
124
379
132
326
119
442
109
441
123
448
176
511
112
126
447
125
379
80
454
106
565
207
508
177
257
76
394
163
460
207
376
79
445
207
130
571
122
459
150
441
102
493
130
480
119
437
168
442
172
398
179
466
128
311
98
461
120
77
410
157
535
127
508
206
491
160
453
119
450
131
386
154
453
215
420
147
443
210
80
470
227
390
165
451
135
450
209
500
145
370
135
485
188
476
173
471
154
449
126
82
526
125
569
187
613
122
460
123
510
124
425
171
442
127
398
129
580
175
600
143
79
364
158
385
124
545
167
422
126
383
126
451
162
323
126
370
124
373
226
478
175
468
145
81
457
141
404
144
440
177
470
172
471
171
464
236
531
171
467
143
444
157
445
110
81
459
156
373
121
376
205
369
141
529
116
506
133
388
167
436
171
418
126
402
126
83
462
117
509
140
386
172
459
133
433
96
529
105
509
162
460
179
475
126
530
191
428
120
79
426
124
505
142
508
171
459
170
463
137
454
175
364
127
401
157
464
137
426
126
81
405
205
405
125
432
125
385
150
578
133
457
172
424
126
396
154
447
114
393
123
82
459
117
451
134
384
111
423
121
420
239
450
124
368
87
429
119
469
111
577
144
81
423
132
567
147
497
136
416
119
457
104
426
123
499
137
553
191
615
127
423
242
421
95
79
421
105
454
130
552
135
432
127
430
142
566
123
590
146
502
144
466
141
518
146
79
501
146
415
123
414
122
466
124
492
144
428
103
550
147
563
143
572
128
424
100
83
431
125
474
127
477
102
509
149
394
125
418
115
473
122
474
138
486
121
475
92
458
123
82
513
137
360
145
338
165
393
149
442
191
486
186
487
118
464
157
374
116
493
170
128
471
233
527
125
503
167
460
225
390
96
446
252
416
187
482
202
367
138
568
213
129
464
179
475
174
354
169
472
152
454
126
445
141
514
115
407
179
469
168
465
201
366
221
79
446
123
370
94
312
85
448
219
514
202
364
136
397
97
573
145
443
204
394
124
80
577
124
503
131
419
157
505
171
419
165
416
126
379
80
351
158
347
95
394
123
78
366
127
423
119
416
122
402
81
441
155
382
108
442
166
457
224
387
126
536
188
77
403
124
444
125
496
126
412
126
367
132
519
143
443
203
368
121
449
205
500
138
579
193
81
394
127
384
113
511
142
397
164
450
141
452
222
1492
600
560
242
532
182
474
177
127
441
127
448
174
512
179
428
114
375
169
463
167
340
95
448
79
341
111
497
128
80
309
118
367
140
380
125
464
123
505
132
395
137
445
81
421
123
394
99
478
131
440
91
78
520
124
568
119
441
155
451
172
466
233
399
167
458
172
469
106
536
124
334
125
80
535
81
569
136
484
146
448
164
455
169
464
175
471
174
340
167
459
160
447
168
77
537
125
516
179
467
115
443
154
448
154
455
223
382
152
489
212
373
110
439
193
147
452
166
471
227
406
182
473
167
589
130
541
126
371
79
464
214
510
152
447
155
488
186
77
434
117
366
140
536
212
464
162
534
144
453
155
503
175
374
157
441
126
424
125
81
511
140
485
181
466
178
473
175
459
166
463
129
378
154
448
174
471
113
447
91
79
345
152
391
209
370
147
448
129
396
125
366
127
420
161
505
118
448
124
421
126
507
123
128
411
125
518
116
495
129
454
172
466
172
466
259
426
179
470
160
347
169
337
128
78
443
117
313
123
442
167
590
141
574
171
477
179
469
162
460
153
383
79
382
114
79
404
151
518
130
395
141
455
127
396
95
438
141
429
80
543
174
599
128
599
198
495
172
127
441
141
439
162
459
124
449
122
404
173
454
175
471
161
454
237
405
121
451
162
126
431
161
585
120
436
112
378
128
533
150
416
174
377
116
341
118
541
123
510
174
76
432
168
349
119
579
264
430
198
391
121
410
166
509
130
435
83
409
208
508
125
78
431
123
371
125
500
144
368
127
495
214
506
152
455
168
495
179
474
122
368
124
360
114
79
447
118
492
127
427
116
450
164
428
124
424
172
516
125
455
126
345
119
492
181
82
442
202
371
141
346
119
469
123
404
131
623
142
511
170
467
138
452
117
384
121
79
323
124
436
203
495
122
447
108
508
114
438
91
461
179
347
124
450
196
609
152
455
163
79
455
245
413
170
462
164
333
152
318
213
380
152
446
161
580
133
538
172
515
164
131
454
169
490
170
459
168
464
159
455
98
471
117
561
159
461
117
447
126
481
96
77
533
138
414
168
348
102
444
116
396
107
523
118
508
167
458
172
339
123
448
148
124
442
219
377
245
540
239
536
239
395
196
495
182
480
162
457
124
575
287
232
247
443
146
131
531
125
504
169
579
149
484
238
407
252
417
249
419
187
480
204
498
207
469
107
78
389
170
447
215
386
127
452
167
460
149
446
173
467
156
445
166
498
173
472
124
78
441
127
436
118
366
125
445
123
502
148
434
100
535
125
509
140
390
176
452
145
443
167
78
438
124
416
125
511
123
302
112
369
119
377
123
445
114
430
122
491
124
570
211
79
532
114
421
122
523
131
501
104
421
111
448
120
370
123
492
173
365
151
344
146
78
347
118
763
233
389
123
448
152
492
154
438
196
491
256
395
214
442
225
448
169
129
308
163
494
121
329
129
367
125
491
124
561
220
518
126
537
174
398
226
511
242
409
252
128
527
171
389
238
520
240
407
175
471
248
454
222
392
180
475
159
451
192
486
127
126
438
122
415
190
491
239
500
142
487
255
420
169
495
219
410
239
398
163
454
126
80
409
114
570
137
452
170
483
180
470
174
473
140
449
126
487
173
582
132
456
124
499
121
79
450
121
451
160
457
179
471
102
349
147
457
99
443
275
435
125
400
102
437
126
129
510
122
453
151
451
182
350
121
442
177
599
155
454
190
477
178
473
120
496
182
78
443
162
457
171
460
166
459
117
384
113
511
168
383
202
487
219
386
217
399
166
465
164
129
436
164
327
173
505
149
445
151
439
124
451
126
361
125
421
182
485
140
382
158
78
443
202
501
148
454
154
450
154
469
161
461
177
470
187
517
175
477
137
452
175
79
418
155
423
142
423
177
343
172
399
180
340
169
335
166
334
162
458
151
444
212
78
444
150
437
125
632
151
580
220
385
152
451
175
479
178
471
176
339
177
345
123
450
157
129
429
126
484
181
350
175
467
107
367
125
392
125
372
143
534
161
402
125
440
152
82
334
118
515
170
445
114
502
166
448
102
400
170
455
132
447
157
452
126
321
115
80
487
228
402
158
453
111
540
166
423
119
273
107
415
143
451
128
441
125
504
167
500
123
80
448
180
478
123
436
160
454
125
400
189
415
109
501
126
449
124
421
123
414
122
80
403
193
556
144
443
176
476
172
466
110
570
213
635
105
451
140
531
114
504
155
79
371
161
450
127
421
126
474
132
454
127
429
89
442
129
492
125
453
176
472
136
81
374
457
374
82
435
112
445
126
397
120
574
193
490
172
470
168
466
166
335
176
473
124
128
564
207
522
151
450
147
466
167
405
168
460
170
462
127
444
125
636
148
446
170
78
432
144
373
173
402
176
464
154
454
156
448
219
385
155
446
225
515
122
576
202
80
454
122
538
201
464
139
498
167
444
159
504
174
453
152
394
161
378
105
515
117
509
88
79
450
169
419
156
400
175
427
151
505
163
451
165
504
148
448
167
462
174
467
179
79
450
164
460
122
453
210
482
129
456
178
473
173
465
154
453
158
451
146
452
128
79
426
125
396
95
434
122
431
165
466
154
449
125
549
195
417
125
427
123
437
128
382
113
80
457
99
538
123
404
175
459
171
459
125
371
153
540
115
514
125
579
124
442
126
130
452
217
397
171
466
182
358
144
451
79
448
189
597
127
420
173
366
132
432
126
78
409
121
468
153
455
106
437
145
449
218
513
123
344
123
445
119
436
140
332
117
127
418
204
507
128
441
127
564
96
479
126
394
134
456
187
410
175
597
167
458
126
441
174
79
372
153
424
166
472
150
382
165
446
174
396
170
459
164
457
161
489
169
462
174
76
442
169
464
259
429
118
572
197
369
147
321
170
470
123
457
126
428
118
269
124
79
457
105
530
147
381
117
498
174
467
142
461
121
342
130
594
148
439
208
499
172
465
156
128
447
156
323
134
446
82
416
124
429
125
393
197
484
126
507
122
314
85
437
168
77
532
188
386
123
369
103
493
153
407
123
349
200
505
137
441
125
502
120
419
123
76
507
157
490
124
568
172
467
158
580
160
459
125
445
124
476
162
569
150
439
134
78
447
171
465
251
420
245
539
177
475
126
573
203
532
145
447
124
475
127
532
114
499
117
81
358
168
423
125
424
123
427
80
499
112
436
180
464
167
463
213
380
207
501
219
128
504
146
445
246
407
257
421
122
524
276
586
143
445
128
419
123
411
220
495
124
127
443
156
522
182
495
251
413
212
377
237
437
198
492
135
456
127
462
141
532
127
504
248
128
502
222
511
125
429
242
536
123
447
233
651
192
486
162
459
183
474
124
501
168
130
537
123
608
194
487
246
412
248
415
205
370
251
416
186
484
171
463
132
441
121
79
407
137
369
460
440
245
540
163
461
161
456
165
459
175
340
146
325
208
500
168
455
193
127
444
181
496
127
447
124
384
191
473
205
356
191
337
201
459
217
560
219
460
190
126
450
250
423
144
575
278
315
179
469
126
465
106
325
126
446
196
367
175
473
163
81
435
165
460
122
369
162
455
171
462
167
468
126
441
105
574
103
454
124
420
113
79
520
145
460
182
433
125
512
201
360
148
442
127
500
77
450
107
452
176
344
164
456
122
80
532
112
603
154
463
172
469
181
816
320
489
126
329
117
438
126
521
198
420
118
80
461
100
480
131
518
126
508
166
449
128
542
123
500
147
447
122
416
125
504
149
79
365
125
394
124
437
123
435
80
441
172
504
142
460
157
341
116
370
113
570
180
341
134
77
453
229
518
157
580
144
458
171
462
180
474
171
467
170
461
120
442
125
369
122
76
423
102
415
186
406
166
449
126
516
251
529
150
452
161
422
121
379
159
451
124
128
311
125
436
207
371
141
526
116
517
135
448
173
381
148
433
207
373
159
479
171
80
492
149
436
124
454
118
446
138
424
173
415
154
397
169
460
230
395
107
488
128
438
91
79
436
156
450
173
467
159
462
176
470
132
435
152
453
110
452
125
361
122
443
180
125
509
116
605
148
472
171
474
177
470
192
489
130
446
174
469
165
459
176
471
253
129
448
202
419
116
488
113
529
113
484
145
444
223
520
125
415
105
503
128
452
130
449
248
130
419
119
379
125
575
208
504
144
579
210
500
157
540
183
509
186
357
185
508
165
79
435
98
480
124
569
201
494
140
452
139
430
205
288
474
428
173
404
485
188
98
453
547
250
390
501
441
147
506
598
300
77
558
305
77
415
495
186
255
468
305
237
471
222
129
430
183
472
130
310
165
459
185
478
126
533
125
420
153
355
155
401
173
457
123
80
446
150
431
181
338
134
455
128
519
116
511
109
452
126
452
124
512
134
490
184
81
438
182
476
143
453
118
496
95
478
128
387
167
448
172
467
183
475
182
478
125
79
438
127
313
204
500
142
450
125
425
125
480
132
438
129
452
99
445
126
508
125
357
125
78
351
124
421
122
422
81
544
118
425
126
419
121
502
100
452
121
422
199
485
126
78
565
193
482
158
452
122
95
158
343
122
449
126
517
280
380
126
424
205
434
180
127
424
196
429
221
527
252
408
222
386
163
326
247
416
127
523
185
343
186
349
123
445
194
128
508
205
494
136
465
259
363
130
442
128
435
126
418
202
347
125
429
127
418
167
127
500
210
514
241
397
247
411
190
476
196
495
278
440
191
430
229
430
218
498
222
128
532
172
341
159
423
183
446
251
333
123
534
236
440
136
441
197
362
128
395
127
126
450
157
451
202
488
281
450
129
535
237
429
126
459
299
445
142
447
126
417
197
337
124
78
387
125
361
125
475
117
544
130
383
170
457
164
461
128
452
85
542
152
374
125
79
422
126
441
114
338
126
380
89
335
81
423
126
444
125
426
100
415
152
336
109
79
399
123
574
212
506
149
536
115
518
125
393
167
449
166
415
163
436
165
435
84
449
182
78
427
125
444
111
497
162
441
117
438
207
372
147
441
155
537
105
499
158
396
171
79
500
178
426
158
471
198
515
128
353
164
435
109
526
126
446
124
342
90
485
158
79
365
105
395
150
445
125
379
81
446
158
448
152
444
161
451
106
483
123
419
96
78
394
123
561
90
450
165
497
128
355
84
384
203
422
83
346
126
414
103
437
102
448
122
77
525
220
398
84
456
126
435
168
481
133
440
152
446
170
464
125
443
160
452
126
78
526
119
371
156
521
169
455
182
469
166
333
160
458
122
366
142
449
124
382
148
80
442
126
466
171
445
96
497
184
466
168
464
152
451
172
461
176
468
157
464
163
456
231
77
491
172
375
86
448
159
387
119
452
115
509
144
358
160
509
186
466
182
480
176
78
433
174
464
119
565
207
498
143
379
125
365
152
516
110
412
119
428
121
481
119
76
446
80
378
87
437
123
436
118
525
156
387
140
451
157
369
123
457
79
504
143
476
169
78
435
181
362
123
568
177
487
125
561
107
575
132
539
125
369
124
373
125
363
146
79
337
125
478
116
430
156
454
128
380
213
512
166
330
168
470
106
315
121
565
169
77
555
200
367
144
440
161
457
157
325
168
338
166
462
163
583
126
367
124
488
165
79
435
159
453
159
452
96
441
205
381
182
347
124
306
117
305
125
457
172
380
113
571
160
81
440
124
452
128
488
108
478
160
1486
585
533
333
370
142
440
164
462
181
478
126
78
454
121
455
118
533
102
371
126
543
129
563
140
433
228
497
125
414
189
481
145
77
445
121
394
122
436
123
437
176
341
126
526
197
378
122
543
162
395
123
432
131
563
206
82
438
106
465
216
503
137
454
213
509
155
469
131
497
125
409
115
431
177
396
155
76
447
178
472
151
450
124
368
120
366
121
483
119
624
143
446
126
441
102
409
123
130
432
94
417
121
496
129
446
131
381
124
407
122
451
83
443
170
706
333
501
180
77
473
135
528
176
398
169
459
169
341
171
466
142
404
85
509
121
506
169
577
117
446
168
80
446
124
456
213
506
173
470
157
515
169
467
179
469
126
524
159
587
139
502
149
77
435
140
434
179
472
172
360
148
448
125
428
126
528
95
458
164
417
171
462
133
78
415
167
445
145
450
170
462
136
443
153
442
121
480
186
598
128
453
229
401
164
463
126
78
453
172
496
124
461
125
502
122
359
87
422
115
615
120
453
173
429
168
508
178
77
453
174
457
129
362
90
421
137
591
141
394
135
460
176
416
114
499
154
456
165
82
430
199
488
158
463
178
473
155
450
174
465
156
576
151
464
122
452
158
385
116
445
124
81
523
119
495
79
460
185
482
153
457
154
461
157
463
185
362
129
444
152
577
90
77
434
126
440
91
534
154
437
124
367
199
486
161
363
114
456
115
398
176
462
168
77
438
179
471
179
472
150
370
161
407
166
461
178
473
159
323
124
563
83
437
126
78
448
190
580
129
383
177
461
173
503
168
458
123
451
201
396
151
447
166
457
228
391
173
81
447
134
342
147
414
123
412
201
431
125
511
124
565
122
537
127
426
103
503
129
77
451
176
445
154
419
165
396
137
455
175
428
126
377
125
451
125
500
169
503
122
78
506
143
447
202
368
142
534
144
440
138
424
176
449
123
487
121
452
161
453
123
445
195
81
439
159
440
161
381
236
488
257
421
258
424
235
400
189
486
287
449
91
450
125
128
519
230
388
124
440
240
405
165
586
237
401
201
499
247
413
117
538
163
422
121
80
406
123
365
108
429
118
394
127
446
164
440
132
503
163
447
125
447
113
532
212
78
399
158
457
217
517
109
361
152
445
124
453
160
521
146
244
77
388
158
451
171
473
121
80
529
173
395
148
446
174
341
122
436
190
390
119
337
119
436
192
358
172
468
159
82
324
164
584
144
449
220
513
199
494
133
576
162
328
156
580
119
470
217
388
156
79
436
125
402
94
369
154
445
154
449
127
451
93
340
119
413
123
471
126
444
114
374
120
78
556
87
439
118
460
167
593
143
446
131
399
125
447
126
563
205
500
136
461
214
128
395
125
446
125
489
123
569
130
457
159
491
178
468
181
473
171
464
150
447
248
83
465
128
434
126
373
88
376
125
453
176
471
156
450
151
448
126
445
123
526
125
450
183
78
445
218
509
180
473
180
475
100
479
176
469
165
457
173
468
171
467
161
455
160
80
438
159
452
238
415
126
533
124
598
132
457
138
498
179
474
126
368
82
472
92
81
458
203
497
182
483
176
469
164
460
117
320
123
451
142
321
125
449
193
363
130
78
564
124
448
165
421
125
461
162
438
119
455
100
606
204
492
153
452
196
426
170
514
142
78
430
160
390
132
453
178
418
136
500
176
466
170
467
151
359
165
461
159
455
156
77
528
123
398
125
569
211
380
147
446
193
360
155
322
170
334
177
473
125
432
114
80
462
208
426
125
507
125
367
125
352
118
490
173
459
118
452
83
587
135
447
166
422
126
79
415
128
437
208
376
90
455
212
500
199
367
235
440
276
459
256
549
251
436
124
126
574
236
407
162
472
229
392
163
452
172
333
127
317
201
495
132
439
187
486
204
128
494
235
403
169
473
159
458
166
451
122
435
99
368
122
421
113
404
126
442
206
77
450
126
452
153
586
147
439
160
463
236
441
214
511
153
447
199
494
127
440
174
472
178
127
325
171
459
244
422
118
443
157
452
219
385
157
455
224
524
236
404
171
503
169
81
441
123
453
219
391
168
338
120
367
102
355
122
403
143
536
178
406
177
470
176
78
452
129
507
109
565
128
442
122
502
127
449
125
428
126
350
119
451
126
515
123
420
126
126
391
125
436
126
439
162
460
122
370
125
427
122
418
128
359
103
410
123
449
132
80
427
172
463
172
425
168
378
150
436
257
421
125
446
212
379
150
531
170
347
127
77
429
126
387
119
363
116
447
126
547
124
503
124
419
181
510
178
1476
435
550
310
77
436
206
498
177
468
156
446
157
450
157
323
125
452
127
349
140
441
211
373
128
531
187
76
507
181
423
168
389
124
445
107
506
143
420
123
421
121
422
120
487
168
329
124
78
531
100
589
137
430
126
358
116
378
192
348
106
452
106
309
108
447
116
402
152
78
535
118
454
124
422
171
358
124
418
180
477
80
411
123
425
114
422
122
328
97
399
122
79
310
84
404
124
482
121
408
100
354
126
421
127
425
142
432
199
501
210
503
123
129
428
218
513
196
486
142
473
116
503
231
421
118
336
204
475
118
509
187
483
109
77
419
188
479
126
536
137
561
145
578
177
394
216
509
182
474
150
447
110
440
199
365
155
77
446
219
513
155
448
158
446
185
482
130
534
183
392
124
446
122
526
198
515
136
76
443
157
491
88
557
170
472
111
567
124
575
225
514
156
458
182
477
197
371
140
76
544
124
512
93
567
125
507
124
364
123
494
123
449
200
421
149
505
172
391
214
126
442
179
371
125
310
124
445
122
338
233
398
169
461
153
449
124
505
91
521
201
419
124
128
420
118
510
217
382
125
437
207
502
177
467
167
331
180
471
149
442
124
438
106
81
440
118
491
128
476
146
464
182
478
167
455
156
579
223
524
160
456
155
443
170
77
376
124
396
126
575
128
451
115
455
172
340
129
462
169
415
123
429
86
498
101
448
116
77
513
120
439
126
451
136
441
126
531
123
529
125
530
172
463
171
463
138
441
153
80
462
222
520
166
475
169
463
177
348
156
327
175
473
118
446
125
422
122
426
150
130
508
127
447
149
446
154
466
224
383
120
371
139
449
160
454
232
400
168
464
155
79
442
126
491
160
475
133
439
127
405
125
511
243
437
131
427
102
429
123
464
230
508
145
81
500
138
465
138
559
138
435
106
423
129
428
81
434
166
589
136
561
230
524
118
78
430
205
369
165
460
247
452
133
455
178
471
165
460
128
524
125
442
121
425
125
77
409
120
367
119
500
127
469
108
571
146
446
125
424
136
427
126
404
94
450
126
440
119
75
421
122
418
119
506
163
461
122
559
200
498
137
437
158
456
126
448
125
454
125
79
584
141
535
124
406
144
435
159
362
118
569
197
366
160
462
225
517
167
407
117
356
387
100
439
125
401
165
357
124
395
231
521
195
608
107
488
138
375
125
534
123
514
97
81
397
166
450
165
459
171
464
171
465
174
338
162
459
221
391
118
429
163
457
122
78
392
119
434
125
563
180
599
147
456
153
457
176
466
185
480
184
480
173
468
178
79
433
205
494
140
440
160
456
240
535
139
481
124
365
119
483
118
442
126
464
162
79
443
127
449
219
513
160
457
223
386
156
453
166
457
157
332
116
580
167
469
148
489
126
78
393
125
441
95
830
207
502
155
446
159
461
179
472
162
464
227
395
133
438
130
83
328
131
443
215
379
164
469
123
378
126
437
124
573
243
407
122
584
151
444
119
81
445
114
565
146
445
206
398
170
464
182
478
185
485
146
438
127
447
115
620
153
455
156
79
441
115
500
124
567
145
440
169
460
186
484
186
477
173
353
109
310
166
585
162
81
430
204
502
166
511
180
481
125
576
124
548
195
360
87
342
127
358
157
570
287
129
446
127
487
126
577
130
566
226
388
258
422
264
441
172
503
279
443
214
513
301
129
360
125
427
250
324
127
454
226
388
128
564
270
485
167
438
244
487
260
553
194
487
221
129
433
185
578
248
417
112
314
169
332
124
438
124
379
122
569
181
477
150
441
125
127
432
128
338
199
486
253
417
123
525
148
485
127
372
142
463
122
600
137
438
181
79
431
206
503
216
415
156
437
160
527
164
461
179
470
166
342
178
471
143
440
165
328
128
127
435
125
368
126
446
123
358
125
574
124
567
120
434
180
350
176
469
186
351
126
127
557
122
562
152
468
179
481
180
518
173
470
192
482
191
358
155
453
222
393
153
79
447
154
479
184
478
148
441
189
482
168
465
138
379
107
503
184
568
140
381
153
442
181
129
440
210
376
151
465
214
386
153
470
178
473
184
482
125
573
190
616
152
442
182
84
451
170
494
182
474
233
430
180
480
180
346
144
449
126
371
124
447
162
462
126
129
567
120
437
136
437
89
443
240
407
178
475
124
449
275
448
123
476
126
578
251
130
435
182
354
195
366
182
462
207
457
195
310
125
444
259
560
194
487
258
438
253
419
126
126
442
225
433
144
444
147
573
124
571
120
524
168
393
115
447
105
345
120
495
171
131
451
149
182
77
361
185
471
182
446
173
484
127
396
129
514
145
432
199
489
134
129
437
126
371
178
493
168
456
197
515
133
437
201
495
216
511
247
541
262
422
259
427
198
130
507
125
532
171
602
144
438
265
430
125
441
192
486
211
500
143
443
164
461
124
129
535
177
510
201
385
194
480
235
398
313
565
262
418
193
494
197
490
261
429
237
127
437
193
484
239
412
125
457
276
456
248
407
254
549
250
556
125
432
272
436
124
128
529
124
495
178
429
198
427
123
492
237
527
152
319
144
454
225
386
169
461
201
501
279
128
451
164
369
126
433
242
461
148
460
217
407
230
523
178
470
128
583
120
565
142
80
527
183
378
164
476
216
508
89
441
163
456
147
463
176
471
