319
502
127
524
129
476
311
762
492
392
170
417
268
395
292
95
395
292
388
287
382
295
398
305
405
305
520
297
392
311
399
278
402
294
425
332
425
155
416
277
207
510
275
391
363
467
251
494
266
624
412
636
407
637
533
513
401
621
402
162
388
405
513
414
382
283
379
271
399
281
378
287
505
275
632
270
633
417
500
406
160
382
404
509
278
499
278
500
411
388
279
460
284
510
274
377
287
381
272
533
282
125
509
412
504
278
190
483
504
403
758
408
763
405
631
409
758
531
763
535
897
543
915
540
180
381
406
503
279
509
304
378
269
384
284
498
279
505
408
638
408
633
407
640
410
163
374
405
511
411
388
278
505
275
505
276
635
405
499
407
509
281
379
404
507
277
146
373
401
378
272
496
277
508
409
508
411
511
412
634
534
634
406
632
532
430
411
636
411
161
377
402
497
273
506
415
636
280
629
401
506
413
506
277
504
405
505
278
507
278
145
374
405
508
278
504
410
503
409
637
410
636
408
508
403
374
272
374
404
506
276
150
380
399
500
273
507
276
636
405
502
407
502
407
503
406
502
273
497
403
506
411
143
499
272
376
408
507
280
506
414
510
408
632
411
381
276
510
284
634
410
633
407
774
408
178
386
276
382
276
385
282
383
411
501
404
384
281
511
286
510
412
505
403
632
276
95
376
409
508
283
515
415
632
276
641
542
766
538
767
537
898
536
765
535
637
274
162
381
279
384
410
498
290
510
282
505
533
395
288
508
411
388
279
504
279
505
276
637
278
151
378
278
386
407
506
412
509
280
508
275
505
278
629
409
770
542
637
428
766
432
179
505
304
382
277
513
411
509
413
384
287
509
283
510
280
507
537
766
529
756
534
162
376
402
406
298
508
413
635
280
508
409
508
415
761
536
647
410
504
411
635
538
635
410
162
375
274
391
199
382
668
658
262
383
409
386
274
385
285
379
276
388
286
512
286
153
382
407
509
284
399
283
511
412
635
407
637
541
765
308
506
281
504
409
635
279
158
381
408
382
278
386
282
510
273
506
287
632
407
634
432
636
536
764
538
512
544
176
376
402
525
276
501
273
383
278
391
291
385
287
636
285
521
291
513
410
637
414
636
405
158
383
276
378
274
390
281
377
406
506
278
526
408
636
409
501
710
486
388
508
408
139
379
283
507
281
507
406
506
409
384
287
383
285
385
283
386
283
510
410
492
272
87
377
406
511
413
514
407
384
280
508
280
505
283
512
412
636
409
378
274
385
282
512
285
126
372
401
505
278
506
283
635
315
499
409
509
285
379
272
508
279
386
408
386
285
93
374
274
384
285
393
290
383
284
389
285
376
274
379
405
387
284
386
291
389
285
112
501
283
509
408
508
413
637
537
630
405
641
412
636
413
637
411
766
533
769
411
177
385
283
503
278
509
284
662
403
541
305
634
414
633
402
511
408
637
409
644
410
648
418
161
505
276
377
273
382
281
508
415
507
410
513
414
515
288
527
278
499
404
658
295
160
378
278
423
408
636
402
507
411
631
404
900
533
512
408
509
408
508
287
507
270
120
381
279
387
172
504
402
385
289
635
285
508
302
511
408
516
417
642
533
631
410
639
411
159
384
414
506
407
510
282
507
410
765
534
643
312
384
407
501
277
508
412
507
277
172
371
275
385
415
508
409
503
282
509
280
511
280
504
279
502
409
513
416
764
406
172
388
274
503
280
507
278
505
412
377
273
377
278
385
289
509
284
379
278
505
278
509
284
165
504
299
500
281
511
277
509
411
579
550
631
535
634
407
761
528
772
538
642
280
176
382
409
397
289
382
413
509
284
641
412
641
539
638
409
766
539
768
535
942
535
178
501
274
506
416
638
287
509
283
644
432
508
404
514
286
506
414
519
413
642
411
158
394
277
391
276
392
296
512
295
377
407
383
411
388
411
510
411
644
413
499
406
509
412
130
385
279
508
282
511
321
511
286
388
409
630
534
637
407
380
295
381
409
391
286
95
388
281
379
403
501
278
509
412
509
412
389
281
376
266
391
377
360
256
476
376
154
350
377
480
256
800
347
607
510
479
379
584
640
538
440
552
453
675
573
673
575
714
579
177
423
318
429
445
551
455
547
455
426
580
682
579
743
703
298
446
415
308
424
448
147
418
443
549
452
551
443
555
445
554
576
562
449
419
455
553
454
435
328
546
456
319
334
460
261
139
503
447
128
435
528
233
78
423
392
149
322
543
253
125
388
323
134
420
316
437
327
546
321
436
452
677
575
678
366
413
314
470
320
490
322
426
316
1070
834
213
418
441
546
318
546
446
433
450
550
579
540
444
541
442
423
443
668
569
674
496
77
294
321
544
318
543
443
553
350
681
452
543
452
548
442
546
574
543
452
540
440
159
415
439
544
319
551
323
541
444
728
566
806
569
794
570
723
573
810
578
543
574
544
579
158
421
189
548
449
425
316
428
440
417
449
425
323
422
447
421
316
732
441
424
317
160
414
442
418
318
426
312
418
308
550
322
202
366
424
312
425
446
548
320
546
321
145
418
318
546
437
538
364
419
316
425
447
545
571
548
446
672
441
551
573
670
576
175
421
181
424
319
427
447
424
318
549
449
550
576
677
450
805
286
419
311
553
323
544
312
156
424
312
517
295
519
424
649
549
530
296
397
296
398
289
397
295
389
283
396
418
152
404
421
494
296
528
428
655
423
520
427
652
423
518
422
648
294
398
423
652
431
172
402
420
408
294
397
291
527
299
523
427
655
552
626
418
650
418
397
279
400
422
527
298
135
400
296
403
299
402
424
522
297
654
551
519
424
653
551
652
552
522
554
650
545
160
394
292
399
296
522
426
524
422
652
553
649
553
649
424
646
421
775
422
651
427
161
395
418
521
422
522
295
650
422
651
484
416
309
421
446
544
444
544
568
426
446
541
450
160
414
312
548
444
553
449
678
574
576
604
684
575
680
574
427
445
433
368
419
312
131
423
437
542
320
674
318
552
449
555
449
677
582
684
582
682
453
557
579
805
450
178
421
316
554
445
425
447
611
449
480
573
681
348
423
318
671
438
429
320
554
318
160
427
314
426
451
420
450
676
320
550
452
679
575
814
573
804
573
732
444
540
443
544
448
158
425
317
548
320
426
325
549
456
552
447
539
443
546
570
545
450
424
446
426
330
152
292
443
540
357
420
443
545
314
673
449
542
444
1544
581
657
388
420
446
549
324
147
283
443
550
321
552
317
548
453
672
571
679
580
799
373
417
322
432
331
547
448
548
580
95
417
308
422
448
547
449
543
446
675
449
548
577
673
448
547
322
543
445
426
453
156
462
321
543
319
545
450
548
573
420
316
539
315
425
323
425
451
548
447
671
443
174
415
441
545
317
547
449
546
447
811
585
761
469
705
476
804
578
547
573
801
574
177
299
317
950
844
488
422
550
449
426
575
426
454
425
454
545
449
548
322
673
579
664
571
161
288
440
548
324
546
445
548
446
544
577
544
452
537
448
552
323
545
576
556
320
136
294
318
543
317
548
443
549
370
411
439
543
318
670
445
423
449
668
446
537
444
160
282
188
423
467
549
452
447
605
421
579
550
447
541
444
548
450
679
503
287
316
417
338
154
290
323
420
340
540
445
424
321
548
318
292
319
544
448
424
320
547
331
543
447
93
414
438
549
320
593
440
547
446
673
445
704
580
545
572
543
577
427
314
544
312
137
290
317
433
448
542
318
544
570
674
454
680
453
806
578
734
572
671
443
666
445
554
448
161
421
444
432
324
428
449
423
448
548
453
551
332
423
444
544
448
675
450
549
452
180
416
233
418
443
421
449
545
446
540
441
550
442
795
573
802
698
805
451
807
577
160
290
320
545
321
549
322
551
449
427
442
415
241
283
446
549
322
546
444
548
448
168
425
311
549
451
427
319
547
444
544
449
425
323
539
443
678
449
426
314
545
451
549
373
122
418
442
549
442
542
449
541
450
681
575
556
451
559
586
807
581
809
578
688
456
178
288
195
537
317
539
312
417
316
595
458
544
450
551
321
677
450
678
575
677
576
178
288
322
545
312
420
317
537
316
539
309
541
444
674
574
553
451
545
575
598
441
534
440
143
423
316
545
312
549
313
424
351
669
445
548
443
683
450
672
447
549
317
553
452
155
428
321
436
447
423
233
422
446
421
320
545
575
672
440
805
573
674
575
542
446
159
413
440
551
323
549
457
545
454
550
451
540
441
545
446
424
377
418
319
550
444
149
423
446
549
323
550
448
463
481
427
317
429
318
427
320
432
452
443
473
421
448
545
449
160
427
448
523
316
548
447
438
448
685
571
671
567
546
448
669
1525
721
676
534
549
178
428
446
536
315
682
445
548
454
429
450
544
448
749
571
681
577
591
578
689
577
178
415
312
541
443
429
449
426
322
550
318
545
446
679
575
548
324
434
320
542
441
543
451
163
420
333
433
339
581
481
433
337
408
312
255
226
320
325
451
292
358
326
461
302
146
247
255
347
298
362
306
388
317
431
235
431
335
433
330
431
464
436
464
442
463
158
364
328
445
278
463
748
467
405
474
340
494
291
333
368
332
284
501
289
402
255
326
257
137
283
257
431
295
448
400
508
448
557
460
562
335
441
334
438
343
432
335
437
336
158
294
335
355
305
341
408
539
339
434
339
422
301
407
257
268
315
334
283
448
311
150
318
327
341
289
394
313
450
389
449
321
394
335
423
321
464
458
481
328
428
330
158
360
321
443
282
566
331
367
237
393
312
470
309
463
315
503
446
416
299
307
402
477
263
151
406
249
457
277
357
249
380
245
403
306
361
340
354
316
416
275
547
294
596
420
163
354
317
461
275
553
408
503
455
555
321
558
331
572
370
306
240
429
281
558
432
155
358
247
380
276
415
341
365
291
440
454
427
329
414
203
495
279
460
313
505
337
550
455
174
403
323
461
298
548
303
524
347
537
313
546
449
556
458
681
454
556
332
461
328
158
360
248
417
376
465
348
416
359
560
330
489
330
548
449
557
455
550
454
555
328
162
405
245
424
294
457
293
407
194
387
258
399
167
427
390
465
348
393
360
447
328
159
354
244
419
381
465
334
351
245
433
301
460
326
379
331
416
296
508
326
578
366
440
278
159
361
326
428
302
359
323
352
204
283
335
459
313
475
315
315
199
378
271
403
380
140
354
240
424
401
467
459
414
324
428
304
490
411
474
438
475
371
401
195
357
248
152
360
253
415
386
466
350
405
337
452
234
335
301
358
330
516
365
366
257
369
333
493
279
142
314
174
430
377
562
312
503
335
554
324
572
467
680
455
688
467
690
467
442
463
159
364
180
347
397
350
321
511
302
457
322
501
327
419
322
486
327
462
333
469
460
159
362
328
434
297
361
252
431
302
477
422
516
364
550
462
686
458
556
332
557
323
160
355
174
470
252
360
327
432
300
468
334
401
318
353
241
421
363
576
349
514
326
445
192
110
360
327
441
304
351
303
404
328
365
402
451
335
368
257
385
278
404
308
337
295
137
403
321
358
304
460
309
395
346
426
327
432
330
464
332
443
337
433
338
556
460
161
395
319
360
296
442
301
407
341
442
328
441
336
433
328
429
457
570
464
563
465
570
466
176
358
325
463
319
459
330
399
345
489
330
438
329
459
334
452
324
428
217
508
292
137
236
249
457
401
456
326
512
460
760
708
361
320
310
319
468
303
463
412
529
452
166
317
330
462
299
475
309
492
438
458
331
448
466
560
329
448
334
553
454
567
338
575
330
177
332
332
448
299
464
310
360
330
523
305
361
326
449
306
458
312
393
340
567
463
159
358
320
459
297
559
313
512
343
558
328
425
329
561
460
503
274
269
320
454
392
146
284
335
442
301
553
409
526
343
555
450
567
342
444
346
440
342
553
322
684
456
178
326
257
450
393
356
243
446
306
451
409
505
455
463
335
553
319
555
325
476
337
567
466
170
323
257
303
338
427
342
379
404
548
311
437
326
530
327
562
466
435
460
582
455
180
278
179
422
281
452
320
516
342
568
459
690
467
681
454
444
462
458
347
565
465
158
328
203
362
328
340
278
401
358
518
443
560
351
516
393
654
302
659
429
658
428
538
312
158
338
301
375
248
453
272
508
277
529
215
350
311
504
254
584
332
497
339
421
310
160
337
247
446
274
432
318
379
335
608
422
564
354
511
386
559
305
656
431
439
154
111
382
256
476
299
420
273
424
278
455
272
585
388
587
364
518
391
422
306
543
298
159
380
224
378
226
390
277
501
271
466
288
491
318
411
439
439
299
403
303
547
326
566
464
158
281
329
353
287
446
298
505
335
553
326
438
338
505
392
422
347
516
296
412
414
161
316
253
437
284
468
432
429
370
459
334
434
326
440
466
559
461
509
395
416
321
140
329
334
432
284
362
215
293
333
433
279
456
314
517
347
553
328
436
340
462
466
565
457
158
361
246
433
303
559
429
515
360
565
334
681
457
562
379
366
329
447
310
241
332
136
358
247
429
385
397
269
355
320
430
297
476
326
514
333
557
462
565
464
690
466
177
359
323
497
293
478
332
602
318
540
437
667
438
660
430
537
308
531
303
411
309
538
312
159
385
434
574
352
404
321
458
304
461
422
544
360
550
322
560
330
458
333
433
336
159
285
336
434
289
448
302
501
439
564
461
450
331
432
327
551
458
433
335
469
336
158
236
325
339
290
454
317
508
341
560
331
573
324
563
465
559
460
446
338
556
454
159
314
323
464
277
548
399
516
333
465
370
358
361
461
291
450
411
500
332
440
453
558
335
170
316
249
449
291
409
323
418
371
461
456
650
882
526
428
463
461
422
286
282
333
124
246
334
446
288
474
310
387
335
431
333
432
338
435
337
439
340
422
302
412
317
132
359
319
459
295
466
435
549
356
555
298
663
435
534
432
536
307
539
312
540
443
535
435
169
351
310
320
286
371
211
324
216
326
242
346
222
295
298
350
222
348
191
373
244
125
334
301
325
289
338
217
436
258
411
256
433
274
472
286
526
286
657
432
407
280
127
339
304
408
181
265
349
436
322
408
296
555
324
481
330
441
313
533
307
406
302
159
378
296
339
299
432
284
508
277
426
269
462
282
532
268
376
299
471
295
505
282
547
409
179
382
224
338
299
474
294
495
380
560
334
471
294
428
282
525
381
493
308
539
310
165
422
306
429
293
373
299
425
289
333
284
365
288
595
372
374
286
421
252
413
371
147
385
230
327
214
495
363
545
295
489
319
536
442
441
314
433
306
441
308
415
309
410
306
161
381
298
428
281
502
359
449
345
334
249
354
273
332
278
332
295
434
353
575
293
149
381
316
441
297
475
411
407
340
434
461
451
465
433
335
425
292
515
420
496
387
163
286
256
424
374
401
281
399
184
287
337
450
299
431
295
449
264
346
191
423
325
487
313
153
344
307
504
275
382
301
420
264
425
271
592
414
538
433
539
282
306
208
334
229
123
342
212
333
247
449
271
508
273
333
249
446
274
331
272
440
279
490
320
540
443
164
338
253
367
320
521
380
463
433
508
367
533
441
535
309
530
302
411
447
538
440
159
346
309
369
214
431
253
428
371
482
311
529
306
550
301
638
432
444
445
411
311
533
309
159
327
296
412
289
413
261
459
308
372
340
534
305
416
429
529
436
543
282
454
227
143
432
124
340
303
334
298
370
216
369
290
346
309
404
258
360
308
431
283
443
290
147
338
256
354
277
414
371
587
558
468
356
409
180
422
328
430
455
558
336
567
466
497
395
140
248
260
383
285
412
338
481
404
426
318
407
311
433
304
419
321
445
317
534
404
89
380
301
450
294
550
298
486
320
537
436
663
568
667
435
537
436
543
442
667
439
178
306
236
315
265
539
298
478
313
641
312
535
437
675
448
671
448
670
444
665
431
178
334
254
422
295
596
284
425
294
601
313
539
441
545
337
355
216
951
810
461
377
441
470
158
357
323
540
310
543
311
394
346
432
330
559
332
569
338
577
464
496
396
520
343
142
287
260
418
373
472
261
237
324
340
390
465
331
411
467
557
457
559
455
561
465
176
277
322
458
272
474
332
507
337
560
463
695
469
685
458
558
370
313
326
452
348
318
309
139
288
258
422
283
450
407
507
338
442
342
470
463
692
468
695
467
690
462
561
461
177
328
336
503
287
404
284
419
345
488
404
550
446
565
467
686
460
469
462
471
339
159
243
250
423
293
465
433
521
358
434
339
311
340
504
335
432
462
436
338
584
339
689
461
177
321
328
392
346
421
369
502
314
571
472
452
467
447
337
429
456
575
347
456
341
158
279
323
464
323
479
352
513
363
477
341
688
460
573
463
572
469
566
459
567
461
177
327
262
522
373
355
226
516
342
558
377
299
263
381
252
448
343
514
313
565
462
166
299
266
536
303
464
331
512
346
429
329
467
462
494
305
412
275
388
351
513
317
276
322
136
247
333
387
354
422
348
498
420
558
442
477
469
692
466
690
461
561
464
568
458
178
320
327
467
303
477
332
587
345
559
459
565
338
439
340
441
464
435
466
451
338
158
246
251
456
298
462
457
532
497
465
466
480
465
561
333
440
343
489
336
430
337
450
461
161
299
266
434
300
481
307
514
335
440
339
687
468
560
337
434
339
455
470
431
335
171
245
182
431
298
280
256
446
310
361
309
385
316
426
441
438
468
441
334
575
401
140
359
176
321
196
329
273
513
303
474
360
405
269
560
377
278
327
445
308
562
410
156
318
251
436
370
481
410
505
337
555
456
695
471
566
458
430
336
440
336
437
343
568
464
159
349
182
321
350
430
339
509
299
537
410
441
453
559
457
494
304
424
348
415
299
169
317
329
384
352
419
344
386
298
1510
471
604
155
361
327
465
309
476
379
522
368
155
293
263
388
260
413
332
474
379
544
293
565
338
688
462
560
457
564
459
572
469
490
337
159
241
330
382
253
412
335
481
304
536
414
437
464
572
469
564
466
560
333
466
331
160
330
262
430
296
470
352
521
162
445
464
466
467
553
329
500
396
517
339
611
412
155
321
324
387
253
495
274
421
371
421
311
480
381
537
409
442
304
415
242
238
760
145
357
323
423
281
457
319
407
341
422
322
565
464
689
457
560
334
556
326
435
324
550
324
171
293
264
465
300
455
408
507
461
553
454
562
449
685
452
675
449
698
464
693
464
177
254
265
435
305
480
330
517
358
556
452
682
455
482
387
418
311
490
345
417
369
82
356
245
430
285
463
410
390
342
422
321
554
456
561
330
679
452
684
451
450
338
435
330
158
294
126
265
165
317
247
510
338
499
315
550
448
552
455
685
454
463
334
459
324
159
288
185
426
379
559
436
511
481
552
455
695
310
288
332
459
297
475
439
510
358
170
256
273
417
380
461
319
511
360
553
453
464
335
445
332
434
334
461
330
429
450
569
371
123
298
346
462
282
560
320
504
333
559
333
556
326
425
328
566
327
464
328
464
461
160
256
267
313
251
391
266
357
247
501
366
465
311
512
343
556
452
459
331
464
461
161
305
266
318
296
422
345
485
404
437
435
554
323
464
329
550
327
557
331
475
323
170
316
267
443
300
455
305
504
339
466
337
433
451
435
460
562
340
578
457
691
463
681
456
177
260
347
468
304
450
305
321
328
455
302
463
406
500
334
552
324
564
457
572
464
159
301
348
430
275
438
388
508
339
444
456
554
325
561
456
566
367
338
225
481
248
150
357
248
492
269
450
290
602
317
543
369
373
214
339
302
378
301
414
289
503
374
452
327
149
314
249
460
376
423
301
361
413
471
351
400
306
409
271
523
377
550
311
509
355
158
297
265
445
306
553
309
510
468
568
336
690
467
605
453
685
466
677
453
563
467
178
247
338
376
342
430
313
477
344
514
358
553
331
466
332
425
459
428
334
442
325
160
324
210
281
255
438
376
477
318
417
286
406
310
454
341
408
361
432
334
551
452
552
325
164
286
337
313
348
512
315
466
351
517
293
280
179
517
519
444
384
500
436
564
335
158
300
345
462
306
557
317
504
218
418
298
420
417
583
374
547
416
559
328
690
375
127
253
341
440
284
439
295
492
423
419
297
419
286
458
457
540
380
316
247
430
392
461
324
150
337
346
436
301
355
242
398
280
506
415
412
322
451
399
466
444
354
320
455
280
150
253
339
529
300
481
323
518
366
558
453
456
338
555
326
433
464
546
457
567
460
174
247
766
538
394
453
324
388
338
424
323
425
330
565
463
577
446
565
467
683
455
562
462
176
292
340
448
280
355
323
537
306
460
325
343
284
514
337
406
283
327
267
310
245
137
319
253
377
342
328
349
390
431
462
332
562
465
470
249
301
312
431
292
463
309
156
249
262
423
282
456
408
384
326
416
449
461
331
449
340
556
329
428
329
557
333
168
306
347
516
294
461
403
385
331
431
332
557
330
432
454
564
336
466
336
691
461
700
466
178
254
334
431
282
338
295
391
309
421
325
484
332
462
323
437
336
550
451
567
316
178
291
345
461
306
562
319
502
333
555
321
682
455
683
581
491
390
508
311
464
346
151
299
275
423
278
416
365
423
389
397
355
364
320
380
347
426
311
562
341
307
312
362
291
135
302
353
459
292
560
413
513
379
366
250
433
290
307
240
432
289
450
409
509
461
164
292
337
461
285
473
427
517
361
563
335
678
453
566
462
694
455
692
246
422
324
159
291
336
312
342
511
416
482
383
542
411
565
461
696
462
690
464
464
462
554
451
160
306
280
469
302
565
300
522
444
428
327
554
459
687
581
692
457
695
587
686
456
554
455
176
294
263
458
273
467
321
427
296
503
282
453
318
511
355
480
331
352
209
403
264
80
261
347
350
288
335
277
402
287
449
317
409
341
435
462
556
466
441
326
557
325
170
251
264
309
129
416
282
341
312
516
340
560
329
553
470
445
326
568
327
431
332
566
466
160
259
270
347
281
339
302
494
424
442
460
557
373
276
173
424
296
442
407
521
334
161
301
273
429
388
559
332
522
365
566
466
588
459
679
470
683
579
681
463
569
462
176
385
335
354
305
404
250
443
403
566
424
500
358
434
462
552
324
444
324
561
464
568
466
178
252
340
316
252
408
410
404
403
522
305
468
545
537
395
1579
199
544
364
560
329
159
260
273
428
367
444
411
503
455
430
389
413
338
477
400
421
309
434
334
490
341
159
258
339
459
300
352
312
508
340
463
462
469
478
554
328
561
458
557
328
571
326
177
298
339
438
297
574
318
505
369
285
332
532
391
474
328
406
336
444
334
425
388
420
321
140
256
192
416
271
448
302
383
343
425
326
422
301
505
312
395
258
358
324
436
300
147
296
263
342
277
815
883
395
409
558
451
685
455
555
332
555
326
442
339
556
329
172
301
265
420
279
596
351
507
355
437
340
462
336
456
324
560
325
461
332
565
464
686
460
177
316
322
458
302
455
305
490
302
421
445
430
334
496
453
432
335
420
301
408
313
139
363
181
426
383
454
321
517
359
562
465
464
461
445
336
560
460
559
455
584
462
178
370
203
235
253
425
301
293
259
433
394
460
458
525
386
558
457
471
343
553
327
159
310
318
347
299
454
410
417
469
437
336
464
249
428
330
445
336
429
332
462
322
465
458
159
361
329
457
286
571
320
512
344
555
456
466
466
686
457
561
328
560
335
448
248
126
361
328
450
384
479
344
512
359
436
336
566
465
695
456
689
464
682
458
558
466
178
312
248
436
297
463
298
492
427
485
334
425
321
554
454
551
323
571
325
695
462
690
463
177
356
327
434
301
478
421
519
324
457
358
466
402
457
319
408
459
603
455
564
463
174
369
325
466
315
378
348
506
357
440
334
443
338
445
338
556
325
436
334
558
457
160
273
250
421
263
457
241
243
257
452
307
565
326
508
461
565
459
694
466
690
456
177
414
242
346
277
457
313
407
337
553
325
563
466
564
462
683
500
298
254
421
281
456
447
155
328
334
446
302
562
418
514
341
551
466
683
454
573
472
572
462
690
593
467
455
159
317
248
502
296
306
238
521
388
560
429
517
364
435
336
431
326
429
332
432
339
159
366
332
430
280
311
317
370
304
556
303
494
425
490
452
564
478
688
466
504
400
329
344
163
362
323
450
298
474
425
417
261
428
298
342
301
343
311
500
330
449
331
559
335
158
361
248
521
384
406
274
400
271
337
274
503
396
360
355
408
374
436
335
452
337
159
337
300
363
287
487
354
462
300
609
152
349
209
384
335
504
276
433
268
466
403
472
418
249
364
182
417
284
470
325
524
346
565
464
687
472
686
454
691
470
564
252
318
245
133
282
256
336
408
469
359
522
365
439
338
437
334
566
464
564
326
586
463
686
461
179
242
325
434
406
359
169
425
301
366
325
426
381
573
348
358
317
444
383
476
442
150
367
334
464
279
472
400
508
340
493
390
442
389
505
330
427
459
605
326
434
334
432
332
159
249
334
468
331
468
355
403
775
549
319
549
454
455
319
685
455
561
337
429
331
162
361
324
439
291
359
326
436
293
453
405
393
345
421
325
569
338
557
324
447
457
160
358
246
440
291
454
405
503
462
456
468
467
464
554
245
278
332
453
299
355
321
451
301
148
285
327
447
297
472
301
498
426
552
453
557
463
436
463
559
455
497
395
512
416
149
387
248
336
290
366
328
499
333
426
329
556
325
575
455
553
455
561
459
678
448
179
358
323
470
310
457
297
502
452
495
392
531
332
481
401
437
449
448
321
554
452
160
315
249
428
284
454
416
538
359
556
331
575
327
684
456
684
453
684
457
434
338
366
334
158
284
333
461
288
551
311
517
331
551
325
552
454
567
465
693
464
691
461
694
462
176
359
321
451
351
435
341
486
316
359
327
453
280
470
368
395
381
470
456
268
240
130
279
247
420
278
404
281
383
285
432
259
351
414
467
348
427
397
434
250
357
246
341
291
134
281
332
461
300
359
326
429
282
467
314
508
340
556
454
423
299
410
290
364
327
147
339
304
457
278
520
281
422
272
466
284
408
300
437
428
467
278
307
194
372
284
140
381
300
376
297
504
270
543
384
597
304
536
308
673
438
532
436
415
306
529
304
443
307
160
340
228
412
262
453
303
498
313
531
426
469
285
339
253
403
277
530
294
606
324
157
302
182
337
228
349
267
501
285
323
292
417
210
402
264
429
288
609
335
532
446
163
382
217
291
227
489
262
426
376
538
291
503
304
391
238
415
277
531
385
599
438
168
344
307
500
365
547
416
500
339
324
290
360
207
339
301
419
289
549
296
481
316
440
277
129
339
241
374
296
334
288
411
295
346
327
405
341
425
456
460
332
438
336
556
461
160
285
326
348
296
455
341
512
356
481
329
561
335
444
457
560
332
691
440
664
433
179
338
227
515
512
430
250
501
404
544
432
688
585
494
301
406
292
468
328
537
351
429
334
158
359
319
432
295
457
323
501
330
560
466
510
393
435
375
497
434
555
460
461
334
158
320
248
536
316
483
333
364
329
442
303
552
420
511
324
271
401
426
120
191
469
200
80
402
475
229
78
124
140
445
325
129
364
432
248
92
381
213
92
399
374
143
248
353
215
79
349
406
161
106
757
724
221
315
455
195
78
377
347
110
170
421
251
372
291
151
359
249
494
279
448
294
423
379
420
343
378
293
435
439
456
465
467
332
556
326
160
370
335
436
297
454
311
502
332
553
326
561
459
478
460
442
463
461
336
442
337
159
364
322
439
296
461
324
350
327
433
285
478
323
524
333
562
329
686
580
563
454
684
462
178
318
254
439
388
451
323
522
355
436
339
588
457
691
456
434
331
563
465
564
335
158
361
180
111
470
451
401
373
327
461
275
368
327
464
369
556
410
513
354
460
333
158
326
248
321
254
338
268
317
320
445
302
355
318
387
340
422
324
428
331
460
359
386
240
128
383
299
317
284
339
297
368
283
425
267
435
276
468
408
531
424
466
368
403
291
149
345
229
374
216
339
297
497
279
497
378
460
324
506
332
549
307
542
443
556
436
176
336
306
333
290
367
287
380
251
407
308
331
285
333
254
428
242
403
315
339
226
124
343
221
374
299
466
290
502
274
420
274
476
299
401
293
408
307
399
429
446
440
529
303
160
341
228
330
166
348
248
344
223
371
289
502
276
539
381
473
309
528
424
669
440
177
384
308
340
301
430
293
413
270
443
295
487
313
434
277
377
294
466
287
408
274
135
345
307
408
274
443
341
381
300
369
289
474
292
430
303
504
273
384
299
503
368
545
418
167
470
302
501
365
446
303
295
302
506
277
529
382
481
333
436
333
422
325
560
333
160
364
248
343
281
483
330
517
379
553
465
603
330
435
336
553
461
562
336
583
337
178
364
252
307
337
491
289
471
357
421
393
442
334
550
304
456
330
448
335
453
325
169
363
332
466
303
486
408
409
295
404
310
350
319
498
364
439
337
565
332
554
324
437
459
159
365
325
360
319
369
338
517
248
426
326
447
337
464
459
466
329
428
296
612
425
150
329
335
437
297
460
600
492
258
249
334
442
303
366
325
348
398
366
339
359
324
140
271
321
310
249
400
384
574
345
532
391
557
328
573
446
496
388
421
322
385
353
523
380
159
237
251
421
284
483
280
496
282
457
321
381
343
443
347
426
460
557
333
693
469
176
297
260
435
406
362
325
465
280
399
365
306
317
452
383
481
324
514
336
553
457
176
285
326
478
309
544
399
528
344
461
333
322
334
426
328
552
761
455
321
551
325
177
305
260
430
269
362
330
451
380
561
317
515
343
436
464
554
454
561
329
437
467
567
465
178
256
331
435
298
556
422
515
359
560
458
565
239
432
296
534
298
429
307
525
299
159
338
224
333
260
437
288
486
333
445
435
532
304
787
433
675
429
665
444
441
308
161
475
307
412
277
507
270
432
293
517
379
448
429
504
335
528
299
543
298
443
311
402
300
159
381
222
380
300
443
286
472
290
514
272
416
275
466
284
531
430
530
306
559
313
162
332
218
390
260
435
250
560
290
449
260
479
260
453
307
501
332
534
302
509
313
175
302
182
377
240
309
199
369
210
334
299
344
223
358
323
436
282
341
304
403
317
548
447
159
353
321
515
409
487
171
304
238
527
298
453
414
502
452
570
459
565
461
562
468
178
357
294
331
271
337
214
378
226
382
228
378
254
449
277
507
232
349
254
445
204
146
383
304
328
181
343
302
377
289
374
294
412
271
426
274
475
290
425
407
537
314
159
323
255
375
342
451
317
349
344
402
265
398
318
440
284
460
297
489
428
436
336
562
467
176
314
246
429
303
366
333
511
342
435
332
435
332
600
451
562
329
466
336
438
337
159
362
334
454
272
409
282
507
304
376
348
275
240
435
395
556
435
519
357
556
328
174
316
120
276
251
440
294
494
341
515
357
425
327
568
466
689
472
699
458
495
394
437
351
152
253
331
452
297
357
179
433
292
563
332
292
257
348
287
458
317
401
464
458
465
162
254
329
467
304
469
435
389
359
457
459
555
327
498
395
463
379
503
434
564
376
79
323
177
323
255
438
312
373
325
442
317
473
455
428
390
441
336
357
213
421
382
404
284
136
244
334
443
302
565
411
536
334
348
299
418
302
475
363
518
380
556
456
688
465
178
273
324
447
302
564
436
522
368
492
576
380
406
693
465
683
464
605
461
561
467
178
280
250
421
286
463
321
514
341
555
465
678
451
552
453
565
338
426
324
560
333
172
246
329
452
306
483
349
274
248
337
287
463
454
522
485
358
243
420
278
458
329
395
345
156
251
256
440
304
450
411
502
456
434
337
687
456
552
373
293
250
324
387
364
345
148
324
330
454
278
576
333
510
342
562
458
689
457
695
467
678
454
681
452
974
847
232
330
328
510
294
547
307
513
342
431
461
565
464
555
430
441
310
533
303
656
296
528
303
171
275
315
426
279
382
322
461
301
480
413
542
358
461
334
455
319
428
462
554
326
170
362
328
452
367
473
317
522
370
320
336
433
329
436
463
562
338
688
459
681
458
177
365
330
374
250
522
325
324
363
538
306
462
405
388
336
562
465
567
465
685
454
179
315
175
430
392
374
330
504
332
494
282
140
410
439
383
471
427
509
355
561
331
694
465
176
259
272
441
286
456
430
519
366
593
367
707
478
694
465
495
304
512
202
291
336
137
289
253
453
395
358
326
355
396
364
327
461
303
468
313
503
330
563
332
693
465
176
363
251
371
343
508
415
601
368
531
280
487
389
519
240
478
403
551
435
435
338
681
451
192
314
247
370
408
465
331
392
342
465
332
430
325
554
460
499
464
556
433
446
313
159
336
244
440
277
498
259
438
293
477
310
527
428
543
316
781
428
406
275
334
293
125
379
296
328
164
345
239
493
262
528
300
499
347
531
301
667
440
667
439
670
445
176
384
221
315
260
436
420
494
340
536
439
543
428
666
276
345
310
359
225
497
308
292
221
121
336
302
323
282
326
273
427
274
471
282
524
291
441
307
400
277
327
218
334
224
81
361
233
311
191
517
274
542
273
593
311
435
314
414
317
400
308
534
301
533
308
160
387
222
320
286
440
219
335
225
330
291
492
245
548
302
610
318
535
448
662
432
660
442
176
335
298
501
269
428
271
588
404
528
435
665
442
538
441
544
440
658
432
507
310
159
279
234
376
222
373
219
340
300
316
204
327
213
337
302
419
290
545
294
613
309
171
382
172
383
245
453
277
502
183
342
232
479
249
368
239
399
343
333
222
331
224
411
375
151
341
300
399
270
446
386
549
323
494
333
1475
203
390
229
423
279
362
327
442
297
146
246
330
452
300
481
410
412
378
430
344
496
411
555
446
494
389
512
316
472
259
154
244
333
459
302
556
300
511
356
423
322
563
466
434
463
433
334
440
339
435
335
158
242
186
258
280
275
253
439
282
452
409
392
342
432
332
530
328
427
329
425
323
447
455
159
320
256
380
339
458
357
313
244
434
387
467
434
518
364
265
312
447
295
462
304
157
814
479
294
187
450
335
462
345
398
279
314
263
354
291
456
316
494
328
423
302
128
362
247
353
402
274
323
456
291
546
403
514
379
324
257
454
282
404
366
426
297
414
374
141
333
333
467
302
498
242
312
248
407
304
370
268
381
333
473
340
571
458
540
181
160
319
249
418
384
462
344
514
358
551
322
462
334
427
327
433
330
467
464
434
335
158
244
333
538
307
483
312
518
359
391
317
448
291
479
319
408
339
555
324
566
467
176
248
260
349
385
464
345
517
363
345
342
455
304
360
177
432
283
404
320
394
245
311
345
134
316
250
343
366
457
338
316
322
420
388
469
355
391
356
563
463
436
461
436
333
159
356
247
376
340
330
144
245
338
464
297
452
317
389
335
422
328
427
320
428
461
159
246
336
439
383
552
428
513
357
430
326
560
455
571
464
691
371
361
324
460
295
568
453
159
317
248
512
389
466
353
527
323
411
359
452
305
475
440
515
360
546
321
462
335
161
319
248
402
297
447
398
404
339
442
452
559
338
687
458
560
455
459
335
308
331
161
236
323
437
305
456
303
348
194
423
315
469
343
549
364
431
332
442
339
551
327
476
340
159
285
334
452
294
549
309
409
296
498
286
401
369
281
329
440
304
468
416
407
381
139
365
252
426
389
449
317
524
304
449
272
516
388
476
343
513
355
563
337
452
333
159
363
183
345
397
453
441
521
381
559
379
319
326
364
322
484
356
521
368
549
460
179
363
330
445
294
403
363
415
412
368
251
438
294
478
310
502
334
553
457
570
294
333
326
141
324
332
430
300
481
315
510
344
556
469
691
469
449
465
440
340
426
462
555
332
171
314
244
434
287
484
427
543
357
561
461
686
461
684
456
685
474
563
466
570
469
178
248
335
439
296
356
356
463
320
347
321
380
335
425
326
424
325
512
407
525
278
567
331
79
243
255
312
347
411
415
317
327
352
315
490
362
528
348
422
324
466
301
554
426
150
322
183
339
276
356
250
385
256
528
339
372
298
409
407
426
333
440
334
427
462
162
364
253
445
306
467
334
392
342
563
463
446
469
688
504
289
335
462
305
472
301
159
409
332
468
303
479
437
514
359
437
338
426
326
431
331
428
328
460
319
562
461
470
467
176
459
329
338
768
449
401
528
393
452
319
545
315
444
306
394
346
465
336
458
323
159
286
255
351
284
449
311
402
467
558
461
604
450
550
324
560
459
433
335
354
211
139
239
251
458
310
476
411
514
340
558
449
685
464
693
465
689
581
491
394
416
344
502
399
161
244
334
466
303
477
418
520
369
434
461
450
336
429
456
556
457
497
396
433
375
151
246
257
335
295
448
321
392
317
326
330
431
290
456
411
504
336
157
455
422
324
159
246
250
419
293
534
410
495
342
327
213
332
255
343
302
436
360
542
238
302
234
115
339
303
405
277
424
279
432
297
602
277
532
290
461
270
376
295
443
280
383
297
493
252
148
307
313
455
284
474
388
611
318
529
427
541
312
563
316
535
306
541
308
405
432
160
338
302
320
280
334
271
439
295
489
439
531
431
537
434
771
442
663
432
446
313
158
306
244
374
219
328
296
491
260
456
302
478
431
410
369
378
298
334
299
405
361
380
346
130
299
177
336
227
372
295
330
293
405
356
533
403
608
337
537
439
536
433
538
441
178
337
302
327
294
490
260
430
294
482
317
545
274
308
237
506
258
453
292
606
315
163
295
241
421
246
501
380
465
333
490
335
408
440
530
303
531
433
447
445
447
444
535
268
77
383
222
495
257
447
300
610
338
531
305
530
435
540
439
551
451
663
441
662
439
176
297
229
335
304
415
377
654
433
486
366
657
429
530
436
531
442
427
310
468
278
117
298
234
375
297
322
279
449
316
497
347
420
301
535
433
537
311
661
442
627
443
179
331
302
418
290
317
279
465
314
393
361
392
206
416
216
326
293
409
347
526
382
597
312
165
342
252
422
243
403
184
343
258
447
267
467
232
522
297
503
367
547
434
517
343
159
344
311
417
265
442
270
579
280
396
288
398
282
459
348
513
399
248
261
1482
210
87
250
331
440
297
549
421
518
369
269
318
528
410
581
353
415
364
439
339
431
335
445
329
159
359
249
403
281
567
329
503
336
431
333
557
460
436
475
575
456
571
463
681
452
179
314
250
455
283
481
320
517
333
420
323
682
457
486
460
423
325
461
332
430
330
158
317
252
425
384
463
328
506
461
554
452
455
338
454
344
431
334
435
338
436
337
157
359
194
364
255
425
390
490
345
791
760
427
267
463
305
506
340
427
335
436
335
563
464
159
244
330
462
294
397
268
455
260
449
289
242
255
438
304
456
314
506
334
556
332
173
328
258
439
302
451
413
388
339
439
454
558
327
560
335
351
204
425
313
270
180
81
368
182
451
299
448
406
507
342
552
462
684
457
503
399
428
341
484
403
414
300
455
324
158
314
245
415
293
451
259
495
281
563
350
508
382
435
440
415
321
533
433
548
311
169
297
260
460
306
320
215
335
224
352
250
341
305
331
286
432
377
580
407
606
331
159
340
308
430
295
512
390
430
311
479
376
616
390
382
298
331
283
493
372
549
325
395
346
158
299
308
432
201
336
243
401
269
352
229
397
310
465
274
509
384
420
308
400
305
160
338
248
431
290
481
319
506
333
432
328
445
338
471
384
326
256
345
286
550
420
149
283
183
424
296
338
274
486
256
461
335
526
370
463
330
440
465
572
466
687
463
177
245
333
501
272
553
306
510
355
434
335
429
327
555
458
564
465
450
463
686
463
688
454
177
248
326
462
299
488
358
519
335
412
358
518
401
355
325
468
303
554
411
526
345
166
311
250
434
298
444
406
507
456
494
483
429
370
396
318
434
431
556
330
465
330
177
355
323
337
300
468
322
510
359
557
324
434
339
445
324
434
462
560
335
690
461
687
474
178
252
260
333
376
458
436
514
395
324
262
435
299
456
310
503
334
559
465
561
335
158
357
247
434
312
317
250
351
296
464
429
513
275
357
324
433
310
464
229
240
257
139
242
332
338
286
265
274
500
406
482
373
545
417
556
465
694
468
685
469
558
463
176
285
255
340
302
349
327
423
322
557
458
554
470
562
464
687
468
687
458
569
471
559
458
180
253
261
424
391
304
315
443
304
487
330
513
343
551
461
598
456
682
461
557
463
178
315
459
554
235
254
266
437
287
482
356
514
359
567
464
568
481
436
465
437
328
159
317
248
434
299
273
253
443
309
456
433
513
363
437
464
694
465
695
463
682
467
555
457
177
275
247
431
380
568
313
395
339
442
301
559
226
244
249
371
342
408
310
308
240
130
315
326
461
287
573
320
393
345
554
455
565
458
563
462
685
457
564
462
565
465
175
456
326
462
284
400
362
413
315
568
453
275
251
430
284
367
328
393
336
431
329
435
337
157
355
323
441
303
557
405
495
453
480
333
555
451
457
330
550
324
554
333
438
334
162
368
332
445
287
469
406
408
285
509
418
278
253
422
291
468
353
514
360
602
325
174
323
246
420
289
467
322
513
341
560
460
692
462
692
461
562
464
433
336
444
337
160
363
324
452
298
554
415
510
393
315
254
422
278
401
311
452
342
367
378
538
413
630
355
179
290
262
427
283
491
353
517
364
558
326
685
458
436
466
427
245
276
322
446
309
146
363
324
451
305
475
311
514
360
435
335
454
340
430
331
558
459
551
452
553
325
174
274
246
355
398
577
342
516
361
282
326
430
306
470
325
508
463
563
460
567
465
693
467
176
406
247
516
380
484
354
511
356
439
407
322
341
614
283
424
409
688
454
562
464
175
283
255
436
390
464
429
491
383
425
361
394
316
423
455
558
458
560
330
683
455
177
366
114
318
255
418
378
477
344
514
360
438
337
460
328
436
334
557
457
466
331
177
358
323
530
316
481
324
499
448
554
327
683
244
454
326
431
450
462
456
561
334
681
453
180
324
250
449
288
560
320
502
336
435
334
458
325
434
457
562
330
554
459
564
375
129
323
254
433
383
474
432
511
359
437
338
438
337
438
329
558
328
417
327
436
334
158
318
325
444
305
473
310
518
364
480
335
442
340
432
335
555
469
437
305
414
318
479
383
162
317
321
441
282
568
438
513
351
563
465
684
467
688
465
688
464
648
469
434
339
159
326
334
467
302
477
437
351
312
322
359
416
345
395
409
555
442
434
303
498
290
145
371
258
320
242
481
247
285
260
530
294
484
304
482
290
328
268
489
369
475
376
160
318
245
430
290
468
426
349
294
410
317
359
356
403
367
552
370
285
337
435
297
472
399
160
273
319
441
295
481
474
423
469
552
440
697
468
436
464
435
334
429
333
565
466
169
283
337
498
279
561
417
515
464
483
488
685
460
568
473
682
580
684
468
693
467
177
369
327
440
292
445
426
395
358
444
469
553
328
625
322
680
457
553
459
564
469
689
468
177
285
257
386
349
385
306
342
295
590
294
452
322
512
354
570
340
440
467
567
468
178
361
302
417
286
334
223
486
245
525
381
601
440
544
317
963
839
489
387
660
432
179
387
229
432
298
494
375
549
326
730
294
341
233
324
179
380
300
406
281
511
279
518
269
145
330
220
336
304
411
298
563
322
489
335
533
428
538
434
673
440
661
402
335
164
122
375
295
385
304
320
279
491
261
543
288
600
442
407
312
534
301
531
290
531
434
173
341
307
418
269
550
383
545
431
529
431
475
307
301
188
508
271
331
301
418
270
150
340
303
415
283
511
286
376
217
381
299
415
288
432
290
542
417
562
335
409
314
442
435
161
347
163
411
380
388
381
433
292
338
287
315
203
379
218
334
241
424
275
422
381
155
329
218
370
172
318
323
450
394
360
326
439
297
487
315
522
331
457
352
531
302
80
322
254
456
350
430
312
358
355
517
359
434
333
565
376
369
330
444
308
354
305
373
309
157
365
322
452
299
470
312
524
326
455
342
551
314
461
347
537
377
394
394
470
411
178
366
330
528
297
355
323
445
304
470
312
514
361
562
457
686
461
568
467
552
453
177
244
334
461
280
567
339
516
364
433
332
611
463
689
461
565
464
462
332
432
463
158
325
332
440
286
348
304
385
315
452
314
554
454
556
331
438
324
687
455
469
338
496
332
159
247
186
351
295
456
307
522
372
341
259
376
337
492
383
570
344
518
362
566
338
173
294
259
342
359
545
399
502
362
304
319
431
300
475
338
268
314
342
303
562
322
146
245
334
442
285
495
341
509
356
438
336
425
328
434
299
421
311
473
261
314
252
429
387
144
280
325
433
282
447
306
493
313
424
311
427
325
556
462
554
327
462
327
451
336
158
323
255
339
302
341
276
410
313
366
357
385
355
434
465
558
327
564
460
561
448
161
326
184
412
272
335
278
362
325
445
291
463
411
502
464
603
460
494
385
407
316
356
352
151
244
335
343
304
357
325
392
561
489
174
360
247
431
300
481
388
275
326
464
294
145
274
186
313
327
437
380
453
323
509
333
566
460
561
335
432
460
437
403
512
420
145
247
256
423
385
466
345
517
484
562
457
555
250
268
238
419
383
489
354
484
387
145
326
329
436
300
549
314
411
351
571
332
491
389
425
360
391
317
559
460
561
338
698
381
108
362
255
369
307
456
337
263
315
437
284
552
315
519
342
422
327
433
780
428
328
160
364
324
343
297
459
301
388
306
605
460
462
336
350
296
418
344
385
404
442
434
161
364
257
438
283
556
439
528
382
465
337
561
336
459
471
471
466
428
455
609
329
431
336
158
324
333
438
304
466
349
518
360
565
336
565
461
693
464
677
578
440
333
475
332
159
275
320
432
294
468
241
408
328
461
309
566
325
512
325
268
238
457
346
414
321
141
321
182
380
278
514
419
279
179
314
277
406
391
482
343
414
395
314
325
437
284
145
371
327
458
299
569
345
409
356
549
450
566
468
688
456
558
458
562
465
690
462
694
461
177
250
259
510
306
355
242
441
385
570
324
514
360
565
464
691
465
698
465
693
464
178
319
249
414
268
476
319
517
368
436
337
556
457
609
334
679
458
686
450
431
331
158
362
325
449
341
406
324
479
400
419
431
556
325
686
468
687
472
462
341
442
331
552
330
159
316
177
343
278
469
373
421
319
471
356
494
383
411
418
267
235
437
316
560
322
158
368
251
435
298
470
412
507
334
556
369
253
327
431
293
472
313
512
342
449
327
159
280
330
439
311
469
339
403
267
374
364
452
300
362
325
458
301
399
272
306
256
407
329
139
359
325
466
299
482
325
503
330
546
456
568
467
571
464
697
467
698
469
692
463
176
325
254
423
270
450
428
552
390
276
247
336
284
444
310
506
335
558
326
438
466
172
246
179
443
297
469
326
510
463
569
334
441
340
557
465
553
466
500
465
442
330
159
365
320
470
353
527
352
508
412
545
435
696
470
684
459
559
470
685
463
692
477
663
453
176
316
328
437
282
366
255
443
287
469
430
518
483
438
466
689
465
453
456
434
333
159
364
332
441
302
485
427
417
300
403
297
497
264
493
266
358
253
439
402
274
324
141
368
330
464
298
450
402
420
384
337
266
595
382
513
598
467
383
472
451
686
462
697
469
158
461
247
379
344
436
347
494
414
538
430
684
463
690
456
561
455
569
341
443
339
159
367
246
386
346
616
412
365
376
416
384
531
339
455
340
444
326
420
301
504
411
146
279
253
424
284
457
336
514
477
426
461
571
464
703
465
693
588
684
458
442
340
160
362
323
380
251
438
322
472
359
515
360
439
464
570
469
498
300
419
344
377
411
426
439
160
280
330
334
392
406
288
420
345
316
326
347
301
560
466
316
324
471
310
453
328
147
362
179
381
195
412
418
273
320
474
307
565
403
508
453
423
385
420
242
317
328
143
273
252
426
295
461
321
515
343
567
465
685
458
685
456
439
339
464
336
437
466
436
340
160
294
183
360
268
346
296
381
303
492
352
530
399
496
346
538
441
660
561
542
437
178
342
230
329
219
313
196
356
318
365
329
343
253
414
310
515
283
442
289
490
321
159
343
313
436
271
520
376
502
319
539
438
668
440
680
457
483
340
452
340
447
327
159
281
246
310
252
248
188
383
302
372
245
455
350
438
348
504
411
541
435
684
458
699
459
180
299
188
449
307
447
413
509
344
429
457
445
371
406
326
318
345
408
313
381
353
147
366
332
442
299
561
338
271
323
436
380
486
429
483
474
395
449
444
306
426
290
137
449
325
442
296
479
303
498
429
449
324
687
455
553
457
691
455
570
469
442
465
436
337
158
246
189
347
282
269
364
423
416
454
324
454
297
398
361
260
234
430
296
472
297
155
247
253
439
305
463
454
414
324
428
483
474
458
408
265
459
466
466
334
474
332
160
363
330
445
299
467
322
500
336
464
335
439
338
425
392
418
345
380
297
409
285
559
330
159
240
251
440
279
468
189
275
180
430
301
356
316
376
345
422
319
378
360
522
487
81
360
244
445
302
484
336
312
322
438
299
353
330
500
328
550
288
359
247
432
288
146
320
177
510
280
449
315
515
346
563
470
583
473
566
471
700
481
693
469
687
473
178
356
321
428
297
551
298
415
291
401
389
471
373
547
438
561
327
427
469
435
465
554
470
169
360
327
439
299
479
314
527
370
436
468
693
463
742
462
685
463
687
462
566
466
178
280
327
437
286
488
354
521
332
465
348
344
301
361
326
1461
145
425
337
453
307
147
363
185
365
184
429
304
461
415
402
367
436
337
561
327
437
340
444
336
450
327
566
337
165
367
334
434
300
447
312
409
339
555
372
315
246
424
374
351
282
407
392
468
357
149
375
242
418
378
472
326
667
361
233
345
257
121
401
454
201
80
112
143
361
225
78
444
431
130
287
429
244
239
175
309
258
323
354
432
315
474
356
517
320
384
285
149
349
238
410
374
766
609
334
219
419
305
416
286
660
430
631
456
666
435
546
439
666
435
178
332
225
391
302
374
294
374
299
433
287
509
276
410
268
458
354
337
211
335
253
125
341
229
318
294
435
297
253
245
297
256
349
218
429
315
440
375
540
311
332
220
82
333
208
382
301
322
161
348
232
347
275
438
299
339
303
392
374
341
226
327
246
337
297
140
341
305
331
228
326
206
372
290
453
287
440
289
483
272
391
305
409
283
411
275
136
343
305
364
211
333
196
377
248
452
333
353
310
315
238
436
300
481
327
622
449
159
351
318
509
301
474
311
517
327
472
353
550
339
403
279
412
315
387
358
389
351
436
340
160
285
333
459
376
560
415
480
380
426
348
511
414
546
435
557
325
560
462
460
334
159
367
331
464
294
401
278
272
324
466
299
561
411
409
288
363
326
470
317
479
411
170
271
245
429
397
362
326
469
309
565
428
512
355
558
327
437
338
454
327
437
337
160
365
336
459
323
479
329
518
360
469
241
331
255
457
306
462
437
492
383
427
352
495
418
155
360
325
439
284
554
421
400
370
441
340
428
327
556
327
572
328
569
376
291
337
141
248
332
462
297
452
425
393
357
435
337
443
438
399
281
447
344
530
305
540
410
149
346
225
484
270
441
286
559
325
531
435
537
439
409
437
524
428
540
315
678
558
539
278
126
313
236
419
321
501
318
376
244
451
295
515
378
473
446
470
365
400
308
401
438
161
339
246
343
222
375
217
414
280
447
317
496
276
375
224
491
348
448
258
376
224
122
349
246
514
221
303
307
417
293
515
392
555
373
454
364
461
420
466
357
606
381
122
382
223
498
263
442
268
334
250
337
303
349
227
381
203
343
234
485
259
464
300
529
273
126
348
234
336
246
452
275
495
364
420
292
443
372
420
284
425
303
395
343
475
542
229
343
180
426
383
468
329
618
330
426
302
403
296
468
326
504
337
464
336
559
328
159
322
256
397
294
357
245
441
252
512
313
473
247
525
265
444
461
567
341
500
392
612
413
148
280
246
313
281
325
263
406
390
372
351
397
366
445
330
435
335
555
452
439
301
133
317
321
354
208
360
316
510
342
467
460
560
330
442
457
569
457
561
466
692
462
175
325
333
440
303
562
414
515
690
429
320
354
297
408
388
349
351
374
203
431
423
140
305
264
359
317
381
379
534
411
564
468
686
460
691
467
685
455
686
368
315
253
430
299
151
285
256
446
293
559
430
516
354
461
334
435
340
436
334
564
462
560
459
570
581
181
298
263
447
398
366
166
379
278
404
392
371
353
412
359
361
325
463
422
510
394
164
284
336
443
275
474
420
510
356
555
460
565
462
700
469
730
460
689
449
463
335
552
323
160
363
330
440
306
278
255
465
308
463
425
528
354
566
457
687
457
440
336
430
332
158
368
200
246
336
350
303
568
461
302
312
455
299
572
317
407
351
449
301
459
316
147
252
260
342
277
470
434
487
293
607
396
573
358
245
332
437
300
464
409
408
285
522
425
146
248
336
461
302
476
321
417
306
505
297
455
454
272
321
343
286
453
407
408
373
79
309
245
443
374
396
276
506
308
369
291
307
236
467
249
427
312
461
345
511
355
160
331
338
452
291
483
334
522
354
625
472
691
465
697
581
499
397
395
356
316
324
142
283
249
524
395
539
319
507
283
440
254
594
269
384
228
375
217
380
226
505
353
563
316
159
379
301
439
279
540
393
486
316
661
300
435
432
661
439
443
314
405
436
413
431
159
342
184
328
292
326
159
307
302
410
280
538
407
487
332
527
431
529
297
458
276
127
385
298
339
270
431
407
502
331
417
317
529
292
526
442
403
268
435
224
491
358
444
252
120
377
298
406
203
590
274
458
318
617
343
535
440
531
443
402
301
534
300
538
310
169
274
172
504
292
396
278
267
314
450
315
576
349
513
325
432
240
473
347
612
414
151
291
253
344
272
450
311
398
356
251
343
353
299
442
310
398
464
558
470
551
463
175
357
176
524
389
573
435
319
330
446
319
468
330
505
337
438
336
442
344
441
469
555
469
172
373
411
371
293
476
303
396
308
438
307
352
238
515
388
471
345
509
353
439
461
161
363
258
435
399
356
323
440
296
468
263
243
256
428
390
268
315
445
305
456
428
157
371
259
430
295
485
336
520
368
266
240
377
256
435
321
478
383
531
398
556
374
355
249
142
314
175
422
380
462
328
314
325
435
302
359
323
429
294
356
320
461
292
468
369
138
360
245
458
341
506
351
381
236
423
306
816
804
464
356
553
452
557
458
690
460
177
315
178
333
282
371
346
401
368
422
459
425
392
512
415
490
387
697
402
558
466
686
456
177
294
331
436
290
559
408
511
340
558
457
683
456
696
465
554
455
686
456
691
459
178
324
334
459
297
356
324
458
304
562
413
510
339
555
455
497
396
416
315
434
306
149
362
255
386
343
513
419
477
378
535
406
552
327
565
373
329
259
426
391
574
453
110
273
249
194
501
571
344
267
316
440
300
566
454
514
359
560
334
684
456
679
460
473
465
176
403
325
374
254
434
241
392
294
415
416
432
454
561
332
559
465
440
339
557
329
159
282
254
432
294
456
313
499
333
470
342
481
327
457
463
559
331
579
462
568
464
177
364
330
442
318
481
431
415
375
557
324
684
453
682
451
572
455
561
456
427
330
615
330
171
246
332
459
293
482
318
508
360
559
330
684
459
558
464
562
333
429
336
554
325
159
278
254
391
278
356
325
339
183
284
252
427
295
463
340
514
360
557
458
565
467
178
326
327
452
305
469
306
512
357
558
330
689
462
462
454
563
338
464
248
304
315
139
356
323
443
297
561
415
497
453
566
463
687
458
556
457
551
457
687
455
682
461
693
467
176
315
245
432
300
575
455
411
265
467
335
563
331
687
459
560
462
686
450
695
466
177
321
330
436
283
417
274
403
287
330
283
507
413
306
243
499
278
441
424
521
365
131
362
327
433
298
474
310
504
334
552
449
676
466
492
301
421
311
237
213
442
315
487
340
156
276
185
283
336
443
302
452
397
506
462
553
455
556
467
553
326
552
329
560
328
170
281
258
444
303
309
169
375
255
511
309
346
199
325
333
438
281
554
409
505
334
167
275
322
433
281
481
334
518
365
556
463
685
465
693
462
687
465
568
463
685
459
692
367
77
319
328
436
443
503
312
293
338
443
306
464
327
387
341
431
468
444
471
360
300
139
314
322
340
298
449
463
358
253
495
375
471
450
321
251
438
244
390
383
380
281
154
316
327
444
303
480
330
511
347
569
469
425
457
558
325
439
339
563
463
477
465
161
330
332
448
292
465
319
503
340
440
336
430
327
565
468
466
334
554
325
427
329
563
337
169
278
256
440
299
362
187
252
329
446
309
554
426
509
817
555
466
556
326
445
339
158
280
175
426
383
460
325
366
300
392
350
531
424
487
383
535
302
279
253
361
282
165
326
332
342
295
461
441
407
386
495
300
513
414
318
328
464
387
471
330
400
334
433
337
159
357
253
405
270
439
302
387
341
422
322
559
464
566
466
436
469
447
330
430
331
158
285
330
470
306
478
342
519
329
464
363
628
416
477
360
421
388
559
464
566
463
175
362
334
435
298
566
326
519
345
561
458
559
338
551
323
430
330
431
334
434
337
159
356
185
280
251
337
282
456
323
517
342
409
282
452
298
559
412
502
337
556
328
562
335
157
300
338
438
295
451
303
501
437
422
242
364
329
433
302
328
325
446
299
478
405
155
326
259
434
285
403
294
402
296
569
455
309
171
431
285
554
311
400
369
264
166
108
360
331
444
300
555
406
504
456
492
390
423
241
490
412
542
432
439
467
561
464
432
463
160
314
243
449
300
456
296
520
316
426
316
492
392
516
313
485
353
513
482
559
455
178
274
178
319
280
328
267
316
251
421
391
470
350
521
361
563
333
579
292
534
347
154
275
249
453
396
467
341
513
359
565
472
468
467
472
336
420
295
406
384
373
463
413
301
140
284
333
454
303
287
341
445
306
472
304
514
354
558
463
503
303
415
386
471
353
152
282
331
448
300
456
405
507
335
496
389
421
323
480
260
354
322
444
395
471
345
109
273
325
437
296
488
341
522
268
393
240
442
306
449
429
399
366
439
336
437
471
160
276
172
518
410
270
315
446
306
569
455
524
385
435
335
427
329
433
336
687
328
501
391
137
322
315
441
294
483
426
528
369
370
295
502
292
458
308
512
343
556
465
693
462
180
365
259
311
345
427
317
479
387
437
388
540
310
444
448
538
317
668
446
668
437
176
339
307
318
210
496
276
526
380
438
465
498
482
451
338
428
458
423
330
560
328
426
465
160
319
250
389
349
511
344
315
183
365
247
428
297
478
346
519
332
466
362
445
307
139
290
338
441
299
472
403
509
343
435
309
408
311
432
334
563
464
438
376
368
258
139
362
333
457
389
475
371
415
423
484
385
540
434
685
462
695
465
568
471
685
457
178
326
256
427
288
466
400
523
336
562
335
694
464
693
464
695
464
687
556
971
747
323
215
131
386
236
377
302
409
280
342
262
436
295
610
330
539
310
510
438
543
444
540
437
177
328
217
441
189
445
380
386
305
415
281
583
365
460
332
494
333
406
430
405
306
161
341
255
355
170
339
300
412
289
555
296
615
321
525
441
469
368
494
291
553
438
386
255
125
336
224
340
223
444
278
439
285
542
380
489
394
353
316
410
279
536
375
476
310
165
332
222
393
191
433
291
550
295
167
444
489
242
445
342
589
395
560
350
291
301
123
356
230
382
225
488
353
453
311
509
333
529
305
530
303
413
308
540
303
538
442
159
359
326
468
297
575
419
510
339
564
467
735
466
685
474
568
589
562
462
685
466
683
464
177
325
185
422
292
409
285
510
298
463
332
509
332
553
455
576
323
561
464
738
461
178
365
326
433
299
483
373
536
403
464
334
570
467
438
338
554
327
438
339
552
329
160
308
246
440
300
495
359
427
177
441
325
432
330
445
327
556
328
470
341
682
457
694
466
178
276
177
424
293
459
330
503
457
371
302
507
300
470
440
503
387
365
183
430
301
136
359
248
442
285
403
369
425
324
473
354
519
383
437
334
440
337
441
465
559
458
159
364
331
456
298
437
400
505
462
558
462
687
459
689
459
688
469
556
459
684
463
684
460
179
364
259
391
294
399
271
265
310
351
315
426
505
349
186
350
385
483
465
526
384
165
363
329
441
300
480
335
523
367
559
458
692
478
695
469
685
470
693
454
686
475
177
317
186
355
246
442
400
271
317
436
314
486
320
504
336
548
328
692
469
567
468
160
315
240
419
299
490
379
535
407
690
472
686
366
299
268
430
296
400
394
533
311
470
358
149
284
183
417
278
446
428
518
365
428
323
450
462
566
330
575
455
564
334
443
250
112
273
249
437
296
474
299
497
436
561
336
1501
451
453
154
318
248
428
297
467
336
152
294
255
360
313
471
326
509
338
518
463
693
461
491
313
509
318
473
345
515
353
558
329
172
326
332
446
304
570
332
512
467
553
470
683
466
684
470
567
470
614
481
564
337
159
315
176
429
386
451
452
644
383
562
327
567
468
689
460
683
459
435
333
590
360
159
359
178
333
271
446
302
359
316
470
302
443
419
509
351
427
469
565
337
438
340
159
812
718
462
323
458
328
394
343
430
334
458
464
501
490
431
247
330
259
439
306
543
414
152
298
265
427
289
476
332
518
346
566
468
687
465
556
460
557
473
558
460
438
337
158
326
327
506
296
554
415
518
358
555
457
557
455
556
463
691
462
684
455
682
453
159
326
333
454
303
471
411
513
347
556
468
696
465
722
459
685
459
696
458
560
461
559
462
183
283
176
421
290
461
328
628
463
553
328
569
327
567
464
691
461
685
459
445
327
161
321
178
420
391
473
354
511
363
350
268
375
254
420
347
479
297
547
436
565
337
178
324
336
445
320
478
337
518
363
436
249
276
253
425
284
462
338
492
262
429
299
472
346
150
360
176
429
295
457
435
524
367
435
466
468
465
425
466
433
335
564
377
313
316
142
363
328
437
384
488
326
519
332
465
352
474
317
474
348
421
280
284
246
418
379
147
276
242
434
285
458
321
411
333
477
467
491
393
418
345
369
394
669
431
462
338
159
310
246
382
349
426
314
484
358
535
387
557
454
684
451
463
334
475
333
440
306
421
343
142
356
322
433
310
564
319
509
338
438
333
433
336
434
336
443
340
560
463
560
457
172
314
179
443
221
277
252
346
267
456
313
404
347
451
399
444
308
463
441
421
367
159
326
332
432
290
472
300
501
334
569
452
567
463
559
288
274
246
425
269
444
299
490
435
157
285
329
446
304
493
345
521
366
435
337
454
335
558
471
552
456
576
476
695
477
179
396
179
416
388
380
355
633
485
558
333
579
476
689
475
562
334
562
338
433
297
139
276
250
432
393
477
341
413
365
428
330
601
459
561
335
579
471
678
463
556
469
177
409
258
343
303
473
340
524
494
266
320
523
384
484
338
510
358
433
333
425
465
606
331
171
278
176
440
252
325
351
316
323
448
294
481
336
526
330
380
426
386
332
449
427
149
284
334
444
304
484
412
509
374
349
239
388
344
523
345
491
407
420
432
448
458
160
313
184
430
380
471
331
496
460
434
466
689
463
700
469
687
464
685
255
432
333
470
338
159
356
252
433
299
480
338
522
366
447
467
688
466
691
462
488
301
521
318
472
356
152
314
246
441
336
500
308
464
348
517
360
439
330
559
329
562
465
563
461
464
456
161
250
336
352
262
394
258
457
306
462
342
513
484
565
462
597
460
686
466
688
463
560
460
177
328
255
521
293
444
402
516
459
561
459
696
467
436
456
425
458
431
331
438
466
161
247
197
371
260
428
388
315
323
430
298
468
290
490
310
540
306
687
465
565
464
177
327
256
422
282
480
328
529
360
572
320
558
246
282
254
440
303
478
317
505
335
168
239
255
453
306
459
438
529
483
258
233
265
238
438
302
462
439
155
505
556
322
466
373
90
356
248
417
274
459
315
507
335
437
342
559
336
447
463
560
335
694
462
690
466
176
246
327
436
302
364
343
400
366
485
458
562
461
555
461
570
470
691
461
564
470
177
359
257
431
357
491
334
528
362
570
462
500
397
414
319
354
349
518
346
450
277
433
409
175
365
182
336
281
456
322
394
358
556
461
564
338
470
340
704
468
686
461
554
468
178
316
249
440
301
378
339
291
338
345
305
276
324
431
295
565
326
512
464
451
464
178
322
330
473
300
471
301
519
314
545
443
679
459
557
464
570
382
332
333
438
303
145
324
259
376
347
423
324
465
353
508
357
426
456
558
330
573
456
689
461
687
459
578
470
178
316
249
518
400
461
323
511
347
466
335
434
338
438
464
432
330
431
335
556
460
160
327
335
431
296
480
434
519
369
440
463
693
469
729
452
551
455
681
455
686
456
178
322
252
421
280
482
326
532
346
558
455
566
479
560
473
563
339
450
333
560
334
548
454
172
363
329
428
278
443
426
416
304
395
317
442
305
462
331
406
337
427
473
553
473
172
381
303
265
318
319
304
370
333
389
261
251
268
374
334
382
261
484
377
472
347
153
368
333
443
361
401
280
520
393
581
357
524
374
563
465
575
476
446
333
418
175
77
366
331
439
302
455
318
398
346
558
456
438
334
581
335
567
471
702
478
1610
190
337
263
118
315
323
443
306
477
400
407
334
428
331
437
463
555
467
421
304
509
300
583
371
153
274
241
433
315
483
329
509
471
448
476
455
468
551
323
450
326
605
333
555
328
158
324
319
433
313
491
350
519
366
568
465
686
465
566
468
688
466
695
466
692
464
566
456
159
274
244
386
216
280
334
436
284
470
307
511
357
563
462
690
593
689
471
565
469
177
338
182
324
295
544
345
801
853
626
401
696
457
464
245
426
335
433
458
433
334
158
280
329
457
298
274
241
388
256
427
350
495
412
546
427
555
324
469
335
564
463
692
456
175
482
326
434
313
479
333
505
342
428
332
563
463
554
462
437
334
434
334
430
333
158
315
247
447
393
270
321
436
293
477
355
432
277
273
251
318
285
416
345
382
405
155
327
253
354
390
361
337
215
335
426
391
466
458
421
390
437
332
430
336
432
337
160
310
320
463
315
575
343
511
355
553
325
464
330
432
394
610
418
267
238
431
387
468
361
127
272
248
385
247
429
319
491
263
310
315
419
378
467
331
527
372
429
325
553
459
159
324
259
436
396
322
250
340
293
474
356
529
390
565
474
687
464
556
251
304
246
138
362
249
408
273
397
271
492
359
473
338
395
279
420
364
434
324
346
280
310
320
437
303
148
328
253
422
253
320
306
511
377
557
325
508
353
553
322
421
461
466
464
684
464
178
309
316
427
302
554
396
506
452
543
455
549
452
552
455
731
453
680
456
695
460
177
395
330
343
285
472
323
503
350
426
327
457
348
439
337
557
323
425
327
319
249
123
377
212
371
169
331
256
325
218
399
263
553
429
608
333
545
439
439
435
404
306
406
308
159
286
297
372
215
491
268
579
351
520
389
668
539
258
300
372
244
377
326
333
386
165
388
217
426
249
413
383
379
224
381
219
468
215
403
354
436
307
481
311
408
308
159
476
257
444
258
488
355
542
414
614
316
583
317
594
356
521
395
611
334
657
423
463
273
127
383
313
448
312
475
426
407
280
478
383
452
363
407
284
446
331
435
333
569
467
160
361
253
372
250
511
312
474
355
515
373
305
231
275
250
336
274
449
315
522
332
158
271
175
430
369
452
322
312
317
442
302
466
339
405
359
552
463
556
327
563
334
158
351
435
512
254
358
328
343
209
331
258
419
279
439
296
491
427
549
323
687
474
568
469
179
364
330
427
296
495
355
512
357
439
467
693
468
698
593
496
271
317
324
339
289
134
352
318
439
297
481
329
519
337
579
462
694
473
267
240
435
306
566
321
509
346
167
284
331
433
303
545
396
498
329
565
334
427
326
434
464
435
329
561
334
561
335
560
459
171
246
258
437
308
321
327
524
278
476
789
498
328
590
455
553
463
468
334
465
335
158
301
339
449
320
477
331
536
370
468
461
432
335
437
336
432
461
440
340
553
322
160
272
184
381
332
435
301
473
298
499
329
562
463
682
465
567
466
570
472
694
464
490
297
145
364
329
460
276
476
315
521
368
468
370
274
246
440
317
491
351
529
379
571
456
178
297
248
427
394
477
349
520
297
273
249
337
282
463
342
357
321
437
402
466
249
130
318
243
443
299
496
348
423
404
583
468
687
461
689
464
697
465
691
467
681
454
180
281
253
439
306
344
323
386
334
491
387
433
348
481
404
559
315
565
334
464
335
493
395
149
328
326
456
295
479
415
502
453
555
328
683
453
684
450
677
453
573
389
509
310
110
314
243
544
315
460
342
387
355
431
333
432
461
441
471
561
462
493
392
419
346
144
364
332
442
300
458
300
323
256
356
297
273
316
432
308
490
329
509
341
569
462
564
466
177
276
253
431
399
479
347
515
478
437
335
682
452
699
376
368
332
461
397
368
334
161
273
328
428
299
477
316
503
332
466
466
554
325
431
337
568
339
585
470
693
463
682
350
229
425
147
284
256
331
286
468
460
445
316
513
282
345
347
308
315
457
324
569
366
163
313
173
437
381
460
332
529
391
548
456
637
457
552
464
682
453
686
461
679
582
177
281
257
347
297
311
244
419
282
447
427
513
277
554
267
430
420
469
370
410
408
159
314
323
430
294
473
294
507
430
559
467
689
461
683
472
703
470
690
473
690
473
180
272
173
420
287
445
313
518
364
434
251
309
322
430
309
315
321
429
278
473
290
489
305
163
323
330
442
293
448
417
335
372
391
264
354
321
361
303
449
428
476
195
358
253
150
273
318
429
280
552
400
515
339
549
450
682
451
685
463
557
328
430
331
434
332
158
273
317
347
299
573
562
510
396
534
431
561
461
547
464
566
339
447
332
568
337
559
331
162
280
252
424
293
470
321
502
333
552
470
570
452
569
337
596
450
414
295
415
286
149
275
326
433
293
565
470
524
387
573
462
682
466
553
466
675
458
687
466
689
462
179
245
255
427
278
271
324
458
290
466
289
379
314
540
308
562
459
549
325
693
459
180
330
258
431
290
562
321
504
338
432
330
545
323
559
372
830
730
421
273
486
372
563
336
149
275
322
464
301
462
421
339
282
505
293
355
340
507
354
434
460
563
338
570
461
179
386
320
455
288
558
400
492
457
437
335
686
457
684
459
566
336
468
458
431
333
161
276
321
433
298
561
397
507
334
557
460
726
461
554
459
693
464
692
461
466
466
433
451
162
282
245
430
390
462
328
519
328
456
357
468
304
464
290
397
459
491
293
462
346
139
315
324
458
336
404
291
330
365
356
323
434
311
477
319
518
357
556
333
563
470
177
358
250
312
277
344
313
420
277
272
248
439
296
478
346
517
375
568
325
562
336
159
274
321
374
344
414
316
465
350
397
378
308
232
349
241
461
370
265
170
271
245
421
279
147
312
247
375
340
428
310
473
348
508
356
561
460
692
463
692
464
690
459
690
462
176
317
324
443
302
560
420
475
377
526
318
472
460
520
382
309
243
434
297
555
398
157
273
247
416
276
466
433
517
332
436
336
465
412
483
462
675
380
268
319
348
299
445
314
146
323
251
428
388
261
235
355
392
465
323
393
346
551
465
556
464
557
463
669
455
177
311
131
319
330
442
294
556
318
513
455
464
330
563
463
685
459
675
456
681
465
176
316
319
435
293
305
240
435
281
548
420
516
273
309
245
418
280
464
457
258
160
342
395
140
361
251
358
310
348
296
309
324
434
378
479
336
513
360
560
473
692
475
689
376
77
323
256
514
382
468
329
388
339
547
323
555
327
556
326
689
477
683
472
690
464
178
318
326
349
399
323
258
339
278
448
418
395
361
556
470
434
463
576
474
689
465
177
363
255
434
310
265
312
448
316
482
466
520
377
317
324
432
391
274
249
402
379
469
369
147
360
331
441
303
468
395
407
283
512
312
366
349
507
355
552
450
549
446
548
317
177
315
175
465
280
498
301
269
532
637
197
324
329
445
312
365
285
330
221
416
234
139
380
303
324
284
411
234
334
242
414
288
501
269
418
290
489
268
378
224
415
287
332
221
81
439
225
325
289
501
271
452
290
604
314
530
434
790
440
664
438
405
305
417
314
159
345
256
397
314
372
234
434
214
463
282
409
278
417
268
584
406
527
301
531
432
171
382
228
330
220
331
247
368
315
377
249
452
262
501
274
371
207
340
251
447
273
148
345
304
371
244
439
254
585
267
542
319
312
271
505
254
424
290
484
320
412
307
406
434
159
382
214
478
246
511
311
517
366
414
373
454
290
473
302
533
310
539
439
664
441
177
372
253
325
282
407
280
503
380
551
140
292
150
284
176
276
209
317
158
368
143
82
298
309
322
286
387
247
441
263
422
225
495
276
554
323
375
216
369
218
317
173
333
221
81
437
221
497
275
656
423
511
354
562
331
688
459
686
460
682
457
686
463
694
460
178
336
247
448
310
319
318
487
279
473
342
307
315
436
276
571
360
412
387
561
333
158
324
330
453
302
476
310
505
462
549
457
557
460
562
465
681
460
737
457
694
459
177
275
322
355
299
270
246
507
278
459
318
391
327
429
332
529
301
530
439
660
443
658
430
179
382
222
315
167
273
217
391
252
592
361
541
415
398
342
501
275
384
299
603
378
178
386
257
351
272
505
276
325
273
328
211
291
245
457
179
319
309
327
284
380
214
78
344
234
374
214
400
263
466
318
372
211
343
256
511
271
542
384
480
431
531
438
541
441
178
349
223
371
221
373
213
376
295
375
299
457
274
472
288
591
272
379
249
567
358
154
387
304
420
287
580
354
455
303
612
340
506
426
531
431
781
427
664
437
534
298
161
303
231
347
183
581
358
546
313
608
325
655
428
661
428
534
433
539
307
529
443
621
427
159
386
232
315
211
432
326
503
372
535
401
487
327
407
301
539
307
402
304
529
442
172
335
189
371
282
503
271
530
341
345
308
409
289
331
284
594
284
444
311
605
328
159
379
173
331
206
336
248
448
270
518
276
428
296
463
360
415
382
378
177
381
226
122
377
219
372
214
350
274
502
275
536
276
600
429
527
298
785
432
658
430
669
446
654
441
178
342
306
416
216
277
170
417
381
471
348
549
583
445
335
582
331
684
468
553
467
178
321
252
434
292
482
349
514
359
439
474
559
320
556
462
590
449
678
468
690
474
179
319
333
435
410
285
246
435
390
456
435
510
354
543
465
585
475
692
475
697
471
690
461
179
276
183
312
324
439
298
477
323
503
330
553
468
560
468
561
464
416
300
607
412
151
272
248
415
375
463
455
518
380
312
251
446
212
271
174
511
296
464
345
513
352
160
285
257
425
290
262
166
340
391
462
433
513
338
373
300
461
331
478
341
415
303
154
410
301
408
287
512
367
373
296
411
277
504
282
422
370
326
294
497
277
303
234
345
242
115
326
335
463
305
568
441
519
333
408
290
417
284
496
331
512
350
435
335
440
328
158
315
245
428
297
471
293
489
429
552
459
682
580
682
455
547
460
679
453
592
451
177
376
222
440
257
512
284
536
406
481
330
526
434
538
324
574
467
691
463
696
466
689
462
176
324
255
443
388
252
196
367
330
350
295
469
300
494
304
544
431
592
459
690
460
178
325
331
437
367
477
317
512
376
436
318
698
465
553
459
565
372
317
249
437
302
150
320
325
437
311
462
341
512
359
550
456
562
331
430
332
425
325
553
325
440
327
440
324
160
405
330
498
275
468
294
496
431
551
463
562
466
567
459
561
464
557
327
438
461
159
367
330
424
377
471
295
324
323
367
399
559
424
441
357
446
457
547
456
690
460
177
316
182
430
291
445
400
507
338
462
332
554
327
562
332
573
330
687
472
494
303
138
363
192
268
178
349
284
410
267
390
352
465
330
508
350
425
453
683
459
692
467
695
467
178
319
249
465
300
481
328
518
380
460
286
318
247
437
400
313
318
432
296
475
332
160
281
182
427
380
473
462
348
320
438
309
580
346
516
376
578
457
362
297
420
300
77
314
179
425
294
476
335
511
322
268
313
519
290
491
362
530
391
574
449
491
388
418
398
94
381
243
424
388
464
455
376
307
259
307
520
279
496
352
523
325
440
338
524
291
139
359
329
433
316
453
341
510
357
445
327
678
451
557
459
429
332
599
319
684
469
177
313
325
529
418
494
374
427
286
449
331
424
331
550
466
702
467
685
471
688
471
177
289
256
420
264
445
322
310
320
426
303
274
248
427
405
348
124
387
260
430
304
473
344
155
330
250
340
300
484
367
425
401
569
329
562
467
556
254
332
221
305
174
369
250
141
320
253
339
317
310
254
437
276
479
316
505
338
562
330
554
329
556
323
442
324
159
312
317
495
282
534
358
417
307
482
349
530
390
492
303
417
315
339
305
352
400
571
342
83
288
325
430
292
269
168
440
302
468
432
540
361
422
324
461
328
566
466
550
462
169
413
335
804
768
470
334
520
513
551
461
675
456
554
460
675
460
557
460
438
328
158
351
308
500
368
400
222
479
339
545
317
489
335
524
438
659
554
782
552
659
451
658
441
159
341
308
493
356
532
399
480
291
290
182
375
296
444
257
591
278
457
298
479
310
156
389
306
413
277
491
361
557
320
478
322
519
435
468
269
397
270
456
264
341
229
82
340
229
413
272
344
207
444
296
550
296
407
286
505
300
555
428
511
354
550
457
171
378
221
378
226
581
361
476
321
604
332
549
304
655
438
533
305
536
308
528
440
419
305
163
438
301
402
277
509
272
442
299
330
221
332
242
346
347
526
311
441
327
484
331
160
386
301
442
278
537
373
488
445
532
451
404
306
649
436
538
306
531
443
655
433
160
333
221
375
178
339
306
419
279
286
228
442
299
492
360
551
320
330
288
501
376
533
518
178
385
301
415
376
443
299
505
275
463
293
596
270
353
251
421
314
596
341
440
297
173
385
307
448
268
606
286
528
288
493
303
429
431
527
300
660
435
539
311
537
312
159
412
302
345
296
425
295
457
439
531
382
555
464
560
462
563
468
560
456
445
326
160
284
333
429
306
307
168
441
294
541
401
522
329
546
322
550
460
558
335
561
455
688
469
177
317
295
424
292
592
285
452
300
492
317
476
297
438
314
458
308
271
243
490
277
134
270
241
433
297
431
332
541
314
446
314
513
327
433
334
560
332
688
455
561
469
175
317
185
357
402
408
318
512
169
268
244
436
243
400
306
343
338
305
313
517
408
445
318
173
274
251
517
384
461
342
316
248
353
307
364
365
412
379
423
255
364
249
332
275
149
316
318
343
295
454
325
511
334
501
353
445
407
352
229
349
241
430
313
573
350
148
375
331
443
300
337
246
335
280
444
300
381
422
448
450
559
335
686
1431
485
572
347
321
143
368
256
435
312
451
317
496
466
551
453
692
467
732
477
690
465
682
451
559
333
158
315
252
383
308
344
307
526
404
311
312
480
336
475
253
406
381
431
331
433
334
159
327
184
325
175
327
275
479
315
401
335
492
301
417
343
475
396
554
309
558
334
176
360
253
434
297
549
300
500
312
556
322
431
262
362
331
448
300
349
315
473
299
654
406
155
275
247
416
279
476
790
512
430
555
451
690
473
677
461
685
459
557
461
686
410
77
276
253
323
283
505
305
463
340
387
356
435
335
552
320
549
323
433
335
434
459
161
328
181
339
303
442
298
500
316
585
439
465
328
431
333
417
301
507
392
379
353
522
488
114
324
327
347
284
463
444
399
372
271
323
438
293
547
404
513
330
472
318
545
320
160
352
246
434
280
468
302
314
244
436
399
553
423
416
293
506
411
478
379
543
414
164
316
175
380
298
398
248
367
331
443
305
568
312
391
334
463
332
435
458
549
323
170
330
329
423
306
362
178
430
379
568
363
312
322
445
293
315
181
309
321
441
295
460
272
84
316
175
418
376
446
317
502
332
422
323
427
325
555
463
428
330
556
326
429
328
158
317
324
489
282
410
366
415
319
467
350
399
309
312
323
434
383
463
441
321
316
139
365
253
420
384
456
459
517
376
567
339
682
462
716
455
559
329
459
328
559
331
560
336
171
315
326
430
302
483
328
513
335
492
318
422
291
468
339
353
396
352
299
465
298
148
359
254
432
313
464
348
503
349
441
465
547
322
494
386
413
217
460
348
391
352
160
316
326
435
297
644
396
520
333
555
366
310
247
439
295
479
329
520
329
359
278
114
318
255
409
270
485
354
524
380
571
460
688
464
560
428
531
440
436
435
398
393
337
231
114
344
306
319
209
477
266
463
347
421
297
424
279
446
315
498
451
494
298
408
291
141
323
330
465
300
354
320
599
292
268
242
369
244
600
408
468
365
482
301
502
283
152
278
182
394
275
349
315
433
266
395
344
457
403
556
421
410
280
568
378
490
344
508
352
169
316
326
439
298
552
404
506
341
426
324
434
321
422
451
556
331
566
332
444
449
161
324
254
416
295
322
331
357
304
467
339
313
316
351
289
457
292
377
314
547
311
160
373
397
408
252
472
367
512
321
491
348
509
478
557
368
267
325
449
279
503
350
512
355
168
273
242
340
283
476
340
510
360
430
452
563
334
581
331
680
456
552
466
559
455
178
384
242
434
300
468
318
409
292
412
261
488
366
489
369
537
323
477
343
511
322
165
314
319
442
303
487
319
521
333
559
340
421
299
504
297
483
349
511
355
427
326
159
286
250
420
285
469
460
538
389
553
460
1013
754
404
311
428
458
459
331
437
333
500
325
159
273
321
436
300
492
443
530
388
561
329
345
208
318
348
422
384
474
356
484
379
151
287
253
420
289
482
383
539
323
359
254
453
399
277
324
454
288
485
348
518
355
168
326
331
384
346
517
320
459
342
396
358
550
325
425
324
554
330
418
170
356
328
441
305
81
368
249
434
326
411
301
472
344
518
362
563
464
690
461
685
467
554
462
567
467
176
95
404
447
342
416
422
488
370
530
406
567
449
493
384
415
319
465
342
258
224
81
273
248
435
276
393
356
516
310
477
353
522
363
441
332
472
327
430
322
429
329
159
363
330
438
297
262
164
428
291
335
290
389
340
419
450
558
327
488
390
506
411
488
373
159
316
196
321
328
464
306
479
315
498
330
430
325
561
330
552
323
551
327
553
327
162
326
256
364
309
448
393
438
295
438
304
508
362
279
252
462
312
481
340
529
350
167
284
254
465
304
481
311
515
325
311
320
453
276
405
296
457
461
277
243
426
388
556
321
114
321
323
375
265
316
247
434
300
306
310
446
294
449
411
500
462
563
468
681
449
180
312
237
439
278
473
399
498
464
477
294
500
294
486
347
517
376
308
240
428
395
147
320
326
426
294
475
301
506
338
557
448
450
469
431
331
433
472
466
459
593
465
563
456
175
299
251
423
257
553
429
410
371
253
298
423
293
348
308
517
383
569
342
315
248
121
325
249
419
286
403
236
276
318
358
291
489
340
407
359
430
332
553
326
565
460
172
282
253
352
394
461
342
514
357
525
430
670
401
383
228
367
241
345
254
440
209
78
378
172
430
301
509
279
536
425
614
464
658
452
698
480
692
463
685
454
691
462
696
475
176
326
258
375
339
406
313
359
349
629
479
555
326
701
473
693
475
703
474
695
471
176
332
333
1411
447
609
265
368
331
451
301
445
301
514
431
428
329
560
476
437
332
159
312
172
443
306
455
413
391
342
555
323
432
336
440
336
436
338
430
300
463
384
500
465
164
407
336
356
302
394
312
445
314
472
338
524
367
433
473
552
320
430
335
566
336
160
327
330
348
304
476
349
527
351
556
372
310
322
446
386
556
428
523
307
320
329
140
321
328
434
301
360
250
425
302
478
331
510
351
560
813
729
489
683
452
466
247
109
326
334
436
391
314
324
444
305
354
319
431
312
481
466
530
393
572
472
558
391
522
313
110
279
328
440
302
479
315
532
356
490
386
511
308
466
351
522
380
567
466
686
457
177
316
325
339
287
323
266
277
328
439
304
572
470
527
389
579
470
726
466
432
333
159
319
242
435
299
401
303
436
341
450
323
475
370
310
249
446
303
319
322
356
304
314
245
150
279
331
442
269
325
334
449
285
469
309
503
458
464
463
560
325
548
322
553
326
175
338
189
393
369
266
243
382
247
324
260
315
243
350
189
359
331
436
316
479
350
157
324
256
431
389
278
317
454
303
267
243
465
282
466
267
320
327
438
392
456
329
506
345
159
466
338
471
298
557
421
512
357
548
324
693
456
566
337
438
337
439
471
434
335
158
327
256
453
302
283
326
454
305
364
342
536
358
429
329
555
323
548
459
562
463
177
322
331
442
305
561
431
523
371
312
325
441
299
276
166
373
342
425
322
380
359
148
362
327
438
292
467
309
446
240
431
396
469
355
510
357
457
460
431
337
443
343
567
465
158
320
328
439
301
320
329
428
286
365
259
532
391
477
344
519
367
275
244
468
284
149
293
263
384
343
339
321
480
353
530
390
473
337
559
461
427
296
504
303
281
251
110
281
255
472
304
472
300
476
379
511
417
482
385
542
412
559
333
409
202
325
262
316
315
139
321
335
446
305
448
428
414
367
452
457
465
327
440
474
439
474
566
479
562
473
158
324
327
444
307
452
319
388
334
548
455
563
336
581
339
735
457
693
473
692
464
177
326
256
430
293
465
340
524
315
405
357
448
419
477
363
521
379
563
340
686
454
177
278
249
439
282
363
259
443
310
468
400
507
462
564
339
497
399
532
320
474
352
401
333
145
320
182
515
341
522
1428
517
528
451
279
418
263
321
330
432
297
343
299
396
318
155
320
330
436
301
445
407
500
457
425
327
562
332
581
335
451
477
426
329
433
336
159
387
324
430
295
564
403
496
333
549
322
564
335
431
331
437
320
436
341
559
467
502
394
155
323
329
437
302
454
400
498
330
587
449
563
331
430
333
433
333
433
337
427
332
159
319
328
441
303
559
410
516
464
548
457
692
465
453
464
430
333
831
887
485
304
160
245
330
441
314
482
373
530
323
471
357
403
370
434
332
429
330
435
339
441
343
438
311
157
322
187
377
364
421
243
290
262
450
393
473
438
411
300
335
266
329
268
411
361
139
364
331
466
305
481
372
428
351
493
415
556
443
557
473
435
247
272
323
444
301
111
293
338
435
309
322
325
443
306
274
328
436
303
328
402
392
288
401
291
391
271
141
327
332
439
302
473
369
507
412
156
382
523
379
430
334
562
459
570
459
683
453
562
459
177
283
257
443
303
438
400
505
461
560
462
694
462
721
460
555
463
443
323
418
299
163
319
327
338
299
483
360
420
379
424
316
413
320
486
298
391
353
402
326
441
403
141
314
110
311
171
337
295
451
290
409
348
417
298
385
266
418
283
407
367
307
318
430
290
144
316
250
531
295
342
312
437
280
457
204
312
205
377
294
496
260
542
290
458
356
137
391
248
355
246
328
220
375
220
334
227
403
260
425
292
482
312
659
439
437
277
111
376
301
442
275
372
296
335
298
416
374
539
411
607
332
544
310
668
444
333
221
80
347
306
489
268
553
292
324
211
401
297
418
286
397
274
438
313
483
331
528
297
401
299
159
335
225
384
222
492
354
535
297
598
445
538
434
651
423
531
434
481
307
409
437
158
331
298
316
204
380
298
522
301
468
394
429
288
420
287
472
305
405
308
538
311
159
381
214
373
244
454
171
373
246
351
306
396
248
319
317
414
286
501
254
549
383
479
433
166
379
298
417
214
471
206
432
241
450
340
504
351
433
200
383
306
374
299
497
260
149
347
311
505
293
336
247
415
287
415
286
500
336
395
220
470
351
556
344
522
343
163
379
227
413
274
404
277
317
274
446
292
485
303
538
307
531
310
525
303
558
425
177
323
227
371
291
280
208
379
245
325
313
1399
90
426
208
341
281
331
269
363
210
431
387
82
292
256
427
383
452
427
419
292
500
388
567
338
506
350
551
323
454
450
451
331
159
327
332
346
209
476
354
413
390
438
336
432
326
550
326
423
327
554
327
572
451
178
326
258
348
401
478
351
528
382
453
239
350
322
445
243
465
355
423
421
476
380
409
407
161
280
179
378
272
314
317
447
303
480
406
504
334
428
459
429
456
548
363
362
797
145
326
330
440
285
471
407
507
336
562
459
703
464
688
468
696
466
437
459
434
333
158
274
167
433
293
449
420
542
483
562
461
686
580
490
388
513
317
483
352
516
355
555
451
179
277
322
437
278
471
288
505
312
558
457
451
333
442
330
605
461
445
452
421
322
160
270
321
444
301
472
402
512
340
557
322
433
330
552
325
548
317
574
331
690
457
178
358
174
380
245
278
252
349
370
549
398
503
461
494
294
510
417
273
247
417
384
148
249
181
429
401
473
350
401
355
427
471
555
318
456
495
305
250
492
269
467
315
507
340
157
327
332
440
279
468
323
502
337
420
323
438
467
555
467
564
323
563
331
426
456
159
393
319
457
311
581
347
514
354
437
337
566
452
554
464
691
454
685
453
691
463
177
318
247
425
388
473
467
520
372
272
324
492
277
475
314
516
331
555
319
694
469
686
576
176
279
253
427
262
500
323
514
328
576
466
489
384
332
261
404
280
476
327
549
383
158
325
251
461
288
474
405
498
460
436
336
561
334
439
333
438
319
424
326
427
326
158
352
328
524
286
571
342
516
305
324
253
373
340
518
312
365
234
408
279
417
297
150
324
330
445
306
470
317
501
461
555
464
686
460
680
466
561
462
681
364
320
251
434
371
151
326
256
422
375
405
283
343
256
464
298
443
420
519
362
553
326
438
462
558
450
176
253
260
425
286
575
467
519
503
312
246
410
289
476
346
520
292
272
322
436
287
152
276
324
431
305
262
236
349
283
458
313
509
337
561
459
611
459
560
461
433
458
552
326
171
314
325
450
314
475
343
275
313
458
293
461
258
348
312
449
314
309
319
437
291
146
285
186
305
320
333
247
389
386
314
319
445
294
354
163
372
249
426
319
475
343
152
272
241
429
291
352
316
457
303
461
410
406
248
353
240
427
361
439
404
471
344
518
368
166
301
186
431
291
290
320
431
383
477
317
502
333
563
456
686
471
443
454
556
228
77
329
334
436
281
460
291
502
317
557
466
688
470
685
473
694
583
551
450
686
466
177
278
247
425
283
481
405
491
330
471
330
552
451
563
458
686
451
560
459
688
457
176
324
181
327
293
456
310
495
330
554
459
580
461
688
462
450
461
423
