162
120
116
117
325
153
130
122
120
119
134
121
118
122
120
166
122
121
119
112
115
120
113
119
275
166
122
121
123
118
119
118
113
114
127
130
141
118
116
118
121
112
117
118
114
264
124
80
112
113
114
114
117
112
111
113
115
117
228
166
119
121
118
120
116
115
117
115
132
128
119
118
116
120
120
117
122
117
110
230
119
119
118
117
120
121
118
116
116
256
167
118
120
117
120
118
119
116
117
116
171
118
118
119
117
117
118
119
120
117
378
165
120
118
120
118
119
121
118
116
117
364
164
119
117
117
117
117
119
117
116
344
126
120
120
121
118
120
120
118
122
118
102
121
123
119
121
114
117
114
121
279
166
122
124
121
125
116
115
114
115
360
162
119
121
124
111
115
113
127
123
118
147
144
119
115
116
120
123
119
118
119
120
126
122
123
115
117
116
116
121
119
114
220
117
119
118
120
120
120
120
121
119
115
117
112
113
118
119
117
118
117
118
119
150
118
411
120
120
119
118
120
122
209
124
123
121
124
118
113
116
115
114
119
237
165
119
121
124
118
117
114
114
112
360
166
122
120
121
124
119
117
118
113
117
168
119
119
115
115
113
131
116
115
118
173
122
122
125
117
115
115
117
117
119
118
166
119
119
121
113
116
112
117
117
166
115
128
118
118
123
118
120
118
125
115
183
115
114
128
118
119
121
122
117
117
122
117
114
112
118
119
119
118
119
121
121
164
119
120
119
114
116
114
116
121
132
174
119
119
120
112
112
113
119
119
120
123
164
118
120
119
115
120
113
118
116
379
158
118
120
118
118
119
118
119
113
112
376
165
118
117
120
119
119
119
113
115
190
116
119
122
118
120
119
120
119
120
121
122
120
116
121
114
114
119
118
117
119
164
121
120
118
113
114
112
123
116
117
117
164
119
120
116
111
114
116
117
118
183
115
113
114
116
117
118
118
116
117
117
163
126
119
117
114
112
126
116
117
119
157
119
119
118
119
112
111
120
127
117
377
164
121
121
119
122
119
119
111
115
377
163
116
120
118
122
119
117
112
111
111
284
164
118
120
118
118
124
112
117
110
125
114
116
114
115
119
120
121
121
115
165
120
120
121
118
114
116
113
122
117
124
125
119
122
127
112
115
113
121
131
121
167
133
124
119
120
119
120
121
115
116
425
173
117
117
119
115
118
135
113
112
175
115
129
119
118
120
120
121
119
140
113
128
121
153
114
113
114
131
118
117
87
162
118
114
114
116
119
138
119
150
120
128
162
122
119
119
133
111
114
113
119
198
159
117
122
149
119
120
118
119
118
116
191
117
115
112
130
117
117
118
117
164
127
122
114
117
111
112
116
118
118
117
118
166
120
119
119
148
117
114
117
122
328
167
119
119
119
121
118
119
116
110
117
218
165
121
120
118
115
111
117
118
115
126
163
117
113
120
119
119
116
933
115
114
183
117
117
81
117
117
112
117
118
113
113
113
115
114
178
117
120
111
115
117
112
116
115
112
115
115
118
116
116
440
160
116
118
117
116
117
116
116
117
120
339
166
120
118
118
120
120
118
121
119
116
218
113
115
116
117
116
119
117
117
116
179
116
122
119
116
115
117
114
119
117
117
199
116
119
121
119
118
116
117
116
121
901
159
119
118
116
116
116
116
117
120
119
326
166
116
117
116
116
115
117
115
115
207
117
119
117
118
116
120
117
117
118
116
182
120
117
121
118
118
119
116
118
116
233
117
119
117
117
117
118
118
116
119
119
369
157
120
119
117
117
117
118
118
119
109
115
111
115
118
117
117
117
117
116
119
167
162
118
121
116
116
117
117
117
116
181
118
119
117
116
118
115
115
116
114
115
292
164
116
117
117
115
118
116
115
116
209
121
124
116
116
121
117
116
116
115
120
355
164
121
119
118
122
118
117
114
120
125
114
118
117
119
119
118
117
117
119
378
167
121
118
121
121
118
120
117
115
115
269
163
118
117
117
115
120
118
117
118
116
159
119
120
116
116
117
118
117
116
115
203
118
119
119
120
115
113
115
113
113
175
117
114
115
113
114
115
114
116
121
117
300
170
116
115
113
115
116
114
113
115
232
165
118
117
117
115
115
115
116
116
118
239
165
115
116
115
118
114
116
115
114
161
119
114
113
115
114
113
114
115
114
115
189
114
116
113
114
113
115
115
116
114
191
150
116
114
113
115
113
113
116
115
115
281
163
115
116
112
113
114
111
113
110
239
164
115
115
115
113
113
112
113
115
114
131
117
114
117
113
114
112
114
114
115
303
158
116
115
119
114
116
115
113
114
115
394
163
114
115
113
113
114
112
117
113
356
162
115
115
115
116
113
114
112
114
113
236
114
114
116
116
116
114
114
117
114
198
114
116
114
117
113
115
85
75
113
113
150
116
116
115
114
116
116
113
116
116
292
160
115
116
115
114
115
114
117
114
113
320
160
114
114
114
114
115
116
115
114
392
163
118
115
115
117
114
115
116
116
114
176
115
115
118
115
117
115
116
115
117
281
163
114
113
112
115
113
115
113
114
116
228
151
114
114
114
114
114
113
114
113
174
165
113
114
112
114
113
114
115
113
115
181
113
113
114
114
125
116
114
115
114
180
117
114
114
114
113
114
117
114
113
120
350
146
118
115
114
115
116
115
114
110
418
162
117
115
115
113
116
114
114
114
114
443
142
117
116
115
114
114
115
114
116
402
142
116
118
116
117
115
117
113
115
115
414
121
115
116
117
116
116
115
115
115
484
136
115
116
117
115
114
81
113
113
115
349
138
118
117
114
116
113
116
114
114
306
154
116
117
115
117
117
114
114
114
113
353
123
115
118
115
116
116
115
115
114
396
170
119
117
117
117
115
115
114
113
307
166
116
115
115
117
118
117
117
114
115
193
163
117
115
115
114
124
113
117
117
218
116
117
117
117
116
116
117
117
117
115
195
118
115
115
115
114
115
115
119
115
353
165
82
118
119
115
117
116
116
116
115
155
115
115
116
116
115
115
115
115
117
378
162
115
117
117
117
114
114
116
117
115
401
163
116
115
116
118
117
114
116
115
220
126
116
115
116
117
117
115
115
114
115
248
163
114
115
115
114
114
116
114
116
237
114
115
117
114
115
113
115
116
116
115
203
117
115
113
117
113
113
113
113
114
243
117
117
115
115
114
115
113
113
115
119
234
111
114
114
113
117
115
114
113
113
351
167
114
117
116
115
113
115
114
114
114
377
160
115
116
114
114
114
113
113
113
183
112
113
114
115
114
114
115
113
113
113
180
115
115
117
116
116
113
113
116
116
142
116
115
115
113
118
116
114
114
115
114
116
111
116
117
115
116
115
114
113
116
281
164
114
115
115
114
116
116
114
112
114
184
116
116
116
115
118
117
116
114
113
123
111
115
116
114
116
114
116
118
114
115
212
163
114
114
113
115
115
114
116
113
238
162
117
115
113
116
115
114
114
114
148
121
117
116
115
115
118
116
115
116
116
382
166
118
117
118
116
118
118
118
119
117
166
163
116
114
83
112
111
109
109
113
388
178
119
116
114
116
116
117
117
114
115
351
144
117
118
116
116
115
116
116
115
428
128
118
113
113
114
114
119
117
116
300
166
120
116
115
113
113
112
115
115
112
380
162
115
114
113
113
115
116
114
119
113
413
172
117
115
114
112
114
113
113
113
229
116
116
117
115
114
115
114
114
114
181
127
119
115
117
116
115
117
113
116
115
468
882
117
116
116
114
113
112
113
113
362
177
113
115
116
114
113
113
112
111
113
354
179
114
115
115
116
113
112
112
113
277
162
115
113
113
115
114
117
113
106
113
336
166
115
115
116
114
114
114
112
115
371
161
114
114
113
115
114
116
114
112
111
359
161
117
113
114
114
114
112
114
116
415
122
115
114
106
117
114
114
112
116
113
397
167
115
114
112
114
113
114
114
116
402
163
115
115
114
112
112
115
113
113
108
404
182
113
114
116
114
115
116
113
113
192
115
116
115
112
113
114
114
112
114
112
378
160
113
112
111
114
114
112
112
114
233
110
117
114
113
113
115
113
112
113
113
351
161
115
113
113
114
113
113
114
111
368
165
116
115
114
113
114
112
112
112
112
344
161
115
117
113
114
113
112
112
115
191
157
115
115
114
115
112
115
113
114
111
418
169
115
116
115
115
114
111
113
113
421
119
117
114
115
116
114
114
115
112
111
350
179
114
114
114
115
112
113
115
113
400
161
114
114
112
110
115
112
112
112
111
216
113
114
112
112
113
116
119
113
112
363
165
115
116
113
113
115
113
116
115
112
460
121
113
114
113
113
113
113
115
115
198
162
114
113
115
114
112
113
113
111
114
431
137
116
114
111
113
114
113
113
113
233
149
117
114
114
114
115
113
114
113
115
297
161
115
114
112
112
116
114
113
112
335
162
119
113
113
114
111
114
112
112
434
161
115
117
115
112
112
112
112
113
113
350
170
113
114
111
111
111
112
111
114
111
170
115
116
116
116
112
112
112
114
112
378
161
116
114
116
114
112
111
114
112
404
178
114
113
113
114
111
112
111
112
112
391
156
114
78
115
114
115
114
114
111
392
178
114
117
116
117
115
113
114
112
113
155
118
116
114
113
113
115
113
112
115
224
162
114
114
114
112
112
117
112
112
114
340
169
87
74
114
115
115
115
115
113
397
173
116
113
116
117
117
114
119
111
112
382
121
117
114
115
112
114
116
115
112
354
122
113
114
116
114
115
115
117
115
111
370
118
116
114
114
114
118
115
114
113
336
175
116
113
114
116
114
113
115
112
113
406
163
118
118
118
116
118
116
115
117
341
163
119
113
113
115
114
115
112
116
115
373
164
114
114
113
112
114
112
113
226
205
113
113
112
116
112
112
114
112
113
113
408
164
115
113
114
113
114
112
114
113
310
162
117
116
113
116
114
113
113
113
112
121
116
114
114
112
114
113
115
113
112
214
116
114
115
115
113
114
114
115
114
112
198
114
113
113
114
117
115
112
116
112
168
111
116
115
113
116
115
114
113
112
112
966
189
116
119
114
115
116
113
112
112
185
113
115
115
114
112
113
115
117
113
112
188
161
114
116
113
113
112
115
116
107
199
118
117
116
116
117
115
119
116
109
114
226
115
113
115
115
114
114
114
113
115
188
114
116
115
116
114
117
116
114
115
114
182
117
115
115
116
116
116
116
116
118
234
116
118
117
116
117
116
117
117
117
114
206
117
116
114
117
116
117
117
118
117
235
114
116
114
116
112
114
114
114
114
110
180
116
116
113
115
113
113
114
113
113
170
115
116
117
113
112
114
113
114
114
244
117
117
116
117
113
114
115
112
115
114
191
119
116
115
116
115
114
113
112
113
172
114
116
114
117
115
117
114
113
114
113
235
116
116
116
115
117
116
115
115
115
233
108
115
114
114
115
118
116
112
119
113
186
116
116
113
114
115
114
116
117
113
183
118
118
115
115
115
115
116
117
117
113
203
114
115
115
115
116
116
117
115
116
195
115
116
116
114
115
115
114
114
115
114
215
114
115
115
116
116
115
114
113
115
191
116
115
114
114
114
113
113
113
114
117
152
115
117
112
113
114
113
113
113
112
211
117
115
113
113
111
114
111
111
113
113
128
153
115
113
113
113
114
115
113
112
174
116
115
115
114
113
113
114
117
112
112
184
160
116
115
114
112
112
112
111
113
229
114
116
115
115
115
113
112
113
111
112
176
114
114
116
116
115
113
112
112
113
177
113
114
116
115
114
116
113
113
114
113
194
115
114
114
115
114
113
114
113
112
227
73
106
107
107
107
109
107
108
114
112
143
113
114
116
113
114
113
113
117
112
179
116
116
114
118
114
113
114
114
115
113
229
114
115
115
116
114
114
116
115
115
179
116
116
114
115
116
114
116
113
113
115
176
115
118
117
115
118
117
119
116
116
194
115
112
115
114
113
113
114
114
114
114
178
114
114
115
114
113
113
113
113
113
167
161
116
114
114
112
118
117
115
114
114
178
115
116
114
113
114
114
114
114
113
184
115
114
113
114
115
113
114
113
114
112
170
114
116
116
115
113
112
116
112
114
172
114
115
115
115
115
113
113
113
112
183
162
115
113
114
114
116
112
112
112
113
231
113
115
115
113
112
116
133
119
113
221
116
115
114
114
113
111
115
104
114
112
183
114
116
117
115
113
114
112
114
112
242
114
114
113
114
114
116
113
115
113
112
213
117
116
114
115
115
114
114
112
112
226
115
116
116
116
115
116
116
115
112
113
200
119
114
114
115
114
114
116
115
113
240
78
117
114
115
116
115
114
116
116
112
127
161
114
114
114
114
115
115
116
116
173
114
114
116
115
114
116
116
118
114
116
171
118
116
118
115
114
115
114
116
113
219
116
116
114
113
114
114
114
115
113
117
229
117
114
114
117
116
117
114
114
108
178
162
115
118
113
115
115
113
114
114
115
230
117
114
115
115
114
115
116
115
114
168
114
113
112
113
112
112
115
113
113
114
191
116
118
115
114
113
112
112
113
114
174
117
115
114
113
112
114
112
111
114
113
122
115
112
117
116
112
113
112
113
114
188
115
115
114
118
114
113
112
112
113
112
195
115
115
114
115
112
113
112
113
115
178
115
115
115
115
114
111
115
112
114
112
229
115
114
114
115
114
111
114
112
112
233
159
114
117
114
115
114
112
112
111
115
188
114
116
115
114
116
114
112
114
112
209
119
114
113
113
113
114
114
112
112
112
140
115
113
115
114
119
118
113
113
112
175
116
114
116
114
113
113
113
114
114
111
405
120
114
113
117
114
113
113
112
112
410
121
113
113
116
114
114
114
116
113
112
358
121
115
116
115
113
116
113
113
114
412
123
116
114
117
114
115
115
116
114
116
398
115
113
112
113
114
114
114
113
115
349
122
115
113
116
115
115
115
76
116
115
277
163
114
114
113
112
114
114
114
119
219
116
115
112
112
113
112
113
112
111
111
154
115
115
113
113
112
117
114
116
111
135
113
115
115
115
113
112
112
112
112
130
113
118
114
116
107
111
114
113
113
112
136
113
115
113
114
113
112
112
114
113
179
113
115
117
114
115
113
113
113
110
112
152
112
115
114
114
116
112
112
113
112
138
114
115
118
113
114
113
116
112
113
116
186
112
115
114
116
114
112
115
113
113
151
113
116
116
115
117
114
114
118
113
112
181
115
117
116
114
118
115
114
116
114
185
115
118
116
115
115
115
115
116
116
116
120
114
116
116
114
116
115
117
115
114
188
115
114
117
115
114
115
113
113
114
114
382
172
114
113
110
115
113
115
113
115
375
161
117
115
114
112
114
115
114
116
114
353
165
116
112
113
115
115
114
112
112
175
117
116
117
111
115
113
114
115
113
114
258
162
115
115
112
113
113
114
112
112
383
122
114
113
115
115
114
113
116
116
114
380
141
114
115
113
119
113
113
115
115
372
125
117
119
117
116
118
113
114
115
115
380
121
117
115
116
117
116
118
115
113
394
185
118
114
117
114
116
115
115
115
114
413
159
117
113
114
113
113
115
117
112
368
136
119
118
119
115
118
118
114
116
118
235
116
116
115
116
116
115
116
134
118
423
175
115
117
116
77
112
117
115
116
115
409
131
137
113
114
112
114
116
113
113
371
121
117
116
114
113
112
111
117
113
114
433
122
117
121
115
114
116
113
113
114
232
162
116
114
117
113
114
115
114
113
115
380
174
116
116
115
116
113
116
114
109
372
156
117
114
115
116
118
117
114
115
380
127
116
117
117
116
116
117
117
112
115
381
182
115
117
116
115
116
113
114
114
387
160
115
115
114
115
114
114
115
117
118
401
168
115
114
116
116
115
117
117
114
408
186
115
118
114
116
116
114
116
115
114
432
163
116
116
115
115
114
114
117
114
424
162
115
114
116
115
113
117
113
114
116
367
163
116
114
114
115
114
113
113
115
446
123
117
114
117
114
116
118
116
116
114
421
162
118
116
115
115
114
115
115
117
419
159
116
118
115
113
112
114
115
114
116
385
158
115
117
117
112
113
114
114
113
395
109
117
116
116
78
114
114
113
114
117
143
115
116
115
115
115
115
115
113
116
397
157
119
116
116
120
118
114
117
113
116
424
165
117
117
114
114
116
115
116
114
336
172
114
116
114
120
117
121
116
119
112
170
115
115
114
115
117
115
116
114
114
266
164
116
115
117
114
116
114
117
113
115
430
158
117
115
116
115
115
116
114
119
195
116
116
114
117
114
118
113
115
117
385
158
114
115
115
115
116
116
115
114
116
428
163
119
115
115
115
114
116
116
115
115
426
147
118
116
115
117
116
116
116
116
425
163
117
114
115
114
114
113
114
117
113
435
157
116
113
116
115
113
114
116
115
401
174
115
116
115
114
114
115
117
114
114
191
115
118
117
114
114
113
114
114
114
753
232
118
115
116
115
113
118
113
114
115
367
163
119
117
117
114
114
115
115
113
303
164
117
116
116
116
115
115
115
114
115
387
159
116
116
115
115
115
113
113
115
412
162
115
115
113
117
118
113
115
113
114
170
116
117
116
117
115
116
117
113
109
421
127
115
116
115
116
117
115
118
114
115
377
163
116
116
116
116
116
118
119
114
391
122
118
117
116
115
115
115
114
115
205
117
115
115
115
115
116
116
116
117
116
359
157
117
115
115
115
116
115
114
115
381
164
117
116
115
115
118
115
117
116
115
376
159
115
116
117
116
117
115
114
116
294
141
115
115
116
114
114
115
114
115
117
206
116
117
116
116
116
115
118
116
114
388
158
117
116
115
115
114
115
116
117
114
346
157
117
117
113
114
115
113
115
113
371
142
116
115
115
114
113
114
113
114
116
404
177
115
116
113
116
115
116
115
114
385
159
118
116
117
114
117
115
116
110
115
418
134
114
115
115
114
115
113
114
113
416
161
114
113
113
117
114
111
114
112
112
205
112
114
114
112
114
112
113
112
112
392
123
115
114
114
115
115
114
113
112
113
380
121
115
116
115
114
118
115
113
114
362
121
117
115
112
113
116
113
113
113
107
488
123
114
114
113
115
115
113
115
106
407
160
114
114
114
115
115
113
115
115
115
265
185
115
114
112
115
114
113
115
112
382
121
116
114
117
116
115
115
113
114
117
398
138
115
113
112
113
113
114
112
112
358
121
116
113
115
114
113
111
114
111
115
354
122
112
110
107
107
76
112
111
112
171
157
117
116
113
114
112
112
113
112
113
405
123
114
115
116
113
112
114
112
114
355
122
117
114
114
116
112
113
114
116
112
360
121
114
115
117
114
112
112
113
112
412
121
115
115
117
115
117
112
112
114
112
402
153
117
116
115
114
114
113
115
113
340
166
114
114
114
114
114
116
117
113
112
385
123
115
113
112
112
114
114
116
112
409
121
115
113
116
114
113
114
115
116
113
361
123
114
113
114
113
114
114
112
117
394
120
116
115
116
115
116
114
114
116
417
140
114
115
114
114
112
113
113
114
115
278
164
111
115
115
113
112
116
114
114
303
156
118
112
113
113
113
114
113
113
112
388
168
116
112
113
113
112
115
104
112
359
162
114
115
114
112
112
113
114
111
112
258
163
114
115
112
114
112
112
115
112
376
160
118
114
119
114
112
114
113
114
114
399
115
114
118
113
399
120
114
113
109
113
110
112
116
114
114
117
116
116
115
114
389
160
114
115
112
114
114
115
113
115
339
164
117
116
115
115
114
115
115
118
116
388
162
114
113
115
117
115
115
113
113
396
161
116
114
118
115
113
114
117
113
113
155
113
114
116
113
114
114
115
114
113
418
159
116
113
113
115
113
112
115
112
112
360
178
116
113
113
112
114
113
112
112
220
113
119
115
114
114
115
112
114
114
113
370
171
116
116
114
114
113
112
112
112
183
115
115
114
114
113
113
113
115
112
114
484
123
115
116
112
115
114
112
116
113
388
158
114
114
115
116
113
113
112
111
113
418
180
117
114
116
116
111
111
113
111
435
122
115
115
115
117
114
113
113
114
110
228
113
113
114
113
114
115
114
112
114
482
122
117
114
115
115
116
112
114
115
112
342
164
114
113
113
114
114
114
112
114
399
181
112
115
116
115
114
113
116
116
112
192
114
115
114
121
113
112
114
112
111
415
161
114
112
116
113
116
116
115
115
112
343
160
118
113
117
115
117
115
113
114
390
169
116
115
115
115
117
115
115
109
113
368
165
116
118
113
113
113
115
113
114
378
162
114
114
114
118
114
115
116
115
114
286
163
114
115
115
115
116
114
112
116
358
158
117
112
113
117
116
113
114
114
421
164
116
114
114
114
113
115
113
88
114
418
157
116
112
112
113
115
113
114
112
121
114
115
114
114
113
114
112
114
112
115
322
162
116
115
114
116
117
118
120
118
377
173
118
117
113
116
113
112
111
111
112
387
75
117
117
115
115
114
113
116
113
423
163
113
112
113
116
113
115
114
112
113
188
112
115
117
113
114
115
114
114
115
132
113
116
115
114
117
112
113
112
113
114
129
114
114
119
112
113
113
118
114
111
131
116
117
115
115
115
116
116
112
112
114
135
115
117
115
114
116
114
114
114
111
186
113
116
115
115
112
115
116
116
115
115
142
114
113
114
113
116
114
113
114
112
186
119
114
115
117
115
114
115
113
114
114
123
114
116
114
114
115
114
114
114
113
141
113
117
113
112
82
113
112
114
112
114
171
114
115
116
113
111
115
115
112
113
125
114
116
114
113
113
114
112
113
114
112
176
114
115
115
113
113
115
113
112
113
131
114
115
118
116
112
114
113
114
114
113
148
116
116
117
114
113
112
114
113
114
134
116
114
115
117
113
113
112
115
112
114
183
113
116
115
113
116
113
113
116
112
182
117
114
114
117
115
115
113
114
112
113
113
113
115
113
115
117
117
115
113
112
135
114
111
114
113
115
116
116
112
115
113
148
114
114
115
114
115
117
116
115
113
138
114
119
116
116
117
115
115
115
115
114
158
122
114
119
116
118
117
115
118
119
140
114
114
114
115
115
114
116
116
117
116
150
114
111
115
118
115
115
115
116
115
134
114
116
116
114
115
117
114
115
116
114
123
117
118
114
112
115
117
115
114
115
147
117
116
114
114
113
112
115
114
114
171
117
117
118
117
116
114
115
114
114
112
175
116
116
115
116
113
113
114
115
114
144
115
119
116
117
116
114
114
113
113
116
143
116
114
113
114
115
114
115
114
112
137
118
114
114
114
113
114
116
112
113
112
178
79
113
116
113
116
116
116
117
113
175
117
114
115
113
115
115
114
118
114
116
147
116
116
117
116
116
116
116
116
116
133
109
115
116
115
115
114
116
115
116
115
149
115
117
115
115
116
116
115
117
114
177
113
117
114
112
114
116
112
114
113
112
122
120
113
114
113
113
114
113
113
114
142
117
115
115
114
115
115
114
115
117
113
191
114
117
117
114
114
89
76
110
114
125
117
115
118
119
115
114
114
113
113
116
170
116
119
115
117
114
115
115
114
110
167
115
114
115
117
115
115
113
119
113
116
167
114
114
114
115
115
116
115
113
112
184
117
117
116
116
116
116
117
117
114
115
120
114
117
114
114
115
114
116
117
116
152
115
115
116
115
117
115
116
118
116
116
137
115
116
116
115
115
115
115
115
114
190
117
114
115
115
118
117
128
114
116
117
175
115
116
115
115
116
115
115
115
115
177
115
115
113
113
114
114
115
113
114
114
174
116
116
115
115
114
114
115
114
114
170
116
117
117
113
114
114
114
113
113
113
154
116
115
117
113
113
113
114
115
113
135
117
115
118
116
112
114
112
113
112
113
436
117
115
115
117
114
116
115
116
114
147
115
115
115
114
114
115
113
116
114
115
141
115
117
117
116
116
116
113
115
113
146
116
118
116
115
115
116
116
115
114
115
121
113
114
114
114
115
113
115
113
112
205
114
118
114
114
113
115
114
112
114
157
114
114
119
116
115
115
116
118
114
113
130
116
117
115
115
116
114
116
114
115
129
115
114
117
114
113
116
113
115
114
112
128
114
115
114
115
117
115
115
116
114
178
115
117
117
115
115
117
115
116
116
118
154
117
117
118
116
116
116
111
117
116
146
115
116
114
117
113
115
116
115
116
115
150
115
117
115
115
116
114
114
114
115
184
116
115
116
117
116
116
117
115
116
116
143
115
113
114
113
114
113
114
114
114
179
114
119
115
115
114
114
113
116
114
116
125
117
118
116
114
113
113
114
80
110
152
116
116
116
116
113
114
114
109
113
114
148
115
118
116
115
114
114
113
113
113
145
112
115
115
116
118
114
113
113
113
113
153
113
117
115
119
113
109
116
115
114
179
113
116
116
115
116
116
114
114
113
113
147
114
114
114
114
118
115
114
116
113
137
114
118
114
116
119
118
114
113
115
113
124
114
117
116
115
115
121
113
115
113
147
115
117
116
117
116
118
117
114
114
115
129
115
117
114
115
116
115
118
114
112
135
114
120
116
115
116
115
116
116
115
113
136
114
116
116
115
114
118
115
117
114
150
121
118
116
116
116
116
116
116
116
116
149
115
116
117
118
116
114
116
116
116
141
114
117
115
81
109
110
111
111
112
115
167
115
119
117
114
115
115
118
115
115
146
115
117
115
117
117
116
117
115
114
115
174
115
119
116
114
115
115
118
135
116
135
113
116
115
117
117
116
116
116
114
113
144
114
120
117
118
116
116
115
114
117
175
115
119
115
119
118
118
113
117
114
116
127
114
117
114
113
114
113
114
113
114
178
114
116
117
114
115
114
116
114
113
131
114
117
115
116
115
114
115
116
115
108
168
116
114
118
117
113
116
115
116
114
197
116
116
114
116
115
113
113
113
117
112
142
130
117
114
116
115
113
112
113
114
129
115
115
117
114
115
118
113
115
114
116
142
117
119
117
118
116
116
114
114
116
194
118
117
116
116
118
115
116
114
111
115
373
157
116
115
114
114
114
116
115
115
382
171
115
116
120
116
115
115
117
114
112
175
114
114
115
115
115
117
113
115
113
364
120
115
115
115
115
115
114
117
117
112
365
159
117
115
115
115
116
116
113
117
186
113
118
114
112
112
115
115
113
110
116
394
166
118
117
117
118
117
118
117
115
429
180
116
113
113
114
115
113
113
115
112
298
163
117
115
116
115
115
116
115
116
339
127
120
114
114
115
114
113
113
114
114
404
162
117
112
113
113
113
113
115
114
493
182
114
115
114
112
112
115
115
113
114
380
165
117
115
113
114
113
114
114
114
335
165
114
115
115
116
115
115
113
114
112
186
114
117
117
118
116
114
114
115
116
337
164
115
114
115
115
118
113
114
114
112
228
114
117
116
116
118
115
116
113
114
412
163
116
114
116
115
116
115
118
114
113
373
161
116
113
112
114
114
115
115
113
407
148
115
116
115
117
115
114
115
115
113
194
120
114
117
114
115
116
117
116
117
348
163
116
118
115
116
116
116
117
117
120
381
157
115
116
115
117
116
114
117
117
198
117
114
114
115
115
113
117
114
113
114
358
126
115
115
115
116
115
116
115
115
425
185
121
113
114
115
114
115
115
116
113
425
145
117
115
113
113
112
113
113
115
416
162
117
116
115
113
115
113
113
114
228
117
116
116
115
115
116
113
113
112
115
240
160
115
113
117
113
117
114
114
113
185
161
118
117
116
118
113
112
113
115
114
332
157
115
114
116
116
114
112
115
113
424
155
84
76
111
109
110
107
108
109
112
423
162
116
115
117
116
117
117
116
113
380
162
115
114
113
115
113
118
113
113
114
207
115
117
113
116
115
114
118
114
112
416
160
115
115
114
115
115
118
118
115
75
415
174
118
116
116
116
115
116
118
112
425
163
117
116
115
114
115
115
115
115
114
415
162
113
114
114
113
118
114
113
117
128
114
114
115
114
115
115
113
113
116
113
394
157
116
116
115
117
117
115
115
115
406
163
117
117
117
117
115
116
115
112
117
405
162
114
116
113
114
114
117
113
114
145
115
117
116
114
114
113
113
113
115
114
414
181
117
113
114
114
113
115
115
114
422
160
116
117
114
114
114
114
113
113
114
408
174
118
116
113
123
114
117
113
115
102
162
115
116
118
116
114
115
113
113
108
226
163
114
114
117
116
114
114
114
114
376
159
116
118
117
114
115
114
115
114
114
406
164
116
117
114
127
115
112
114
112
376
177
115
115
114
114
114
117
113
114
113
197
114
114
116
115
115
116
114
113
113
403
160
117
113
113
116
116
112
116
114
115
392
171
115
116
114
114
118
115
113
114
396
184
117
117
116
116
115
115
116
115
115
457
110
115
113
114
116
114
114
118
114
493
163
116
115
116
114
115
115
114
114
114
245
162
117
117
116
115
115
115
115
114
387
134
118
113
114
114
112
113
114
113
114
391
164
116
114
115
114
115
113
114
112
386
142
117
117
115
115
114
113
113
113
113
180
117
115
117
114
114
113
112
115
113
438
166
115
114
116
113
114
115
112
116
113
394
153
113
114
116
117
114
113
113
114
373
163
116
116
114
116
115
113
114
112
384
167
118
113
115
113
115
115
115
113
113
405
185
118
115
115
116
117
116
117
112
178
113
117
115
117
115
115
115
113
113
115
222
117
115
113
114
113
115
114
115
112
363
160
114
114
114
113
114
113
114
114
115
424
157
114
116
114
117
115
116
114
115
173
119
115
116
115
115
114
113
116
113
114
179
161
115
116
114
114
117
114
115
113
392
122
118
117
117
114
115
115
117
114
113
427
128
118
116
115
113
116
114
113
112
424
162
116
113
116
112
115
114
115
112
112
228
114
114
114
115
113
112
115
113
112
160
117
115
116
115
117
115
114
116
113
133
486
125
77
112
110
113
112
108
117
114
393
159
115
114
113
113
115
114
112
114
112
330
161
117
116
116
116
127
116
114
116
195
114
115
117
117
114
117
118
114
114
112
277
162
117
115
114
117
115
116
113
115
388
132
118
121
117
117
119
119
115
112
114
313
162
116
112
114
116
114
114
116
114
394
163
114
114
113
113
113
114
114
116
115
373
156
116
113
115
113
115
113
114
114
215
158
115
112
113
113
115
115
116
113
115
362
163
115
116
115
115
114
115
114
115
423
117
116
115
114
114
113
114
113
117
114
384
121
118
114
114
115
118
113
115
113
281
148
116
114
115
114
112
113
113
112
112
402
123
120
119
113
114
113
114
114
114
355
123
113
109
111
109
107
106
109
113
113
347
123
117
115
116
114
113
113
113
112
400
116
114
118
114
116
119
113
113
106
376
118
113
113
113
114
112
116
113
113
113
189
162
117
115
114
114
114
116
114
113
368
123
116
116
116
113
116
116
114
116
112
374
121
116
116
115
116
116
118
115
114
391
123
114
113
115
114
115
116
115
114
113
286
164
113
114
114
114
114
114
116
113
422
125
114
115
117
113
114
115
114
113
114
321
162
116
114
114
114
114
115
116
113
371
121
117
113
113
113
112
112
115
113
113
372
124
118
113
112
113
113
113
112
112
356
121
116
117
113
113
114
113
114
116
112
414
174
113
116
113
113
114
112
114
112
400
121
115
117
115
112
113
112
113
114
112
323
163
115
115
116
114
112
114
112
113
390
122
116
114
114
117
112
113
113
114
114
227
157
115
113
115
115
115
114
113
112
365
124
116
114
117
114
117
114
112
112
112
379
119
116
114
116
115
115
112
112
113
336
124
117
116
115
116
115
114
113
111
114
376
132
116
115
114
113
115
114
113
114
146
116
115
114
114
116
116
114
116
111
113
182
116
117
116
115
115
114
114
115
111
294
181
113
115
115
114
114
113
113
116
113
385
120
115
116
113
116
114
115
112
116
301
162
116
118
114
113
114
115
114
116
117
419
170
114
118
112
118
115
115
115
115
181
115
117
117
115
114
113
116
115
117
118
353
174
114
114
112
117
113
113
113
111
396
185
117
112
112
112
112
112
114
113
112
178
117
116
114
112
113
113
111
78
113
337
163
116
117
115
113
116
114
115
113
113
364
161
114
118
113
112
115
112
112
111
420
158
115
115
116
116
113
113
115
113
114
375
123
115
114
117
112
112
114
115
114
211
156
113
115
115
115
115
113
114
113
236
163
116
114
113
115
115
115
114
114
113
379
181
115
116
115
115
113
117
112
113
369
164
113
115
115
114
116
115
123
116
114
366
161
116
114
115
115
116
115
113
116
294
164
117
116
116
117
117
117
117
115
116
119
120
115
115
116
116
113
116
119
115
242
163
116
118
115
114
115
116
116
116
116
368
164
119
116
114
113
113
113
113
112
163
114
115
117
114
114
115
112
113
114
112
192
160
114
117
112
112
113
113
114
114
400
164
116
115
118
116
114
114
113
113
112
450
124
114
115
115
114
114
114
113
113
391
122
117
115
113
115
113
113
114
114
113
372
121
119
116
117
120
113
114
109
112
459
123
116
118
113
117
117
112
114
112
115
427
156
115
115
114
114
115
114
112
113
278
162
115
116
117
115
114
115
114
114
115
413
141
116
116
115
117
114
115
113
113
381
129
115
115
117
116
117
115
118
114
113
407
122
117
116
118
116
115
115
116
108
417
122
116
115
114
115
115
116
116
115
112
165
163
116
119
116
114
116
115
114
117
384
122
117
116
115
117
116
115
114
115
116
423
122
116
117
116
116
116
118
117
115
425
121
117
117
115
114
118
115
114
116
113
414
120
118
114
112
112
117
113
114
115
195
115
117
117
114
115
113
113
114
113
114
108
118
118
116
114
113
115
114
116
114
416
161
115
115
117
113
113
113
115
114
114
355
122
118
116
116
114
114
114
113
114
409
168
115
115
114
116
113
113
114
113
116
419
120
116
114
117
118
118
114
114
115
433
124
111
113
113
116
117
113
113
113
113
199
114
117
114
113
116
115
115
115
112
201
114
115
115
115
113
114
115
114
115
116
179
162
117
116
117
116
115
115
117
113
168
161
116
118
115
115
117
115
115
113
225
114
114
115
113
114
115
114
115
115
114
179
113
115
114
114
114
114
116
115
113
193
158
114
117
114
117
113
113
113
113
113
412
167
116
117
115
115
114
114
115
114
364
123
117
115
112
114
112
113
113
112
115
367
121
119
114
114
80
116
112
113
112
270
165
116
118
114
114
113
115
113
114
114
424
128
113
115
113
116
114
119
115
112
302
162
118
116
118
114
113
116
116
112
113
361
163
117
118
117
115
113
113
112
114
395
156
118
115
114
115
114
112
117
112
113
292
161
115
112
114
119
116
114
114
113
192
112
117
117
114
115
117
115
114
113
116
203
116
115
117
118
113
116
114
112
113
323
137
114
113
115
114
114
116
114
114
113
382
157
117
114
115
117
114
118
115
113
378
164
118
113
117
114
115
116
116
116
114
174
114
116
116
115
115
117
115
115
115
424
171
114
112
113
114
114
114
114
116
112
206
114
116
116
114
115
119
114
114
116
330
164
117
115
113
115
117
115
113
114
115
356
161
115
113
113
114
114
114
114
113
179
116
114
115
113
114
115
114
116
116
113
284
163
115
117
117
116
117
117
118
116
378
161
116
114
113
114
113
114
114
112
113
185
112
117
114
114
113
113
114
113
114
284
162
114
116
112
113
113
115
108
113
114
288
163
120
116
115
114
111
113
114
116
170
115
114
115
118
113
113
113
113
112
112
368
163
115
115
117
114
115
114
114
115
341
162
116
114
115
116
115
114
112
114
115
188
114
115
116
113
115
113
113
113
113
420
163
115
113
114
114
116
113
113
114
392
162
116
115
115
115
116
117
117
114
111
411
126
114
119
114
114
115
115
112
116
177
113
115
113
114
114
113
115
114
113
113
121
115
114
114
114
115
115
118
115
113
212
113
116
113
114
115
115
113
113
113
109
195
163
115
113
113
113
114
113
115
113
161
113
118
117
113
114
114
114
114
112
113
341
161
115
118
113
113
113
113
115
112
374
178
115
115
117
113
113
114
114
112
112
379
164
117
115
117
113
112
114
112
112
180
115
116
114
114
114
116
113
111
112
112
331
155
118
116
116
115
115
115
113
113
499
180
117
114
115
114
117
113
112
113
112
350
164
116
113
115
113
115
113
113
112
297
163
114
115
114
116
115
115
116
113
113
385
155
115
114
114
115
115
114
114
112
390
185
115
114
118
115
113
116
114
115
112
373
122
116
114
114
114
113
113
117
115
228
117
117
116
115
114
114
116
116
115
116
403
120
117
115
113
114
115
115
114
113
379
122
78
113
114
116
113
113
112
113
112
439
173
114
114
115
113
115
116
112
115
378
172
116
114
112
113
112
113
116
111
112
434
154
117
112
114
112
113
113
115
113
433
162
120
116
109
113
112
116
112
114
112
403
121
116
114
113
114
112
115
112
113
394
151
120
115
116
113
115
114
113
114
112
428
165
114
117
116
112
115
114
113
114
125
114
107
113
117
115
114
114
115
117
113
373
163
78
115
115
114
113
113
112
115
417
123
115
115
115
113
116
113
113
114
112
404
184
116
116
114
114
117
113
114
113
376
122
115
114
114
114
114
115
112
110
112
400
156
115
116
113
115
115
117
112
112
350
123
117
114
115
115
115
113
117
115
116
386
122
128
117
116
116
117
114
117
117
349
108
117
116
115
113
114
115
115
113
367
121
117
117
114
112
115
114
117
115
115
390
122
116
116
115
115
113
115
116
113
381
123
118
113
114
116
116
116
114
113
112
493
121
118
114
114
114
114
115
113
113
385
122
117
114
116
111
114
111
114
111
113
377
121
116
116
115
115
116
116
113
116
347
122
117
115
113
118
116
113
114
115
112
361
123
116
114
114
114
113
113
114
113
384
121
116
114
117
113
116
115
112
112
113
346
122
115
114
115
112
114
113
115
111
341
121
115
116
113
115
113
114
112
113
115
395
122
116
116
116
115
114
116
115
113
388
175
115
114
113
115
115
114
115
112
114
349
123
118
116
115
117
116
115
116
113
362
126
116
117
114
113
113
115
117
116
114
398
122
117
117
117
116
117
115
116
115
360
123
114
116
114
116
114
116
119
121
115
378
121
115
116
114
114
117
115
115
116
373
163
116
117
117
114
115
115
115
114
115
387
154
119
114
114
114
114
115
114
114
384
122
116
116
116
117
115
115
117
115
116
346
122
115
116
116
117
116
116
116
115
379
122
117
113
115
114
113
114
115
114
109
360
122
119
114
115
114
114
114
114
117
378
121
115
118
114
112
114
113
113
112
114
377
164
117
116
114
114
113
115
115
113
383
122
116
113
115
114
114
113
114
112
117
388
123
117
116
117
115
113
114
115
114
361
165
115
114
116
116
114
113
113
113
114
347
124
115
114
115
118
115
114
113
114
354
122
117
116
114
116
116
113
115
80
73
352
159
116
117
116
115
115
113
112
114
370
122
116
115
114
114
115
116
113
113
114
412
121
116
115
117
115
115
117
113
113
159
115
117
119
117
117
119
116
116
113
340
122
132
116
115
120
116
115
115
116
115
376
123
116
117
116
115
116
118
115
117
356
181
119
113
114
116
115
114
116
116
114
396
122
117
117
117
116
114
116
124
112
418
110
120
124
118
116
113
115
117
117
115
450
126
119
116
116
115
115
117
115
117
263
159
114
115
117
115
114
118
116
114
115
388
122
121
116
117
116
116
117
117
117
470
126
120
112
112
114
116
115
116
114
113
362
122
117
114
114
113
114
113
114
116
373
122
116
118
112
115
113
113
114
114
104
360
165
118
117
112
116
115
115
115
114
405
124
115
115
116
113
113
114
113
116
113
361
120
114
116
116
112
112
116
113
112
400
121
116
117
115
116
115
114
113
114
114
382
122
115
115
118
116
114
114
113
113
363
122
117
115
115
113
116
115
113
113
114
372
122
115
114
115
117
117
114
113
114
399
170
115
115
116
115
115
117
113
113
112
391
122
116
115
115
115
113
116
116
114
402
122
116
117
116
116
116
115
117
118
113
380
123
116
116
114
116
115
115
115
116
365
115
117
116
115
117
117
115
116
115
115
363
130
115
116
116
116
114
114
115
113
423
134
116
114
114
114
115
114
114
113
113
362
122
118
114
114
116
114
114
115
114
375
121
119
116
114
112
115
115
114
112
113
401
121
118
115
117
113
112
113
113
112
366
121
114
114
116
113
117
113
113
112
114
391
162
115
114
113
115
115
116
114
113
373
124
115
115
115
114
112
114
114
113
114
405
137
116
113
116
113
117
113
113
113
387
122
118
115
117
115
113
115
114
114
114
365
125
117
117
115
117
114
115
114
114
363
121
119
114
116
117
113
113
115
114
366
121
119
116
117
116
115
115
117
116
113
316
162
117
115
115
115
120
114
117
108
407
167
119
115
117
115
117
115
116
117
115
282
157
116
116
114
115
114
117
115
115
392
123
117
117
116
117
114
115
115
114
116
349
163
114
117
115
114
114
113
117
114
358
121
115
115
112
115
114
114
113
113
114
376
121
118
114
116
116
114
112
113
113
370
122
117
117
113
113
82
75
114
115
115
395
124
114
115
113
114
113
113
114
113
423
172
116
116
117
112
113
113
116
113
113
393
122
113
115
116
113
115
113
114
115
398
122
117
115
115
116
115
114
113
113
113
275
163
118
118
118
114
115
115
113
113
234
109
117
114
114
115
117
114
112
113
113
203
166
116
114
117
115
115
117
113
114
313
162
117
115
114
129
117
113
117
113
113
212
116
114
116
113
115
114
116
116
119
206
113
118
116
117
114
114
114
114
115
115
215
118
114
115
115
116
114
114
114
114
382
121
110
114
114
115
113
79
114
113
114
398
116
116
113
113
114
115
113
113
115
390
123
118
113
114
111
116
111
113
114
113
400
162
118
114
115
115
128
113
114
114
418
121
117
116
116
112
113
111
113
113
113
171
115
114
115
115
114
113
112
112
112
343
162
112
112
114
107
112
112
113
111
113
395
122
173
475
120
109
114
120
113
113
113
113
116
114
113
112
115
114
129
197
146
109
112
109
112
111
112
112
111
115
108
111
106
113
115
115
111
347
171
113
115
115
112
112
112
106
114
113
112
115
114
114
132
143
117
113
114
113
111
114
113
111
112
233
163
116
115
115
113
113
112
114
112
179
157
114
112
112
114
112
112
113
112
112
201
114
114
116
117
113
111
112
112
112
180
161
113
115
112
113
116
111
113
112
186
164
114
113
114
113
115
116
115
112
113
229
162
74
113
114
112
115
112
114
112
385
120
115
112
115
113
114
115
116
112
112
350
163
114
115
115
77
113
113
114
114
332
144
114
114
113
114
115
112
113
113
115
394
166
115
113
113
114
113
113
115
113
214
161
114
115
114
115
113
116
114
112
112
360
129
115
115
112
113
114
113
112
114
382
177
119
112
113
113
112
112
114
111
111
366
122
116
116
113
113
114
113
113
113
189
113
116
113
116
113
115
113
113
114
113
189
162
115
114
114
113
114
110
111
113
384
157
115
113
112
115
112
113
114
114
114
406
164
112
113
80
109
116
116
112
112
417
167
113
114
115
116
116
115
113
112
112
341
160
114
114
114
112
113
110
115
111
350
162
113
114
112
112
112
115
113
113
115
402
125
116
113
114
113
114
115
114
117
382
121
115
115
114
115
114
113
113
112
115
359
121
84
113
114
113
112
115
113
113
352
167
114
113
112
113
114
114
114
114
112
317
122
117
114
113
113
111
114
112
113
219
113
118
116
117
112
116
114
112
112
114
181
162
113
114
116
113
114
117
113
112
299
163
114
115
115
117
114
112
112
113
113
274
162
115
113
114
114
112
111
113
114
169
112
115
115
114
114
117
112
115
112
114
129
117
107
114
115
114
114
118
112
113
212
164
114
116
113
114
112
112
113
114
112
281
161
113
114
113
113
115
114
113
115
183
161
115
115
115
116
115
115
116
113
114
243
161
115
116
114
113
116
112
113
112
204
155
113
112
112
111
113
111
112
112
261
164
115
114
112
113
114
112
112
111
114
220
161
113
132
113
113
115
115
113
112
244
162
118
115
113
114
114
114
114
112
114
106
115
113
114
113
114
114
113
113
112
254
162
115
114
114
114
114
112
114
115
111
191
114
114
114
116
112
112
113
111
114
198
115
116
114
114
114
113
114
115
114
112
245
161
115
114
113
113
112
109
115
115
334
163
115
114
112
114
114
114
112
113
113
191
115
117
113
114
115
114
113
113
113
241
113
114
114
115
114
114
114
112
112
111
228
164
114
114
114
114
114
114
113
114
214
162
114
113
113
115
113
113
113
114
113
246
161
116
112
112
111
113
113
112
111
228
161
113
114
114
114
114
114
112
113
112
234
118
115
117
116
116
114
116
113
114
230
114
113
115
114
112
115
114
112
111
113
231
116
116
114
113
112
113
113
113
113
184
114
114
117
112
112
113
114
115
111
114
239
112
114
112
112
114
112
113
114
112
209
163
115
112
114
113
112
113
113
113
112
213
161
116
113
114
115
114
113
114
115
220
161
117
112
113
115
112
113
116
113
113
229
114
114
116
112
114
114
113
113
112
380
162
115
114
116
114
113
114
112
115
113
408
160
113
115
114
113
114
113
117
112
202
114
114
113
112
115
115
114
114
114
113
150
116
119
112
112
114
112
115
111
112
178
114
112
115
113
113
113
111
112
113
112
231
116
115
115
113
113
113
113
114
114
121
113
116
112
117
113
114
112
115
112
112
320
161
117
116
113
113
113
113
114
113
378
160
113
113
115
113
112
112
111
112
112
490
176
114
113
114
116
114
112
112
112
381
122
112
108
108
109
118
112
112
112
134
114
114
115
114
116
115
114
113
111
122
367
140
116
113
113
113
113
114
115
114
368
124
116
114
114
115
114
114
113
114
112
409
161
115
115
114
115
113
114
114
114
358
175
116
113
114
114
115
113
113
115
117
217
114
115
113
113
114
114
115
113
113
477
163
114
115
114
114
115
114
113
113
154
238
162
114
114
114
113
115
113
114
113
426
161
113
113
112
114
114
113
113
112
114
381
163
116
113
113
116
114
112
114
114
182
115
116
115
116
112
112
116
112
114
112
371
132
115
114
116
113
112
113
112
113
327
161
113
113
112
115
73
111
114
111
111
425
162
114
116
114
114
112
114
112
112
961
248
114
116
113
114
116
113
112
113
112
420
160
114
112
115
112
115
113
114
113
182
113
115
116
115
115
116
115
114
121
115
374
164
115
116
113
118
113
117
116
113
392
163
115
114
113
112
113
113
114
114
112
360
156
113
114
112
114
114
112
119
115
332
161
117
118
114
113
113
114
114
113
114
371
161
117
117
113
114
113
114
114
112
199
160
117
114
115
116
114
115
114
115
115
404
161
114
115
114
114
117
113
117
116
425
162
116
114
114
111
111
112
112
116
112
331
161
116
114
113
113
113
113
113
115
226
114
114
115
116
111
112
112
115
113
112
353
162
116
114
115
112
112
112
113
112
156
112
114
116
112
113
112
113
113
114
112
423
139
116
114
114
115
114
112
112
112
447
121
115
114
114
114
113
115
117
112
111
340
161
117
113
115
114
115
115
117
113
180
114
116
114
114
114
113
114
114
114
113
403
162
113
114
113
113
113
114
112
116
183
113
112
113
113
115
115
114
114
113
235
117
115
114
114
114
114
114
113
114
116
400
121
115
114
112
114
115
116
114
113
332
160
115
115
114
112
113
112
114
112
113
355
121
121
118
113
112
113
111
114
112
389
171
115
115
112
115
112
115
113
112
113
230
115
113
115
115
114
112
112
112
112
417
121
115
114
116
115
116
113
113
113
113
382
122
114
115
115
114
114
115
113
112
372
122
115
114
116
113
113
113
115
111
112
393
120
114
114
114
114
113
113
117
113
191
162
114
114
115
114
113
114
113
115
111
413
121
115
113
113
114
112
113
87
75
432
119
116
115
114
115
114
116
114
114
114
375
121
113
113
114
114
113
112
114
112
380
121
117
115
117
115
115
113
114
114
114
402
119
118
115
115
113
117
115
115
114
396
155
115
114
113
114
116
114
117
116
113
398
124
114
112
114
113
114
113
114
112
401
120
118
114
114
114
113
116
112
112
111
372
164
117
114
114
111
112
113
113
114
372
121
115
114
113
113
114
115
115
108
113
182
162
120
119
120
115
117
114
112
113
396
163
116
114
115
117
113
111
111
112
113
358
120
115
116
114
114
112
112
111
114
403
121
114
116
114
114
116
110
113
112
113
216
115
114
117
115
114
130
132
113
112
400
121
114
113
114
108
115
125
112
113
107
391
163
116
115
114
118
111
118
115
112
183
162
115
117
115
115
116
117
115
117
111
415
121
118
115
113
114
117
115
114
115
373
120
118
115
116
115
114
115
114
115
116
449
120
115
112
113
114
113
112
113
114
372
122
117
115
113
116
114
115
114
114
116
371
179
114
115
113
113
115
114
115
112
364
120
116
113
112
114
114
112
113
114
113
409
122
117
114
113
112
114
113
115
112
408
121
116
114
113
114
113
113
114
110
172
163
113
115
112
113
114
111
111
114
113
201
162
114
114
113
112
115
111
112
112
192
163
124
111
114
113
113
112
114
111
113
302
163
115
116
114
114
111
110
111
112
266
162
114
112
114
115
114
113
111
113
112
288
161
113
114
117
114
112
113
114
113
285
163
114
114
114
112
115
112
114
111
113
284
162
114
115
113
113
114
114
112
113
188
159
114
113
114
114
112
115
112
112
111
228
162
117
114
115
114
113
114
114
112
252
159
115
114
116
114
114
115
116
114
113
351
139
115
113
114
115
114
113
114
116
277
162
114
115
113
117
111
113
112
116
112
220
113
116
112
114
113
114
115
115
114
222
162
113
115
115
114
115
117
114
115
113
159
161
113
114
116
113
114
116
114
115
272
163
115
114
113
113
112
113
115
112
114
178
161
115
114
113
113
113
114
113
115
402
120
113
114
112
111
113
112
112
111
114
367
120
116
113
116
116
113
113
113
112
373
122
115
113
115
112
113
112
113
113
113
420
122
115
113
113
112
113
112
113
113
376
120
115
114
112
113
82
116
113
113
111
396
129
116
116
112
113
112
112
113
113
400
122
116
116
117
113
112
112
112
113
113
399
120
114
113
114
113
115
114
113
113
390
121
114
113
113
113
113
115
113
113
115
363
122
113
115
114
114
112
116
115
111
374
121
118
116
117
117
116
114
114
114
113
438
162
114
115
114
114
118
113
113
114
416
120
123
114
115
113
114
114
115
112
114
393
120
114
114
115
114
116
117
112
112
408
168
115
117
115
116
118
115
115
112
383
132
113
117
112
113
115
115
114
114
113
394
121
117
116
114
115
115
115
117
115
407
121
115
113
113
113
112
114
114
112
114
267
160
115
115
112
112
112
113
112
115
177
112
116
117
129
115
112
112
112
115
112
396
161
115
114
114
113
112
112
113
107
426
160
115
112
117
112
112
113
113
114
111
384
160
115
115
113
113
112
114
112
113
353
163
114
116
114
113
114
113
112
114
114
121
114
115
117
116
114
112
114
112
111
174
113
115
114
114
113
114
113
113
114
117
188
112
113
113
114
113
114
111
112
114
119
118
114
114
114
117
114
112
112
112
112
137
114
114
114
115
114
114
115
113
115
170
114
114
113
113
114
114
113
116
112
113
117
115
115
119
116
118
115
113
114
112
176
113
115
115
115
116
116
116
112
113
113
179
120
113
115
79
114
115
115
113
113
168
116
114
114
115
114
118
114
116
115
115
178
117
117
113
113
113
113
113
114
114
201
117
114
114
116
115
113
113
114
114
117
121
118
113
114
113
115
117
117
116
116
183
112
115
112
113
113
114
112
112
115
113
121
116
112
113
113
113
112
113
112
113
173
113
114
116
112
112
112
115
114
111
113
189
114
116
114
112
111
115
112
112
113
121
114
116
114
113
112
114
114
113
111
114
175
159
113
113
112
112
113
114
115
111
197
162
114
114
114
114
112
111
112
112
112
286
162
114
114
115
112
111
113
114
113
233
161
112
113
113
116
114
115
112
112
113
124
114
115
114
116
115
114
117
108
115
172
117
115
116
115
114
115
117
113
114
113
232
117
119
116
115
114
120
115
115
112
238
121
113
113
113
113
111
116
114
112
113
208
160
114
112
112
113
112
79
79
114
212
160
115
114
114
114
114
114
115
114
314
73
115
115
119
110
113
113
115
114
112
232
114
113
115
114
114
114
115
114
117
231
161
114
114
115
115
113
116
117
114
116
178
157
115
114
113
114
112
113
115
112
157
161
116
115
113
112
113
113
111
114
113
207
113
114
115
113
113
113
113
115
111
123
112
120
116
118
113
118
115
111
113
113
170
115
112
111
115
115
113
112
1124
327
121
116
112
116
114
114
114
113
112
113
114
171
160
114
113
113
114
113
113
115
113
137
113
116
113
115
114
114
113
113
113
112
182
157
115
112
115
114
111
78
111
111
167
163
114
113
113
113
113
112
112
112
111
229
115
114
114
113
118
115
112
115
113
196
114
116
113
113
113
114
113
113
113
112
1031
116
115
115
116
113
115
112
112
114
196
113
114
114
114
116
114
116
113
117
112
219
163
117
114
115
113
117
114
113
112
180
159
116
112
114
113
112
112
113
110
111
214
161
115
113
112
112
116
113
114
112
164
114
114
114
114
112
114
113
113
115
113
222
157
117
113
110
112
108
112
113
111
170
114
114
114
115
112
113
114
113
111
112
191
161
115
114
114
113
111
112
113
112
226
113
113
112
113
117
111
112
113
111
112
203
112
113
111
113
113
113
112
113
112
174
112
114
113
113
112
114
112
111
111
113
232
114
116
113
112
113
113
116
112
111
192
161
115
115
112
112
113
114
112
112
112
171
113
114
115
111
112
113
114
113
112
187
112
113
113
114
114
112
113
112
114
113
205
158
112
113
113
78
114
110
114
112
237
159
116
115
113
115
113
115
114
113
113
220
114
115
113
114
113
112
112
113
115
151
112
115
112
116
115
115
112
114
114
277
159
115
114
118
117
116
115
113
112
114
179
112
115
115
114
117
115
116
114
114
182
113
117
114
113
113
115
114
114
114
115
183
116
115
115
119
115
119
116
116
114
150
117
118
115
113
111
114
114
114
115
114
188
116
116
114
118
115
115
114
116
114
211
116
117
114
113
117
114
113
117
115
114
204
116
109
114
113
113
114
113
112
114
241
164
116
113
114
115
113
112
114
113
112
232
164
117
113
113
113
111
114
113
114
233
164
115
114
115
115
112
116
113
114
112
175
116
115
115
114
114
113
112
115
112
186
161
114
113
115
114
116
113
115
115
115
212
130
75
76
109
110
112
108
108
112
192
116
117
116
118
115
117
113
114
114
113
169
163
118
115
115
113
114
114
113
113
221
116
116
116
79
114
115
114
116
114
114
186
161
116
116
115
115
115
118
114
114
375
180
115
119
117
113
115
114
117
114
113
123
110
114
114
114
116
114
115
115
116
191
116
114
115
115
115
125
114
116
116
117
180
162
116
116
115
117
117
115
115
115
156
115
116
116
114
115
116
114
116
116
116
225
116
115
114
113
115
113
113
115
113
187
117
116
115
116
116
115
114
117
113
112
307
164
117
119
115
117
114
114
114
116
183
114
117
114
112
113
111
114
112
114
114
213
164
117
114
116
114
114
135
115
113
273
164
117
121
115
115
118
116
116
115
115
165
116
114
116
112
114
113
114
113
113
141
115
115
117
119
117
115
116
115
76
114
169
115
117
119
117
114
114
115
117
112
134
115
116
117
118
114
116
114
114
113
114
158
114
115
116
115
117
117
115
113
116
182
114
114
115
113
116
114
115
113
114
114
199
117
116
115
117
115
117
118
115
113
182
117
77
115
116
116
116
117
119
114
179
114
115
114
114
116
116
116
116
118
115
187
116
115
116
118
114
116
114
116
118
213
114
113
113
115
115
114
115
115
114
116
181
115
115
113
116
116
119
115
114
115
191
113
117
115
116
120
114
115
115
116
115
189
115
115
115
115
113
115
119
114
114
151
114
115
116
116
117
114
117
115
114
108
217
115
118
114
112
115
114
114
115
115
159
117
119
116
113
114
114
115
114
114
114
221
114
119
116
113
115
114
115
114
114
230
114
117
116
114
114
113
114
115
115
114
224
114
114
117
115
114
114
112
116
116
208
115
116
116
116
117
114
113
114
113
113
145
115
115
115
116
114
113
113
113
113
152
115
117
115
114
115
115
113
115
115
114
187
113
118
115
115
117
115
116
114
113
386
122
115
117
116
116
116
115
112
115
113
373
122
117
116
115
114
115
115
114
114
373
122
116
116
115
115
115
115
115
115
115
440
121
115
115
117
116
114
115
114
114
405
124
117
118
115
116
114
116
117
116
114
453
119
118
117
115
117
115
115
115
118
354
122
118
116
117
118
114
115
118
116
115
363
123
115
118
113
116
115
116
114
78
374
115
119
115
115
115
115
116
115
114
115
368
122
115
119
117
117
117
115
114
115
366
122
115
115
114
115
118
114
115
117
114
396
123
115
113
114
117
115
117
115
114
405
122
117
114
114
115
115
115
116
113
114
349
124
119
114
116
114
119
119
115
119
402
122
116
116
114
112
114
113
113
115
113
358
1125
115
109
114
113
114
115
114
113
361
122
119
115
117
113
115
113
114
116
116
371
123
116
118
120
114
115
114
115
114
365
139
118
114
114
115
113
114
114
114
371
122
118
115
116
113
115
114
113
114
114
408
124
117
116
114
115
117
114
114
119
368
123
118
115
116
118
116
117
115
112
116
488
127
116
114
99
115
117
116
114
77
501
124
119
117
115
115
114
116
116
115
114
367
125
116
117
116
114
116
116
116
113
492
127
115
117
116
114
115
114
114
116
114
422
129
115
115
116
117
114
116
115
117
400
121
116
114
114
113
115
113
113
117
117
465
165
115
114
116
117
115
115
114
115
375
140
116
113
115
113
115
115
113
114
114
483
166
116
116
114
114
118
115
116
115
439
161
117
113
116
113
113
113
117
113
113
400
123
116
116
118
113
114
113
113
113
439
136
117
119
114
116
115
114
113
113
114
362
163
116
115
113
113
114
113
114
115
385
123
116
115
114
114
115
114
114
113
114
357
124
117
114
117
114
113
113
113
114
322
160
116
114
115
115
114
113
113
114
113
421
139
114
113
114
115
112
114
117
112
445
127
116
118
117
114
115
113
114
113
114
425
127
116
114
115
115
115
113
113
113
370
125
120
118
115
116
116
116
116
113
113
353
121
117
116
116
115
114
79
115
115
422
125
117
114
114
113
114
114
115
116
113
439
139
114
114
114
115
115
115
117
115
348
122
116
114
115
113
114
114
113
117
110
445
125
116
114
114
114
114
113
114
112
430
132
118
114
115
114
114
116
115
116
117
390
127
116
115
113
115
115
115
115
115
426
134
117
113
115
113
114
116
114
113
114
404
124
119
112
116
113
114
115
114
113
330
108
117
116
117
115
116
113
116
114
114
394
123
116
115
117
114
112
114
113
117
395
163
116
114
116
117
114
113
113
113
385
164
116
116
116
114
119
116
113
114
112
495
126
117
116
115
116
82
114
114
114
343
121
115
113
115
115
115
117
116
115
113
396
124
116
116
114
114
113
116
113
114
408
168
110
113
117
114
114
114
117
115
113
391
163
117
109
118
115
115
115
115
114
414
163
117
113
115
115
115
116
117
115
112
408
166
114
116
117
113
113
113
114
115
377
164
117
116
115
116
80
115
114
1139
350
122
115
115
115
114
114
113
114
115
114
457
120
116
115
118
116
115
114
114
115
115
427
124
116
114
113
115
115
114
115
113
404
122
120
114
114
113
116
113
112
113
112
371
119
116
113
113
113
115
115
112
113
367
121
118
118
114
111
113
114
115
114
114
455
121
115
115
113
113
112
113
114
113
887
162
116
114
117
112
114
113
114
115
111
422
122
117
114
117
115
115
115
114
115
398
124
115
115
115
116
114
114
114
115
108
419
123
117
116
115
116
114
114
114
114
377
122
116
117
114
115
114
115
113
115
113
423
113
118
116
117
117
117
113
114
115
418
123
118
116
114
116
114
118
113
114
113
322
122
117
116
114
115
114
115
115
116
475
122
116
114
113
116
112
113
115
112
114
410
122
117
114
117
118
115
115
118
113
393
121
115
114
116
114
115
116
115
116
114
373
163
117
116
114
116
110
118
116
117
349
162
115
116
79
116
116
116
116
114
116
497
166
117
116
117
115
115
115
115
115
342
163
117
116
116
114
117
114
117
115
371
165
118
114
114
112
116
115
113
114
114
377
165
116
115
114
116
113
114
112
113
416
162
115
117
115
115
113
112
90
115
113
403
164
117
116
115
115
113
113
116
115
374
165
114
113
116
115
113
112
115
113
113
419
163
113
115
115
115
111
115
114
114
335
162
115
115
114
114
117
112
112
112
114
422
168
114
116
115
117
117
113
115
113
374
162
116
116
114
116
115
115
115
114
113
405
163
113
113
115
113
114
116
113
109
431
164
117
115
115
115
117
115
117
116
114
452
166
116
117
118
116
115
114
117
112
413
162
115
114
114
116
116
115
114
115
113
496
163
115
115
115
114
116
115
115
118
367
164
114
115
114
114
115
120
115
113
118
424
163
117
115
116
114
115
114
117
114
427
184
117
112
117
113
113
114
114
114
113
166
114
78
114
113
113
116
115
113
115
423
162
117
82
115
115
115
116
112
115
112
500
125
115
114
112
114
113
112
113
114
172
163
115
114
117
112
112
116
114
116
114
460
121
75
114
116
114
115
116
115
114
376
122
117
117
115
116
113
115
117
114
113
451
124
117
115
114
114
117
115
115
113
438
122
116
115
115
116
115
116
113
114
115
490
120
117
116
118
117
114
117
115
115
448
125
118
117
115
117
115
116
116
117
113
356
122
116
116
117
115
115
115
116
114
366
121
118
117
116
116
116
114
118
114
116
230
163
114
119
115
114
115
116
116
116
227
116
114
117
117
116
116
114
115
116
115
217
115
116
113
114
113
112
112
113
112
183
166
117
114
114
113
117
113
140
114
116
173
118
117
116
113
112
114
114
112
115
181
116
114
114
115
115
114
113
116
112
209
119
116
115
114
117
115
113
115
115
114
188
114
114
114
116
114
114
114
112
112
187
116
117
115
115
114
114
116
113
115
115
171
115
116
114
113
113
113
116
113
113
177
163
116
115
116
115
109
118
114
121
114
169
116
115
114
114
116
115
116
114
118
238
116
115
114
114
115
114
115
114
113
114
204
163
114
114
115
115
115
114
114
116
217
115
115
114
114
116
115
114
113
113
113
174
117
115
115
113
114
113
113
113
113
171
164
115
115
114
115
114
115
115
113
113
181
116
119
116
114
115
115
114
113
114
234
162
114
117
115
114
114
112
113
114
114
284
164
115
116
116
114
114
114
114
113
282
162
115
114
114
116
113
113
113
113
118
177
161
114
115
115
117
112
113
112
114
170
163
116
114
114
114
118
114
113
112
113
186
115
115
113
113
114
115
115
115
113
219
116
116
113
116
115
114
116
117
113
113
214
115
116
116
113
114
116
116
113
113
184
114
115
116
113
114
113
113
116
116
113
182
115
114
115
116
115
116
113
117
114
239
114
114
116
117
114
116
115
114
114
113
229
164
113
114
114
114
114
113
113
114
172
160
115
113
114
117
115
114
115
114
113
180
164
115
111
116
115
115
114
116
115
233
114
114
115
114
115
113
111
114
114
113
174
163
115
113
114
113
114
114
113
113
255
161
116
113
118
112
115
113
114
114
112
165
163
116
115
116
113
113
114
114
109
220
165
117
117
116
114
113
115
113
113
79
346
120
110
109
110
113
114
112
115
112
175
162
116
113
113
116
114
114
113
116
114
176
117
116
117
116
116
115
115
114
114
115
113
117
116
116
118
115
114
113
113
165
115
116
114
114
115
116
115
117
113
115
137
112
114
113
114
113
113
115
117
113
112
189
115
117
115
115
117
115
115
116
118
122
113
117
109
114
112
113
115
117
114
168
115
115
118
115
116
116
118
116
116
117
172
114
114
112
113
114
114
115
114
113
154
116
116
115
115
114
114
114
121
114
115
177
116
115
116
115
114
116
113
114
113
188
114
117
113
116
112
112
113
114
113
112
174
117
113
116
115
112
114
113
115
112
144
115
117
119
112
142
114
113
113
112
112
181
115
118
116
114
115
114
117
113
114
166
115
112
114
116
113
116
113
114
113
113
151
116
116
116
115
114
116
113
113
114
173
163
117
116
114
108
113
108
119
160
114
115
111
115
113
112
114
113
111
110
113
108
113
113
120
114
351
173
111
113
109
115
116
111
113
115
114
113
113
108
115
113
122
132
122
115
111
114
113
113
112
112
111
139
111
116
115
115
111
115
113
112
112
159
114
118
118
115
114
113
113
113
114
113
192
113
116
117
113
113
113
112
113
113
190
114
115
116
115
114
113
115
115
115
113
157
114
116
113
118
114
113
114
112
114
194
114
114
114
114
114
115
114
112
113
112
172
113
116
114
117
115
116
113
112
113
176
116
117
114
116
114
116
118
111
112
114
145
115
118
116
113
115
117
118
114
112
186
114
115
114
115
113
114
113
115
113
113
147
115
115
114
115
115
115
115
115
115
140
113
115
113
115
116
115
114
118
116
113
148
115
115
115
115
114
114
116
114
116
121
116
119
115
115
114
115
114
114
117
116
142
114
118
117
116
114
114
117
117
114
159
114
114
116
116
115
116
118
118
117
116
170
114
115
118
116
116
114
113
116
115
214
118
119
113
115
113
115
114
115
115
154
113
115
115
114
114
115
114
114
114
115
195
116
117
116
115
113
114
112
116
113
167
115
113
114
117
113
115
111
114
113
113
162
114
114
116
115
116
113
115
115
112
176
114
114
115
116
115
116
114
115
112
111
180
113
115
114
115
114
117
115
113
113
170
113
116
114
113
114
116
93
76
107
106
211
111
110
116
116
116
115
119
113
114
173
115
117
118
117
116
117
116
114
114
115
189
114
120
113
120
121
114
116
117
112
184
115
115
116
116
115
116
115
114
121
112
189
114
117
114
116
118
115
114
114
116
196
115
117
114
115
116
113
113
115
115
110
195
115
116
114
113
114
114
112
114
114
142
114
113
114
114
115
114
114
113
112
113
180
115
117
114
115
115
114
114
114
114
186
115
116
117
115
114
114
113
113
114
114
214
114
115
114
113
112
112
114
113
114
152
114
115
116
116
115
115
114
113
113
115
210
114
115
116
113
115
113
113
115
114
137
115
132
115
117
116
114
115
114
114
108
435
109
115
116
115
115
113
117
114
116
174
117
114
115
114
114
115
115
113
113
114
187
114
114
115
114
115
113
114
113
112
187
114
114
114
117
114
118
114
115
115
118
186
113
114
116
115
115
114
115
114
111
178
118
116
115
118
116
117
117
113
115
118
104
115
115
115
114
115
115
116
115
116
179
114
115
114
113
114
117
115
117
114
112
186
116
115
118
114
115
115
116
115
114
151
115
115
114
115
118
113
116
115
115
113
177
114
110
114
115
114
115
114
115
115
242
115
116
114
114
115
115
116
115
113
170
115
117
115
113
113
115
113
113
113
113
173
114
116
116
115
114
114
113
114
113
112
186
116
115
118
116
115
115
116
117
115
158
113
110
113
119
115
114
116
114
114
173
117
116
115
113
114
115
114
116
114
114
160
114
116
115
114
114
112
113
114
114
174
113
115
115
112
113
114
115
112
112
113
201
116
115
115
112
115
116
112
114
113
160
115
117
117
115
115
114
116
112
113
112
175
116
115
115
114
117
113
116
114
117
128
109
114
113
115
117
113
115
115
112
114
169
114
114
114
115
114
118
115
114
115
170
114
119
115
115
115
115
116
114
116
114
137
111
116
115
117
115
116
118
115
116
174
115
114
119
114
115
114
116
115
114
116
181
114
114
114
116
115
115
114
114
116
121
110
113
116
113
115
113
114
115
113
115
155
113
114
115
114
116
116
114
114
115
189
115
118
114
116
113
112
114
114
113
113
230
114
114
115
113
114
114
113
116
113
230
115
115
116
115
114
115
114
117
113
112
122
115
115
119
94
76
112
113
112
114
248
113
116
113
115
114
114
113
113
113
114
165
114
115
114
116
112
113
114
113
115
143
115
115
114
115
118
115
114
113
112
114
171
116
115
114
115
114
119
115
113
113
167
115
117
115
115
117
114
115
114
112
113
165
117
114
114
115
113
114
116
117
113
176
113
118
115
115
116
1112
114
113
108
112
263
162
116
114
115
115
113
116
114
116
378
162
117
114
114
116
115
114
114
115
114
313
161
116
116
115
114
118
117
113
115
311
161
117
114
114
114
114
115
114
114
113
184
116
117
113
115
113
113
114
115
115
415
163
119
115
116
113
113
114
116
115
107
427
162
116
116
115
116
114
113
142
114
433
162
117
116
115
115
114
114
114
113
415
162
116
114
115
115
114
113
112
114
111
375
162
115
114
115
114
114
114
116
115
341
163
116
118
116
115
115
113
113
114
113
202
115
116
115
114
115
114
112
113
113
351
155
119
117
115
114
118
118
115
114
115
433
164
115
115
115
117
115
118
115
113
340
159
115
114
114
116
116
115
116
113
113
342
161
116
116
114
113
116
114
115
112
383
163
115
114
114
115
113
115
116
119
112
372
164
116
117
114
114
116
115
114
118
200
115
116
116
114
116
116
114
118
113
112
366
164
114
114
114
114
114
114
113
112
369
162
115
117
116
114
116
115
114
115
115
396
165
118
113
112
113
112
111
114
113
411
163
116
114
115
114
114
115
114
115
78
312
162
117
115
115
112
112
111
115
116
174
114
114
114
119
114
112
113
113
113
112
423
164
116
116
115
113
114
113
113
112
372
163
114
113
114
114
113
114
116
113
113
351
163
115
115
115
117
116
116
113
115
380
164
118
115
115
117
116
115
114
112
114
402
168
116
115
114
114
115
113
112
113
283
162
114
118
113
113
114
113
113
113
113
331
163
117
117
115
115
116
117
114
113
384
163
116
118
115
114
116
115
116
114
112
340
164
116
114
115
114
117
117
116
114
185
113
113
114
114
114
112
114
114
117
113
183
115
116
117
115
117
115
114
116
115
184
116
114
116
115
115
116
116
114
114
113
133
114
115
115
115
115
115
115
119
116
123
114
116
113
115
112
112
117
114
115
113
186
115
115
114
114
114
115
115
115
115
167
114
86
116
109
108
108
107
108
114
112
127
114
116
116
117
114
113
114
114
113
121
113
114
114
115
113
114
112
114
113
113
183
117
113
116
116
114
112
113
114
112
146
113
118
115
113
114
116
115
115
111
178
115
114
115
114
116
113
118
115
113
113
123
113
114
114
114
115
114
115
117
114
188
116
117
1132
91
113
116
113
117
116
115
143
113
113
113
115
116
114
112
115
115
191
120
113
118
115
114
116
115
116
116
115
146
112
118
117
115
114
115
115
114
115
124
114
115
117
116
114
115
115
117
114
116
121
118
114
118
116
114
116
116
115
115
150
115
118
112
113
115
113
115
112
111
111
185
116
117
117
112
143
113
116
108
108
123
110
115
114
114
115
114
114
114
115
115
189
117
116
114
116
116
114
114
115
114
177
114
114
114
115
115
118
114
115
113
114
124
117
117
116
117
114
117
114
117
115
145
114
115
116
118
115
114
116
114
113
113
134
114
115
114
114
117
116
116
114
113
131
116
114
116
115
119
114
116
115
111
114
231
113
115
115
115
114
117
115
116
114
316
166
117
117
115
115
115
114
116
115
113
222
115
115
116
115
114
115
115
116
116
151
163
115
115
116
116
116
114
115
117
117
186
115
116
117
136
116
117
118
118
116
196
109
115
113
115
115
116
114
113
114
112
430
162
118
116
114
114
112
112
113
114
230
116
116
115
115
114
114
111
112
112
113
422
164
118
116
115
114
113
115
116
112
341
163
119
116
114
114
113
114
113
114
114
383
157
117
114
115
113
114
114
114
116
295
162
115
115
132
117
116
112
113
112
113
160
114
115
114
115
115
113
114
113
112
290
161
114
115
116
114
117
116
112
113
113
321
161
116
113
115
116
115
116
113
113
273
163
115
116
115
114
116
116
113
114
112
405
164
115
113
115
113
117
117
113
113
197
116
117
117
116
114
118
114
119
114
257
155
117
116
115
114
117
114
113
115
115
303
166
115
113
115
116
114
114
112
114
246
162
116
116
115
115
117
115
117
116
116
157
165
114
115
114
117
116
116
117
114
173
116
117
115
118
115
117
115
115
115
116
276
162
115
116
114
115
114
116
114
113
236
163
117
114
113
114
114
114
113
113
113
354
160
117
114
114
114
115
113
114
114
166
111
114
110
108
108
110
107
109
113
113
240
114
116
116
117
113
113
114
114
113
187
114
116
114
113
116
114
113
114
118
114
178
115
116
116
117
115
113
114
113
114
128
118
116
113
115
115
116
113
114
113
114
203
116
115
116
116
114
118
115
114
114
199
163
118
115
116
114
115
118
112
115
1127
355
174
117
117
116
115
116
117
114
114
405
172
115
115
117
116
118
115
116
113
114
132
116
117
117
117
115
116
115
116
119
416
166
116
116
117
121
116
117
116
116
112
404
161
113
114
115
115
113
114
113
116
361
161
117
117
116
116
116
117
115
114
116
392
172
117
115
115
117
117
118
115
116
387
179
131
118
115
117
115
116
117
116
115
404
164
117
114
115
115
114
114
114
114
399
166
116
119
113
112
113
112
113
113
114
342
164
115
116
115
115
114
114
112
114
299
165
117
120
115
114
114
115
114
112
112
463
180
116
117
116
113
116
113
113
114
204
114
115
115
117
117
115
114
116
114
113
428
161
116
120
116
114
113
114
113
107
396
164
115
113
115
114
116
114
112
114
113
374
163
116
117
115
115
115
113
112
114
377
113
117
117
118
117
117
115
113
112
148
115
118
115
114
115
114
114
114
115
114
373
162
115
117
116
76
115
116
114
114
307
156
116
113
116
116
115
114
114
117
113
367
161
116
117
121
113
115
114
117
113
419
162
114
115
114
113
114
113
116
115
112
377
174
115
114
114
113
113
113
114
114
357
162
116
117
115
114
114
116
114
114
115
129
115
120
114
115
117
115
113
114
114
409
163
115
116
113
113
114
112
113
113
112
306
156
115
118
113
113
115
113
114
122
122
117
113
117
113
119
115
115
114
113
115
182
117
116
113
114
116
114
113
112
115
221
115
116
115
115
112
114
115
112
112
112
232
116
115
115
112
113
114
114
113
112
165
113
116
117
117
113
112
115
113
113
112
206
115
116
117
117
115
113
116
117
115
248
115
115
115
115
115
114
113
114
113
117
194
114
116
115
114
117
115
113
116
112
205
120
118
115
115
116
118
115
115
116
114
187
164
116
116
117
116
116
115
115
114
206
161
116
115
115
116
116
113
119
113
113
286
162
114
116
114
115
113
115
114
115
247
163
116
114
114
115
116
115
78
71
109
282
158
111
107
112
115
114
114
116
115
291
161
116
119
114
113
118
116
115
116
113
294
165
116
114
113
114
112
115
113
113
334
164
118
113
114
114
113
113
114
113
113
223
114
114
113
115
113
114
113
117
113
294
161
115
117
115
114
112
114
114
113
112
222
163
115
115
112
115
1113
116
113
117
274
161
114
113
114
117
113
114
117
113
112
236
163
115
116
115
115
116
113
113
112
168
114
118
114
118
114
114
115
112
112
114
230
162
117
114
114
115
114
117
114
112
271
161
114
115
113
113
116
115
113
113
251
164
115
116
115
117
113
114
115
117
112
286
163
115
115
115
114
114
114
116
142
288
164
113
116
113
113
114
112
113
113
112
325
164
114
114
113
114
115
116
114
114
411
160
116
115
114
114
115
114
114
118
113
154
114
116
112
114
113
114
112
114
112
397
164
119
116
114
114
112
114
113
113
113
219
164
116
115
114
114
114
114
113
115
314
165
115
113
115
113
112
112
111
114
114
270
162
116
114
116
113
114
113
113
112
283
163
114
116
113
112
112
111
115
113
113
284
162
116
117
112
116
112
113
114
112
257
160
115
114
114
119
115
112
113
112
111
329
163
117
114
115
114
115
114
113
116
324
180
115
115
113
115
114
114
112
112
113
250
164
114
116
114
115
115
118
113
111
332
163
116
113
114
114
115
114
115
111
108
271
164
115
116
113
116
112
112
116
112
165
114
118
115
116
114
118
115
116
116
114
366
162
115
114
113
112
114
115
114
116
334
164
114
115
113
115
116
113
109
115
116
251
162
115
115
116
114
117
114
116
114
158
166
117
115
117
116
115
116
115
115
116
183
164
117
116
114
115
113
115
114
113
320
163
118
113
113
115
113
115
116
115
113
198
162
119
116
113
113
113
114
113
116
273
162
118
116
114
113
114
115
114
113
114
230
113
114
118
114
115
115
116
114
113
266
163
115
115
116
113
114
114
113
113
113
340
157
120
117
115
112
115
113
114
112
326
162
116
116
114
116
115
115
114
113
115
326
161
114
114
114
113
115
115
114
114
197
116
115
115
115
120
115
118
114
113
114
278
163
116
115
114
115
112
113
117
114
249
163
115
116
114
113
115
114
113
115
113
245
164
116
119
77
112
110
112
110
112
323
157
116
116
116
116
114
114
115
117
259
116
113
115
113
113
114
114
116
113
115
290
162
116
115
117
115
116
115
118
115
172
115
118
113
116
114
117
115
115
116
115
165
118
114
117
115
115
114
115
115
114
343
163
118
114
116
113
114
112
113
114
112
288
164
113
1118
119
115
115
116
116
113
123
115
117
115
117
115
116
114
116
115
114
267
163
115
116
115
119
116
114
113
113
205
162
115
116
116
116
115
118
116
114
114
246
164
113
113
113
113
116
114
113
113
342
161
116
114
115
116
115
114
117
112
113
251
160
115
113
113
113
114
114
116
114
241
115
115
114
115
115
153
114
114
118
114
180
115
115
114
117
114
117
114
115
116
232
162
114
114
114
114
115
114
114
117
114
288
162
115
114
109
114
113
113
114
115
276
163
117
116
116
116
116
117
117
115
116
267
166
115
113
114
114
115
114
115
114
351
164
119
114
114
114
113
113
112
115
113
184
114
116
114
114
115
114
114
114
116
229
161
117
116
117
116
112
114
113
113
113
322
154
116
115
116
113
114
112
115
113
177
161
116
116
113
116
114
115
113
114
115
268
164
115
115
115
119
113
114
115
112
234
117
115
119
113
114
117
114
112
113
112
269
165
116
116
115
114
116
115
115
112
212
160
114
114
114
113
115
114
117
112
115
189
161
116
117
116
117
115
117
116
116
183
117
114
117
116
116
114
116
114
132
115
372
122
115
114
114
113
115
113
114
115
395
121
115
115
115
114
114
115
118
115
114
407
123
117
118
115
114
116
115
115
116
415
161
116
114
114
113
115
112
113
113
403
121
116
117
114
114
114
115
114
112
113
403
121
116
118
113
113
115
114
114
112
367
122
119
113
115
114
113
113
115
114
112
350
161
116
115
116
114
113
114
113
114
394
168
114
113
114
116
116
114
113
115
114
221
162
115
116
116
115
114
112
115
113
167
161
114
112
115
118
114
116
115
113
113
258
166
116
114
115
116
115
115
116
113
174
115
114
115
114
115
114
118
114
117
113
239
117
120
118
116
116
116
115
115
117
222
119
115
116
114
118
114
114
115
114
116
184
165
116
116
115
115
114
114
114
118
246
163
117
114
114
115
114
115
115
115
114
201
81
79
110
110
111
112
110
112
116
437
166
113
117
118
116
114
115
114
114
115
476
165
119
120
115
115
116
119
114
115
460
166
120
118
116
114
115
115
115
116
115
437
126
118
122
118
116
114
116
115
114
395
163
116
117
117
117
114
117
116
114
118
430
167
116
114
115
120
115
116
114
115
157
119
118
117
115
118
110
117
108
113
196
369
165
120
118
117
116
115
117
116
113
393
123
117
117
116
118
116
117
122
116
115
341
123
119
119
116
116
116
119
115
118
343
122
116
118
115
117
114
83
116
116
118
422
139
115
115
115
118
114
116
114
116
431
128
115
116
118
117
117
118
121
116
115
344
125
110
115
114
109
115
115
113
115
418
139
119
117
114
114
113
115
115
115
115
334
166
117
117
115
116
114
115
117
114
345
122
117
116
119
117
117
112
114
114
114
382
122
115
115
114
116
113
115
116
113
385
164
117
117
116
118
117
115
114
113
116
349
123
115
114
115
116
119
113
113
115
356
121
117
115
116
115
113
118
113
113
380
166
118
115
115
115
117
116
117
114
113
341
121
116
114
118
114
114
114
116
115
339
125
114
113
116
119
115
115
114
114
113
409
122
115
115
114
115
116
115
115
115
338
124
115
116
117
116
115
115
118
114
116
382
124
116
115
116
116
115
119
114
114
409
126
116
115
115
114
116
117
115
113
116
341
123
120
116
117
116
115
115
116
115
383
126
117
115
114
115
114
114
115
116
132
462
124
115
116
115
114
114
116
116
114
340
124
119
113
113
113
113
112
114
114
111
376
122
118
113
117
112
114
113
113
112
333
109
116
117
116
113
113
113
116
113
113
364
122
117
119
113
115
115
115
116
114
386
121
117
116
118
114
113
114
114
114
113
338
121
116
117
115
114
114
114
114
109
328
123
119
116
116
117
113
114
114
114
113
396
125
115
116
116
114
114
113
115
115
340
123
116
115
116
117
118
112
114
115
112
367
123
118
116
115
116
117
113
116
113
354
122
115
115
117
114
115
121
116
115
116
378
122
118
118
117
114
118
116
113
114
394
123
117
114
116
116
114
114
117
113
113
381
123
116
113
114
115
116
113
117
113
368
121
118
117
113
115
114
113
116
116
114
378
123
115
115
115
114
113
115
85
75
321
111
112
111
114
112
117
115
116
117
115
398
125
117
114
117
114
114
114
115
113
354
123
118
116
116
115
116
118
115
116
116
385
121
114
118
118
118
114
118
118
117
341
122
120
115
113
115
115
116
113
112
116
353
122
119
116
114
113
115
113
114
113
351
123
118
115
113
108
113
1036
116
114
113
360
171
117
119
113
112
113
114
114
116
384
121
115
115
115
114
114
111
115
113
379
123
117
118
116
119
113
115
115
113
114
381
125
116
115
114
116
115
115
115
116
328
122
116
115
115
115
117
117
116
114
116
355
121
116
116
114
114
114
118
113
113
352
122
116
116
115
115
115
114
115
118
149
373
122
117
113
114
114
117
115
116
116
339
123
117
117
115
117
118
115
118
115
115
366
124
117
116
117
117
117
115
116
115
367
122
119
117
114
115
113
114
115
114
114
344
122
117
114
114
114
113
114
118
114
372
121
117
117
118
117
115
114
113
115
116
398
121
117
119
114
115
115
113
115
113
356
122
118
117
116
114
115
115
115
118
115
324
122
116
119
117
115
114
115
113
114
347
122
117
116
117
118
116
114
115
116
115
324
125
118
116
117
115
115
113
114
116
379
124
117
115
115
116
113
114
117
117
115
344
122
116
118
121
117
119
113
113
114
384
122
114
116
115
116
114
118
113
115
115
416
118
120
116
117
115
119
116
119
116
345
122
117
116
118
118
117
117
117
117
113
377
122
119
116
115
115
116
116
76
117
350
122
116
116
116
116
115
116
116
116
115
388
122
116
115
115
116
117
115
115
115
384
121
117
116
115
117
116
116
116
117
115
352
122
115
114
115
114
114
113
115
115
371
116
118
117
112
115
116
114
114
118
115
342
163
116
115
115
112
115
115
116
116
378
125
118
119
116
114
114
115
114
114
115
350
123
115
117
115
115
115
115
113
114
380
165
115
115
116
116
114
115
114
114
116
334
124
118
116
115
117
117
116
113
114
348
121
115
116
115
115
116
115
116
114
113
415
121
112
117
116
117
114
115
113
113
326
122
117
117
116
116
116
117
117
113
115
378
121
116
116
114
114
115
115
117
108
481
121
116
115
116
115
115
114
115
116
375
124
117
117
118
117
116
116
116
116
118
383
123
116
116
116
83
76
121
118
118
413
125
117
117
116
116
116
116
115
117
115
353
124
118
115
118
115
115
116
115
114
415
119
117
115
116
116
114
115
114
116
116
388
121
117
116
118
116
118
117
115
116
396
121
117
115
114
115
115
114
113
114
113
386
124
122
115
114
115
114
114
116
117
443
126
115
115
1074
116
114
116
114
114
114
344
123
117
117
114
114
115
114
115
113
344
119
118
117
119
116
116
114
113
113
114
367
123
116
116
118
115
114
114
116
115
369
124
115
116
116
116
118
112
114
114
114
352
122
115
116
115
113
117
117
115
114
354
122
116
116
116
115
123
134
118
117
113
326
121
117
116
110
115
152
117
114
114
352
122
115
118
115
113
115
113
116
114
113
376
125
118
116
117
116
116
116
116
115
326
122
116
115
115
114
116
117
114
119
115
380
123
118
116
115
116
115
117
115
118
384
124
119
115
115
115
115
116
116
122
114
352
120
115
114
113
114
114
117
117
114
349
122
118
115
116
118
116
115
117
115
116
383
124
117
118
115
116
116
116
117
117
354
124
117
115
116
114
115
115
117
114
114
381
121
117
114
114
114
114
116
113
115
378
124
117
118
114
113
117
114
114
114
113
379
122
118
119
112
113
116
115
116
113
377
122
115
118
114
115
114
113
114
113
114
345
122
118
117
115
116
113
116
118
114
344
122
117
116
118
117
119
114
114
115
115
382
117
117
115
117
116
117
114
115
114
350
121
116
116
117
114
114
117
114
115
113
326
121
117
114
114
116
115
115
114
115
325
121
120
117
117
117
117
118
118
114
115
326
120
117
117
116
118
115
118
116
114
327
121
119
116
117
118
116
117
115
120
378
125
118
114
117
119
115
117
117
116
117
348
122
116
117
116
117
120
117
116
116
386
122
117
116
114
116
116
116
114
115
115
343
122
117
115
115
115
116
117
116
116
337
122
118
118
114
115
113
116
116
112
115
330
122
118
116
115
113
115
113
115
116
347
122
115
115
114
113
113
115
114
114
114
380
123
117
117
117
118
114
114
114
117
375
124
115
116
116
115
115
114
116
113
114
334
123
114
115
114
116
115
115
114
114
387
122
115
113
115
116
115
114
115
120
113
340
122
117
117
116
116
114
114
113
114
347
125
118
83
111
111
111
109
107
108
109
378
122
117
115
114
115
116
114
116
113
350
122
117
115
115
115
117
115
115
113
114
380
124
119
117
116
115
116
120
118
114
384
120
118
118
117
116
117
119
117
116
110
339
122
118
118
117
117
116
117
119
117
360
121
114
114
114
114
113
116
113
116
113
1066
129
115
116
114
113
114
115
115
117
335
122
119
120
116
118
118
116
118
117
115
382
164
119
114
117
114
116
114
116
118
351
122
118
116
115
114
116
116
115
114
115
368
122
119
116
114
115
115
113
114
114
376
164
116
117
114
115
115
113
113
115
117
386
123
117
115
116
113
114
113
116
112
332
122
119
158
118
115
113
114
117
112
113
414
122
117
118
117
116
116
114
114
113
389
121
116
117
116
115
117
114
114
116
114
341
123
118
117
116
115
116
113
117
114
157
114
120
112
117
115
115
110
115
115
117
114
115
126
111
138
454
313
124
117
115
110
114
118
115
140
115
116
114
116
117
114
389
111
115
116
117
115
115
116
117
115
384
120
115
116
118
117
115
115
116
114
350
122
119
116
116
111
116
113
117
114
117
447
126
118
115
116
114
113
114
115
113
329
122
117
119
113
115
115
116
117
116
113
346
122
117
117
114
113
113
113
113
114
448
123
115
115
82
113
117
118
113
114
114
352
124
119
117
116
114
114
115
113
115
347
122
116
117
117
115
114
117
112
112
113
327
122
119
115
116
119
116
112
115
114
341
122
116
116
119
115
120
114
115
115
114
374
123
119
117
118
118
117
115
115
113
374
121
117
114
114
115
114
117
115
115
112
343
116
117
118
115
114
119
116
112
115
335
122
120
116
116
115
116
117
118
113
114
348
122
117
115
114
117
115
117
118
113
353
122
117
117
115
115
116
117
116
118
113
387
122
120
117
121
115
121
118
118
117
356
122
118
117
114
116
116
117
117
116
115
386
120
115
116
116
115
117
120
115
115
393
124
115
114
115
115
116
116
116
115
113
351
122
121
116
117
117
117
116
117
116
350
123
118
113
116
113
114
115
116
115
115
350
122
121
114
113
114
115
114
113
114
349
122
114
119
112
115
113
114
115
116
113
351
118
116
117
114
115
114
114
115
113
345
122
116
116
117
115
114
115
114
114
114
396
122
117
119
119
116
114
116
116
115
348
121
116
118
114
119
117
114
114
116
115
351
121
117
115
117
117
115
115
114
114
337
122
117
116
119
116
116
114
115
116
116
400
122
119
116
116
120
118
114
114
115
398
123
117
116
115
118
117
118
116
110
114
397
122
116
116
117
115
114
891
117
114
341
122
116
116
115
116
116
118
120
115
115
335
123
117
118
116
117
116
117
118
115
336
123
115
116
116
116
115
115
115
118
359
122
116
114
115
115
116
115
117
114
116
353
122
116
114
116
115
117
116
117
118
342
122
121
114
114
113
116
115
113
113
114
351
123
118
117
115
115
114
117
115
117
984
246
116
111
114
114
114
116
114
116
114
355
123
116
115
115
115
115
115
115
113
487
125
77
115
116
114
114
115
115
114
115
353
122
119
115
117
113
115
116
116
115
339
122
117
117
114
117
114
117
114
115
115
394
122
118
115
114
115
115
112
115
113
399
116
115
117
116
115
115
116
116
115
115
340
122
116
118
117
115
115
114
115
117
351
122
116
119
116
117
116
116
114
113
115
350
121
116
113
114
116
113
116
117
114
391
123
124
116
114
115
115
114
117
115
116
338
122
118
117
117
115
118
117
114
114
354
122
117
117
116
115
117
116
114
115
114
333
122
116
115
115
118
115
118
114
114
352
107
118
118
119
117
115
117
116
115
115
336
163
115
116
115
117
115
113
118
115
357
122
118
114
114
114
113
114
113
114
114
353
120
115
116
115
112
115
113
113
116
353
160
115
117
115
115
115
113
117
109
116
350
121
116
117
113
113
114
113
112
113
349
116
117
118
117
115
113
112
114
114
113
380
122
116
113
116
113
116
114
116
114
346
122
115
118
113
115
117
113
114
113
113
348
124
116
116
115
117
113
116
117
114
375
122
116
115
117
114
116
115
113
116
113
337
121
117
116
116
116
114
117
115
114
391
123
114
115
117
117
114
114
112
