868
144
201
597
286
621
303
143
712
143
190
362
531
194
612
397
143
195
602
329
143
306
107
187
188
497
109
154
630
150
140
202
1078
91
190
524
293
305
665
154
141
357
299
187
199
190
849
767
88
140
685
870
130
142
141
143
348
241
142
697
526
201
200
612
498
147
360
179
143
194
639
499
190
698
393
135
200
566
370
141
507
303
195
197
636
471
143
673
519
140
139
631
517
144
391
208
141
195
525
107
139
421
196
140
194
633
446
135
1297
1478
486
141
381
251
187
639
518
142
155
639
518
143
681
518
141
190
649
524
187
672
292
140
138
365
113
136
859
708
182
187
659
519
143
398
141
141
187
668
475
187
666
520
143
188
651
581
142
702
473
188
187
591
450
142
373
225
141
141
651
557
141
365
117
142
135
669
560
143
392
206
139
188
663
503
139
401
149
140
189
791
682
192
479
349
197
200
603
433
144
385
190
142
197
620
417
142
597
437
141
193
558
393
190
557
347
136
198
640
486
139
392
172
137
189
796
460
200
629
485
140
141
522
328
141
417
198
142
197
615
458
142
663
577
143
141
618
419
194
623
487
140
194
559
393
140
353
197
144
194
626
458
140
686
380
195
197
609
404
201
554
386
143
199
722
509
139
406
257
142
192
693
335
193
761
614
188
201
593
436
108
421
194
142
204
811
613
200
651
551
141
139
665
449
190
648
323
205
200
593
389
142
409
271
195
194
678
224
141
748
578
139
140
409
246
196
522
379
202
199
570
362
142
603
434
195
197
686
484
198
561
353
145
205
594
392
143
624
183
187
203
604
415
141
467
311
141
198
604
438
192
581
420
144
195
539
417
139
872
613
190
188
609
425
142
715
358
141
443
106
140
199
619
448
142
656
524
137
141
421
218
143
773
619
189
195
520
377
141
591
405
196
198
604
456
200
667
464
139
196
1013
395
205
492
316
141
213
682
505
141
640
493
138
149
673
523
182
512
336
147
184
683
586
141
687
579
187
185
675
496
144
513
492
141
142
701
357
186
681
524
140
142
625
441
140
445
265
143
184
670
612
140
599
444
185
186
707
640
188
678
606
132
193
761
585
140
663
565
143
187
694
544
181
789
664
181
182
805
503
182
819
676
181
187
607
473
143
612
446
139
136
688
595
193
680
520
140
417
971
576
142
464
306
190
190
680
618
144
695
574
143
140
467
297
190
685
536
142
189
607
435
145
435
274
139
189
548
418
186
633
488
143
190
658
463
186
671
507
188
187
560
377
140
620
461
143
189
590
423
186
732
597
188
186
690
279
145
663
498
189
187
680
554
142
551
355
140
144
750
571
243
631
517
144
186
703
394
140
628
429
191
188
648
459
138
814
485
186
182
679
558
183
624
552
105
185
609
481
144
1682
1619
610
173
673
554
142
661
534
140
186
689
572
101
670
542
148
147
556
518
141
395
213
140
187
652
608
102
666
564
102
185
708
575
103
589
380
190
188
644
547
139
687
559
140
141
672
611
186
516
510
107
185
675
497
139
423
279
102
184
624
476
115
613
480
102
154
793
656
186
585
439
185
188
635
517
109
534
382
142
189
801
656
142
392
243
143
182
548
399
180
793
643
185
185
652
509
102
621
507
100
142
650
573
188
608
477
112
157
668
495
141
443
307
187
187
643
341
142
630
522
140
139
465
331
152
619
477
142
187
609
487
141
424
277
157
187
601
410
105
637
502
142
738
548
187
184
620
483
148
593
466
144
185
634
495
115
455
282
185
186
663
505
142
658
550
144
187
567
405
184
672
587
144
140
665
624
91
680
556
184
188
558
369
184
598
458
99
138
675
582
181
699
574
140
188
611
494
143
415
287
141
187
611
252
149
574
470
102
140
408
191
187
623
521
186
187
684
552
104
406
297
100
153
662
525
141
719
588
147
189
512
332
144
508
105
185
186
481
271
106
503
326
141
191
554
371
186
530
364
186
184
620
477
103
590
451
186
187
665
366
105
382
229
107
138
416
359
188
605
490
142
139
627
493
102
680
499
197
187
561
404
152
693
519
140
140
440
410
188
657
484
144
158
548
412
135
684
645
92
86
616
451
147
599
450
141
189
644
499
148
508
329
141
186
590
455
99
405
236
106
187
593
483
185
618
505
104
197
721
603
106
663
575
150
191
612
408
187
660
543
111
144
886
695
185
637
485
104
187
602
449
135
413
221
136
186
718
577
181
713
573
135
139
414
228
107
610
420
188
185
593
427
131
621
440
100
186
718
589
185
637
523
101
187
585
458
144
711
562
151
150
561
413
187
625
439
104
502
882
266
179
808
659
189
185
643
559
103
442
255
135
178
638
549
133
654
566
130
187
882
456
148
586
489
103
154
615
459
144
655
584
147
189
634
501
151
582
486
101
97
612
493
148
554
438
186
190
634
533
102
634
314
104
154
622
406
149
613
476
146
186
644
482
139
685
558
142
187
671
541
190
699
582
103
100
665
522
187
681
589
138
188
594
517
100
726
604
186
189
678
613
141
681
567
142
185
733
591
186
1261
1004
94
704
586
181
188
697
552
139
735
618
90
136
597
565
140
688
584
140
188
648
570
151
697
471
141
179
675
566
136
773
607
186
188
677
552
141
458
275
145
140
666
561
148
570
598
103
140
666
554
143
431
297
159
154
669
533
142
663
619
140
138
411
299
188
680
603
144
188
653
558
96
428
236
102
189
801
602
142
698
552
105
184
661
566
150
661
603
148
188
644
569
141
660
573
144
186
696
504
150
695
593
103
140
670
560
136
685
436
152
183
688
611
145
382
239
141
140
685
580
187
646
603
142
138
685
524
100
446
246
188
187
683
552
100
424
237
140
138
415
236
142
661
554
140
188
651
528
140
399
189
108
189
654
559
101
700
563
145
185
707
597
148
652
599
146
187
705
335
140
669
599
105
190
760
553
147
668
524
103
162
691
625
141
686
616
150
190
706
652
100
424
269
144
140
423
283
192
663
394
140
141
664
536
141
416
245
155
188
668
537
181
742
612
89
137
374
196
151
654
538
147
188
629
487
144
625
482
104
188
575
556
186
634
483
140
186
614
433
114
599
507
186
184
567
372
187
658
595
104
105
653
501
190
580
405
107
114
659
512
141
509
474
185
188
639
508
141
570
465
150
187
718
528
187
596
423
185
194
663
555
112
430
296
142
188
626
463
102
659
535
102
197
756
691
114
676
635
187
183
618
482
143
406
173
143
184
663
493
144
399
185
142
140
726
438
136
1050
770
119
182
509
322
136
553
417
111
113
614
491
185
622
488
142
142
618
517
137
596
456
188
185
634
521
142
653
530
142
186
726
501
186
634
532
189
184
620
440
106
395
234
109
187
651
484
148
663
460
102
187
676
516
136
624
455
148
675
538
141
188
622
533
142
456
323
195
153
664
495
140
707
555
142
139
452
234
188
714
83
185
188
643
531
141
349
106
145
187
653
562
151
652
591
141
187
676
195
188
637
570
138
187
626
542
101
655
577
141
189
659
554
188
644
561
141
187
654
558
107
585
447
148
186
640
614
140
623
226
103
100
616
434
142
619
495
140
143
524
466
113
189
184
186
632
772
110
102
279
411
405
102
138
189
190
631
772
118
148
595
738
91
111
140
186
365
946
504
85
189
636
791
133
141
185
188
981
1106
1709
1033
414
723
833
198
102
190
185
654
537
141
558
576
141
141
665
583
97
638
554
100
139
676
624
136
703
609
137
136
416
198
99
664
573
97
188
662
612
100
615
554
142
187
919
555
100
667
603
102
140
681
578
141
662
582
150
147
689
584
132
686
573
142
189
663
577
190
666
496
141
191
677
547
142
334
708
148
186
712
427
142
662
604
102
141
660
559
150
671
551
139
186
662
627
140
388
188
154
187
650
505
141
349
159
140
141
383
205
189
656
558
99
187
670
582
102
342
113
147
139
657
601
150
658
535
140
136
669
577
180
726
621
89
134
687
387
185
714
469
103
147
630
607
147
642
610
140
187
666
616
100
671
597
149
186
645
538
100
676
573
104
112
646
544
148
663
268
144
139
670
560
103
373
247
186
187
667
557
106
367
193
139
191
756
641
188
650
575
191
186
649
566
140
355
133
113
188
544
571
99
667
584
102
140
665
633
186
644
533
104
188
640
598
102
355
161
105
161
634
608
186
663
554
106
185
697
381
136
561
512
194
185
705
375
183
631
588
137
136
581
432
150
612
499
103
655
535
101
186
804
647
146
613
501
108
98
605
467
141
526
465
142
191
611
347
186
686
511
188
184
556
406
188
671
525
104
184
717
536
104
682
579
141
187
606
510
162
632
516
105
136
375
105
101
705
586
148
186
549
366
143
643
462
141
140
640
521
146
685
578
144
140
663
616
141
607
389
151
187
594
486
133
359
182
131
178
772
619
144
605
487
142
187
633
470
107
606
500
180
184
577
465
189
472
328
108
184
560
395
148
526
416
186
185
641
558
135
511
342
140
142
586
505
147
556
438
107
143
639
534
140
601
515
146
159
560
453
141
532
404
107
140
642
244
149
638
553
99
157
563
432
141
416
243
187
185
622
487
99
467
146
136
136
464
232
88
616
505
185
186
628
480
106
353
81
135
185
564
453
144
616
484
147
141
615
500
145
558
379
188
187
618
381
141
552
362
102
108
643
550
134
697
592
101
143
512
459
108
591
471
186
188
687
528
145
676
567
143
140
481
351
142
679
556
185
187
627
491
149
630
485
185
188
598
477
143
535
485
144
185
682
468
186
571
459
103
190
583
451
144
421
268
147
186
554
408
186
684
572
141
188
1354
1623
634
687
546
190
187
636
561
102
685
590
103
186
664
562
185
613
489
103
105
597
326
118
617
425
186
188
709
393
142
482
339
142
137
669
520
160
624
584
98
94
603
494
142
633
484
142
187
700
590
147
596
486
142
185
474
309
145
507
356
153
188
614
436
150
555
388
143
140
576
436
142
648
403
185
186
648
583
143
688
533
187
187
470
335
140
665
594
115
140
678
523
146
647
515
106
144
624
247
101
402
236
143
184
628
369
186
572
481
111
387
167
110
189
653
559
146
609
502
101
141
661
582
105
627
339
186
187
557
142
97
553
384
141
186
680
554
185
525
354
141
186
583
485
99
553
359
185
187
548
444
185
545
434
141
139
721
567
185
604
117
106
100
617
463
101
545
366
144
188
539
413
188
579
375
102
156
677
593
151
662
376
105
142
627
457
186
554
368
144
189
485
442
140
383
198
141
187
520
432
141
698
549
188
187
599
456
142
603
424
108
140
582
422
191
614
502
142
140
633
559
141
459
411
190
184
630
401
152
596
455
102
140
637
535
140
731
605
189
185
630
490
141
380
176
119
187
524
446
187
699
414
140
198
675
542
153
574
364
189
184
511
364
107
384
146
142
185
604
497
106
396
188
141
187
714
589
199
536
377
188
189
580
438
189
662
532
139
146
391
179
149
602
451
145
187
545
406
141
389
212
185
189
530
434
187
683
580
104
141
684
569
102
430
190
141
140
460
257
101
427
237
149
148
570
469
187
629
522
102
141
383
200
188
555
443
191
185
658
374
107
341
129
103
158
574
141
144
855
663
147
183
628
467
184
700
569
88
135
620
507
112
547
441
141
186
681
551
189
551
440
141
187
635
550
142
688
358
185
185
420
229
141
457
250
144
140
668
554
188
702
494
144
187
650
551
139
659
79
139
141
431
248
191
653
552
144
194
682
696
187
649
546
141
187
650
545
140
385
181
135
181
652
532
137
734
620
135
180
674
600
186
694
475
188
188
647
556
141
721
87
140
189
663
592
140
661
541
147
139
673
583
143
655
579
185
187
637
597
143
345
182
140
141
639
606
184
656
596
141
199
744
591
140
699
579
142
387
202
188
190
642
538
141
415
189
141
186
646
577
141
591
419
189
185
579
511
185
511
1091
66
141
525
341
142
668
605
142
189
710
530
141
366
238
142
190
631
601
144
647
606
185
187
646
595
141
366
145
145
139
656
574
199
744
629
137
140
664
558
142
384
296
140
190
659
607
141
375
221
141
192
671
609
186
649
599
136
189
662
536
145
494
352
137
182
720
569
136
608
496
182
187
707
464
181
722
601
135
186
648
593
143
383
204
140
190
655
451
187
641
585
140
144
650
284
142
604
397
187
187
583
441
139
553
438
141
140
540
396
186
580
433
142
184
616
502
139
397
221
187
189
631
504
141
381
91
140
188
795
699
187
569
443
187
186
708
326
140
676
613
190
186
592
451
187
649
511
141
187
585
454
144
547
442
186
186
447
424
141
675
351
145
186
620
493
185
687
621
136
187
711
385
148
696
588
187
186
607
437
186
695
522
141
140
604
520
184
457
399
141
185
691
566
187
639
499
185
187
589
401
141
592
434
138
191
751
661
191
688
563
186
185
699
435
186
519
415
142
198
762
601
141
443
267
141
184
566
416
141
375
208
165
181
662
601
132
646
471
141
141
616
474
188
463
257
140
185
598
507
141
628
549
193
185
616
450
187
651
534
140
143
664
575
144
677
543
140
186
673
536
136
693
568
181
187
607
483
184
605
454
141
146
421
217
146
695
570
137
185
611
501
185
620
485
185
186
605
408
185
553
421
141
188
620
519
141
623
492
196
186
544
104
141
410
216
136
189
627
537
146
408
200
141
187
603
451
140
641
561
191
186
727
380
143
613
500
143
139
564
373
140
408
105
187
184
637
493
138
409
207
143
402
206
189
189
583
493
142
435
317
141
187
632
490
186
641
478
143
186
637
496
141
416
104
136
189
623
495
142
569
443
143
140
438
205
189
638
585
186
184
659
489
142
403
260
142
190
688
94
138
427
192
142
187
362
462
185
702
352
145
187
651
507
143
437
186
144
191
610
440
144
750
358
186
187
657
560
141
699
506
141
186
771
642
137
309
208
141
144
670
365
185
496
357
141
190
664
474
143
685
636
142
140
404
200
185
669
530
140
141
426
204
186
628
527
190
188
634
537
192
706
587
141
185
605
505
190
707
504
181
182
591
506
137
766
627
181
184
683
531
140
669
634
143
188
597
392
186
1520
1660
665
141
389
212
140
735
604
187
190
572
385
140
404
188
108
105
628
369
186
579
409
186
186
658
510
143
623
473
189
186
611
380
186
611
523
141
140
435
237
186
589
430
186
185
687
559
141
394
244
144
186
573
106
191
541
343
141
189
615
229
188
747
397
139
186
876
754
192
625
436
137
143
658
479
185
606
403
143
187
625
409
140
728
571
184
184
569
365
190
699
286
141
139
662
469
141
395
177
142
185
737
325
142
614
465
187
185
546
367
187
519
322
140
190
757
630
187
678
476
141
186
594
553
141
424
235
145
189
687
577
141
660
562
143
139
645
564
188
578
410
190
184
630
506
146
673
557
140
189
609
423
186
411
314
142
185
586
442
142
750
395
186
182
803
352
181
616
500
140
137
869
643
187
568
389
141
140
444
259
141
608
448
142
189
633
558
182
584
406
138
185
789
675
187
687
627
141
186
565
386
144
637
493
141
189
650
544
187
608
450
140
187
625
458
142
419
222
191
584
425
187
185
527
290
141
424
200
185
187
598
438
189
567
442
145
185
783
664
189
655
506
185
187
599
490
145
409
190
146
189
695
545
185
578
416
141
185
552
382
186
767
427
185
188
633
492
143
429
237
136
190
655
467
187
642
520
142
141
701
636
141
671
521
186
188
706
617
140
440
190
141
135
598
485
180
691
567
187
187
761
514
145
449
281
188
188
623
275
140
699
584
140
142
435
316
189
661
594
188
193
693
558
142
397
219
143
189
680
633
141
689
514
135
137
745
533
184
743
351
186
188
707
565
141
704
591
142
188
696
500
188
733
640
142
140
699
582
142
603
434
189
188
604
455
144
631
502
141
136
344
214
143
549
344
186
188
542
388
143
401
157
141
190
618
486
143
629
413
142
187
700
569
143
459
227
190
188
665
92
140
590
565
144
189
691
504
187
679
613
143
141
707
610
144
635
535
187
187
703
585
140
691
597
135
144
670
626
140
709
586
142
197
661
529
140
717
608
185
187
670
608
144
404
265
186
185
888
751
186
670
572
187
187
653
558
131
436
242
146
186
685
530
142
482
368
141
186
698
555
190
664
596
142
191
707
636
141
417
202
140
191
690
555
142
403
213
188
187
814
713
144
658
562
180
182
704
554
140
1437
1785
780
73
435
275
137
714
510
189
190
717
432
140
719
565
190
184
596
401
185
635
528
145
190
608
169
144
654
595
186
186
601
475
141
591
419
143
188
634
504
184
643
550
142
186
668
520
145
635
472
186
184
608
492
187
603
199
143
141
700
549
142
542
342
186
185
571
373
141
427
252
145
185
592
409
191
652
558
141
140
466
238
193
650
621
187
697
278
141
139
556
316
188
585
380
187
186
693
633
141
409
314
146
183
660
480
184
633
505
140
143
660
576
142
691
522
143
140
316
253
188
576
362
143
144
572
336
187
702
580
141
140
645
522
143
449
186
188
185
480
227
133
666
600
121
120
417
184
145
605
597
184
186
640
543
142
663
473
141
187
536
337
183
705
515
137
188
717
550
140
606
373
188
185
637
595
140
420
204
143
139
562
384
185
740
591
186
188
672
593
135
470
226
191
187
628
489
187
690
570
141
141
444
233
189
630
453
182
189
573
367
136
732
614
190
187
606
526
186
647
626
141
185
648
468
185
648
519
141
142
431
222
190
546
417
143
141
669
626
185
616
454
140
140
625
411
142
590
442
189
183
647
491
140
601
452
141
139
724
424
188
587
475
141
188
640
604
141
652
485
186
187
576
179
188
675
484
142
141
428
233
185
651
602
185
185
623
446
189
645
517
144
186
658
494
190
689
585
189
188
612
494
187
604
156
190
185
610
453
143
713
534
136
189
573
394
189
551
396
180
187
592
400
143
441
255
185
188
618
449
141
646
610
140
140
491
381
187
610
421
141
188
644
431
141
446
215
142
189
606
379
187
660
501
141
144
447
218
188
671
568
145
184
686
333
141
576
630
141
187
689
551
190
682
630
142
141
637
531
143
653
475
186
187
615
424
187
617
493
143
141
636
559
187
672
559
136
196
571
78
139
460
271
187
187
558
346
186
602
402
144
184
829
737
183
666
485
138
183
754
559
186
639
604
181
181
643
504
139
683
577
183
189
637
424
142
712
356
189
188
659
613
142
438
247
141
141
689
616
140
722
337
142
608
486
137
185
784
592
188
650
482
143
139
468
258
137
698
596
187
186
559
398
144
614
441
142
188
725
569
185
644
486
141
191
650
559
104
423
216
143
185
603
481
185
649
535
137
142
633
1709
727
841
777
137
181
659
612
135
704
537
140
189
683
470
188
726
436
141
182
662
245
135
760
638
186
187
682
538
141
698
573
141
140
643
319
189
619
503
144
185
528
327
141
426
219
142
185
573
383
190
515
97
139
140
450
223
186
826
700
185
189
606
505
140
395
230
141
187
673
549
141
660
580
142
139
665
501
186
705
520
140
187
575
571
141
437
253
104
187
654
468
141
745
635
140
188
651
514
101
655
620
186
190
665
556
140
421
213
144
134
660
534
189
558
503
144
139
702
618
141
421
254
181
185
642
503
103
651
548
144
141
558
423
185
641
546
98
190
663
450
93
718
600
94
137
716
605
149
600
373
144
185
643
464
191
634
621
140
186
670
619
142
669
584
141
187
669
593
141
396
191
192
187
643
530
141
627
550
141
188
668
545
145
402
183
141
142
641
496
187
653
606
142
193
695
623
105
446
212
188
188
689
515
102
670
563
141
141
458
88
165
307
231
190
189
691
523
139
437
237
142
186
689
519
138
432
247
139
183
746
595
181
708
601
142
190
669
266
99
676
544
145
188
677
568
186
691
548
140
192
687
532
142
688
561
189
193
692
568
99
414
232
141
143
668
533
149
686
278
105
144
697
560
144
450
233
157
188
707
569
141
577
395
125
181
786
465
191
760
603
201
189
638
465
148
436
265
145
194
554
483
142
605
460
149
204
681
569
194
701
549
141
197
619
469
143
570
362
108
387
782
123
197
811
594
159
500
347
145
140
610
570
161
505
363
111
142
602
473
139
430
272
199
197
591
394
194
680
553
109
143
423
240
190
640
500
110
196
660
514
113
299
268
143
196
605
424
165
542
384
196
196
558
417
143
709
555
201
198
708
548
143
696
566
144
147
707
571
187
733
564
144
142
424
237
142
451
153
191
291
740
90
292
740
80
143
143
385
175
189
618
416
143
142
668
474
147
381
106
145
188
644
424
179
334
84
143
199
751
389
189
591
402
145
138
655
370
144
682
317
140
138
614
459
191
625
404
141
142
674
365
147
439
162
191
220
473
222
142
457
200
142
144
497
261
192
591
438
143
190
691
449
189
599
448
144
143
659
426
143
409
113
141
140
595
96
210
576
291
144
189
639
422
143
601
417
146
146
522
945
83
607
447
144
189
596
418
152
417
151
153
191
640
420
140
655
96
138
138
628
428
189
572
378
143
141
571
371
146
406
119
154
188
639
418
145
372
195
141
138
637
226
183
734
532
188
185
940
107
139
621
387
147
145
685
426
191
636
451
144
143
593
371
146
373
153
191
191
605
427
145
340
103
142
146
588
361
193
912
94
142
158
600
440
143
429
145
189
189
562
348
144
413
130
143
200
625
401
192
693
440
190
191
586
355
143
339
78
145
260
882
85
315
934
90
144
532
798
93
290
967
82
192
448
821
95
262
697
138
194
420
838
78
256
824
90
143
395
682
150
757
714
111
190
283
1067
152
138
670
451
142
138
569
335
140
476
578
145
143
548
322
190
670
436
143
142
587
355
145
367
115
142
144
293
124
189
514
312
192
190
681
465
198
386
220
148
601
390
191
196
672
441
144
398
112
143
145
579
369
190
577
364
144
163
509
337
140
418
191
192
191
431
129
143
367
192
149
142
550
315
145
385
119
191
189
626
443
143
400
107
152
189
625
117
146
694
88
168
199
601
401
188
632
430
143
142
659
437
138
694
482
140
138
665
414
189
408
506
145
141
599
296
152
424
190
198
204
345
111
140
635
417
183
183
656
460
189
546
356
191
192
394
141
153
550
316
144
143
536
269
191
602
365
142
143
914
108
146
277
87
189
192
683
477
191
619
463
149
141
620
414
189
565
332
144
142
576
318
145
431
141
189
191
578
343
191
875
77
140
145
349
114
143
422
155
190
197
721
498
191
624
425
143
143
618
452
144
378
111
146
136
558
316
188
637
419
145
204
392
115
190
682
462
143
144
487
270
190
454
202
140
141
636
429
145
504
278
188
189
581
342
155
386
116
155
156
395
143
179
568
194
144
193
786
448
142
1519
122
190
189
703
555
142
379
216
133
196
629
471
196
603
436
200
202
744
412
165
580
411
149
140
648
475
196
499
318
140
197
619
444
145
743
572
197
199
663
473
137
610
464
142
143
610
464
144
438
258
108
197
584
187
140
524
318
136
142
546
409
190
693
356
109
140
613
470
142
559
405
191
192
609
437
197
604
434
145
142
690
517
196
545
90
147
140
627
461
140
452
191
140
188
798
465
146
620
461
142
140
436
949
75
691
513
188
187
653
507
105
404
177
144
188
559
404
143
395
228
140
188
682
528
185
661
497
190
192
647
515
139
704
533
146
187
729
551
186
678
564
143
189
672
572
98
573
529
188
190
669
508
142
411
277
111
140
714
395
143
443
275
192
592
419
138
200
743
588
195
626
471
141
193
671
584
142
298
236
145
189
674
562
143
679
584
140
188
683
585
189
681
575
138
188
696
546
140
420
215
141
188
659
574
143
686
503
143
145
382
224
142
668
530
190
190
668
527
142
755
617
137
137
426
247
138
678
523
187
189
654
496
143
421
228
143
188
667
558
145
403
259
141
188
680
541
187
721
555
152
188
672
545
140
700
552
99
189
689
574
141
687
522
144
140
695
530
100
678
525
145
140
435
249
189
674
534
107
140
454
247
154
677
503
141
188
682
531
143
373
260
189
190
675
524
144
690
520
142
142
446
81
185
714
533
188
187
674
502
105
429
248
136
188
703
558
141
670
531
145
189
687
535
147
668
519
141
189
676
524
154
677
293
146
188
686
538
188
675
574
141
187
655
510
98
659
516
197
187
647
521
142
400
236
141
142
639
493
201
644
500
141
187
561
430
102
434
196
114
181
629
518
137
435
218
142
187
756
591
187
655
510
142
187
808
480
142
654
546
145
188
649
558
186
517
479
141
141
509
333
145
724
503
187
191
671
516
142
387
217
105
196
617
361
198
589
418
142
199
647
490
100
627
451
195
189
657
413
143
608
438
144
146
610
447
200
700
511
142
195
500
324
135
431
223
144
195
620
441
197
608
448
143
144
419
247
147
400
253
109
193
524
396
143
715
389
135
197
448
318
173
641
476
139
187
693
547
106
563
372
198
207
656
477
137
665
486
147
143
571
371
191
679
563
142
140
416
245
133
418
130
190
186
454
326
188
693
538
142
142
420
274
173
701
526
159
187
726
368
145
449
268
138
190
737
581
137
743
608
140
701
578
139
188
684
526
192
678
517
146
140
698
548
106
736
580
150
189
678
263
131
373
234
140
139
692
547
187
690
576
151
196
740
571
142
472
253
99
189
700
582
141
586
397
141
190
758
583
182
721
319
79
137
686
590
143
419
244
143
187
757
570
148
680
573
142
186
693
567
149
408
294
534
193
687
530
142
419
244
141
142
521
505
192
687
549
135
188
709
560
103
684
581
186
192
667
513
140
682
565
141
141
677
521
147
698
563
143
140
689
583
186
613
616
149
190
740
576
99
692
522
131
187
799
632
187
691
557
190
187
684
522
141
412
222
137
198
710
568
144
412
600
170
187
814
608
160
634
511
148
199
645
519
142
559
408
142
195
559
402
198
706
569
141
191
642
466
142
609
478
204
197
593
434
146
428
247
109
141
705
376
108
438
227
200
197
661
547
142
419
261
142
142
600
407
207
701
536
142
140
560
368
134
747
455
190
194
621
461
141
440
210
144
201
760
415
107
473
240
143
197
567
391
166
628
473
142
202
629
490
106
670
500
109
199
480
84
197
537
369
142
142
639
477
144
708
552
187
199
559
415
187
566
409
116
137
624
481
226
804
661
144
198
715
557
142
699
306
196
196
706
581
148
465
330
142
136
440
246
106
689
548
142
138
694
532
146
427
275
144
188
669
525
144
403
231
106
189
582
545
144
696
578
147
190
688
536
133
698
539
99
190
660
518
190
655
506
144
190
676
534
141
665
556
195
190
666
518
142
534
481
139
142
663
556
145
743
488
142
141
666
514
98
455
219
189
189
663
527
152
692
536
98
186
825
687
187
675
545
159
195
663
553
140
404
208
138
687
572
199
195
619
481
144
412
237
141
199
640
524
131
669
540
145
137
563
448
142
657
512
189
188
935
526
99
428
238
142
143
730
585
141
527
354
141
140
464
299
143
419
290
158
185
649
499
188
641
557
142
144
488
318
189
898
548
191
187
736
580
143
477
299
186
187
649
542
164
695
540
100
188
675
559
141
695
608
206
187
596
450
143
694
620
147
139
635
554
186
628
480
133
188
631
457
136
822
688
202
183
659
100
140
234
804
82
142
683
597
187
698
550
101
186
638
305
146
486
287
141
186
482
319
143
677
549
104
188
723
604
186
618
482
186
189
637
558
102
440
289
143
144
646
570
186
653
338
103
184
493
335
143
613
474
152
187
740
429
143
737
598
145
189
671
567
158
647
494
141
185
636
489
146
718
577
187
187
568
520
131
661
535
96
140
499
321
199
773
540
143
139
684
566
141
646
600
187
186
629
487
138
775
486
511
185
757
617
181
654
625
94
143
710
564
140
682
580
194
187
722
535
194
753
559
140
189
724
600
144
736
600
187
187
717
591
141
726
595
139
200
914
579
187
729
586
131
187
712
557
98
416
294
142
142
690
564
190
677
591
142
142
450
280
169
766
621
134
186
771
546
187
709
585
150
192
763
584
200
694
589
139
185
753
582
185
551
409
142
185
626
478
186
664
497
145
186
640
507
181
608
477
154
136
695
553
99
779
637
182
188
608
482
145
676
602
142
143
636
473
187
657
564
142
147
680
627
137
696
608
145
187
680
362
139
451
280
131
139
484
340
157
797
514
143
187
734
562
141
418
387
183
189
834
483
188
720
619
141
187
733
595
144
686
352
152
764
544
136
182
728
588
94
780
655
180
182
692
579
135
677
588
135
142
616
447
185
661
576
183
186
688
544
140
593
190
185
187
629
483
137
804
671
181
181
769
565
185
777
624
93
137
680
604
146
420
311
144
185
661
565
157
672
596
131
185
571
439
144
669
592
184
190
668
514
143
665
528
132
140
600
442
154
695
580
143
149
684
558
141
695
644
153
187
655
502
142
618
580
143
140
465
307
141
659
592
196
187
629
481
141
698
633
158
186
725
584
142
642
536
103
140
681
573
132
661
518
156
186
697
605
184
628
544
132
186
690
598
152
592
428
141
186
618
468
140
768
627
155
188
630
473
137
795
661
137
137
615
483
183
721
652
103
186
691
550
145
459
277
108
185
663
513
142
663
524
140
185
479
275
99
697
539
140
181
651
563
98
641
502
143
142
653
492
179
680
593
99
142
738
588
141
698
584
190
178
678
616
140
712
553
141
138
643
502
191
702
607
104
141
613
262
141
465
302
156
188
680
533
102
468
328
141
141
581
414
190
688
566
139
186
677
101
146
541
418
188
189
696
613
103
725
393
141
147
457
282
106
805
518
150
188
683
548
141
715
641
138
188
798
510
189
783
544
140
187
719
615
146
680
556
188
187
596
610
141
718
593
103
140
673
647
188
750
558
141
187
703
577
104
460
290
182
147
139
156
438
739
169
141
144
318
639
191
196
190
186
187
658
923
358
113
187
292
680
659
109
148
143
141
359
246
378
80
97
741
589
142
187
705
626
99
484
333
572
185
762
610
100
720
606
192
179
740
529
142
719
630
188
182
764
593
99
683
594
142
141
728
565
148
721
604
140
428
261
140
198
768
637
152
776
592
143
188
728
581
141
701
631
144
190
778
628
146
682
603
145
138
453
270
142
689
578
153
187
672
568
141
428
268
143
189
705
562
186
723
585
140
143
697
588
142
788
612
148
189
748
558
142
678
576
141
140
610
484
185
648
516
150
136
673
526
140
455
285
141
140
781
444
158
672
596
142
141
492
292
186
853
524
188
187
652
560
97
611
482
181
182
771
319
138
483
297
141
187
779
404
144
669
524
187
185
616
461
142
697
545
135
181
738
588
138
780
628
138
181
674
569
97
755
393
138
185
745
596
187
593
447
143
138
422
280
180
609
482
186
187
676
597
102
437
302
186
186
642
503
187
663
528
141
185
447
381
142
590
437
187
187
657
560
102
427
267
140
186
622
482
186
664
530
108
140
652
531
140
651
504
143
140
640
511
188
532
487
143
139
485
281
182
801
657
186
181
616
470
140
691
596
186
187
636
539
186
774
440
107
141
476
296
143
676
519
141
196
693
561
142
684
616
142
189
623
491
186
610
457
144
185
753
598
141
767
508
185
187
635
551
100
464
329
141
187
679
557
187
679
558
99
186
677
536
141
481
347
189
187
754
605
155
659
506
141
141
746
585
192
613
454
145
188
679
599
103
591
441
138
134
744
590
137
671
534
137
189
925
560
182
631
468
138
135
460
300
189
575
419
142
141
591
439
182
711
563
131
181
640
265
140
656
514
185
188
686
569
134
668
539
103
141
665
513
188
678
618
142
142
713
576
142
765
662
191
186
537
359
144
580
219
143
138
493
297
141
668
602
104
188
625
487
143
704
561
142
188
614
493
186
773
445
142
506
352
147
221
693
705
154
668
341
143
187
676
592
140
678
530
188
191
689
648
104
467
283
144
136
647
513
192
678
590
144
140
645
514
148
410
342
150
182
610
535
140
421
281
141
185
765
741
182
834
434
186
188
564
411
144
486
321
187
190
668
589
187
664
590
142
187
641
482
184
595
539
105
187
660
496
182
752
546
142
135
710
566
190
668
513
102
141
650
570
143
479
294
105
187
637
549
189
633
553
141
158
879
672
548
814
699
143
189
745
557
142
441
282
146
184
688
590
141
743
570
140
187
728
596
151
690
568
142
192
685
613
141
400
302
144
189
682
623
137
709
620
141
187
676
630
145
709
584
189
188
685
556
142
439
292
141
140
449
289
191
731
625
142
192
722
608
130
448
280
181
188
790
105
199
734
594
132
144
422
273
158
790
560
142
186
698
564
131
745
594
149
186
685
351
149
704
562
141
190
738
601
145
677
570
187
184
672
527
142
551
402
112
192
680
601
190
634
557
143
186
689
621
141
735
383
188
185
667
522
140
446
276
141
139
821
431
151
807
661
182
182
798
668
181
846
713
101
187
647
520
141
616
482
185
187
604
563
145
543
404
187
188
675
566
102
463
284
112
188
637
513
141
633
576
141
186
685
562
187
654
560
130
187
680
593
142
363
308
106
190
616
486
186
626
463
186
184
667
621
141
654
512
188
190
637
517
141
658
515
139
141
635
495
189
647
524
142
201
778
627
183
642
494
190
185
678
613
140
764
441
106
139
482
296
141
584
423
189
184
653
517
143
442
261
143
185
742
574
140
462
265
105
189
755
596
186
667
615
145
185
742
581
137
685
553
140
190
650
506
146
614
465
187
629
514
103
139
534
370
184
652
542
140
137
636
511
136
808
698
188
188
639
503
156
710
547
141
140
439
275
187
658
526
185
186
626
487
141
449
267
146
188
689
551
141
662
604
144
138
692
614
153
551
409
187
186
664
536
143
683
551
140
191
675
548
188
623
482
142
187
670
325
140
663
520
183
188
673
563
145
666
532
135
134
818
682
190
614
499
141
187
743
553
141
686
618
187
187
688
548
141
462
84
140
186
742
578
154
672
611
147
141
648
500
140
681
574
189
187
667
600
190
715
565
140
138
738
594
104
785
502
191
196
471
488
142
694
596
140
188
755
607
188
697
619
139
185
697
580
141
680
564
186
187
705
565
141
742
569
142
139
784
615
186
607
613
144
195
697
564
142
490
292
141
192
703
607
147
437
277
142
185
973
634
184
794
672
135
181
707
579
144
516
364
188
199
673
531
140
704
558
141
140
734
576
188
737
636
149
187
698
576
138
701
506
98
187
716
549
101
715
566
146
144
629
464
138
702
579
182
181
578
438
531
419
279
141
140
680
584
151
628
503
142
189
598
452
139
453
280
189
188
696
543
142
675
529
144
142
456
276
140
610
466
185
185
643
553
141
604
456
143
184
609
480
188
588
442
145
184
586
437
188
670
481
97
187
736
277
136
644
512
136
135
795
641
135
754
613
185
188
703
595
99
455
323
158
187
657
505
142
388
303
141
189
770
634
187
628
200
149
187
600
480
145
714
589
143
187
692
375
179
625
490
145
188
631
504
142
589
461
186
186
659
528
144
473
342
140
188
476
444
196
647
551
106
190
755
596
141
722
575
185
191
685
621
142
655
509
140
473
300
112
188
666
520
131
766
635
140
186
843
665
156
706
549
141
185
561
408
142
450
309
188
192
676
594
139
658
529
104
140
664
531
188
647
498
140
186
675
517
144
374
271
141
188
658
504
153
649
507
142
187
721
596
141
683
535
186
189
681
629
97
682
542
139
140
695
613
139
661
563
184
186
693
563
131
522
342
166
188
663
522
142
462
271
145
187
695
596
187
616
470
180
186
718
567
148
463
268
143
187
650
514
187
731
574
131
191
702
597
136
627
489
187
187
657
525
143
712
565
141
187
664
580
142
638
565
152
182
683
613
139
719
562
145
192
499
361
110
657
505
146
137
616
474
187
756
630
142
188
589
422
140
474
298
134
194
635
520
186
655
559
140
140
408
133
160
649
554
141
186
657
519
133
701
627
186
187
630
480
106
690
541
142
188
669
544
188
718
582
130
187
638
475
185
650
356
103
190
562
403
186
688
568
143
186
758
609
138
753
565
186
186
648
554
98
646
514
141
141
708
562
185
680
591
99
184
599
608
140
755
599
182
169
769
611
137
617
466
141
187
857
699
167
629
532
187
190
617
551
106
448
284
186
189
681
541
113
502
473
413
245
353
142
188
661
504
186
186
634
579
105
640
507
99
189
705
593
186
694
590
141
189
669
531
143
683
592
161
187
839
497
142
618
510
141
146
710
577
184
630
477
186
188
633
502
99
683
534
187
187
623
489
188
638
511
143
140
427
336
192
760
601
132
187
702
561
95
683
617
184
191
695
540
180
668
529
142
188
572
413
165
515
378
140
185
728
561
144
468
319
149
188
682
548
99
727
591
141
141
686
496
566
776
615
191
708
551
141
142
710
572
139
482
327
149
187
692
573
141
716
560
142
140
437
274
190
687
590
131
188
716
599
103
404
268
144
187
771
591
142
725
560
141
139
437
283
124
742
601
183
188
717
266
140
709
561
142
190
723
559
191
754
571
98
141
713
555
143
765
581
191
187
677
523
144
700
609
136
137
779
627
192
771
412
94
135
726
612
142
415
327
141
191
666
595
132
700
571
99
190
736
708
148
685
731
188
187
731
544
142
457
261
142
187
555
554
132
685
577
141
188
737
598
189
682
571
143
192
676
602
142
433
303
133
189
670
486
153
739
578
139
185
671
532
136
558
502
102
188
695
552
195
616
467
106
140
687
538
153
609
483
142
189
613
469
136
702
572
203
187
692
564
141
427
276
141
198
727
599
156
595
456
182
179
758
593
182
805
657
186
183
717
563
146
765
593
103
140
683
568
142
635
470
185
188
669
603
140
454
268
135
190
603
424
185
686
603
141
141
615
466
142
731
595
155
188
627
506
185
616
477
142
142
661
521
187
609
468
141
137
733
419
143
694
592
161
191
660
519
144
652
511
187
186
712
553
97
415
262
143
190
538
401
141
468
304
178
186
779
216
180
617
490
102
141
706
619
151
645
493
191
187
641
572
136
667
528
135
134
787
626
186
649
560
144
186
667
566
99
482
108
140
187
592
453
182
686
551
142
187
864
694
153
624
556
188
188
763
573
141
437
274
144
193
605
464
187
659
513
132
139
571
520
153
643
502
105
141
631
493
141
709
609
139
190
653
511
187
660
520
91
135
615
477
138
839
711
137
180
679
546
186
623
589
140
140
436
282
133
688
550
145
594
447
185
186
631
490
141
764
617
184
189
640
479
141
600
448
136
137
756
590
182
601
543
137
187
785
600
262
603
694
100
141
665
604
140
696
632
141
189
749
628
197
765
512
150
184
732
572
137
569
423
135
188
738
596
130
713
632
140
186
684
577
188
700
621
99
190
696
616
142
481
271
141
187
688
553
105
457
265
144
186
678
568
141
406
743
130
186
779
593
97
697
583
144
140
695
600
197
695
602
100
139
682
589
141
472
283
155
187
753
609
144
677
606
142
142
473
293
185
760
522
138
181
713
562
131
433
319
187
575
680
563
106
683
564
98
136
694
630
121
770
623
182
189
739
346
102
471
278
106
189
675
597
102
406
786
78
187
720
590
139
669
597
147
187
725
559
141
733
638
103
139
684
610
188
785
315
103
139
786
592
138
472
313
154
185
783
605
140
679
568
106
139
673
576
187
725
577
143
188
746
592
141
416
373
133
189
602
547
100
705
563
142
139
409
272
142
687
589
140
196
695
621
134
742
591
142
144
694
606
187
768
544
139
142
697
587
141
613
600
150
186
709
603
144
707
581
141
140
663
559
142
674
597
131
147
701
573
104
484
287
105
187
686
557
99
793
452
158
188
861
691
135
680
560
143
188
608
462
141
440
284
136
186
610
459
189
618
488
179
186
660
520
142
692
548
184
187
638
487
139
405
303
106
195
651
581
139
663
529
187
187
681
577
141
692
562
141
187
654
504
100
652
513
142
139
645
507
182
622
470
141
142
675
521
142
560
398
188
185
610
468
185
663
579
140
140
457
276
154
636
559
143
185
586
426
113
623
495
186
185
624
190
185
639
502
142
439
299
143
187
603
459
186
583
440
102
139
662
526
132
667
517
187
187
601
485
189
583
448
139
138
661
220
187
616
487
131
187
494
350
137
447
280
188
187
467
306
142
655
500
141
185
772
608
190
600
479
183
186
729
587
184
665
247
112
185
652
487
141
727
570
139
138
645
541
141
787
632
181
137
599
447
188
581
429
132
146
762
416
187
686
580
139
191
421
389
140
571
437
186
186
688
553
139
635
489
139
142
663
517
150
637
493
132
181
644
554
142
620
469
186
184
668
528
130
298
232
148
183
828
682
184
718
560
144
189
694
602
141
461
288
143
189
687
550
140
651
520
142
189
608
465
187
611
496
186
186
788
609
144
417
333
107
190
666
532
480
259
368
154
187
665
526
141
627
487
184
180
656
518
185
639
525
143
141
662
533
143
458
285
141
186
658
506
142
666
588
186
189
698
597
106
440
308
141
143
432
293
190
701
617
142
187
751
604
186
677
542
141
186
649
493
152
638
548
141
188
655
515
188
663
498
184
186
623
486
141
645
515
142
191
596
452
186
654
574
141
141
667
309
141
685
609
186
187
690
602
97
659
521
144
140
674
532
188
650
515
132
586
419
775
106
433
355
189
189
743
557
143
456
102
135
143
436
287
182
682
574
140
186
700
578
138
449
245
143
190
695
577
142
440
297
140
188
710
549
188
673
563
190
191
580
579
142
431
247
145
190
685
539
186
734
602
140
188
728
576
144
723
557
188
190
713
548
140
443
254
140
143
708
592
190
561
586
105
188
706
558
141
449
310
134
188
702
536
143
704
603
142
140
477
308
158
691
544
141
187
697
594
106
443
313
160
558
544
139
190
716
575
140
763
621
140
183
684
561
180
693
672
189
189
788
553
142
711
617
187
186
700
625
138
836
651
136
135
754
639
186
768
616
141
189
674
569
140
427
284
147
184
648
527
143
654
496
142
188
760
617
186
712
574
140
186
602
461
142
406
271
144
189
643
522
187
651
516
104
140
754
618
143
740
608
184
188
649
499
153
688
612
142
139
754
619
186
663
517
139
139
688
612
143
684
542
160
187
683
614
141
440
272
141
187
879
681
191
753
606
182
186
669
579
142
495
341
143
189
745
108
141
644
513
191
190
679
611
185
784
447
161
188
677
589
142
637
484
141
188
789
444
159
643
511
179
187
668
568
143
477
97
188
186
677
597
142
684
541
141
142
743
609
151
653
530
137
190
676
591
92
856
684
187
186
669
537
139
638
485
186
187
609
573
188
650
546
142
188
710
563
143
446
272
135
191
653
506
134
602
448
106
141
659
500
189
620
496
190
189
695
549
141
405
291
137
186
785
653
182
749
606
139
187
649
505
143
670
524
187
191
638
488
186
709
555
144
149
685
545
140
646
516
141
195
749
611
131
702
557
105
141
659
521
188
651
529
140
188
798
667
160
582
445
184
184
727
578
140
530
372
112
187
666
537
145
466
329
142
188
686
582
188
690
579
98
196
690
618
425
328
310
106
188
669
551
186
624
460
141
188
683
546
99
757
598
188
187
652
512
144
711
631
141
141
801
448
189
666
534
100
140
682
613
135
832
713
186
187
622
470
101
473
274
135
187
1036
401
187
663
596
160
190
696
563
130
438
348
145
188
656
524
104
469
284
142
189
617
481
187
642
497
140
187
652
526
155
635
265
136
704
569
187
188
656
503
146
624
495
141
140
638
493
186
692
569
104
189
665
536
141
1331
1572
574
204
693
597
143
709
271
142
136
421
304
188
701
542
142
190
717
567
140
424
317
160
187
725
565
130
469
275
145
181
691
621
181
802
652
187
190
600
563
144
765
610
140
189
681
553
187
709
565
142
187
749
600
102
686
618
186
186
684
571
142
741
655
133
140
697
613
196
601
533
144
188
660
511
142
475
302
135
188
664
570
98
685
558
136
189
775
644
154
762
607
186
186
666
527
142
421
258
142
189
816
613
187
730
592
142
140
403
267
108
446
241
189
185
620
559
143
428
273
144
184
590
440
112
424
291
189
186
589
449
145
434
342
185
182
635
491
111
593
458
141
143
676
531
187
759
409
114
143
693
567
141
747
643
149
186
615
500
150
603
475
139
139
617
474
150
599
450
184
186
639
484
132
407
251
118
154
603
453
192
722
577
140
141
427
259
133
642
546
187
187
713
302
140
419
257
98
191
606
453
188
633
509
141
189
650
505
98
738
586
188
186
724
572
181
636
507
132
139
449
296
137
745
127
182
188
771
446
107
792
498
169
180
666
526
137
836
689
142
186
780
511
156
735
585
131
188
627
503
142
675
572
178
189
630
601
189
612
460
100
142
691
631
105
692
566
188
186
617
474
141
676
543
142
185
665
512
190
638
502
102
141
441
300
142
634
581
185
187
694
548
144
626
479
140
140
644
576
187
644
492
146
186
616
471
103
556
396
143
191
664
542
142
684
558
139
139
448
298
140
692
601
142
187
681
535
131
463
284
143
186
640
510
185
697
540
141
139
669
534
101
620
473
181
686
605
143
139
502
346
106
606
465
145
181
712
573
144
746
607
131
142
660
540
188
627
511
144
186
719
577
140
483
307
134
189
592
452
187
911
596
105
140
419
283
158
658
585
98
180
665
529
136
431
289
137
609
490
503
143
645
513
180
188
647
501
142
483
341
143
139
685
597
188
641
482
132
140
743
557
142
679
606
131
187
767
631
140
501
362
189
186
714
525
141
743
611
141
139
655
366
190
688
603
140
180
641
512
137
829
668
138
181
681
519
105
749
609
143
139
673
606
191
612
467
183
188
641
580
142
706
100
141
191
690
565
184
661
598
141
186
655
576
142
747
435
190
186
633
480
155
654
518
97
138
767
615
142
1246
1482
482
187
615
575
105
618
455
190
190
657
534
141
680
583
98
189
770
640
193
702
578
142
191
689
620
143
404
279
142
188
685
628
142
601
586
141
140
734
581
104
710
612
190
187
705
624
134
760
604
136
136
844
702
183
694
571
137
186
715
567
143
417
352
142
192
728
604
143
713
628
145
140
409
348
187
691
574
136
186
723
628
142
467
330
142
190
684
565
141
669
573
142
140
445
273
142
411
747
106
191
797
617
140
698
642
140
187
689
601
188
711
629
99
140
690
577
140
729
618
190
187
684
583
141
707
594
142
141
428
282
179
785
521
143
187
673
624
144
425
362
188
188
684
566
142
439
319
106
188
808
760
94
739
593
136
183
677
376
130
433
307
189
188
660
525
143
615
485
142
187
652
513
152
730
591
142
144
665
552
143
436
245
139
188
703
560
141
648
309
142
144
654
519
140
676
525
154
188
684
608
143
436
317
134
140
714
564
187
648
563
105
616
460
105
141
702
637
189
647
306
195
188
654
548
143
402
322
141
186
660
518
140
432
294
140
189
677
556
142
461
333
141
188
674
587
142
657
521
130
142
542
523
187
647
518
143
190
740
597
90
739
584
183
185
665
515
192
687
609
144
142
640
496
188
642
515
140
189
674
604
137
579
474
189
188
638
491
106
438
277
142
188
801
726
151
634
581
146
186
477
305
142
600
459
188
188
645
501
157
627
501
140
197
739
609
190
601
434
181
191
650
512
141
646
504
144
186
662
521
153
633
525
142
191
714
585
141
681
544
153
153
708
601
142
432
313
136
136
908
441
122
699
578
190
187
705
561
98
474
313
98
183
641
521
183
632
549
143
143
422
290
153
670
526
141
141
668
533
103
443
269
110
142
678
538
186
661
552
142
188
756
638
144
712
614
185
404
535
595
143
486
278
104
140
790
430
188
715
498
145
186
755
506
142
432
304
191
187
716
631
145
709
638
141
141
446
358
160
633
515
141
190
639
493
134
658
318
182
186
710
554
185
852
673
186
189
601
449
145
658
507
185
187
643
503
144
688
551
102
187
627
485
141
683
600
184
186
562
513
137
881
712
182
180
597
461
190
703
561
143
142
489
289
187
655
581
140
187
638
489
142
651
507
187
186
624
481
186
1031
1011
85
142
711
561
106
691
528
186
187
688
580
144
745
569
135
182
698
600
181
775
619
137
188
698
581
136
975
749
185
195
845
689
141
724
566
141
140
469
257
142
594
463
187
188
709
550
141
445
255
114
183
669
506
141
615
477
143
202
668
582
147
411
452
152
187
594
467
134
666
504
92
137
853
499
154
683
561
141
670
525
104
140
728
575
186
690
606
98
187
664
515
142
402
345
163
186
610
475
187
637
504
143
138
469
307
165
657
520
142
188
641
490
143
638
490
187
189
721
590
153
619
468
140
142
675
557
141
654
523
190
186
606
467
138
697
578
139
142
716
571
190
637
502
142
187
691
637
141
625
466
186
190
646
285
140
720
580
144
139
461
318
188
734
547
103
185
654
542
144
452
292
142
190
718
556
135
791
655
180
180
686
509
184
607
180
143
139
453
242
141
592
456
180
189
648
535
190
616
473
103
140
662
496
186
668
522
140
188
646
493
140
416
219
142
187
485
539
140
436
242
145
185
613
475
144
784
594
186
185
704
593
141
594
456
142
141
691
546
185
617
491
108
186
607
464
143
579
611
185
186
613
467
189
639
497
143
142
470
258
111
598
443
186
189
638
486
141
425
274
143
180
614
482
189
642
516
142
192
789
566
192
779
652
189
189
629
512
140
672
596
142
189
786
698
185
687
590
148
184
601
457
141
455
283
154
188
610
477
187
755
553
141
140
643
536
143
461
236
136
188
620
489
104
447
306
188
186
602
457
188
620
488
142
141
457
321
159
593
451
188
186
538
361
140
635
516
188
189
677
534
184
644
508
143
140
438
248
142
643
561
186
188
673
535
144
720
588
140
187
583
165
157
639
525
141
189
622
483
141
452
272
184
186
695
597
187
623
501
140
187
848
700
189
484
333
187
382
549
609
141
458
124
141
185
794
596
185
634
486
142
188
688
630
186
645
527
186
191
665
541
140
460
272
140
191
697
555
192
662
534
141
140
577
532
140
711
548
186
187
674
514
141
674
620
144
424
321
186
187
661
592
141
685
580
141
186
875
704
187
612
491
186
187
529
471
144
694
608
185
188
628
491
188
658
533
142
141
604
476
139
690
558
155
185
723
550
136
742
622
136
137
823
694
180
685
650
190
189
1265
1362
361
619
488
148
190
708
590
141
426
318
143
188
755
643
141
680
619
186
190
723
598
140
478
264
144
187
904
590
141
692
575
141
139
694
571
189
683
564
142
187
701
607
140
708
586
142
191
694
562
191
678
618
140
139
748
591
144
417
329
180
190
783
593
143
706
584
102
140
673
127
310
505
576
138
187
740
604
106
485
295
187
191
736
574
143
422
305
144
140
480
302
182
789
596
144
188
678
604
142
433
352
191
187
694
570
142
685
592
140
189
753
612
182
663
595
136
193
675
380
141
422
268
104
190
687
611
141
434
280
140
191
676
616
143
532
391
189
184
784
503
183
802
651
136
136
697
602
186
746
360
141
188
733
571
143
456
324
190
188
686
576
140
427
261
140
189
742
633
189
717
575
97
140
740
597
142
469
275
143
188
602
566
140
713
629
105
139
690
571
190
692
567
140
182
759
636
137
756
617
91
138
809
678
185
705
546
139
140
677
540
141
370
292
187
185
650
545
142
671
598
140
142
489
306
187
735
601
141
187
793
438
141
641
475
186
186
649
493
141
643
503
188
187
834
523
186
610
469
144
188
591
445
105
445
268
141
187
641
495
189
650
501
142
188
725
576
140
832
443
190
186
597
440
189
689
569
141
140
690
503
190
651
516
141
189
484
323
141
727
572
187
187
647
506
152
702
591
137
137
465
366
156
687
603
144
188
579
434
143
576
445
189
607
472
143
187
636
489
141
573
424
143
187
603
465
187
635
488
145
188
605
466
141
693
549
187
187
593
449
189
656
573
144
140
661
519
185
689
562
141
140
449
247
144
446
268
140
185
674
538
150
688
552
141
141
454
104
100
693
581
148
184
645
495
141
490
354
141
185
625
433
155
626
467
103
141
635
502
187
677
579
142
191
734
551
141
813
87
141
144
709
595
182
805
649
138
182
703
573
91
766
642
181
183
688
562
143
715
627
140
140
685
615
190
744
543
139
186
639
597
140
449
330
186
188
708
621
141
714
608
118
143
477
308
189
793
594
193
189
687
610
140
399
284
145
189
732
586
188
246
614
775
216
185
192
674
932
372
79
188
188
213
483
787
231
145
159
530
289
377
71
185
183
181
284
695
824
280
101
258
649
766
212
141
138
138
1037
1449
1557
1004
384
942
635
142
191
693
598
141
484
297
191
189
694
567
141
430
272
105
190
742
629
189
672
544
148
186
706
626
141
434
306
156
190
698
595
144
714
557
140
140
739
587
190
689
637
185
188
700
551
103
429
273
144
139
678
551
188
730
576
140
139
747
639
140
682
612
144
187
966
680
187
722
581
143
140
689
532
191
723
595
131
185
703
304
142
444
290
189
191
709
551
103
712
553
141
188
757
578
185
699
569
140
187
703
580
142
421
270
99
182
689
618
136
754
361
137
190
810
608
182
703
581
140
191
691
523
141
456
296
141
189
704
603
140
436
261
139
189
684
576
102
747
562
189
187
553
588
141
729
560
142
141
688
577
143
714
548
142
187
704
575
105
745
575
190
187
699
557
145
704
627
103
187
727
588
189
576
560
143
444
235
144
187
707
569
142
706
617
148
188
694
541
140
464
287
141
191
704
539
142
703
538
143
143
716
574
142
606
569
185
185
656
578
136
435
296
136
137
725
595
138
798
664
189
186
617
477
145
649
507
186
186
630
503
189
590
444
142
158
814
690
145
679
534
188
184
717
562
141
548
391
142
186
607
466
185
628
471
104
140
573
430
142
663
524
188
185
616
454
188
804
600
108
140
716
578
193
632
560
132
185
685
573
140
667
543
141
185
654
533
143
444
256
142
186
759
635
187
706
562
140
140
637
519
141
630
505
189
190
688
556
155
617
468
141
188
611
458
141
795
674
161
184
662
528
140
663
549
140
190
628
161
185
820
441
158
186
724
596
143
738
593
140
186
683
579
152
672
519
140
140
636
485
178
690
608
99
133
674
542
104
762
424
188
184
715
581
96
419
270
186
189
694
531
149
622
476
137
181
626
493
142
675
556
142
188
600
461
189
619
482
139
191
628
591
142
482
74
181
188
513
338
142
704
583
141
142
623
481
193
618
488
142
187
648
520
104
721
571
187
190
762
587
135
355
265
122
136
799
679
186
797
666
154
189
658
515
145
429
333
142
188
633
510
144
637
491
186
190
673
534
186
597
435
140
188
707
580
103
431
271
105
189
657
524
125
454
279
194
189
658
534
102
765
604
141
187
607
471
187
684
556
144
141
744
407
189
755
602
142
188
643
520
143
439
277
141
189
1291
1355
355
452
307
141
189
806
553
141
485
308
158
189
779
551
132
437
288
145
139
601
460
186
665
527
141
183
707
570
180
777
624
181
190
602
450
186
704
598
143
187
778
425
185
609
472
140
188
689
396
144
666
518
186
698
575
141
186
669
536
90
795
669
181
189
629
502
186
670
527
142
187
907
700
190
659
620
187
189
602
238
141
671
537
132
188
646
568
159
571
422
141
188
654
536
143
605
475
187
188
607
452
143
674
537
142
142
635
518
186
625
233
143
191
536
389
141
739
578
185
188
655
522
142
451
286
141
141
451
315
203
732
618
150
189
681
539
139
481
323
190
186
491
436
191
648
562
103
189
859
703
187
664
548
186
187
640
494
142
687
589
188
190
654
525
187
653
522
133
185
689
614
142
509
444
186
190
670
534
145
586
439
144
189
639
514
186
664
538
104
186
649
514
143
665
534
187
187
643
566
105
553
392
143
142
433
302
188
687
596
181
182
609
464
145
424
288
151
188
677
539
142
638
504
189
192
686
556
188
604
480
140
140
455
298
192
435
313
107
141
700
579
142
682
583
138
186
665
572
188
641
529
184
189
647
520
143
663
605
140
190
600
437
186
641
509
143
139
655
534
140
693
602
190
190
644
495
134
704
634
140
142
689
559
142
580
454
185
189
671
554
140
483
323
112
187
649
276
151
632
500
142
140
608
458
181
673
546
185
188
638
503
142
440
271
141
190
580
412
190
643
530
143
189
626
476
184
694
345
143
190
618
471
140
649
614
143
142
636
494
185
667
535
145
138
615
515
142
599
442
188
188
676
626
104
656
525
130
142
546
519
185
701
599
142
184
733
593
141
456
304
188
188
618
490
184
615
494
143
140
428
309
157
698
555
140
186
607
460
137
590
553
182
182
690
535
188
795
214
140
141
798
628
141
702
576
190
188
661
608
104
417
259
135
187
678
608
142
441
267
140
594
568
141
142
787
598
142
681
583
140
188
691
577
100
497
282
158
190
660
527
140
679
610
94
137
538
372
138
573
446
182
187
699
560
141
459
279
141
190
704
635
142
768
635
140
189
700
630
186
705
574
139
188
701
601
97
424
306
140
187
662
535
193
782
679
100
144
659
537
141
718
565
196
186
697
599
105
475
964
83
139
690
607
141
714
627
187
187
716
559
142
429
355
187
189
646
515
135
425
311
142
186
811
706
186
674
599
188
189
747
570
141
486
275
141
187
747
644
140
707
633
143
186
724
358
185
784
650
149
188
693
568
140
436
264
140
189
755
571
144
476
290
192
188
743
610
97
581
431
156
188
673
562
103
685
322
139
141
583
422
188
618
512
140
186
602
463
110
409
297
182
190
637
489
190
741
567
141
143
447
302
142
604
452
188
190
524
488
141
657
519
152
188
624
470
185
619
471
143
188
599
450
190
606
444
185
189
659
525
106
674
543
141
193
661
498
155
620
603
132
187
705
580
140
686
621
191
188
595
450
137
625
477
104
139
677
549
190
611
461
143
187
666
585
139
490
349
160
188
894
578
145
448
284
143
187
797
683
185
622
472
185
187
658
566
141
491
289
143
187
663
551
143
676
570
141
140
683
538
187
763
664
187
187
584
455
143
645
502
146
188
644
514
190
648
498
144
188
652
518
142
763
620
181
181
805
689
181
693
545
140
141
696
616
143
464
275
146
191
676
524
144
493
307
189
187
667
522
142
660
539
143
141
433
339
136
832
690
191
187
628
261
144
443
319
144
190
651
506
187
659
525
141
192
686
607
194
620
482
184
187
625
490
145
483
338
146
773
422
192
188
592
243
140
673
591
142
143
675
571
187
623
476
141
187
644
500
142
680
527
188
189
662
519
142
656
512
141
191
954
665
189
663
299
186
186
642
585
143
459
317
146
187
762
567
143
492
275
142
187
646
504
192
653
529
186
185
617
476
142
658
530
140
190
611
571
187
699
541
139
186
662
517
142
475
337
189
189
680
590
140
717
572
185
186
661
562
184
623
506
188
186
651
498
142
444
366
140
142
648
531
185
646
537
140
142
840
268
189
663
511
186
187
703
608
141
422
315
192
186
646
490
189
636
493
143
199
764
639
190
661
576
189
188
638
511
140
689
531
141
189
663
555
187
651
523
142
187
650
524
142
760
597
190
188
641
492
191
766
615
140
140
606
478
189
699
562
140
140
660
519
136
706
632
182
182
765
539
137
682
669
142
141
486
315
142
821
527
190
188
692
614
141
499
369
140
186
742
586
103
468
303
142
186
682
584
194
668
1807
818
105
701
586
140
428
302
142
145
682
398
187
698
576
141
187
726
593
143
730
562
187
189
675
608
141
727
629
141
142
697
623
189
712
640
141
190
700
622
142
483
103
192
190
695
575
141
684
603
140
135
499
312
181
805
642
186
191
738
622
140
435
321
187
190
813
571
136
759
563
136
183
580
540
140
698
618
188
189
683
587
141
689
597
142
188
790
624
188
695
651
143
139
695
564
141
736
590
189
192
678
589
144
619
578
139
139
699
608
139
711
585
140
139
680
585
136
775
634
141
190
695
568
144
477
292
143
188
718
620
187
822
513
143
187
741
615
141
422
319
186
187
785
560
143
742
652
141
139
705
650
141
728
572
191
694
590
140
190
696
584
141
706
609
187
188
708
577
145
461
303
145
140
693
612
191
830
514
142
187
710
559
142
477
307
141
190
762
592
141
436
271
141
187
746
601
180
811
650
137
183
680
573
143
467
274
144
185
754
575
139
695
582
140
144
695
584
188
785
611
141
191
691
564
132
428
293
142
188
718
611
133
709
635
136
142
722
597
144
698
624
186
189
677
576
141
439
316
141
140
781
434
189
663
584
131
140
663
299
141
432
295
144
187
652
498
188
679
571
139
142
478
298
136
690
662
142
186
650
500
189
645
511
187
189
656
551
142
663
292
142
139
684
567
190
649
527
188
192
663
524
142
663
531
132
187
636
536
186
598
445
132
190
660
532
142
732
582
188
187
511
506
144
426
265
140
141
679
545
142
670
504
188
190
666
612
138
490
318
189
190
668
522
134
729
591
139
141
415
301
189
602
598
141
188
698
537
133
481
327
141
187
627
499
196
669
576
142
139
647
503
131
693
644
182
189
635
509
186
722
544
132
141
463
279
188
632
506
189
187
641
494
143
689
544
134
189
782
124
189
658
486
151
140
710
582
193
616
457
191
202
688
563
143
420
291
144
189
727
573
195
672
494
141
189
654
473
147
719
565
187
186
625
446
185
656
482
143
145
450
272
144
656
485
188
194
658
517
137
724
604
186
193
579
433
187
619
421
147
145
466
257
197
604
410
190
189
643
474
141
656
490
190
186
575
195
188
619
456
133
198
602
461
183
781
627
182
184
673
500
141
457
245
142
145
610
435
201
695
2001
1003
68
432
302
137
438
126
147
184
633
489
143
434
272
142
141
772
632
187
633
450
144
617
486
187
202
689
512
187
572
429
133
195
581
418
141
430
95
193
189
626
475
146
687
544
132
140
447
226
144
669
509
146
141
686
563
144
425
232
133
141
555
402
190
678
541
143
142
561
487
139
665
489
201
206
658
504
155
430
267
134
139
618
481
188
563
402
192
198
636
466
142
432
264
134
193
735
568
191
545
537
133
139
467
297
191
642
478
142
193
656
523
148
446
299
204
207
615
437
205
652
602
135
144
421
329
144
706
562
192
189
713
557
110
629
454
138
194
640
458
193
694
597
141
189
668
520
141
712
595
204
204
603
470
198
662
480
133
140
649
508
143
415
262
143
140
596
427
142
638
455
190
189
568
404
189
693
560
130
140
442
275
186
756
566
119
205
715
527
140
669
528
182
191
607
447
182
820
432
188
182
640
460
183
805
627
182
185
609
452
143
429
251
140
202
571
392
186
692
577
140
141
719
287
140
712
554
187
192
629
494
144
430
262
135
139
734
580
189
606
441
151
205
635
477
142
685
520
189
190
665
492
142
635
191
142
142
588
443
189
637
468
199
193
588
393
136
446
245
140
204
651
495
202
635
464
143
141
652
474
209
681
556
190
187
550
475
141
425
241
144
194
607
439
186
711
556
142
192
680
507
156
719
620
188
188
687
524
133
699
543
143
142
695
539
134
587
545
189
189
684
569
132
735
597
189
191
699
599
131
430
231
141
187
873
716
186
708
549
139
189
713
552
157
441
205
144
197
676
535
135
718
545
142
141
705
566
146
746
630
185
188
690
534
140
449
275
143
194
567
427
187
665
530
143
201
688
503
143
422
224
142
188
636
458
201
615
466
141
139
685
538
194
715
545
131
443
95
138
133
782
655
189
798
677
182
184
752
587
142
489
285
143
187
645
500
178
672
517
141
142
716
558
189
663
506
190
186
700
636
140
659
511
140
186
747
552
189
640
476
142
141
678
545
133
776
621
190
188
692
526
141
663
516
141
140
601
464
188
687
598
141
190
658
537
142
493
298
142
189
620
271
188
646
507
131
140
456
377
189
618
497
140
189
642
496
140
633
500
186
190
638
545
142
621
479
191
185
639
1181
175
785
384
137
183
686
561
132
699
584
136
190
685
601
187
682
574
141
188
636
483
140
730
595
185
187
621
480
178
845
452
140
141
418
347
181
648
518
187
187
619
470
134
422
333
187
188
605
451
180
663
548
144
140
434
318
182
696
544
132
188
653
504
143
316
261
135
190
647
495
188
591
459
141
188
660
522
189
709
616
189
189
606
458
134
624
486
142
189
615
436
189
668
574
131
197
849
660
139
628
485
188
186
615
494
140
684
517
140
139
424
319
185
666
520
143
191
693
631
132
493
297
187
184
768
683
137
427
273
135
186
892
619
167
780
632
142
190
742
576
132
723
608
141
189
690
566
188
685
609
134
187
709
622
130
705
601
187
187
724
580
131
709
603
145
136
680
561
188
796
601
142
189
680
607
130
496
345
181
186
698
556
143
463
277
141
182
812
541
181
622
477
183
188
648
509
142
611
474
143
190
654
536
187
635
499
141
186
664
520
184
782
650
187
183
640
510
142
658
306
141
143
611
471
188
605
454
140
191
628
489
140
757
603
188
190
685
597
142
623
483
131
139
765
585
185
692
596
132
185
579
516
144
465
301
188
188
584
437
189
670
519
142
549
403
141
188
642
504
187
692
567
142
141
696
553
188
671
521
141
187
697
591
131
705
631
134
187
639
525
186
630
489
143
187
607
468
135
672
518
186
187
637
498
187
719
574
129
145
643
513
132
515
452
187
188
613
465
142
442
357
134
187
673
533
131
440
319
134
187
789
635
180
607
441
188
189
695
526
120
731
585
187
181
904
594
130
666
530
142
187
659
505
188
588
451
192
192
661
595
132
737
585
140
187
720
601
186
609
459
140
185
618
473
142
473
283
188
188
616
456
186
612
475
140
138
754
604
195
686
578
139
143
712
581
140
494
203
185
187
710
571
146
446
323
140
140
467
329
188
700
585
140
189
686
605
146
461
264
139
182
689
571
143
718
620
143
135
749
600
190
766
626
140
188
692
271
141
472
287
141
141
732
534
191
689
572
140
191
700
594
140
805
617
190
187
692
625
139
442
280
140
140
682
568
190
695
399
144
186
706
595
141
425
321
187
191
698
615
140
731
607
140
139
417
297
188
693
601
141
188
672
614
143
439
318
142
187
388
982
81
410
280
141
188
774
559
186
779
633
185
184
703
613
140
695
652
139
190
794
644
186
675
573
141
187
740
596
140
631
559
186
190
583
447
183
652
507
140
145
661
522
142
707
623
140
189
626
486
145
430
305
187
189
663
522
187
726
575
141
141
482
280
186
730
582
188
186
641
511
186
670
575
146
186
628
476
185
668
526
144
140
442
287
142
723
580
185
188
670
570
140
423
338
141
187
696
578
191
662
544
140
187
651
527
141
698
564
186
191
649
514
189
575
421
141
142
664
522
186
672
533
142
142
630
499
136
710
580
187
833
689
192
187
614
511
142
683
603
141
190
668
526
188
641
500
142
186
623
472
188
651
522
142
104
700
626
141
738
593
143
142
684
593
184
670
536
145
140
627
487
140
773
620
183
181
716
581
141
455
270
141
141
764
389
185
662
526
143
188
667
599
146
663
593
187
190
637
494
185
709
572
143
188
894
688
187
667
707
188
188
753
611
145
458
107
140
187
637
501
187
652
512
141
189
673
525
141
761
574
184
186
672
519
141
644
495
143
185
662
518
185
659
533
141
140
597
552
143
726
588
188
188
622
474
187
644
501
142
139
528
394
142
679
633
142
185
719
590
141
489
314
191
188
694
567
142
609
594
140
139
502
310
140
616
469
187
186
618
483
142
615
485
141
188
653
508
188
660
539
142
140
458
279
145
667
500
187
191
826
634
139
620
484
142
186
695
572
186
630
494
141
190
659
512
139
729
593
181
187
610
473
184
928
685
180
189
711
561
184
656
545
140
185
612
479
142
549
399
141
188
626
535
141
450
338
143
138
449
327
189
674
521
142
189
688
598
144
452
301
143
184
683
523
187
656
596
139
189
631
480
188
798
658
188
188
690
590
141
491
325
139
189
689
579
140
1549
91
141
139
701
405
142
687
612
188
189
684
562
140
721
585
144
139
790
617
191
702
606
141
187
695
619
139
490
307
142
186
666
541
141
467
116
140
189
753
643
187
699
626
136
181
714
417
142
697
615
142
190
640
501
142
616
485
186
187
671
525
142
777
630
186
189
621
576
140
696
612
142
141
720
662
192
776
493
140
141
728
647
141
729
623
141
190
743
601
185
701
628
141
141
440
332
191
590
564
144
695
572
565
140
683
537
138
782
634
188
188
769
529
137
752
609
135
184
836
536
181
694
642
141
187
702
587
143
609
633
185
191
702
620
141
453
320
140
140
688
625
188
670
532
141
181
706
633
142
437
291
141
189
671
518
187
656
563
143
141
470
343
187
669
526
143
189
629
485
142
410
372
188
188
660
531
144
653
536
143
189
606
469
186
642
503
188
189
576
457
140
469
279
141
189
626
530
141
589
458
143
185
665
524
140
424
267
143
186
611
518
147
626
540
141
141
471
290
186
690
566
140
186
543
385
144
711
625
188
188
652
492
185
699
563
138
140
454
309
141
643
477
181
189
632
492
136
698
550
135
188
652
273
182
698
553
139
186
704
562
140
647
513
186
190
664
520
140
633
479
144
141
706
573
187
654
531
142
188
661
503
145
425
99
188
189
701
634
144
474
283
143
186
809
694
185
711
597
139
186
792
637
143
452
256
142
186
701
538
143
718
562
140
189
591
584
190
728
573
144
186
689
543
142
443
256
141
191
682
512
141
715
612
140
140
715
544
141
762
587
186
190
719
578
141
328
287
140
140
668
499
189
709
592
137
189
698
544
140
487
284
140
190
702
579
147
462
251
139
185
748
626
186
722
569
140
198
712
564
140
710
635
142
187
740
589
190
734
583
142
142
747
588
138
676
610
185
188
688
616
140
507
365
143
188
626
500
141
473
276
190
188
671
555
139
740
579
186
188
639
503
191
640
516
141
141
756
646
187
678
567
143
140
637
480
139
446
314
186
185
628
497
187
572
426
143
189
801
687
189
690
616
141
189
660
501
141
636
486
141
185
616
472
187
565
423
142
671
529
146
141
437
295
187
624
474
142
187
642
504
141
719
579
188
190
716
564
141
689
544
140
140
742
638
187
709
576
142
138
1479
142
245
848
787
200
188
692
567
142
454
305
142
189
756
613
190
758
579
187
187
621
468
140
420
254
145
189
653
510
186
679
381
142
189
638
487
187
642
508
142
188
700
561
143
712
567
138
191
662
572
186
618
473
141
188
631
483
139
714
574
188
184
593
526
136
844
695
135
138
654
592
181
831
707
184
186
667
527
140
427
321
189
187
658
525
141
708
576
140
140
714
587
186
561
486
184
180
701
606
140
674
555
602
141
765
556
187
771
560
140
140
704
589
141
800
610
191
187
698
623
141
731
621
143
141
604
474
191
695
586
140
189
690
556
140
428
297
187
190
708
578
187
684
624
142
142
490
300
141
727
580
140
190
690
570
144
420
339
143
190
642
520
186
669
524
136
185
624
477
181
799
682
182
188
665
520
144
688
596
140
187
641
466
186
653
584
141
140
641
506
139
729
580
186
187
644
501
187
713
636
137
140
686
570
140
695
633
142
189
710
596
141
499
355
140
188
726
356
140
473
281
136
190
781
644
191
771
634
138
187
758
558
139
720
600
143
188
684
638
147
725
581
140
188
741
582
186
729
354
141
140
493
332
186
739
601
140
193
789
589
181
701
582
140
141
703
615
143
738
571
188
190
698
570
140
688
605
142
131
636
544
186
699
536
143
143
714
566
139
493
291
140
190
697
545
139
409
302
139
139
495
340
189
666
521
142
188
694
541
141
323
264
143
188
701
610
143
710
594
144
140
730
609
187
730
558
189
189
763
581
140
717
582
141
758
595
188
187
701
569
143
656
598
142
135
699
592
188
711
603
141
142
711
554
140
475
294
142
189
726
636
141
432
300
141
179
824
662
181
775
653
137
180
790
611
141
438
320
142
189
692
574
138
663
620
145
140
709
587
185
782
594
187
189
785
543
143
777
807
86
141
767
576
187
722
610
189
186
698
589
140
780
614
142
139
666
519
143
422
320
145
141
803
461
187
676
545
143
188
659
522
143
481
325
142
188
657
511
186
648
516
141
186
817
740
186
657
538
186
190
693
547
141
448
325
145
187
658
527
143
442
283
141
189
651
299
141
723
557
184
187
776
613
179
650
616
141
184
749
607
136
826
710
181
187
721
551
141
411
314
141
193
611
448
189
664
299
143
142
1536
81
168
332
738
136
136
638
485
141
701
601
183
187
730
553
143
641
487
186
186
656
509
188
749
564
185
190
508
479
142
605
465
142
188
660
515
187
678
620
145
142
643
510
143
722
568
185
185
598
459
191
733
606
141
140
610
444
185
540
482
144
191
657
504
142
678
544
188
188
647
512
187
683
555
142
141
487
312
186
700
569
136
186
609
479
143
624
511
185
187
771
600
187
653
509
141
188
693
563
141
660
451
581
188
709
609
141
670
568
141
188
754
557
193
796
689
142
139
711
566
140
465
273
189
191
675
626
142
721
551
142
142
704
560
188
721
512
142
188
699
550
143
467
310
186
188
719
613
141
726
571
142
139
462
294
183
754
605
136
189
709
593
141
473
255
144
191
680
543
141
748
594
188
189
576
418
143
671
492
188
184
657
196
142
450
288
137
182
794
638
184
675
539
141
185
716
552
111
398
744
193
655
515
145
188
646
481
143
391
322
185
189
643
229
138
569
412
144
190
843
683
189
640
495
187
188
633
554
141
448
271
142
187
654
495
141
639
534
139
185
694
554
192
655
267
189
186
643
512
140
743
589
141
188
664
571
184
607
434
141
185
638
496
143
715
585
188
187
620
475
187
605
456
141
140
477
438
189
608
461
140
187
598
441
142
482
282
141
187
705
569
137
862
511
135
140
472
277
186
695
560
142
185
644
506
182
487
479
138
182
846
661
180
631
489
143
191
627
483
186
612
471
186
187
705
567
140
450
244
140
191
694
533
145
698
535
142
158
706
576
139
724
602
188
189
704
555
141
466
237
140
141
670
522
186
698
569
140
187
735
568
142
448
327
142
186
720
620
143
423
271
143
185
715
585
187
761
580
187
188
706
544
140
430
254
144
190
703
615
140
457
279
141
183
713
545
183
763
618
183
187
679
570
141
711
621
142
191
799
671
187
717
553
143
187
721
578
139
670
521
186
190
689
571
143
655
511
141
141
529
142
187
644
497
141
188
650
527
141
489
320
191
189
657
498
186
616
466
141
140
476
347
189
635
473
190
187
652
528
142
664
306
140
188
642
487
180
642
509
142
187
594
459
187
744
615
142
186
642
512
186
627
482
187
188
624
478
191
604
452
142
187
618
573
139
725
568
182
184
1533
87
136
747
626
135
141
488
315
187
717
616
141
187
710
585
142
627
490
142
189
811
713
187
589
525
142
184
706
570
140
790
657
186
190
674
582
140
746
659
140
191
715
544
187
693
575
141
187
712
627
140
694
606
187
186
698
574
145
714
616
142
140
684
144
188
185
415
455
908
357
142
128
433
667
122
187
160
180
191
733
976
406
91
136
760
960
400
83
191
187
197
853
893
350
143
187
879
567
142
141
710
623
571
843
676
136
183
882
463
138
760
559
141
185
685
606
141
415
268
188
190
705
637
142
464
295
144
140
701
626
140
447
316
189
189
710
600
142
423
335
188
187
691
556
141
745
652
141
139
443
272
189
797
610
186
189
686
604
142
463
289
145
186
771
563
141
717
599
143
141
678
597
187
809
616
189
187
751
326
144
700
508
140
186
488
369
187
612
468
141
139
622
488
141
770
617
185
187
730
584
143
700
558
141
141
758
613
183
830
479
182
188
614
457
140
665
527
189
187
673
531
142
710
614
142
136
495
309
141
751
577
143
188
705
561
140
546
391
140
187
580
562
142
429
284
143
189
717
591
142
707
596
189
190
707
568
139
494
345
144
189
687
581
141
740
626
141
187
792
515
141
581
627
186
190
690
573
141
702
611
142
143
702
590
191
765
574
141
189
734
637
142
809
593
140
187
685
556
141
702
625
140
140
422
256
188
808
515
187
180
686
605
143
451
326
188
188
728
620
142
437
309
143
188
741
574
142
728
604
188
187
692
613
147
483
350
141
187
746
541
142
429
280
141
192
703
578
142
693
587
188
191
689
553
141
456
344
143
141
430
746
194
716
573
188
189
665
567
139
425
298
190
190
683
580
142
715
586
143
188
925
653
188
800
513
190
186
699
567
142
464
285
190
187
745
391
140
689
580
141
188
738
575
142
793
645
185
186
672
612
140
708
625
137
184
695
612
181
768
632
137
187
727
626
142
648
477
186
189
691
595
143
703
576
140
140
494
344
187
658
503
142
636
498
136
141
651
515
188
801
516
193
186
727
588
138
440
111
141
186
747
612
187
721
582
142
187
751
597
186
690
644
139
186
784
435
139
637
519
141
186
606
465
141
612
446
185
191
534
496
140
713
579
183
186
623
492
188
667
523
151
141
319
756
159
768
617
144
138
660
520
141
579
422
187
189
581
445
182
699
653
188
186
660
539
182
697
536
141
141
654
516
185
430
813
74
192
703
608
143
425
271
143
186
711
649
186
761
553
187
190
825
500
141
755
568
141
189
704
625
186
703
637
143
188
694
617
137
715
606
137
134
872
667
182
697
571
141
140
747
543
188
711
574
144
142
666
545
144
535
395
141
189
706
620
143
705
652
143
140
436
333
599
718
573
139
189
694
573
143
488
294
141
189
692
614
144
700
601
142
142
699
624
190
797
513
182
183
749
601
136
469
317
142
190
664
573
186
791
657
141
140
691
282
141
748
618
188
189
754
558
142
472
293
142
141
804
553
140
472
287
143
187
687
610
138
483
335
187
187
688
586
142
443
123
140
144
498
304
189
710
614
139
142
466
292
141
704
595
187
187
651
518
186
644
505
143
141
451
317
144
694
544
186
189
542
483
142
655
545
136
183
565
413
184
740
573
141
186
683
512
140
704
592
187
181
736
575
183
629
555
140
141
752
416
189
501
505
137
141
633
507
142
458
321
189
187
649
507
140
459
288
141
188
766
621
185
621
497
189
189
699
559
141
453
254
143
189
821
611
145
556
398
142
189
625
495
188
671
541
141
188
691
596
141
427
290
144
187
642
488
188
624
478
142
141
473
308
142
391
617
183
188
742
577
142
657
503
144
495
305
134
189
624
488
194
644
490
132
142
491
366
141
701
564
186
187
918
676
180
729
613
136
182
625
469
182
788
648
187
191
719
603
184
654
560
188
185
615
461
142
687
528
141
189
642
532
190
710
626
141
140
752
650
143
712
656
190
191
741
602
141
747
645
139
141
752
562
180
768
622
121
184
671
616
134
490
300
145
189
683
388
142
739
626
131
143
422
336
143
469
295
181
190
703
571
142
755
628
131
187
739
593
187
698
601
130
189
713
588
190
729
440
132
188
703
619
131
424
279
140
193
765
558
179
793
646
136
189
720
624
141
684
623
186
187
776
605
133
874
692
141
142
611
591
190
660
495
141
186
603
458
133
507
356
141
187
699
431
143
708
542
140
142
546
346
142
624
480
193
187
710
572
140
578
533
190
188
682
562
187
643
493
142
187
634
494
186
680
538
194
189
717
594
186
659
540
142
145
650
542
134
483
307
140
157
730
609
139
712
579
187
186
668
537
193
663
612
140
134
705
624
139
792
662
137
137
658
529
120
922
515
181
189
653
516
136
544
410
142
188
785
710
195
682
616
143
187
687
593
142
474
341
136
191
753
604
134
685
529
141
187
699
549
188
706
539
140
185
735
552
106
536
385
141
187
623
474
148
653
498
145
140
709
549
132
736
586
188
189
693
581
549
793
628
141
136
707
297
188
704
542
149
143
620
458
143
385
310
181
199
637
482
146
449
260
132
180
760
613
188
624
469
186
185
591
423
141
644
279
203
183
727
538
200
826
474
189
194
604
482
187
581
454
132
187
581
425
137
691
498
138
188
666
488
188
558
440
142
142
515
449
135
730
396
194
592
460
142
186
602
460
131
440
261
185
185
724
553
141
627
512
215
188
741
447
206
457
331
133
186
507
440
145
551
432
187
185
672
556
186
773
551
132
140
462
246
143
600
459
215
184
574
434
140
616
464
135
185
622
494
186
494
452
142
139
455
303
143
682
531
186
187
536
380
139
811
441
142
136
748
590
182
772
630
183
200
631
475
132
430
273
189
190
717
601
140
617
479
134
140
448
286
187
648
494
142
187
688
566
143
460
254
145
187
697
562
143
709
553
143
187
705
545
193
846
608
186
188
712
516
141
711
566
147
199
701
546
187
712
574
132
142
707
569
141
691
607
185
187
704
564
143
712
569
140
142
708
551
187
686
525
143
190
705
602
140
473
276
139
138
697
593
181
739
601
136
135
763
620
188
704
541
141
191
715
313
133
429
223
147
191
693
542
141
722
548
141
139
718
560
187
729
541
144
189
731
554
141
703
525
143
190
700
535
190
686
335
140
190
723
623
143
764
559
189
188
693
538
143
427
260
143
140
690
565
191
669
510
140
187
704
534
132
483
277
143
190
633
532
141
708
548
139
143
463
263
140
731
604
187
187
752
651
165
728
580
150
187
700
551
188
725
591
140
140
707
547
191
624
588
144
140
701
579
121
463
285
142
143
692
559
188
630
486
147
187
596
438
140
738
412
185
192
706
548
138
624
511
143
136
421
288
134
628
462
180
183
737
579
137
476
261
149
189
726
569
138
734
560
140
141
315
423
188
717
566
144
189
677
561
144
439
263
142
189
707
592
189
745
547
97
187
706
548
143
716
558
189
191
704
592
141
700
553
130
141
674
522
187
707
530
143
452
219
141
187
725
595
188
729
593
143
185
722
539
141
703
587
184
186
587
428
152
777
607
136
186
608
460
193
568
416
141
186
715
588
188
663
526
109
199
618
454
147
635
465
187
191
667
526
141
762
627
140
189
610
449
188
692
536
142
615
756
406
141
709
612
143
197
697
603
140
485
318
185
187
696
587
104
738
639
132
189
747
644
191
759
556
136
186
881
455
142
742
415
139
189
738
572
188
736
588
106
140
707
556
141
721
624
195
188
673
542
141
435
306
141
141
712
611
124
643
515
137
189
590
638
137
681
625
150
187
683
614
104
438
285
142
142
606
483
200
731
592
143
188
702
585
142
424
291
180
188
664
610
141
329
299
141
188
773
639
145
710
596
143
186
757
593
102
471
272
142
190
633
480
160
701
590
142
187
641
499
185
673
560
141
187
804
609
140
497
276
104
189
621
482
187
713
574
141
190
635
482
136
685
569
193
192
767
618
190
684
612
137
133
439
337
143
400
744
99
189
711
613
137
458
298
134
188
684
565
141
772
619
144
188
741
583
104
712
585
186
187
814
501
141
716
604
141
139
707
602
192
690
613
143
187
695
580
107
775
602
191
190
687
566
141
735
592
143
142
701
612
186
728
593
142
189
708
349
141
472
346
156
188
700
573
143
433
282
140
189
797
717
198
782
503
190
186
695
581
142
432
283
107
189
696
580
132
812
281
142
188
663
528
188
610
495
157
186
654
527
103
426
313
133
191
689
630
92
752
602
136
186
666
517
140
742
595
188
185
572
571
140
760
633
98
140
671
505
103
411
810
89
161
691
433
106
496
336
191
189
727
596
142
690
558
135
194
696
578
142
354
264
141
666
520
142
188
645
520
153
682
539
141
187
569
429
141
583
433
134
188
567
440
187
619
482
141
188
653
518
97
585
526
186
188
625
475
187
640
476
136
141
699
630
185
689
613
134
190
718
559
141
682
535
190
187
581
416
141
700
611
93
135
467
294
186
692
562
120
183
569
400
142
610
444
191
189
693
580
190
805
511
141
187
703
571
372
538
574
141
188
656
507
142
463
283
107
141
682
584
103
482
309
189
189
569
404
143
682
519
184
190
648
506
143
655
547
142
141
784
456
185
696
569
140
141
653
521
142
684
538
185
187
604
456
158
646
521
142
143
568
414
141
705
562
146
187
698
622
142
469
285
142
187
697
395
141
724
560
145
139
738
621
133
711
641
136
180
775
628
135
822
668
104
142
754
529
185
718
581
139
187
714
604
142
682
368
150
613
683
594
143
696
630
144
138
693
604
142
701
601
141
189
764
592
97
714
653
149
188
740
562
142
700
601
140
187
674
711
141
632
521
138
181
801
484
135
716
580
141
188
726
582
154
717
576
140
141
462
294
106
733
639
184
187
722
587
141
612
570
139
191
767
504
188
706
598
141
189
693
552
141
705
612
146
188
731
590
137
830
709
136
136
447
325
179
703
564
136
136
618
508
140
733
613
188
190
744
592
189
709
588
99
187
727
570
143
706
557
189
190
714
556
143
635
486
99
188
630
502
140
440
247
136
139
593
441
141
689
542
188
186
560
390
142
702
544
139
141
578
441
191
741
590
144
141
663
508
143
661
528
185
186
541
386
143
624
484
141
186
824
703
187
743
590
189
190
704
545
142
457
251
144
196
705
552
132
722
544
140
447
246
139
180
695
551
181
767
633
136
185
706
561
142
710
572
187
187
697
542
143
451
221
144
141
717
554
188
713
562
141
187
698
260
141
741
565
138
188
702
518
143
539
384
140
187
760
633
140
742
545
189
188
709
539
141
458
259
145
189
702
584
139
699
274
140
141
713
600
189
711
553
141
184
697
553
134
718
596
141
187
716
565
186
728
536
143
187
720
592
141
747
585
189
189
531
453
189
701
546
141
140
738
553
142
723
556
137
182
724
585
140
454
288
141
186
693
549
144
457
241
143
187
759
616
186
596
553
143
187
709
582
140
453
244
141
186
710
603
144
723
610
143
188
724
608
185
708
595
185
190
714
550
144
706
556
140
197
725
546
139
701
554
141
140
720
599
142
510
346
188
188
721
600
141
714
587
138
185
754
616
187
706
561
187
192
710
594
142
429
279
142
198
819
631
141
604
438
142
189
650
533
187
642
510
142
142
609
456
186
542
397
135
187
583
417
248
653
686
187
189
695
550
141
533
412
157
187
677
534
142
761
609
144
140
552
416
188
646
510
142
188
771
531
144
478
301
141
187
752
399
137
681
645
143
139
584
438
188
715
584
141
191
701
618
143
564
425
146
190
708
600
140
754
541
141
187
712
591
191
715
369
140
189
702
574
142
440
259
141
185
696
574
153
682
610
140
141
772
583
140
708
587
185
187
725
580
141
490
290
143
140
584
595
185
795
651
142
625
707
592
141
445
298
142
182
787
608
142
690
623
141
140
416
346
187
706
609
141
141
701
643
141
342
360
145
187
681
606
142
691
606
142
186
698
606
190
730
645
140
185
678
582
135
696
584
136
819
681
190
181
780
627
138
610
634
141
143
706
641
190
760
601
141
140
429
325
144
710
621
186
187
785
600
141
436
295
141
189
778
496
186
757
621
141
200
810
632
140
420
280
143
187
697
546
140
479
315
138
186
623
474
189
796
446
144
191
667
520
142
727
587
142
187
533
367
187
699
579
142
139
655
572
141
519
366
186
188
684
618
141
433
329
142
143
770
594
188
653
501
145
186
624
514
140
702
612
188
187
668
517
144
686
560
139
139
407
291
190
746
588
143
188
691
606
143
440
280
144
188
747
600
141
774
443
143
140
755
377
186
634
563
189
189
743
588
134
686
537
142
189
718
584
185
747
601
143
139
658
517
140
548
403
186
188
644
533
187
670
299
141
139
823
431
186
730
597
142
185
806
609
142
479
312
140
188
743
600
187
687
634
141
142
433
320
189
715
581
141
141
555
456
140
649
508
142
189
644
522
190
634
500
143
191
624
486
188
754
601
141
190
730
587
145
436
322
142
189
671
556
141
317
280
141
188
606
513
140
791
467
141
190
709
573
140
682
539
143
139
426
336
186
746
582
137
186
712
590
143
501
318
189
190
928
582
135
491
317
142
141
476
309
188
715
575
142
187
753
610
140
425
327
186
188
704
557
143
677
619
147
139
675
552
143
399
551
186
189
691
600
141
776
579
140
190
701
602
186
679
613
142
140
721
603
135
814
678
181
183
698
573
146
687
587
140
140
749
593
141
740
544
142
143
446
334
146
485
316
186
188
692
539
187
598
457
144
139
438
265
143
811
676
188
143
666
341
275
290
329
141
189
753
593
142
490
335
141
186
635
470
135
830
686
183
870
592
181
188
682
532
141
413
336
143
190
724
387
138
745
596
142
136
490
316
186
758
584
143
189
791
596
145
701
554
187
189
649
501
184
722
572
141
140
684
539
140
558
181
190
186
609
438
141
740
590
142
189
721
578
189
664
532
143
190
733
597
140
613
517
186
187
787
442
187
740
542
143
141
532
472
187
678
625
141
186
748
601
144
1864
1736
736
148
453
277
143
718
589
141
142
445
341
141
489
387
189
187
677
606
142
378
328
143
187
770
590
143
698
649
140
140
714
608
187
706
588
187
187
654
545
141
470
352
142
187
680
616
141
757
575
139
198
847
568
142
689
585
192
191
791
565
142
692
578
142
139
783
604
188
681
623
141
189
698
601
134
694
602
187
189
678
599
143
477
282
140
190
791
703
185
782
563
189
187
736
586
141
429
290
144
187
736
534
142
794
596
143
140
693
586
187
791
620
144
142
694
592
142
694
631
143
140
734
597
186
704
572
143
188
697
611
144
709
580
185
188
737
573
144
431
318
143
142
680
321
188
780
502
141
195
896
626
188
676
631
185
185
735
555
136
654
587
140
199
798
642
189
668
554
141
186
646
516
143
439
102
140
185
732
543
140
673
548
144
139
646
527
187
628
477
187
204
680
520
143
450
252
138
188
710
573
186
636
475
142
140
552
456
141
721
607
187
186
621
484
199
709
550
101
139
383
334
182
722
571
188
187
482
355
142
476
273
184
184
670
526
141
390
314
143
187
863
723
199
753
618
189
190
761
410
145
448
291
142
189
693
585
141
693
525
142
140
718
561
187
731
597
187
189
790
432
187
730
554
141
706
593
141
141
722
538
142
724
563
143
138
687
539
182
736
599
138
187
742
588
144
482
282
144
189
673
548
140
663
514
142
141
449
316
186
723
601
140
141
710
537
143
459
259
143
186
704
554
142
632
470
183
192
632
499
145
427
282
141
189
608
475
185
637
470
141
144
690
529
141
586
419
141
190
648
500
142
726
410
185
189
622
448
189
682
577
141
142
708
579
143
612
467
189
185
707
604
142
499
312
185
189
646
493
188
654
516
186
186
704
562
142
438
259
187
189
