518
449
255
171
420
186
171
105
172
115
357
422
168
121
118
130
473
392
173
146
447
286
197
382
394
154
412
154
123
168
334
120
422
157
168
160
179
370
186
262
132
395
119
417
115
125
120
158
268
122
422
119
391
121
364
157
440
151
114
388
119
458
141
415
158
157
119
388
160
169
377
118
474
161
378
157
321
203
178
442
156
403
117
403
187
391
118
117
118
225
199
254
253
168
244
116
328
174
266
159
428
156
459
152
442
157
404
156
128
331
131
419
119
401
155
409
156
460
157
388
158
445
158
447
163
439
156
412
155
130
407
198
283
209
218
232
181
316
133
356
134
399
158
388
122
414
119
437
129
376
160
116
303
121
416
181
169
270
117
376
117
450
219
172
408
195
366
128
377
117
130
123
174
322
161
438
156
236
156
321
229
189
300
115
397
132
401
116
449
115
136
119
119
478
170
383
154
481
161
423
155
522
161
415
172
445
120
402
173
444
171
456
120
121
233
172
347
115
358
119
418
139
427
282
249
223
216
269
197
201
205
190
181
131
121
424
142
364
1158
381
158
564
291
297
153
327
192
386
124
387
120
414
114
130
357
137
315
132
356
120
372
201
142
445
117
374
464
157
427
164
183
471
123
409
185
152
440
133
145
147
206
180
504
113
401
159
434
209
179
372
120
387
202
228
428
118
324
337
159
422
151
281
430
164
393
347
158
119
254
435
115
389
132
367
175
104
400
119
351
117
266
400
80
400
141
241
159
149
343
178
422
114
118
126
386
161
293
176
157
182
239
454
152
901
563
426
196
424
215
233
450
117
362
161
181
550
133
120
158
432
115
435
120
421
118
377
297
155
452
154
381
200
240
366
158
429
159
294
119
389
176
325
299
155
116
331
210
146
262
162
377
114
409
174
213
344
154
418
168
299
167
254
277
155
424
220
319
433
117
183
255
153
468
167
305
155
306
232
437
155
440
150
504
152
485
133
347
157
353
155
116
264
175
211
183
149
281
133
357
115
352
159
451
154
474
158
281
202
245
154
136
443
118
411
119
329
131
297
179
295
189
255
153
308
169
360
158
193
224
161
407
401
252
118
117
239
156
160
157
184
307
105
368
157
382
168
287
163
246
179
322
152
314
137
117
120
366
148
263
173
212
205
211
385
117
417
156
376
194
302
139
352
122
385
181
117
118
377
216
371
150
417
130
417
121
444
143
424
160
458
120
437
161
240
194
412
184
424
118
122
380
158
457
154
446
155
493
118
450
168
431
116
460
179
431
159
428
161
409
156
121
431
160
452
182
487
119
449
171
464
160
461
157
450
183
377
158
421
140
459
161
165
456
117
402
126
468
127
441
157
422
125
377
157
352
443
173
326
186
129
151
155
124
292
164
122
290
124
381
198
124
415
180
195
234
117
444
152
399
154
437
121
132
127
125
429
369
143
440
162
154
234
117
427
142
435
187
183
136
194
119
119
412
119
425
194
122
359
176
360
172
403
168
453
146
290
303
476
130
420
155
119
259
112
388
119
415
158
365
118
437
171
209
217
138
290
178
341
129
387
123
444
154
116
430
157
246
251
157
268
188
118
402
159
157
361
118
421
115
395
161
116
390
215
131
439
162
394
153
271
334
129
225
155
152
155
134
134
243
177
119
133
365
155
239
326
155
332
147
193
132
299
154
425
164
438
157
261
152
270
152
455
117
369
135
118
125
325
160
155
127
375
147
265
424
241
170
397
213
118
395
116
255
377
156
386
254
119
405
295
178
126
119
381
426
166
115
117
419
136
431
178
416
334
179
363
400
119
307
432
154
442
120
403
117
417
131
136
457
116
255
120
451
124
468
116
381
118
428
116
352
172
252
155
434
116
435
120
117
415
113
417
118
327
156
439
128
421
122
441
118
370
120
398
129
397
116
410
128
393
123
122
208
246
199
121
454
140
434
140
414
129
368
114
646
161
400
130
391
158
432
114
118
424
134
414
170
517
117
248
152
115
306
132
398
225
150
385
114
439
117
408
153
125
397
159
410
125
448
128
443
139
438
122
368
142
431
118
416
127
404
128
370
125
378
160
120
415
153
416
115
422
125
435
119
380
119
388
130
398
113
437
115
406
131
421
158
125
382
155
461
115
438
127
431
123
438
126
422
119
494
116
387
129
411
135
437
117
123
361
153
415
131
446
119
443
127
467
119
466
129
449
126
448
121
400
120
143
219
409
155
123
386
129
441
116
453
123
388
156
454
158
358
155
364
152
378
159
421
175
464
117
123
342
187
422
125
217
291
503
132
401
120
422
116
398
121
411
133
403
111
459
129
132
305
153
444
116
470
118
361
116
451
115
458
157
460
115
449
120
464
154
511
135
124
404
127
435
157
445
130
450
115
439
115
413
125
386
130
419
120
435
130
476
121
346
156
137
308
153
251
154
401
158
443
117
452
117
449
121
402
174
416
118
391
117
351
118
138
409
134
407
160
367
168
456
120
435
119
391
118
336
119
416
118
393
118
423
116
135
440
113
429
133
377
120
428
116
430
117
421
113
413
114
433
118
421
117
392
118
364
119
116
472
130
439
122
285
156
453
116
393
157
419
115
422
118
434
132
419
117
418
119
134
446
133
466
121
419
117
408
134
503
339
448
130
402
162
279
156
489
114
451
129
121
421
125
425
132
388
153
423
131
438
115
439
183
428
119
400
139
294
158
416
151
133
363
156
408
153
395
153
242
155
409
124
409
118
337
163
204
119
375
154
415
171
431
165
137
376
152
421
117
432
124
494
118
446
136
417
146
427
114
405
130
309
115
357
118
140
467
117
400
118
373
117
389
119
421
120
436
139
414
119
408
122
260
158
431
139
126
401
117
412
118
410
144
421
157
451
156
418
115
436
437
325
120
437
121
432
116
449
121
133
260
152
458
152
458
127
405
131
376
118
434
113
477
114
431
114
427
172
381
120
134
422
137
419
123
375
141
413
119
442
120
393
118
441
155
391
126
373
122
356
153
128
326
156
421
117
422
113
397
109
437
158
362
116
405
112
451
118
389
127
443
161
422
115
127
293
128
464
118
407
132
459
160
279
160
407
124
407
118
979
168
456
118
409
123
117
419
131
388
122
414
128
217
125
162
122
116
305
410
117
410
132
453
128
374
118
123
434
115
425
112
425
121
403
125
437
129
410
124
447
115
452
126
439
167
412
132
128
379
158
424
117
414
139
390
134
456
118
418
124
359
119
433
123
290
121
464
113
405
118
126
373
125
418
119
403
157
416
216
341
166
451
128
443
118
386
150
203
118
405
121
123
429
143
461
130
409
117
342
152
467
114
428
124
355
120
413
155
316
174
402
123
127
456
124
360
129
368
157
470
116
422
125
412
112
475
124
397
117
386
159
341
155
399
126
122
425
133
448
137
205
120
302
112
420
120
437
116
415
116
416
118
386
120
450
121
123
152
114
440
119
382
133
472
118
409
117
225
156
439
118
373
114
452
127
432
122
126
190
122
349
126
444
138
448
155
425
119
389
116
412
112
448
123
449
120
416
113
125
426
122
385
181
455
116
470
128
423
111
456
118
446
140
389
134
464
119
445
129
418
119
134
229
182
453
116
371
116
457
119
417
120
421
159
434
119
370
123
439
128
436
119
123
201
120
356
174
436
121
461
158
357
117
416
133
447
126
208
120
357
122
411
132
119
359
155
374
151
332
152
411
118
384
173
375
120
396
162
298
156
409
116
392
120
243
121
122
405
115
388
157
399
126
399
116
176
155
497
118
432
120
465
158
422
119
437
117
118
435
117
406
125
433
125
453
115
400
116
436
118
387
116
347
156
390
114
281
157
126
436
139
446
121
403
119
398
118
396
177
295
159
471
124
420
128
414
120
435
120
133
219
154
465
117
475
160
361
179
425
131
423
117
448
129
381
121
395
159
425
120
386
172
129
457
119
384
116
306
160
437
117
438
117
412
111
431
122
447
322
186
266
376
127
131
441
119
461
118
414
117
417
116
437
125
442
137
438
118
1257
440
126
346
178
120
123
426
140
435
155
398
115
487
176
444
130
368
129
428
123
464
121
418
133
454
128
444
119
120
408
113
460
115
407
157
457
122
381
119
428
118
225
157
505
116
446
123
458
119
123
421
135
447
120
428
113
377
116
368
125
425
122
175
118
443
115
403
132
398
118
126
463
156
461
159
380
131
423
154
397
115
417
127
419
158
390
128
446
123
466
125
642
171
121
437
119
443
117
385
118
450
130
391
157
452
127
409
120
451
136
421
184
450
126
122
459
116
438
129
400
154
403
115
436
172
429
137
415
131
388
127
428
119
398
161
121
471
112
470
124
455
145
441
116
418
118
452
164
387
130
432
117
463
156
356
122
124
454
135
321
159
406
122
429
177
379
159
413
116
391
156
403
120
396
134
422
117
447
126
121
396
115
388
115
193
151
434
150
430
132
453
116
423
132
372
156
194
154
430
131
124
491
122
446
115
402
135
386
162
445
132
318
120
374
120
430
114
407
154
381
115
124
355
115
412
126
433
154
439
152
219
152
400
133
421
114
448
127
409
122
451
126
423
129
138
374
101
415
127
361
113
421
118
438
119
366
159
395
151
405
124
429
113
447
115
125
410
457
178
136
432
157
409
134
454
114
446
129
389
115
359
126
441
120
374
117
125
461
117
214
117
455
113
121
372
418
124
477
119
404
119
381
119
411
120
462
121
402
133
123
358
153
381
116
368
121
405
120
432
118
192
121
202
120
438
126
427
120
460
133
136
409
119
461
121
385
119
470
137
356
117
432
132
419
115
449
118
462
121
380
119
117
393
167
457
115
183
118
194
123
452
127
466
117
317
161
455
117
338
157
363
127
137
385
128
427
151
407
123
381
116
464
158
431
119
320
189
464
136
383
126
419
118
412
119
126
421
159
444
116
464
142
265
158
424
136
412
117
284
158
403
117
371
159
425
114
118
458
119
415
101
382
155
386
115
472
131
464
118
368
130
402
116
414
117
418
123
121
405
117
429
157
402
115
203
276
414
118
388
120
469
179
449
119
456
120
447
116
368
185
120
446
118
408
156
379
126
457
177
434
115
411
119
449
169
152
360
284
156
419
168
122
466
177
454
123
324
169
418
133
460
155
451
115
428
119
469
160
468
129
459
123
434
136
448
180
187
461
158
352
329
201
388
118
457
135
447
153
410
159
120
456
165
174
444
151
344
168
317
203
345
121
365
123
422
155
464
422
176
426
119
121
396
160
431
159
400
188
280
413
181
435
159
421
213
561
134
486
185
217
122
261
121
409
152
430
120
182
395
115
374
166
415
118
404
133
443
167
188
122
398
149
695
352
437
345
278
518
330
205
385
119
398
116
392
182
368
142
434
361
234
167
247
409
179
427
159
167
423
168
368
166
425
289
307
208
401
119
418
121
382
170
132
377
167
440
118
442
166
415
167
420
188
236
350
135
372
177
337
263
248
196
123
289
116
408
190
367
169
320
137
408
155
459
131
390
283
237
387
118
447
159
118
253
318
192
395
150
385
177
343
151
429
121
436
159
333
289
376
423
264
416
188
122
362
121
434
121
380
121
412
307
200
360
159
358
175
401
174
448
157
365
154
119
440
119
436
118
404
156
300
326
465
383
203
346
173
389
125
403
159
423
114
122
431
428
293
368
128
401
129
367
178
375
163
114
338
385
129
168
416
158
118
168
193
457
158
129
226
498
297
140
252
425
455
178
122
152
223
373
146
174
480
167
155
172
378
160
118
439
159
130
131
148
375
157
117
427
199
143
214
321
126
405
214
476
155
132
119
463
276
177
203
379
174
121
440
207
152
404
159
307
164
256
121
217
425
158
172
439
130
205
441
494
141
407
246
134
413
117
123
463
188
132
344
424
206
458
163
127
177
454
137
138
418
165
156
205
471
165
172
473
120
120
457
198
193
177
439
160
128
145
433
161
213
516
247
188
213
463
127
454
460
170
288
131
381
156
170
419
157
117
430
360
136
390
394
145
163
162
129
416
161
157
400
118
160
405
159
233
443
205
131
416
276
184
467
163
180
115
477
182
174
156
223
454
299
136
424
230
172
133
392
206
159
119
421
116
455
159
197
193
121
370
120
443
156
143
120
120
205
192
149
335
120
323
177
195
270
210
356
121
421
117
408
129
322
119
130
121
355
156
262
165
360
150
443
115
462
159
411
114
432
156
403
188
417
158
457
129
449
155
134
281
162
184
85
243
156
443
163
386
179
210
250
156
322
210
118
248
153
190
118
125
458
120
365
117
951
351
387
161
346
156
367
158
486
178
424
153
492
118
442
120
129
147
236
182
151
310
140
347
177
254
179
158
174
368
145
443
161
374
153
441
117
396
121
127
232
171
326
160
204
173
383
129
410
119
335
190
277
133
265
164
288
158
275
130
129
125
419
103
304
153
235
128
175
180
366
167
477
131
454
153
378
213
258
151
414
156
129
213
229
310
208
301
161
287
129
377
214
174
269
155
370
179
345
141
385
150
294
155
123
406
118
427
121
378
192
221
288
160
225
156
300
216
464
146
353
259
159
286
157
415
116
358
159
119
365
160
239
155
173
254
154
435
119
449
118
411
118
425
117
367
134
394
211
120
111
129
129
177
269
361
159
424
117
210
116
403
158
428
153
400
113
424
165
232
249
160
433
198
118
127
394
180
242
138
297
163
343
193
191
496
132
385
156
366
227
241
142
237
154
440
164
391
119
120
122
322
154
413
150
543
160
362
155
262
152
431
114
452
115
419
153
474
121
445
114
120
349
190
155
239
190
432
157
257
269
154
182
467
121
418
124
506
115
349
133
380
179
120
128
438
120
368
165
160
184
120
137
366
166
281
123
301
114
292
124
375
203
276
171
265
168
130
156
386
116
430
119
400
225
161
349
140
254
364
158
404
157
184
180
145
209
322
156
430
145
117
361
192
222
156
260
342
164
456
120
434
156
417
135
405
166
405
136
381
135
413
167
122
119
415
156
395
155
424
114
375
136
402
189
210
427
140
282
168
298
204
218
335
159
414
162
118
115
428
129
404
139
188
212
239
134
347
160
473
118
261
156
409
114
424
170
312
137
373
117
116
119
157
164
309
156
432
123
340
186
221
258
128
456
155
210
251
150
344
123
361
188
116
120
410
115
389
118
359
136
382
117
357
243
163
411
152
311
155
427
122
374
180
131
209
161
132
196
123
233
157
388
115
401
204
204
170
368
317
156
414
123
462
116
396
212
236
191
116
189
119
116
351
176
282
450
161
352
255
214
160
307
171
212
169
130
440
155
394
164
320
131
132
129
455
158
457
124
447
146
309
227
205
202
252
389
154
391
178
281
238
457
134
325
193
158
118
352
162
203
184
235
438
120
361
115
375
169
273
217
218
269
144
333
149
256
213
185
226
120
117
438
135
367
162
458
175
386
118
446
205
201
167
304
158
124
165
216
400
149
354
157
441
134
116
255
211
170
491
115
213
149
220
765
747
193
445
160
405
124
437
117
397
178
282
177
118
132
424
171
414
133
409
194
130
179
236
216
119
460
134
407
148
166
225
336
155
415
158
117
118
219
122
151
240
202
237
161
118
457
156
400
160
505
122
414
130
397
135
429
142
360
117
118
215
169
336
209
127
176
182
405
160
437
169
367
157
407
156
475
116
407
134
345
198
117
122
439
124
349
149
245
175
436
115
441
144
437
185
413
115
382
122
284
116
363
139
119
119
435
116
385
113
405
128
330
117
371
122
393
125
311
119
375
125
437
156
431
121
118
117
184
117
453
156
290
138
424
157
450
155
402
156
242
153
399
117
413
117
396
133
295
319
160
117
382
149
310
119
368
120
404
173
306
168
134
200
218
159
363
118
288
290
159
425
118
118
227
162
239
122
357
174
350
219
133
116
442
117
435
176
274
213
120
164
146
439
173
118
277
167
276
137
330
198
225
390
158
438
113
435
159
424
157
421
121
372
124
436
118
360
158
130
240
156
135
188
150
414
135
441
121
433
156
396
152
440
116
347
123
391
214
317
188
118
117
425
122
304
155
240
153
424
161
398
158
457
151
434
119
407
123
421
157
413
120
129
179
214
204
166
178
180
243
141
325
200
205
153
419
171
221
195
171
239
344
158
375
120
116
117
320
162
445
154
431
115
371
123
393
132
412
113
390
118
367
331
159
234
150
284
148
131
405
119
410
114
391
158
407
158
341
171
223
229
237
370
150
360
146
364
186
295
171
118
123
407
116
370
118
449
154
229
121
433
161
131
226
197
179
106
261
124
369
119
117
119
374
154
427
159
168
287
182
127
297
225
423
119
456
160
341
384
152
370
120
391
205
118
116
431
158
404
152
248
151
401
166
222
409
120
463
113
364
169
155
440
116
417
168
177
413
174
116
302
161
213
369
115
431
131
281
169
158
461
116
427
118
426
183
130
388
117
387
212
122
170
118
115
297
191
156
446
126
404
119
329
189
206
415
223
119
416
118
360
110
269
341
157
423
123
419
120
117
123
320
288
159
385
125
357
199
117
420
160
164
129
428
117
368
121
284
223
158
389
177
232
162
118
115
231
414
118
440
115
330
152
152
245
154
401
177
220
210
119
348
151
443
114
384
162
194
459
161
116
118
421
115
354
188
120
421
128
237
179
120
360
160
398
128
208
476
183
371
186
118
312
178
201
205
413
165
126
118
310
151
402
129
149
420
153
408
119
377
215
117
893
236
407
150
365
188
119
436
131
289
127
119
116
412
117
387
115
270
194
119
405
116
405
123
380
119
365
212
120
445
132
251
191
125
265
156
121
127
164
157
464
166
361
131
305
208
147
452
172
399
139
153
201
128
373
113
362
136
256
129
117
117
404
116
366
198
116
384
165
398
129
343
153
260
159
225
226
158
421
206
116
375
276
112
359
449
225
128
472
111
127
362
115
437
118
440
114
406
128
433
124
430
135
464
115
169
119
436
126
443
115
123
457
119
401
120
420
118
440
124
441
131
388
116
413
117
474
127
380
129
475
119
115
421
115
459
160
436
116
392
119
441
115
430
116
465
122
458
115
461
115
447
116
433
117
120
469
130
411
119
405
132
454
118
459
135
423
160
351
124
371
134
428
128
423
119
126
395
108
436
117
413
117
395
134
471
123
417
120
424
117
400
119
447
118
448
117
135
420
130
385
100
433
119
373
117
466
134
372
115
445
117
454
131
395
134
424
135
121
460
117
449
134
450
119
481
136
421
114
400
135
425
126
433
121
442
129
464
117
437
126
134
461
114
408
123
443
119
321
120
458
119
427
124
393
128
450
128
412
113
468
133
121
422
131
447
141
436
118
452
118
462
117
420
119
456
138
457
117
459
132
439
120
123
411
460
168
137
428
127
459
158
393
114
466
135
446
128
437
130
459
132
406
133
427
116
124
451
114
426
120
484
131
434
132
439
116
425
144
450
131
432
160
319
128
425
119
142
413
126
439
117
477
128
442
117
410
127
470
129
408
117
454
133
418
126
472
114
115
443
118
403
115
346
158
512
116
457
120
447
115
420
116
474
119
468
128
441
122
139
440
128
445
137
400
119
395
121
429
118
414
127
455
115
410
130
414
139
412
270
129
420
365
131
458
201
117
375
397
185
275
444
173
118
461
175
122
420
379
128
115
128
365
456
179
394
427
116
466
134
391
119
436
117
1149
452
111
387
209
154
445
127
442
115
124
473
113
394
176
421
124
457
117
439
116
428
195
446
123
452
116
467
119
358
136
403
114
136
344
160
309
157
308
158
436
123
411
131
265
154
482
133
422
124
461
113
407
156
136
474
125
412
143
419
118
220
158
440
124
430
125
428
127
469
120
482
120
392
126
124
368
142
346
161
435
152
462
121
306
158
405
135
402
154
412
141
681
117
454
139
462
141
138
403
121
435
123
413
128
416
155
463
150
435
113
416
138
446
124
163
150
440
119
125
440
135
440
143
311
153
400
138
390
139
445
127
388
125
376
141
454
122
397
131
127
481
124
454
136
436
215
423
117
468
136
362
150
452
142
409
123
434
134
442
156
123
399
140
365
114
419
152
427
119
363
171
358
116
378
120
460
354
202
118
458
136
423
123
125
295
150
472
123
240
154
389
129
159
184
164
119
412
153
391
121
452
129
371
129
142
441
115
133
260
294
155
452
116
418
137
404
163
434
116
384
119
447
117
420
120
121
308
169
424
128
438
135
454
119
206
120
440
114
174
119
411
134
197
120
412
119
425
125
137
422
125
273
156
431
130
415
128
423
120
436
117
327
157
465
128
407
125
453
119
120
196
118
401
138
450
115
435
128
208
118
428
120
390
114
391
117
199
126
391
117
138
398
127
383
130
419
123
176
116
442
154
382
116
414
116
287
158
414
150
399
127
126
364
135
428
116
396
119
449
134
451
118
427
116
350
112
448
131
411
115
437
163
452
124
139
420
116
404
129
392
132
445
116
448
133
415
134
421
129
382
136
389
132
416
124
130
427
129
441
120
394
111
431
175
376
110
432
132
399
120
404
114
454
130
414
112
139
433
118
420
133
468
133
451
130
418
119
426
131
444
131
446
118
357
120
453
127
433
120
127
396
131
416
121
393
117
413
119
442
117
371
115
428
116
413
121
447
119
420
121
118
459
132
412
214
425
126
439
125
446
132
370
122
431
131
413
126
464
131
441
126
126
397
114
452
138
375
130
421
135
445
115
493
132
464
158
405
112
450
116
457
133
279
163
139
405
133
425
125
463
135
411
123
429
132
411
130
434
131
407
123
436
126
385
113
125
326
153
401
132
444
114
431
121
439
126
433
119
446
112
405
359
444
135
386
120
120
417
131
424
130
419
129
433
81
460
129
191
125
428
130
404
116
423
127
430
133
138
453
130
401
123
452
119
393
126
407
131
453
117
509
139
413
127
400
137
431
119
458
119
139
400
117
411
133
385
129
373
131
445
131
448
118
440
128
411
125
430
131
465
132
90
432
111
393
129
391
117
471
163
385
114
383
154
431
127
489
125
442
131
869
129
126
437
117
486
116
395
144
425
121
510
120
407
135
493
118
437
126
430
202
452
117
397
136
118
436
128
442
120
468
113
427
118
443
136
459
121
470
113
409
124
417
120
405
122
123
453
139
372
133
328
154
429
158
410
112
412
132
428
130
453
119
389
158
421
120
121
457
123
433
144
380
138
435
122
430
157
445
127
446
132
314
172
466
119
238
163
122
427
121
487
138
386
136
260
159
466
136
378
126
434
113
392
140
351
162
461
132
423
117
121
429
157
459
138
421
117
417
117
447
114
379
122
442
126
453
113
343
154
384
114
144
415
118
391
137
436
130
268
160
439
119
375
225
434
118
444
157
459
158
441
114
125
422
114
439
115
446
140
396
117
438
117
395
115
417
134
454
119
415
116
469
117
434
154
148
444
124
449
156
464
126
459
115
423
135
452
120
442
127
442
121
465
115
461
132
127
430
116
497
159
388
135
432
126
324
120
459
117
259
157
466
129
406
121
381
119
130
477
113
169
141
404
115
415
115
456
113
452
120
249
159
430
118
464
125
263
160
402
116
137
240
149
409
124
474
116
421
114
446
122
440
123
445
141
461
144
455
122
395
118
131
166
155
436
116
440
157
463
123
455
131
374
160
418
118
396
170
426
128
380
157
124
468
118
415
121
435
120
438
125
412
129
456
115
426
122
446
156
375
169
442
134
135
401
149
445
113
431
130
466
113
455
113
381
153
444
131
416
133
456
126
433
125
427
125
126
434
114
415
121
430
117
437
125
459
128
436
130
455
117
452
117
403
117
470
117
136
420
119
441
120
467
127
485
122
427
126
430
129
408
128
408
129
444
121
474
132
135
463
139
472
115
429
121
442
127
463
117
431
111
452
114
406
134
405
114
447
125
412
143
133
398
126
422
128
426
118
391
134
416
132
457
127
410
115
423
129
1312
519
424
144
114
421
119
426
127
404
121
459
123
448
172
514
113
441
131
411
123
412
116
423
134
137
422
115
433
123
415
130
405
129
496
125
458
126
413
128
461
130
437
131
445
151
126
454
119
376
165
415
122
433
134
440
132
458
155
344
121
442
114
462
127
469
119
398
121
120
419
133
410
112
453
120
437
117
453
115
419
114
455
118
454
133
430
125
431
127
121
905
262
474
179
434
124
421
133
476
117
449
113
416
125
398
119
398
117
470
119
121
422
137
426
137
403
124
363
117
404
139
455
119
455
141
419
118
462
117
441
115
420
126
122
487
122
441
154
461
118
373
111
473
120
403
114
465
120
462
114
412
117
414
117
120
414
117
424
115
406
132
392
126
409
127
495
127
385
164
430
118
470
134
449
117
120
452
132
453
118
442
127
471
125
469
120
423
127
424
137
425
119
435
116
450
119
121
401
140
366
133
425
101
404
124
427
117
460
124
438
119
453
112
406
116
437
119
400
118
129
462
133
419
167
468
124
436
124
452
122
398
115
444
116
424
122
448
114
443
115
121
466
136
368
154
382
133
440
136
437
130
454
126
450
114
432
124
455
129
440
121
116
443
123
463
127
420
116
400
115
400
125
417
115
422
116
456
138
447
127
375
120
378
118
127
440
134
427
126
410
126
447
152
427
131
470
122
389
115
395
124
434
129
402
118
121
421
116
404
133
448
117
487
117
447
122
425
120
426
113
458
119
421
155
406
134
134
445
123
458
129
430
128
460
126
439
118
442
122
408
117
376
118
482
129
395
131
396
124
126
409
128
417
133
361
122
414
118
382
123
451
118
466
118
418
115
415
125
453
125
120
445
126
419
131
451
132
414
126
418
123
417
127
450
129
458
129
443
131
432
128
139
451
121
456
123
457
113
445
124
420
132
424
118
461
117
459
128
454
121
481
118
135
420
172
446
159
452
118
412
123
463
131
425
118
442
135
476
128
349
128
414
123
422
132
117
434
117
431
120
396
133
424
127
399
113
441
210
452
121
431
121
420
116
372
121
129
465
127
398
129
405
130
426
125
442
119
416
129
442
129
434
124
441
79
420
126
121
190
118
390
157
480
125
408
177
369
127
441
113
408
180
468
141
343
121
356
150
387
130
436
129
128
385
133
381
125
458
125
246
157
493
120
517
116
422
117
409
131
418
170
122
457
126
422
113
245
154
400
121
453
125
449
122
458
126
407
124
368
126
371
119
138
421
122
402
124
465
120
438
119
451
129
472
125
407
134
415
136
382
132
456
129
117
392
126
407
130
447
120
478
121
398
115
428
118
389
119
404
115
350
122
459
122
454
126
122
425
110
451
118
706
187
464
111
448
116
475
117
414
117
405
155
436
114
443
139
124
391
120
452
117
421
130
415
115
395
114
454
128
447
118
437
126
441
131
463
117
120
467
116
452
120
371
123
484
123
464
115
455
126
467
116
399
117
420
128
420
130
420
130
142
433
117
435
115
445
124
407
123
382
117
458
133
443
124
442
111
425
124
407
196
125
400
117
392
145
469
126
424
117
451
115
413
116
471
116
385
115
412
118
458
130
124
453
189
478
153
440
115
391
117
388
125
414
114
406
115
452
113
437
116
413
116
388
119
141
416
133
423
129
426
144
444
134
410
180
443
117
380
119
375
115
462
117
471
135
123
446
126
398
116
441
118
441
140
450
124
437
140
400
128
400
119
435
119
461
161
139
427
129
436
126
419
129
424
132
467
129
444
115
481
124
462
117
392
118
369
124
124
394
115
457
131
427
127
456
115
424
115
453
133
416
132
419
123
451
122
377
120
416
135
138
468
115
449
121
414
126
418
115
399
126
429
118
426
117
365
124
401
127
443
132
136
448
114
418
120
353
137
444
125
461
116
473
116
428
115
445
127
451
114
411
127
135
426
131
408
129
450
157
406
114
428
143
455
136
443
129
465
126
469
118
427
124
431
113
116
411
121
460
125
472
133
445
123
439
136
426
119
438
158
471
113
421
134
431
114
132
407
116
451
118
448
119
467
127
457
125
435
115
416
136
383
121
431
132
387
126
122
437
118
271
155
423
127
421
140
398
125
420
138
392
119
390
115
412
120
445
114
138
451
117
433
122
373
119
375
126
384
158
389
171
127
306
118
280
176
280
150
353
128
116
116
219
122
414
118
426
133
444
123
414
81
399
120
400
115
369
129
431
160
391
156
117
253
154
235
117
177
120
153
117
232
116
153
115
145
232
199
154
204
120
422
153
116
175
121
208
259
399
177
454
116
269
116
293
375
116
277
431
119
443
140
375
124
464
118
137
378
131
406
129
420
116
465
117
250
155
446
117
416
131
422
122
438
198
416
124
122
440
119
444
114
431
155
404
122
418
139
421
115
391
157
435
123
427
135
378
114
139
433
119
219
157
455
117
411
116
373
114
236
101
413
132
377
121
412
121
268
154
417
116
126
408
124
447
123
325
153
943
210
376
126
442
142
381
121
257
158
411
128
386
123
121
426
117
442
134
440
114
438
134
452
117
442
111
415
116
409
140
444
117
386
119
124
411
117
373
148
431
116
446
118
448
116
397
143
417
116
447
131
394
134
400
132
138
446
111
416
129
391
116
442
121
370
116
387
120
459
151
412
113
436
133
369
116
402
124
121
416
116
441
124
397
118
438
116
447
116
436
100
401
117
429
118
389
115
431
119
124
377
131
457
130
394
113
410
119
449
120
420
137
405
118
487
115
395
130
443
145
128
436
140
456
123
453
113
420
114
403
136
441
135
395
139
405
113
426
116
447
115
431
112
121
410
130
400
118
437
117
428
129
416
114
459
128
414
128
386
120
398
120
272
173
131
443
113
436
132
418
124
420
119
382
118
449
115
400
136
438
127
437
118
366
114
149
470
120
437
120
441
123
381
207
454
115
406
128
477
123
397
114
432
120
442
131
122
415
117
452
118
381
428
184
121
421
121
439
121
432
114
430
114
382
153
458
126
425
122
129
460
123
350
126
429
132
364
126
370
129
388
121
430
131
448
131
418
127
406
128
120
443
121
403
126
445
112
450
135
180
118
384
120
428
122
414
117
423
125
334
164
117
369
117
429
127
408
115
445
157
439
124
440
121
400
129
203
119
337
171
386
134
429
117
121
456
125
399
157
412
118
415
127
425
119
403
135
233
162
376
135
391
117
427
115
132
436
177
321
141
455
141
373
133
383
123
242
160
405
129
424
130
374
120
421
140
129
369
137
456
121
348
121
397
128
397
117
452
158
438
122
425
126
447
171
444
126
137
410
96
402
126
397
121
373
119
427
130
391
118
374
130
383
129
393
128
450
135
395
153
142
431
117
392
117
413
118
391
129
447
120
439
116
404
112
415
127
447
119
447
116
138
404
417
138
139
447
115
1299
409
277
137
391
127
362
123
410
112
457
132
452
131
128
421
122
283
156
462
117
416
153
409
116
418
135
321
154
421
112
419
173
195
155
456
116
135
402
140
445
127
403
157
364
104
424
132
384
126
452
112
453
130
435
124
392
129
122
442
120
410
115
432
154
408
121
447
132
468
120
372
118
455
120
458
119
444
120
366
120
114
385
137
362
117
385
136
418
118
425
120
748
166
369
155
431
115
433
134
454
134
125
404
118
438
114
424
119
465
143
393
113
429
116
443
122
401
115
463
119
467
117
124
469
138
376
127
359
112
391
120
410
129
398
127
424
135
354
120
455
113
441
128
121
449
113
396
115
471
120
399
116
429
160
458
122
177
115
420
112
420
156
425
120
118
428
134
396
124
435
134
408
119
437
134
466
117
406
135
383
137
413
131
389
130
377
135
118
402
144
428
127
450
139
376
126
381
159
411
122
402
129
420
134
385
137
431
125
124
402
124
421
133
436
137
387
163
394
160
438
113
386
135
417
121
395
132
427
115
121
398
116
419
116
401
134
454
129
421
119
438
139
330
156
421
131
414
120
430
155
376
114
142
436
125
455
132
401
132
389
125
432
119
427
117
468
122
445
119
449
133
414
125
126
334
117
398
93
461
87
335
119
427
124
384
170
427
117
441
119
432
129
414
173
137
416
134
462
153
415
117
444
125
464
112
448
127
394
157
501
127
226
154
434
130
135
424
115
190
154
389
128
416
115
426
116
230
159
432
130
382
134
409
134
449
116
404
114
116
412
124
427
173
401
118
363
154
465
112
450
116
414
129
445
133
438
116
393
130
118
414
127
398
130
383
156
446
128
453
131
392
118
445
211
421
131
443
114
373
172
129
455
124
445
126
356
156
453
128
418
130
374
117
438
179
281
166
429
126
393
136
425
125
150
161
149
176
118
433
124
446
130
439
131
315
156
394
142
446
114
380
124
447
121
147
413
151
412
125
376
127
447
119
458
127
182
125
423
125
454
122
465
124
475
124
134
436
118
454
111
398
126
448
135
437
113
403
132
388
134
457
135
375
116
364
135
286
158
133
474
114
372
132
425
132
383
115
459
127
365
171
425
131
440
120
395
130
420
130
143
515
127
436
132
421
126
451
163
481
1128
456
419
159
135
450
141
458
126
448
138
130
345
158
414
118
467
130
413
118
434
121
397
153
410
134
398
138
388
154
537
126
124
485
130
335
162
416
139
446
134
454
135
441
131
429
139
410
128
457
136
459
113
421
131
135
408
132
435
130
327
155
417
134
439
120
491
136
356
157
440
114
453
125
447
136
92
482
126
455
115
421
127
392
126
477
130
490
117
405
157
823
203
380
122
460
132
132
464
120
433
177
455
124
457
131
451
138
395
133
239
158
423
130
408
127
446
134
430
144
133
430
158
472
128
464
135
456
126
455
123
460
115
456
111
440
140
389
125
424
159
149
429
141
478
133
380
120
492
158
325
156
381
158
437
132
387
128
489
137
449
113
138
429
117
453
130
443
112
446
136
442
139
312
122
399
135
386
141
437
130
402
125
121
175
143
460
145
448
128
385
120
436
132
462
113
374
173
420
130
412
140
422
136
421
129
125
421
120
442
114
390
138
429
141
197
134
552
137
331
161
401
149
404
130
426
129
133
365
137
425
138
449
129
451
119
431
156
377
116
441
117
392
125
434
129
205
118
125
436
126
417
124
374
141
397
129
384
176
476
127
473
117
463
129
430
162
387
124
372
128
134
443
112
457
122
383
176
502
140
390
152
466
114
422
116
353
169
392
122
419
127
140
440
115
468
128
251
153
438
115
446
138
453
124
479
134
307
183
397
130
469
124
142
422
122
488
115
465
161
459
125
466
135
366
119
468
131
290
159
419
134
446
120
418
123
137
438
135
161
131
452
136
421
125
424
137
421
156
464
118
453
129
380
139
462
116
141
319
154
445
125
442
124
421
123
473
122
414
154
310
155
375
124
455
116
460
126
134
426
125
453
115
346
156
429
114
426
122
402
137
436
131
424
152
436
119
485
180
136
452
161
446
126
391
126
306
120
451
117
449
127
393
179
522
122
415
127
454
132
440
128
136
432
129
447
115
464
127
416
121
414
156
433
125
459
126
483
112
472
131
415
117
149
428
128
423
127
453
124
430
114
399
151
435
120
443
122
453
126
491
122
411
159
158
422
112
464
124
481
131
471
130
466
111
450
118
464
133
408
121
382
113
420
118
466
111
153
402
168
395
117
375
159
209
129
414
124
441
130
357
293
120
399
121
252
340
158
142
413
115
418
115
462
121
294
158
425
119
388
156
407
118
446
128
167
150
382
115
131
415
128
450
126
438
137
447
162
406
131
422
124
434
116
376
131
509
119
435
111
121
454
129
429
110
444
187
327
152
364
154
424
117
422
169
454
157
402
119
351
157
392
134
146
448
128
406
138
350
153
446
116
408
144
395
158
337
262
390
124
442
121
750
119
137
174
192
184
155
170
141
183
137
160
128
188
122
184
133
192
144
194
132
153
127
128
284
157
117
362
114
296
124
379
121
380
118
362
138
228
118
276
187
119
184
130
218
162
141
257
157
139
200
169
227
153
220
121
240
120
384
161
364
161
348
150
468
168
127
151
124
246
118
336
118
274
168
211
118
331
170
205
125
299
121
129
168
409
120
135
146
147
134
140
215
117
240
117
314
155
286
178
278
170
159
165
159
129
210
192
129
124
199
131
217
131
212
124
155
116
177
372
129
379
139
287
160
249
147
296
172
262
181
129
125
312
157
183
135
223
135
117
147
160
151
163
150
145
128
215
145
161
359
115
131
131
190
135
215
125
223
153
129
153
175
125
164
213
157
223
147
185
150
214
149
117
122
163
154
145
223
147
192
111
414
122
426
121
426
117
462
167
420
165
350
153
298
158
118
119
137
184
120
281
118
321
129
327
113
447
120
415
135
448
220
172
117
132
130
137
331
127
313
117
427
117
417
114
461
157
398
155
428
120
418
124
462
159
163
150
114
188
151
252
144
426
117
393
116
242
156
244
156
319
167
182
125
204
112
141
148
135
115
131
385
121
312
120
443
113
431
124
432
117
403
128
160
208
175
213
168
179
176
116
119
368
118
388
118
416
122
421
119
359
117
395
118
445
175
441
158
278
165
175
119
117
197
162
376
159
169
119
210
120
174
118
126
146
160
140
116
335
117
313
117
132
127
392
167
397
119
223
157
238
131
236
235
221
324
176
246
123
389
118
394
126
424
175
133
127
198
119
162
223
115
295
118
318
117
290
153
275
117
312
119
335
119
320
118
117
237
118
275
165
313
116
286
121
422
115
429
117
400
111
428
117
420
125
367
151
117
130
373
121
429
114
318
118
368
117
313
152
190
177
165
180
168
129
116
411
210
118
118
236
157
239
128
274
133
400
129
377
116
425
119
412
116
384
117
421
115
123
116
120
299
123
293
120
374
127
413
117
380
119
404
115
358
117
440
121
380
130
396
115
129
119
394
158
460
126
486
160
183
153
149
210
176
269
118
273
117
294
118
298
114
128
130
477
155
428
152
467
154
398
153
404
115
450
119
412
172
456
156
282
153
301
150
221
154
130
596
633
329
193
244
146
250
194
296
124
301
123
321
115
376
120
286
129
323
128
129
131
470
158
158
182
133
277
140
237
144
266
155
295
122
258
117
296
118
331
117
128
129
398
140
257
119
298
131
430
113
436
115
447
117
246
155
137
149
112
196
137
289
118
115
126
378
125
467
124
426
159
424
161
343
155
261
152
166
225
293
152
245
153
148
117
118
460
156
425
171
366
186
443
150
453
150
281
158
336
152
356
155
223
127
162
115
128
328
124
371
132
436
112
387
129
423
161
136
160
167
187
157
244
163
118
308
156
430
173
76
116
130
231
168
205
127
257
186
256
188
271
116
292
132
246
122
276
173
459
119
131
116
172
135
202
171
142
260
118
305
132
321
129
393
118
279
127
346
121
292
115
129
130
162
130
175
120
162
367
121
330
149
251
183
276
131
343
119
296
120
370
115
129
129
212
130
182
129
209
122
146
196
117
277
113
282
123
179
171
372
124
389
116
398
140
134
117
217
118
248
141
144
134
171
119
185
130
115
208
148
288
117
287
120
396
118
128
120
161
118
118
407
118
430
102
473
159
350
151
280
159
199
120
180
130
152
121
114
305
116
254
117
251
118
294
119
330
118
300
151
289
155
458
156
435
158
241
153
234
159
117
130
124
178
137
229
180
251
131
327
124
373
118
329
117
270
117
286
114
281
118
118
127
163
120
117
180
168
196
155
253
184
286
137
325
118
287
116
267
119
304
119
117
119
194
117
164
118
320
158
420
153
168
314
116
401
124
444
115
407
158
370
151
116
128
153
123
114
171
181
208
146
209
141
285
124
290
161
198
117
188
214
159
148
427
136
117
118
224
124
225
120
135
183
166
186
135
245
117
309
119
303
115
321
125
353
117
116
117
175
129
258
154
133
151
152
189
174
208
148
249
177
238
183
130
160
116
120
120
121
283
175
233
116
257
119
300
129
390
113
381
119
455
158
238
156
134
269
117
128
128
412
156
455
155
291
159
305
152
466
155
230
245
250
149
206
133
231
121
153
120
116
261
118
277
132
316
155
391
154
472
108
435
153
367
160
387
158
386
119
346
153
126
143
142
154
133
232
161
203
143
267
130
263
153
354
120
418
118
149
118
145
153
155
117
126
384
131
343
502
405
113
409
116
456
121
393
169
478
167
382
133
460
144
430
166
117
140
175
401
155
182
118
164
156
184
121
211
125
171
255
119
278
119
371
129
129
120
433
155
425
158
373
151
370
156
240
131
366
159
118
318
129
321
128
349
117
117
116
380
170
420
154
400
158
389
153
262
158
248
150
309
155
371
159
393
155
446
166
387
156
129
402
122
404
117
481
125
217
160
211
156
334
155
427
154
436
163
461
156
432
150
146
129
172
154
125
249
134
289
118
343
205
184
198
163
264
137
259
133
338
117
119
118
393
152
191
118
175
155
441
157
235
426
115
352
418
135
418
131
460
125
425
158
452
121
402
141
121
240
157
454
115
423
134
440
137
368
119
367
132
470
131
420
117
315
156
445
124
127
406
116
461
125
255
119
471
121
354
176
392
127
383
138
409
126
271
160
467
110
131
431
117
456
118
455
129
441
127
396
121
431
129
454
116
208
157
257
155
430
117
122
426
119
366
120
340
157
443
125
472
124
444
112
229
153
453
189
450
117
455
131
411
127
131
350
178
461
127
430
119
374
127
463
134
403
112
440
125
404
112
452
123
411
125
120
458
127
471
120
408
126
440
135
421
118
427
155
385
115
461
159
464
127
386
123
136
418
122
471
116
378
126
399
126
404
123
457
115
337
158
495
115
406
126
438
122
431
157
122
427
116
462
119
417
124
389
121
437
121
420
137
396
126
413
179
301
160
413
118
139
416
131
409
140
270
158
454
112
282
158
429
126
468
111
427
141
455
129
411
133
137
413
139
358
100
444
116
490
126
449
120
208
155
408
133
460
121
483
81
267
158
124
446
126
427
126
428
117
414
127
403
126
166
480
234
145
457
113
123
117
433
146
183
424
124
313
430
117
399
220
191
442
147
348
152
116
360
152
208
472
115
352
135
426
130
135
411
129
190
391
178
116
418
114
382
155
386
114
412
129
372
158
283
154
409
119
408
129
134
422
133
465
118
371
136
252
153
421
134
422
127
405
128
461
152
377
128
440
125
134
427
126
361
155
401
114
475
125
440
124
420
113
397
126
371
132
443
136
465
122
121
436
118
433
119
362
170
452
134
418
114
451
128
151
120
439
124
416
124
455
131
112
399
116
378
153
446
118
447
130
676
143
387
116
423
116
469
143
446
139
458
139
450
140
118
290
156
437
138
381
203
453
136
462
116
400
116
449
141
402
143
386
138
200
120
121
420
111
449
121
421
121
460
142
449
195
476
116
443
134
407
117
434
114
419
120
122
382
126
398
135
443
138
419
163
467
120
426
133
422
128
465
123
386
125
444
152
121
467
113
406
118
451
125
405
125
248
156
447
119
423
126
465
132
420
137
387
156
450
136
122
420
138
404
159
413
139
306
154
424
116
411
114
452
122
407
117
412
129
456
119
127
445
136
398
120
381
133
399
124
360
114
352
216
193
120
139
247
156
191
130
129
245
120
350
157
294
115
421
120
239
157
167
124
151
298
128
257
149
237
134
362
120
117
120
212
120
159
152
156
426
162
196
119
204
131
208
133
161
148
217
136
114
117
117
414
126
435
158
389
152
402
154
429
124
162
129
213
129
104
386
115
417
158
126
132
161
142
150
221
127
365
126
244
142
315
126
343
119
382
119
363
115
369
159
306
128
130
117
157
133
116
448
118
323
141
400
115
478
117
319
159
415
168
324
135
266
147
116
155
162
253
121
325
121
451
131
389
130
406
123
416
117
347
153
511
154
401
157
115
115
158
186
132
212
225
158
437
130
351
164
117
398
118
471
117
373
109
433
114
378
155
130
341
128
439
120
431
122
288
159
224
151
385
157
335
150
259
149
157
195
182
294
120
128
130
312
161
311
154
455
126
422
162
410
142
213
299
155
422
116
367
157
411
118
412
157
133
275
154
183
146
220
127
118
325
133
218
219
119
233
155
151
124
124
427
118
142
129
162
217
123
243
119
364
174
406
112
336
181
148
155
113
110
253
117
419
157
427
118
126
130
120
151
173
215
120
426
175
399
159
368
159
310
151
266
162
267
152
415
152
116
120
137
224
120
307
117
442
131
260
123
313
163
283
143
335
160
381
117
116
117
425
152
418
121
426
116
446
173
418
155
389
150
424
155
440
149
318
158
222
116
116
262
134
252
138
271
156
340
157
232
229
297
152
388
160
379
157
368
162
206
120
159
117
115
260
118
276
125
284
118
287
140
291
116
283
119
282
158
451
155
252
126
222
150
111
149
117
215
134
243
152
251
117
290
117
296
602
351
124
252
139
227
119
310
118
117
115
434
179
172
186
174
250
140
269
166
338
119
363
121
363
118
326
143
367
115
329
136
117
135
460
148
387
118
348
139
309
153
342
157
401
121
412
125
396
116
383
114
423
120
115
79
157
149
160
132
193
119
432
156
154
249
118
324
117
299
117
295
117
444
157
117
259
132
284
119
286
131
352
126
385
116
301
120
289
118
283
134
383
125
329
113
116
120
281
159
140
156
135
208
176
427
134
435
117
307
146
246
165
267
133
249
139
250
122
127
131
185
120
188
158
120
295
117
278
121
281
121
355
119
427
80
115
263
124
129
133
157
119
154
130
209
126
159
149
163
274
223
128
149
325
141
274
119
411
115
118
119
343
157
236
153
432
223
198
152
164
201
175
177
120
373
126
433
119
413
112
396
119
115
122
224
157
168
243
128
328
121
300
124
324
160
255
117
433
164
444
177
457
163
127
117
138
135
147
150
184
150
129
320
208
156
492
153
329
211
150
170
204
164
230
149
117
122
203
377
155
487
152
469
125
418
162
435
158
424
155
387
155
215
132
255
158
226
157
129
159
149
227
155
224
177
129
164
131
143
377
118
393
132
194
161
277
150
480
135
78
116
113
295
118
292
172
218
113
414
116
377
115
375
116
394
127
437
161
395
139
115
244
129
377
143
209
144
258
139
240
121
297
86
379
119
355
127
281
117
404
133
128
130
168
240
124
229
119
297
163
282
202
143
225
115
258
177
202
155
228
139
384
122
123
117
429
173
447
154
325
161
178
141
213
127
131
151
135
203
215
120
206
392
119
116
119
160
120
338
156
467
154
423
154
360
154
229
153
384
163
454
118
437
121
380
115
127
130
183
131
164
149
127
377
120
401
118
435
115
374
138
327
145
234
206
133
215
127
148
128
133
183
131
181
159
201
135
213
158
516
175
198
288
158
129
252
118
287
169
129
130
430
157
382
160
179
129
161
311
121
391
121
374
180
324
120
407
101
285
158
117
147
144
261
117
168
118
204
118
131
263
133
282
116
454
156
296
157
191
120
116
210
120
330
119
366
155
161
132
113
269
148
247
129
350
120
204
125
125
244
117
129
129
207
210
134
269
112
235
138
233
118
358
128
387
163
630
556
112
421
123
401
159
122
119
148
226
160
235
119
178
290
116
356
127
365
142
207
158
222
463
120
410
119
132
128
204
138
132
150
113
305
138
336
191
130
163
117
164
302
169
418
153
224
117
168
118
115
243
141
368
115
437
115
456
133
402
156
201
120
136
253
120
250
126
403
156
127
118
115
278
156
189
132
154
243
130
383
123
177
119
155
196
118
317
102
128
118
155
151
113
289
118
379
116
450
172
172
118
170
180
155
139
131
196
228
176
117
117
314
129
411
117
384
165
375
155
454
160
349
155
125
197
147
226
143
127
166
115
114
211
153
227
170
115
132
116
242
128
362
116
328
196
224
221
156
115
273
139
119
119
443
175
229
156
224
154
234
151
190
132
134
421
155
167
129
133
297
146
117
125
380
118
464
161
207
118
160
150
153
153
153
205
135
360
127
283
130
395
137
408
159
123
311
120
435
114
424
153
195
133
120
227
168
285
116
420
121
379
118
181
116
117
225
128
333
114
253
117
314
116
402
119
348
173
180
325
118
445
160
339
152
114
119
127
299
117
458
122
371
152
212
138
114
317
132
455
133
211
117
170
179
118
128
132
164
151
116
343
117
369
120
472
127
202
210
177
151
124
275
118
284
117
118
119
288
151
246
121
128
245
122
358
120
429
115
216
118
160
286
130
309
118
116
115
410
155
219
157
248
129
174
156
118
283
172
133
126
217
121
277
138
358
117
115
121
206
264
115
430
124
363
167
243
352
101
315
157
242
119
124
199
118
397
120
468
125
115
120
238
142
129
129
116
322
118
419
118
139
200
118
427
115
372
157
254
120
127
239
153
256
121
282
155
465
153
167
123
139
205
120
411
118
338
158
219
117
115
298
155
243
174
250
124
172
223
120
439
115
185
274
224
120
216
132
119
118
117
354
155
172
122
134
265
119
408
114
405
157
154
459
122
218
131
115
127
128
408
160
427
161
231
118
173
256
117
398
113
412
162
259
159
209
121
158
117
138
449
158
141
154
158
255
160
201
122
119
250
117
399
130
301
161
255
139
129
270
122
447
120
457
161
383
153
226
155
141
243
152
284
118
395
184
705
511
132
138
128
132
238
141
282
116
346
118
398
179
414
156
244
154
223
175
241
157
392
117
143
122
136
160
175
241
155
187
123
110
358
118
396
128
442
156
187
118
116
120
123
398
119
465
156
218
130
158
189
131
351
138
408
158
254
155
193
437
158
170
130
126
251
116
285
151
291
134
355
110
488
156
167
121
121
209
114
433
156
296
154
114
154
158
280
116
333
118
154
119
132
281
129
386
121
323
154
228
125
118
116
130
407
226
115
115
367
155
443
152
283
147
178
118
170
162
142
198
121
452
162
215
132
126
227
122
330
119
362
161
176
118
116
277
117
338
117
426
121
207
154
208
118
119
324
129
370
119
172
116
154
425
124
419
118
403
158
353
157
237
120
133
118
120
406
156
366
158
245
157
150
128
117
265
121
440
102
416
120
174
134
135
131
129
164
193
140
334
116
370
156
440
118
360
139
411
156
164
210
127
191
153
356
117
130
126
211
119
179
276
122
384
154
448
157
464
119
204
123
134
236
147
157
148
115
117
405
154
182
135
157
259
117
418
123
207
118
138
282
119
435
113
209
116
115
199
158
216
135
115
251
118
445
156
227
138
118
278
117
407
158
186
136
121
127
121
383
161
175
127
114
288
127
336
279
195
288
115
368
157
172
129
137
116
119
399
176
316
158
252
143
117
288
129
328
119
418
152
263
196
138
191
143
116
114
169
198
118
461
154
210
120
143
288
116
348
115
218
119
152
223
117
118
119
205
118
174
242
120
425
116
437
158
195
155
127
394
157
184
152
134
122
152
117
139
416
159
211
119
171
272
118
389
115
166
119
145
222
119
330
124
465
153
139
117
139
220
157
186
120
117
239
120
404
128
428
126
361
155
258
202
116
126
397
151
437
152
263
155
251
138
111
289
119
393
120
391
153
123
375
126
445
159
116
224
154
261
120
450
158
231
151
154
133
129
265
132
334
133
333
162
148
116
115
218
117
350
120
396
306
185
352
118
402
117
349
156
197
127
118
402
122
116
117
245
134
120
252
121
374
113
482
171
196
123
117
208
121
275
120
183
130
250
509
79
316
125
389
156
395
159
179
119
119
295
120
332
131
416
120
420
160
162
119
130
283
117
464
124
204
133
112
412
156
398
150
217
117
116
265
117
280
119
128
131
188
121
113
218
114
289
117
469
155
202
126
130
235
117
324
117
314
161
140
130
138
257
119
276
117
307
143
296
115
451
143
447
156
204
150
381
151
338
154
441
155
128
119
203
124
115
344
120
174
133
110
285
115
431
158
225
159
186
127
163
128
126
388
133
432
121
404
122
330
118
376
173
299
158
195
128
133
198
121
224
129
125
264
118
367
133
393
116
196
125
155
363
140
418
178
189
116
146
231
119
387
115
114
118
166
125
115
267
129
385
156
152
149
134
294
133
390
154
416
113
441
157
115
138
110
233
137
245
210
143
221
158
203
218
167
157
115
300
121
333
118
192
119
117
339
119
444
156
241
155
328
153
472
153
323
151
158
209
121
262
169
254
136
130
128
336
180
439
117
400
132
273
156
207
118
152
223
117
289
125
392
134
297
133
382
126
115
121
156
118
174
160
159
225
147
350
146
319
119
413
158
303
154
129
382
118
129
117
183
115
156
151
151
290
129
351
124
341
105
370
121
468
158
164
129
127
117
130
401
157
403
157
234
118
134
404
119
425
127
280
170
208
123
243
142
261
212
150
129
116
118
402
158
329
155
194
119
113
217
162
287
119
434
159
327
388
126
433
152
115
153
141
302
121
333
116
452
186
251
347
158
423
173
151
163
154
408
126
325
224
155
381
115
115
114
444
158
293
173
415
177
147
450
152
415
126
343
215
158
427
120
408
216
125
178
119
436
127
327
325
79
122
128
116
239
221
115
111
391
163
279
177
117
198
118
429
120
361
192
118
422
119
412
195
118
113
195
384
127
434
225
129
457
153
386
141
236
408
119
387
182
127
463
117
374
186
256
293
173
394
143
358
174
159
379
191
163
426
119
412
168
117
460
114
357
193
156
402
116
401
131
366
212
119
361
141
116
122
410
210
119
448
118
382
124
151
391
116
371
184
120
405
118
393
152
242
445
118
377
163
305
166
156
451
141
119
122
335
142
221
380
138
376
165
120
452
147
272
340
156
422
127
377
200
158
382
185
242
404
122
425
116
116
118
417
170
398
245
162
343
369
124
345
414
164
120
418
222
130
413
457
116
380
403
147
245
453
187
110
415
196
79
366
115
83
78
422
131
368
320
126
700
643
184
420
290
78
412
152
154
438
117
409
209
115
381
150
152
412
130
296
434
115
248
154
116
113
447
111
340
186
151
403
171
349
185
155
463
118
363
181
121
426
124
408
213
123
517
171
436
157
115
117
317
164
226
410
120
404
222
129
219
117
455
115
363
217
136
430
127
258
379
153
388
119
371
149
117
115
150
348
121
372
231
123
185
124
392
127
399
164
121
451
116
307
303
158
416
115
383
162
120
437
176
117
122
367
195
117
458
154
434
162
236
379
158
419
171
436
181
120
409
153
343
214
118
356
144
296
404
120
429
120
123
302
151
412
122
376
118
455
126
414
135
425
115
426
155
444
127
482
115
219
119
118
443
139
433
117
442
141
450
120
265
154
451
116
432
115
464
139
336
157
433
127
123
410
116
261
155
440
119
480
136
442
122
394
124
452
113
175
119
446
173
427
117
437
128
128
384
133
211
118
448
130
464
123
414
137
201
156
452
124
422
121
399
126
412
115
122
406
116
445
117
407
120
427
119
452
133
424
131
429
152
401
115
420
118
410
125
116
437
126
438
155
390
129
434
134
385
126
428
134
179
171
453
126
378
128
410
131
138
290
155
419
116
393
122
451
126
381
219
172
121
463
146
400
138
392
133
159
174
242
121
131
418
117
447
133
455
117
250
160
472
158
365
135
414
123
386
157
424
154
391
127
126
415
120
429
161
437
115
413
170
290
154
416
148
363
129
429
114
388
159
431
128
135
388
153
441
123
433
133
209
157
225
118
452
116
412
157
437
123
413
126
409
166
426
118
126
194
120
447
129
427
114
219
118
411
116
168
121
430
115
227
159
252
149
485
133
115
209
152
509
122
434
110
203
156
437
129
192
156
449
128
437
119
422
158
438
91
138
168
154
244
278
235
117
411
113
434
116
346
158
447
113
183
122
366
152
347
132
448
115
126
177
155
439
119
414
137
380
127
457
132
206
259
293
155
272
154
436
118
476
120
141
380
177
294
233
124
464
112
335
187
118
155
118
469
186
184
150
456
131
415
115
124
124
264
210
158
311
217
464
108
437
123
467
158
415
116
163
119
451
113
450
119
127
443
115
362
117
451
178
461
118
406
133
195
148
157
119
461
163
475
120
366
118
374
116
125
193
119
303
157
471
130
370
113
407
117
179
121
380
116
440
117
425
113
214
118
125
425
153
451
118
407
127
927
171
317
152
425
122
460
149
434
120
222
156
454
114
117
173
137
159
155
491
155
525
156
442
151
445
128
378
119
420
117
369
116
440
136
223
161
136
185
136
472
118
411
124
371
116
378
164
476
129
397
118
448
201
173
134
430
168
117
216
121
427
156
419
117
462
128
460
159
167
120
444
139
420
129
413
118
456
175
123
381
112
471
119
186
156
272
127
393
117
469
139
412
127
447
117
412
129
161
119
123
456
131
417
113
414
117
417
137
410
154
408
123
400
119
136
298
317
113
449
113
164
152
122
442
115
444
156
459
127
412
115
168
117
476
127
468
156
402
127
485
130
441
128
125
482
156
446
151
439
128
415
113
451
115
204
156
443
116
460
116
197
154
459
127
137
412
147
415
122
308
150
392
119
441
129
446
157
303
151
539
188
211
161
418
117
384
121
120
166
214
161
158
391
118
370
120
457
130
443
127
385
126
490
122
463
128
438
159
144
429
497
126
147
425
156
411
116
397
119
234
156
424
132
426
115
289
133
463
118
149
196
152
447
119
385
138
436
160
243
147
209
130
396
122
425
126
416
120
452
126
189
132
146
437
134
450
123
449
124
315
166
441
121
432
125
289
154
493
128
201
157
444
130
136
163
133
459
124
450
132
448
125
418
120
467
121
198
132
513
128
468
118
351
160
135
181
130
455
131
409
205
444
151
488
144
405
121
440
130
436
132
298
153
357
136
134
216
127
393
135
408
119
419
161
460
107
367
161
466
125
382
184
441
138
404
134
420
160
142
171
116
478
114
459
119
442
117
193
121
153
118
388
118
397
131
365
155
414
136
123
438
121
147
154
324
163
401
140
450
132
438
119
216
119
420
123
436
124
385
116
126
401
128
184
224
434
124
437
128
438
131
408
126
166
245
184
124
382
117
431
130
437
120
121
443
124
446
117
134
508
131
309
376
118
417
133
190
120
437
134
450
126
447
111
118
488
142
279
155
428
129
421
123
410
130
412
131
392
157
411
127
380
130
434
118
122
439
125
209
117
424
115
414
114
430
224
412
125
235
155
479
119
399
133
369
119
119
452
132
400
126
438
116
372
117
363
117
455
118
343
153
425
172
449
125
420
184
384
113
120
417
117
451
118
406
116
398
159
427
134
755
196
489
173
388
153
207
120
199
119
122
424
127
428
115
421
140
116
291
334
156
429
113
425
121
420
122
388
162
427
109
123
429
114
363
114
383
119
382
116
435
126
346
113
436
120
401
122
177
119
398
117
386
127
122
426
114
371
149
445
119
436
118
377
117
406
115
236
152
434
120
441
117
455
115
122
451
124
444
217
423
134
381
138
414
114
400
155
438
125
395
114
457
115
446
118
125
439
131
404
119
465
146
459
121
362
138
375
114
351
197
437
115
409
134
459
115
491
119
122
181
118
447
139
448
133
452
121
427
125
174
119
397
127
389
118
445
139
444
182
125
123
212
401
118
456
113
448
115
460
113
223
156
431
136
437
113
452
120
434
129
136
159
117
392
116
427
133
404
128
455
114
156
229
378
116
426
131
419
136
437
113
122
311
155
416
133
454
113
413
134
415
115
357
156
422
117
395
122
426
114
419
155
209
118
140
462
131
483
122
449
131
229
120
441
117
451
147
434
142
388
116
224
160
400
126
122
418
116
436
118
441
114
198
283
285
155
433
156
464
122
421
130
176
155
437
127
117
420
128
462
128
375
144
406
159
508
128
441
133
418
130
451
118
418
160
429
149
480
131
150
426
130
449
134
456
119
407
133
413
121
376
127
466
117
428
121
467
130
409
118
135
440
118
402
120
277
161
417
137
391
128
422
124
435
136
367
135
448
118
452
111
143
459
131
452
116
453
116
420
128
440
131
430
112
360
133
200
210
443
130
423
134
138
447
117
456
131
424
136
408
130
443
131
382
123
447
115
384
121
431
139
466
125
400
120
128
375
157
499
117
436
139
435
128
464
139
415
127
380
132
416
118
421
116
445
130
142
410
117
411
182
465
122
414
132
398
119
393
197
370
133
414
126
434
125
492
116
139
409
132
444
116
428
126
399
121
437
125
408
413
450
134
451
119
455
134
446
145
437
162
134
401
119
458
124
435
122
411
127
487
116
424
118
425
117
412
122
419
116
412
102
120
409
120
447
134
414
156
445
131
394
116
433
116
391
118
357
115
446
115
442
119
122
416
126
454
117
469
127
364
143
385
117
452
118
386
117
403
116
391
124
417
134
118
417
118
445
127
414
128
428
117
452
114
400
119
409
119
819
170
428
124
402
123
454
118
121
437
109
462
117
439
160
429
116
431
124
461
113
425
124
473
115
179
143
434
126
160
408
119
381
125
241
158
418
118
471
125
458
119
465
117
419
156
429
157
458
123
133
401
120
416
116
437
123
464
118
428
132
427
116
460
166
436
117
458
180
418
119
437
114
119
437
117
125
245
365
156
449
115
433
120
451
177
423
124
441
115
452
121
466
176
134
297
159
385
134
413
116
374
117
399
128
418
116
176
132
432
123
436
120
457
119
142
462
167
344
153
384
118
457
118
450
116
391
117
391
132
376
159
415
116
390
118
421
115
140
436
128
430
132
447
172
366
124
428
119
414
116
435
114
454
119
464
142
414
130
134
457
121
416
117
429
117
402
123
405
197
456
127
422
128
378
130
431
117
408
117
125
402
121
449
138
391
119
431
116
444
124
424
115
418
121
485
117
389
132
452
157
137
407
128
434
132
427
116
456
120
411
121
457
126
463
130
436
122
460
117
460
130
495
115
138
382
122
430
121
440
120
208
129
432
117
428
122
416
134
420
119
469
118
455
132
128
381
118
406
119
394
136
417
134
395
143
423
122
414
123
471
125
206
134
458
123
134
430
119
416
135
451
114
438
112
419
118
416
118
435
118
403
117
396
121
455
131
440
116
129
398
121
466
155
353
115
451
128
445
114
456
127
465
135
442
111
415
135
428
137
149
429
112
417
117
456
121
391
132
457
118
405
128
459
212
469
116
437
121
373
112
134
468
133
385
119
414
121
425
116
459
119
455
116
399
118
388
118
446
131
460
171
136
427
119
161
133
396
120
439
114
442
122
469
121
385
131
417
118
421
120
447
117
389
117
153
438
116
371
120
435
125
469
122
448
112
164
197
443
116
422
119
473
118
414
119
126
442
127
447
117
444
130
456
132
380
120
451
132
1207
470
426
131
434
121
467
121
130
460
122
466
129
408
142
412
118
415
116
406
132
424
134
398
123
417
119
439
133
427
115
151
415
118
428
121
422
132
468
195
464
126
416
113
463
185
443
112
460
122
434
121
146
432
112
440
117
438
116
394
118
439
119
451
137
444
119
431
135
456
157
450
125
132
466
120
404
112
423
121
418
403
185
130
129
290
409
204
157
362
432
148
150
397
255
117
358
431
169
143
387
120
295
226
156
450
161
235
366
158
429
134
154
409
146
128
129
406
172
229
423
175
459
116
449
118
410
116
428
123
445
125
227
155
426
116
447
116
136
462
122
431
115
438
123
417
115
396
118
441
112
459
118
397
114
383
122
431
124
135
423
122
479
162
480
122
403
117
459
120
433
115
412
123
467
117
430
127
435
119
402
118
134
467
113
413
116
434
133
415
117
460
114
429
159
466
118
464
118
391
133
426
117
124
458
179
423
114
394
119
381
121
325
155
442
117
395
117
403
124
322
157
457
176
127
171
160
405
129
394
116
482
123
388
119
462
118
360
162
409
124
392
121
423
117
480
116
121
423
160
399
118
385
125
411
114
146
159
438
121
432
165
440
118
469
128
448
111
129
460
120
407
128
376
127
432
135
392
133
433
118
436
116
485
117
425
135
213
129
133
473
119
418
130
442
117
422
125
421
120
362
117
428
111
417
131
415
117
471
117
133
415
125
378
121
410
145
373
160
477
114
444
161
438
116
414
131
409
118
399
117
488
119
138
468
156
438
119
445
120
455
125
422
113
388
172
381
136
436
157
460
127
473
117
134
379
163
357
113
427
123
377
129
440
129
428
129
403
164
428
119
443
126
448
125
132
451
112
393
129
130
153
424
136
399
116
425
121
452
129
359
152
435
172
421
117
458
120
133
415
119
439
134
434
131
439
136
447
120
430
119
165
126
456
128
461
117
415
114
136
430
130
419
113
458
117
414
118
431
121
445
112
388
130
409
123
439
123
451
112
129
454
159
363
114
414
134
415
120
433
131
369
145
385
157
426
115
375
116
428
123
426
122
134
446
114
343
157
442
115
450
133
443
151
396
114
256
154
251
149
425
140
466
135
143
406
119
454
117
203
118
412
120
420
129
407
116
378
115
443
128
443
399
183
127
132
425
139
433
169
431
121
371
120
417
130
418
133
439
133
394
115
435
118
428
122
150
441
134
473
136
449
141
439
130
323
152
392
130
507
129
469
128
433
113
381
128
406
129
142
425
127
418
135
437
142
412
128
461
135
458
124
366
122
443
124
343
157
422
125
131
423
126
457
133
443
129
402
172
465
124
372
115
430
127
478
130
454
126
469
130
157
693
185
404
196
467
155
441
123
461
120
438
117
469
128
432
132
409
125
487
126
438
141
136
427
124
386
145
440
112
457
142
464
119
450
126
405
160
387
113
450
121
394
113
136
451
125
431
139
407
142
434
126
409
139
417
170
411
136
451
113
480
117
457
113
128
443
119
357
123
453
140
476
115
446
138
460
177
422
114
474
127
461
140
452
136
121
451
140
426
125
415
141
459
137
465
142
443
137
334
169
389
140
434
137
449
138
444
118
122
427
118
449
115
393
141
493
139
449
144
414
123
412
131
461
120
452
122
405
132
132
435
117
440
119
445
115
406
129
427
120
452
135
414
137
408
134
426
131
427
118
137
423
116
431
121
441
134
387
135
434
195
455
136
429
116
421
120
406
128
373
120
415
123
146
406
120
370
128
439
133
421
127
427
135
453
190
448
116
370
114
431
186
443
121
153
437
126
439
136
381
116
448
126
450
129
375
147
431
127
404
139
382
130
361
134
134
422
132
414
161
419
128
206
157
449
121
400
126
444
116
390
121
467
124
362
121
134
439
127
460
115
444
135
446
127
410
135
372
161
459
127
417
117
176
166
454
115
405
133
150
414
131
405
130
420
131
470
120
425
126
447
160
402
147
413
142
405
124
424
117
137
409
133
449
158
452
116
412
121
376
125
431
180
426
113
460
115
409
135
460
124
147
469
123
385
126
451
118
412
128
456
118
399
129
469
155
437
120
427
135
387
132
426
121
148
435
116
430
115
448
121
441
120
416
134
374
162
424
122
405
129
371
136
436
114
147
160
211
417
132
453
136
395
131
422
120
392
135
423
120
408
130
465
119
445
129
133
405
118
455
126
413
178
455
126
433
146
225
152
401
124
423
133
379
123
440
118
371
128
138
396
155
366
128
470
124
459
129
449
136
382
127
440
121
366
127
408
129
126
130
398
114
371
174
136
415
114
384
120
418
124
203
155
409
144
373
131
428
121
422
161
138
399
185
371
134
379
128
429
238
202
220
447
127
423
127
384
124
421
117
185
160
149
450
133
411
127
441
129
323
161
366
134
430
118
428
130
422
129
319
192
442
128
428
134
137
415
128
449
155
329
156
471
152
434
119
430
152
205
156
384
169
434
128
388
119
125
420
126
915
84
196
131
454
180
426
135
318
155
429
119
397
133
434
137
447
133
133
294
155
452
113
389
116
431
152
244
162
447
127
375
127
250
157
431
119
257
157
385
119
134
426
129
421
126
439
121
232
155
372
118
423
117
413
118
386
155
429
131
450
160
146
423
212
504
145
258
159
447
125
420
175
419
139
452
119
323
160
402
185
423
145
133
416
126
445
119
171
119
416
116
442
126
431
155
481
132
195
118
443
170
406
133
120
432
132
461
110
375
159
457
119
394
132
453
179
429
115
242
187
401
118
441
123
433
154
148
444
122
372
158
425
164
455
122
403
134
282
119
186
120
389
116
376
132
405
133
120
462
129
268
155
403
117
435
170
218
154
413
124
207
118
420
153
439
131
436
113
140
245
153
399
116
456
124
416
131
469
118
276
160
395
127
432
113
414
120
211
121
444
160
122
385
114
444
135
383
126
488
114
458
156
377
118
431
129
464
119
424
139
200
155
126
451
121
447
130
426
147
461
127
264
156
459
126
437
128
465
118
399
131
224
118
136
455
137
456
135
404
114
450
119
333
156
476
127
409
112
425
156
489
115
189
158
419
116
131
446
110
415
120
395
160
434
140
465
141
430
129
444
138
172
150
434
155
430
118
120
454
117
120
255
395
127
415
126
447
117
439
124
441
104
443
125
455
119
485
126
125
416
117
431
126
450
129
433
132
487
122
363
118
425
116
404
128
464
114
412
132
136
429
130
468
116
432
113
446
197
424
129
486
115
394
125
417
116
355
116
447
117
445
127
118
454
420
166
141
440
118
467
129
453
122
457
130
401
123
476
128
443
124
433
122
120
463
118
463
113
428
128
441
117
414
152
409
115
436
127
443
122
445
124
408
114
131
410
132
415
116
442
132
412
132
441
128
439
115
389
128
422
127
413
113
427
153
391
124
123
1280
495
240
119
434
83
449
135
479
159
438
154
468
154
452
113
178
157
301
124
116
431
167
421
210
430
154
197
347
170
220
461
157
167
185
448
133
451
132
421
157
118
328
157
442
119
419
175
446
115
363
153
452
116
438
129
430
153
117
395
235
125
116
422
169
431
154
451
126
404
118
426
112
445
112
442
136
467
118
449
126
401
113
427
160
130
491
120
404
153
453
114
709
167
400
118
423
118
396
114
465
137
452
120
455
124
125
412
116
414
116
455
120
428
115
445
118
388
121
486
162
420
134
370
112
449
120
123
432
139
451
133
450
116
415
126
323
156
455
117
383
119
432
101
428
119
434
137
432
119
122
382
139
435
117
417
112
388
119
408
122
376
119
463
115
420
121
457
118
441
119
122
437
116
440
139
398
116
473
125
405
127
395
117
463
113
456
115
558
122
429
114
134
433
118
558
116
516
113
414
117
548
112
567
116
422
142
412
203
546
114
434
116
452
114
133
471
116
416
119
437
125
443
113
408
122
516
114
443
116
552
114
441
117
380
115
128
431
117
567
114
575
117
443
153
450
110
483
124
487
143
436
118
469
136
347
157
150
434
136
490
117
422
117
477
130
507
153
436
116
442
156
510
132
472
156
398
121
143
529
122
562
124
470
124
533
116
460
116
435
130
499
128
452
128
593
128
475
123
439
124
145
445
122
458
127
381
138
456
120
389
137
565
128
459
129
520
117
403
179
447
125
130
511
116
454
128
435
115
364
162
468
128
501
126
454
161
260
166
408
160
444
115
152
549
473
131
135
494
160
503
116
454
117
565
127
460
186
489
152
457
127
511
131
458
100
124
410
153
479
128
468
122
321
153
550
114
464
143
500
125
477
130
558
113
471
117
129
442
118
443
119
386
123
568
131
523
126
539
201
545
112
570
118
395
199
428
127
129
463
115
444
116
491
177
296
159
500
116
471
118
446
152
422
153
581
131
529
124
148
333
152
429
116
468
113
544
125
436
112
538
124
417
139
242
157
460
130
453
114
371
121
116
426
124
301
167
427
116
451
128
333
162
426
117
444
117
368
128
478
119
429
136
134
358
148
441
119
368
133
421
139
270
158
440
124
380
126
403
118
423
137
115
114
113
444
131
460
126
466
993
523
542
166
376
250
155
443
116
500
127
495
122
517
152
397
119
125
485
188
490
122
426
255
260
219
460
119
514
112
401
113
474
130
452
144
436
121
117
411
123
361
128
422
124
415
149
415
130
390
138
426
124
356
187
209
132
206
118
118
215
157
423
151
471
78
441
153
162
136
116
361
127
487
130
436
155
133
354
119
116
118
357
152
240
492
115
204
259
673
420
115
535
140
511
160
478
125
473
161
124
132
115
226
121
441
116
549
153
281
249
139
266
117
320
127
341
155
242
119
114
302
119
440
154
218
153
132
120
109
241
115
274
117
276
131
394
130
417
153
116
118
177
240
147
364
113
162
137
114
318
194
122
145
134
116
308
127
401
115
468
155
115
125
128
338
115
450
124
400
157
171
211
124
418
132
448
154
128
378
150
115
122
387
156
339
156
164
127
113
235
117
343
118
409
158
168
118
167
248
118
127
117
223
157
152
138
472
130
118
425
152
432
193
128
425
159
128
422
154
232
425
102
281
420
112
372
411
119
115
116
398
197
116
474
194
119
461
165
225
351
155
522
141
455
119
431
144
438
124
439
126
383
158
151
415
157
447
144
408
136
440
129
554
110
557
134
439
130
434
117
264
121
555
125
134
441
117
320
121
546
118
419
133
442
121
346
134
458
118
408
119
373
121
443
115
115
467
132
450
154
406
153
447
124
454
132
404
113
500
167
405
180
474
113
330
159
452
114
135
496
535
125
132
248
130
442
128
472
128
483
137
486
183
135
119
489
116
487
115
143
471
121
437
258
472
112
470
112
480
129
476
122
437
157
371
119
449
132
428
114
424
126
139
230
156
453
157
394
116
436
137
446
129
368
113
470
138
410
116
381
131
411
134
125
438
130
401
128
437
138
388
122
449
130
205
154
402
112
455
135
404
129
456
124
138
474
127
387
121
414
132
425
114
474
112
414
118
423
122
464
120
438
117
434
114
120
390
124
477
131
447
127
368
115
456
126
388
122
428
116
441
127
491
116
513
127
121
479
124
480
131
481
128
564
115
481
153
485
130
516
112
463
160
470
124
491
119
474
98
139
481
125
464
126
475
154
525
118
495
110
478
114
485
117
464
114
481
208
453
110
124
473
122
472
130
511
125
435
119
261
476
114
352
489
113
425
121
410
127
417
119
117
422
125
423
174
405
129
219
182
418
114
433
126
395
123
445
110
451
130
475
174
459
122
123
448
118
469
120
485
128
509
117
503
125
383
127
458
129
197
157
449
125
428
115
127
458
133
453
115
442
134
381
126
443
124
455
125
452
130
464
128
248
158
509
120
131
431
134
371
209
465
132
419
159
258
152
396
119
514
132
766
153
445
121
272
253
441
128
140
538
137
386
140
277
158
465
116
498
128
475
277
436
170
551
119
479
138
429
139
121
447
158
242
155
485
117
502
117
500
125
528
120
420
117
469
128
493
119
458
124
140
138
363
431
116
468
117
478
118
486
139
569
122
411
171
481
113
465
136
486
176
136
313
159
504
117
496
118
489
128
314
130
259
133
494
138
484
136
236
140
159
297
402
116
132
480
115
478
111
479
133
475
117
478
162
504
115
268
155
449
130
383
128
258
157
138
543
156
448
124
433
115
426
117
410
112
459
131
447
118
182
160
442
154
423
118
497
173
158
380
111
488
133
494
160
517
119
532
116
405
142
429
118
445
120
467
118
567
136
138
526
117
441
116
444
135
447
125
506
121
430
114
444
117
501
153
443
126
550
114
138
450
121
479
114
512
111
458
126
454
131
406
129
482
124
522
129
433
117
458
123
140
455
116
431
118
432
119
398
117
400
116
464
118
423
120
463
117
375
133
436
131
117
441
115
409
135
440
130
548
130
514
117
411
112
433
140
298
162
458
123
411
128
450
126
136
461
115
473
114
426
124
545
121
439
114
449
113
447
135
485
127
447
132
412
115
138
440
150
428
116
444
119
422
127
462
125
478
131
416
115
432
133
459
127
403
122
121
424
118
439
113
407
127
436
117
409
124
409
160
460
118
459
127
417
117
442
117
438
123
136
419
127
483
131
450
122
413
132
465
116
452
114
457
132
404
123
518
118
454
157
123
427
127
440
118
548
116
416
111
431
128
437
112
464
127
449
137
496
118
435
115
128
443
119
514
124
549
128
441
125
450
126
403
111
453
140
384
114
461
133
345
114
448
127
122
404
127
441
115
425
117
508
117
551
113
418
116
444
118
405
112
379
115
451
117
133
442
128
420
116
402
195
389
127
460
130
554
122
410
426
392
143
452
133
464
118
126
443
114
433
113
468
173
481
136
369
114
417
116
417
113
423
115
415
114
429
133
122
424
114
445
134
468
127
419
116
443
122
421
115
461
125
419
151
415
121
457
134
444
118
120
436
116
444
128
559
116
549
130
464
141
444
99
550
116
555
119
440
133
554
115
124
444
126
452
122
439
121
442
129
443
118
496
128
476
119
404
116
869
226
437
126
134
418
117
409
118
408
127
432
113
444
117
466
114
431
120
433
121
453
115
371
129
475
121
123
422
119
467
118
366
134
387
114
412
116
434
116
420
117
417
119
372
117
435
117
116
438
118
415
111
455
116
436
115
414
115
453
119
415
123
469
116
453
117
408
117
128
415
117
444
117
452
116
427
119
450
159
469
132
447
119
419
123
388
179
386
112
114
445
119
408
115
449
117
404
116
397
127
415
133
437
112
401
108
416
138
432
119
542
124
143
458
124
442
116
475
137
492
119
413
118
443
118
553
120
444
140
435
109
551
119
121
442
117
437
127
447
116
426
120
557
119
435
137
548
115
475
126
459
118
542
123
123
452
123
517
174
458
118
467
114
441
122
505
128
530
130
432
148
458
117
440
116
435
132
137
433
116
432
131
453
120
448
120
418
110
438
122
447
118
562
116
429
121
451
125
138
441
114
418
163
444
114
470
116
439
123
411
129
416
114
468
117
427
118
431
129
122
451
120
457
116
463
116
397
124
469
115
446
115
430
159
408
135
400
127
474
115
413
114
139
435
100
421
112
457
114
453
127
461
119
439
131
409
120
448
132
426
114
460
131
121
474
123
434
113
446
121
360
114
467
132
416
136
457
110
476
118
456
125
467
121
117
422
137
423
130
414
129
434
116
431
119
464
123
381
129
430
115
438
131
415
125
134
440
118
479
117
427
117
462
119
458
113
449
120
432
134
485
124
438
118
555
117
459
110
116
519
116
416
116
438
131
432
112
460
122
419
122
445
111
415
101
406
118
409
112
135
434
131
383
128
463
116
480
159
416
112
440
116
388
117
408
115
445
123
425
128
121
478
113
426
130
385
114
437
126
449
119
414
117
455
128
472
125
434
157
422
128
444
132
137
421
114
371
116
445
115
467
132
387
112
449
116
429
116
1217
495
427
133
451
113
144
431
123
428
136
382
126
458
131
447
122
434
126
458
114
440
116
461
130
450
110
122
434
126
467
131
452
116
417
118
402
114
435
137
424
113
454
121
459
113
466
114
136
407
129
477
114
482
115
447
115
456
118
466
118
478
118
411
117
388
131
538
120
484
137
123
411
153
402
113
406
115
456
116
444
116
407
120
366
166
419
116
521
117
419
117
93
381
117
432
125
426
130
380
118
455
116
418
201
391
117
435
118
447
116
428
118
116
447
116
463
116
429
124
408
116
450
115
432
114
413
116
465
122
470
131
460
120
551
154
122
431
115
537
126
424
115
509
170
556
115
444
117
554
113
456
126
460
119
567
115
118
445
117
356
118
415
132
377
133
414
109
433
133
468
133
497
131
443
116
484
116
125
415
124
469
115
434
143
445
115
399
117
424
113
438
102
435
123
408
118
343
126
121
448
131
495
114
528
125
394
127
452
113
431
119
461
117
530
114
535
117
490
116
551
133
121
442
115
450
121
524
158
456
128
448
112
442
117
442
117
548
118
559
116
434
117
123
431
117
452
140
423
112
485
115
543
116
433
125
425
114
416
207
418
113
479
165
131
547
118
436
115
431
131
425
118
463
120
401
184
440
116
410
120
466
128
432
112
443
132
125
506
114
392
133
445
126
416
133
412
123
444
140
512
118
440
138
464
113
441
120
116
432
130
402
125
408
126
475
118
429
130
411
132
176
156
476
156
357
182
462
124
144
441
136
465
129
546
115
412
117
555
119
419
118
455
156
539
120
484
114
461
117
468
160
132
475
118
454
122
540
123
359
154
472
126
445
118
428
118
409
125
351
155
423
114
134
424
121
462
124
407
157
436
124
423
153
431
127
429
125
217
159
423
137
417
122
149
505
118
466
124
299
160
457
125
441
118
336
154
453
90
456
126
404
117
536
155
123
414
117
470
115
383
154
541
115
431
130
542
121
244
233
512
114
548
114
300
159
461
112
138
432
123
531
114
338
156
303
151
391
116
452
155
285
156
427
120
397
120
428
124
133
419
112
445
138
455
124
403
138
337
157
401
134
389
130
406
134
394
116
345
154
134
403
129
464
114
402
117
423
117
431
120
375
124
356
177
342
174
383
118
397
174
455
128
134
451
127
439
165
342
138
411
118
435
120
416
127
448
114
253
156
416
121
400
132
130
455
118
416
118
412
155
453
120
421
130
461
119
541
267
455
123
477
117
480
121
151
405
159
482
117
423
125
523
121
404
122
451
117
439
118
456
117
478
158
474
120
138
491
128
321
162
539
114
383
115
442
155
426
118
499
126
528
160
481
123
567
125
424
129
125
491
152
843
183
404
186
457
126
391
133
229
131
250
152
572
115
420
139
557
123
132
427
125
462
133
557
136
460
115
470
114
432
139
416
122
539
132
553
117
524
119
213
496
124
446
117
433
118
440
119
407
118
479
118
514
117
455
116
423
127
378
116
506
114
135
545
112
431
113
446
117
474
159
551
115
552
114
432
117
395
129
506
202
461
116
134
447
129
556
116
427
116
538
119
471
123
510
126
466
114
531
111
457
214
504
144
151
495
116
409
121
476
118
437
122
482
116
403
115
462
117
566
115
511
138
471
128
453
113
132
438
116
421
135
346
158
438
117
551
117
447
132
388
158
464
143
483
129
384
169
137
414
131
482
123
449
138
323
157
517
120
550
118
541
136
223
156
400
125
489
115
147
420
142
399
161
365
152
467
118
412
136
400
126
462
159
433
133
427
137
393
129
130
398
126
201
293
532
130
412
123
456
134
442
128
413
120
389
115
405
124
388
129
445
121
128
413
140
404
128
439
133
406
118
430
157
362
198
439
129
509
131
428
121
416
157
149
430
136
500
129
440
121
544
127
372
160
442
143
441
121
553
131
445
121
471
123
133
353
157
547
126
471
116
553
141
465
112
388
137
549
126
549
140
426
155
493
138
452
158
152
522
116
521
120
480
129
460
119
448
160
474
119
438
125
400
150
515
111
464
128
135
439
131
466
116
405
121
455
113
445
132
450
115
430
126
450
113
491
119
467
114
126
444
124
506
121
440
118
427
126
550
130
518
117
481
111
448
111
437
134
522
117
115
476
125
549
120
420
123
497
154
434
113
504
123
458
121
459
131
457
139
407
127
555
119
127
565
130
532
118
522
130
541
115
550
132
437
124
563
129
448
150
531
120
445
120
122
438
115
476
117
441
137
554
128
430
140
455
117
439
115
434
126
440
136
504
116
137
514
1094
447
319
424
104
481
129
471
122
490
116
407
122
439
114
423
124
437
126
427
125
127
419
115
474
118
405
125
381
129
479
119
387
123
487
139
420
120
409
108
413
102
150
423
116
469
127
467
129
409
111
415
132
438
129
416
117
423
127
420
116
442
120
136
404
153
444
115
438
128
451
125
418
126
455
118
431
129
426
126
456
127
423
120
130
442
134
414
135
399
114
888
186
403
127
455
163
461
120
421
121
421
132
443
129
471
131
131
452
118
420
111
377
137
464
115
299
139
359
120
447
126
415
121
488
118
472
154
145
473
114
469
140
442
135
476
116
408
115
445
115
451
124
397
142
410
144
453
119
129
415
133
435
121
457
141
454
128
169
153
319
170
394
142
397
129
431
130
421
115
401
117
127
429
143
430
120
420
119
435
119
409
172
438
118
370
124
440
121
420
138
422
127
148
422
121
380
127
428
152
440
127
434
116
410
118
429
133
440
132
451
144
461
123
134
429
137
441
178
407
151
448
141
361
150
412
153
358
112
436
113
448
128
415
155
401
117
141
512
126
414
128
369
150
504
118
433
139
425
116
478
154
452
153
418
126
377
122
121
434
126
393
119
375
176
390
134
463
120
447
127
525
132
446
107
431
124
431
120
124
419
124
214
117
575
122
440
194
556
119
440
135
369
157
531
127
463
118
518
116
118
517
126
442
114
529
132
432
118
400
121
518
130
352
155
437
116
516
131
414
117
461
118
129
433
186
564
136
407
112
397
151
411
116
451
135
411
123
420
201
432
126
434
129
118
380
130
421
114
325
100
454
128
408
124
449
118
445
124
440
143
421
128
399
126
116
421
123
380
152
482
138
514
125
520
174
516
127
444
115
558
117
481
138
384
126
518
151
118
468
131
470
125
481
133
524
128
501
133
208
117
565
126
509
124
502
153
456
115
115
356
157
436
114
467
135
410
158
447
115
486
118
483
116
492
125
373
156
564
117
122
478
115
473
127
524
131
148
417
321
157
445
139
478
118
354
153
560
117
499
131
121
520
116
480
121
230
156
483
126
497
113
490
112
455
156
263
154
239
157
457
136
449
125
137
443
169
447
114
453
128
477
136
492
129
474
123
385
121
489
128
499
117
480
116
140
466
156
384
201
406
529
129
251
429
121
354
154
481
126
461
116
436
121
483
117
118
527
124
423
112
458
130
393
129
491
137
449
115
371
153
391
118
480
132
455
120
408
124
121
423
115
413
119
426
118
464
110
393
120
442
109
402
124
430
118
386
133
429
130
132
407
124
406
118
448
117
448
127
446
131
401
126
489
124
460
129
464
113
504
123
162
676
757
449
149
494
392
124
415
325
120
516
317
171
354
395
112
153
395
253
120
134
116
384
200
126
470
118
537
114
543
115
490
113
461
112
529
117
473
114
476
127
395
156
125
446
122
434
113
453
123
518
123
531
115
526
120
547
102
508
122
507
113
558
117
122
425
133
442
117
540
116
437
279
438
128
438
114
523
126
454
116
550
123
480
118
122
427
118
516
126
361
126
424
113
454
124
470
117
428
115
477
140
546
155
451
116
430
136
125
480
157
438
132
547
116
548
123
466
119
424
121
444
121
451
132
442
109
471
120
134
414
110
499
128
476
117
414
133
538
120
485
116
485
111
522
116
442
118
506
112
117
445
113
490
130
527
136
544
114
466
116
442
118
523
118
363
178
553
129
543
129
439
133
122
432
126
427
118
434
112
450
118
552
120
484
116
432
129
517
129
504
121
428
135
135
464
274
397
114
468
129
433
126
438
115
410
121
415
128
446
122
427
124
439
125
130
456
112
519
126
438
112
481
124
534
120
450
149
524
127
439
131
456
133
449
123
119
489
123
516
121
422
124
461
125
466
114
452
126
511
136
441
121
395
115
456
135
533
156
121
463
148
434
126
550
117
436
124
454
127
464
127
458
117
456
117
424
112
416
126
147
459
129
472
131
448
115
442
127
520
118
432
124
442
123
474
133
432
125
469
125
123
497
117
470
119
427
125
460
111
484
115
501
119
474
132
549
120
447
124
433
111
512
116
120
532
117
543
121
536
123
435
124
444
123
493
128
549
113
413
125
432
116
467
129
139
514
119
512
135
426
285
472
118
441
128
449
135
514
116
518
132
445
128
434
116
124
427
127
414
125
545
128
433
116
444
127
455
134
480
125
523
282
559
127
494
112
470
132
126
443
139
486
111
419
125
454
118
549
116
462
117
514
127
421
113
455
122
484
117
131
458
117
348
113
384
132
366
1056
396
247
415
127
421
129
470
126
404
132
451
120
137
421
138
463
113
367
207
426
125
426
120
345
124
397
108
466
118
391
113
378
117
120
420
117
414
116
440
121
411
124
486
118
427
120
462
119
473
131
471
116
479
128
541
131
119
427
128
555
123
522
139
544
125
418
116
449
115
423
129
407
145
407
127
449
127
116
434
116
495
132
425
114
396
113
456
157
556
117
1084
275
500
120
370
109
505
121
121
431
111
443
125
445
119
423
123
458
181
527
120
441
120
506
124
483
139
468
202
456
134
126
490
112
440
117
567
119
439
117
452
117
454
119
428
134
399
117
462
119
439
111
119
453
119
441
128
450
113
346
115
452
115
459
116
461
124
458
143
469
119
422
112
118
424
133
476
134
399
138
496
121
439
115
450
113
476
119
436
121
451
134
445
120
123
550
135
471
114
424
112
386
116
448
116
484
116
475
128
423
124
419
120
502
116
431
117
124
451
112
497
157
429
118
403
116
538
113
460
124
525
133
524
121
426
124
525
111
121
496
151
413
113
495
118
436
115
455
117
466
120
498
280
533
133
443
129
580
129
119
435
115
444
118
551
116
480
121
508
117
487
109
457
131
457
126
457
116
524
117
428
122
117
457
118
450
116
440
116
531
126
374
96
556
125
451
138
465
123
562
116
456
101
135
515
113
527
121
423
116
434
133
445
118
461
124
477
126
440
127
432
134
452
129
133
428
115
443
122
542
157
534
113
437
116
433
116
514
126
500
162
461
115
555
114
471
131
135
509
117
499
130
436
117
557
131
446
113
503
125
553
129
433
123
554
115
548
134
145
484
119
536
118
552
114
563
157
438
112
487
116
455
113
462
120
453
132
434
115
139
437
114
513
120
446
136
446
108
548
128
400
127
443
132
361
127
469
155
459
122
137
388
125
443
132
466
116
393
128
413
161
386
142
453
118
411
119
423
119
414
127
423
121
145
365
133
447
116
433
132
403
113
444
124
463
117
438
126
437
114
394
128
454
114
127
447
120
383
127
413
120
446
121
424
119
454
129
418
118
372
133
396
114
449
115
150
480
120
454
130
440
128
414
118
390
123
381
131
463
118
386
131
439
115
441
134
474
127
144
471
177
421
117
426
136
402
124
413
125
146
352
253
170
445
130
418
113
467
129
139
371
120
477
129
407
114
407
112
430
130
508
159
433
121
430
127
399
122
447
125
130
457
116
442
124
417
118
449
120
432
134
421
114
425
118
372
140
349
157
463
122
132
296
171
445
112
449
127
416
116
389
136
395
117
442
116
409
110
366
139
412
119
441
128
121
451
118
467
113
439
121
390
134
468
122
436
138
453
117
373
109
790
158
486
118
77
428
120
441
115
436
127
529
117
421
125
462
114
455
121
492
120
559
136
367
122
126
443
120
541
114
429
110
509
121
433
185
448
140
454
126
370
160
472
121
554
142
394
122
135
486
122
404
117
509
151
432
132
515
126
446
123
448
143
506
174
414
175
461
130
116
445
141
454
139
389
135
437
155
468
129
428
129
498
138
556
217
547
136
443
125
133
436
124
472
116
416
110
563
132
451
125
433
118
429
130
375
160
438
135
435
135
135
432
124
498
150
225
123
484
123
463
136
457
117
421
155
484
141
470
126
473
139
479
121
135
362
157
516
126
443
115
446
137
467
115
401
