144
102
95
110
87
121
110
90
136
122
136
104
74
93
102
123
123
146
159
127
115
128
134
122
66
102
69
99
72
114
106
85
86
147
102
112
109
98
85
86
76
74
117
108
109
107
116
113
115
109
101
101
91
128
122
114
93
86
97
103
111
98
85
84
93
80
73
92
91
106
138
100
95
134
133
116
100
118
106
107
104
89
94
82
106
161
106
111
122
139
81
121
89
110
144
77
86
85
84
92
98
135
105
97
88
88
83
173
69
160
92
121
161
127
109
103
95
110
96
102
105
88
142
75
77
130
146
115
73
94
79
135
124
70
123
79
103
83
157
122
144
120
164
98
151
83
80
87
85
139
99
123
65
143
88
89
111
96
94
101
92
83
90
107
80
103
86
80
70
116
94
131
70
87
97
87
78
163
93
93
79
112
114
93
89
87
93
128
121
86
92
99
94
88
106
104
73
83
92
93
74
89
87
87
69
83
93
103
74
103
176
371
262
160
103
184
154
182
201
94
113
97
107
112
164
128
120
121
104
114
96
120
119
95
113
121
141
123
138
95
80
99
143
116
143
146
162
93
113
576
477
454
436
471
400
411
329
296
307
263
222
180
192
165
148
129
115
94
120
85
66
89
83
113
93
95
146
110
75
155
86
127
89
93
97
96
119
99
73
95
89
80
99
102
108
85
76
91
92
91
101
86
103
88
105
109
81
103
76
94
106
64
121
78
115
120
87
104
93
82
112
96
100
142
123
107
106
99
91
92
117
101
85
91
93
98
88
94
114
98
90
129
93
116
101
93
78
104
99
136
100
94
71
96
131
100
85
83
90
94
112
105
102
95
103
88
99
91
85
85
106
85
82
107
91
127
95
94
97
139
93
98
103
86
79
87
86
91
117
102
95
77
72
97
83
88
84
94
97
88
87
99
88
86
89
108
93
94
86
99
91
93
91
95
88
73
106
82
89
141
128
133
168
102
146
132
144
157
97
110
71
89
118
152
260
152
85
87
97
150
109
92
86
103
85
100
89
114
113
96
95
78
87
86
92
89
107
141
98
138
106
98
87
87
91
93
154
132
166
160
94
84
61
112
79
141
144
145
88
87
115
106
81
85
87
130
174
91
128
177
118
103
110
97
99
139
95
94
161
111
99
106
112
115
423
268
107
309
265
178
113
136
89
299
305
122
243
174
291
90
123
121
152
144
151
106
75
116
139
148
152
132
153
157
82
92
131
94
111
84
108
87
103
85
112
85
91
85
90
96
166
104
210
109
247
104
83
110
90
96
82
84
109
96
88
93
112
80
87
68
99
87
85
101
104
103
89
110
106
120
110
123
81
90
106
80
139
142
120
104
95
128
77
84
129
102
138
80
187
95
90
86
102
95
94
106
127
132
195
155
118
153
104
69
100
104
95
91
109
91
74
132
88
83
67
82
87
81
134
71
81
77
60
131
83
147
107
82
94
79
74
75
85
89
93
83
64
97
67
104
86
85
146
100
99
100
98
87
85
112
76
95
75
91
83
78
96
103
98
84
101
72
71
64
80
111
79
112
94
87
89
103
119
89
73
80
75
89
66
102
98
85
87
90
83
67
94
69
105
79
64
85
92
149
78
111
65
85
71
107
98
90
85
94
90
74
92
98
102
99
82
93
109
70
90
106
106
88
87
89
96
97
100
101
175
145
104
93
104
88
83
97
89
106
74
86
93
84
96
576
425
358
296
261
210
182
96
78
92
99
80
99
92
91
90
94
88
115
107
93
102
120
80
137
85
101
97
130
109
116
86
89
102
81
69
88
87
70
74
85
77
86
63
70
103
89
104
111
108
66
62
72
100
96
78
88
91
83
72
94
87
68
69
88
83
84
78
76
80
92
74
97
110
81
73
69
81
186
62
84
96
87
79
74
127
90
68
98
61
96
67
65
99
93
86
79
76
86
63
97
81
102
61
67
96
97
152
94
126
117
236
266
255
160
59
128
93
86
87
91
82
92
71
93
93
95
71
83
100
92
181
122
89
86
78
78
100
71
69
115
78
71
69
71
99
86
71
89
90
130
123
98
69
111
84
102
135
86
63
90
113
82
88
86
92
79
113
98
89
98
91
66
109
65
83
84
66
93
76
82
67
89
82
87
125
115
87
103
127
91
119
74
85
74
141
79
134
70
64
85
80
223
116
88
67
121
92
102
85
76
132
90
76
89
71
79
79
144
97
157
88
88
87
106
114
99
105
85
135
86
90
111
88
79
96
91
99
107
108
131
138
114
98
108
99
101
97
107
74
85
87
85
95
118
65
136
95
142
76
118
64
125
140
71
84
74
90
84
80
151
88
90
142
153
115
121
164
124
142
122
144
92
113
131
137
103
94
88
74
72
70
86
88
89
75
90
105
84
60
154
94
137
112
132
134
120
111
86
85
85
69
89
74
86
69
82
77
86
70
86
83
93
88
76
118
95
78
91
70
89
64
89
86
77
83
76
90
91
71
96
83
75
82
102
101
89
72
93
84
80
83
90
87
85
86
78
94
108
72
88
110
83
146
99
112
87
65
88
92
95
78
79
106
86
69
93
106
92
84
103
117
78
134
90
131
96
135
105
87
90
84
75
95
93
71
93
142
147
86
88
126
82
73
84
84
82
76
80
77
73
81
72
74
72
83
84
64
88
95
68
82
67
91
68
114
123
94
105
111
98
88
73
77
81
71
73
100
127
90
106
89
84
140
107
97
106
114
87
96
97
87
104
101
97
96
95
91
88
84
87
89
99
94
91
81
96
103
85
75
91
88
93
89
71
103
91
96
86
137
100
97
113
125
120
143
89
72
124
85
106
74
130
111
101
69
104
171
158
87
601
566
436
431
428
416
376
355
329
317
282
229
180
151
121
102
91
120
89
110
94
106
104
91
130
164
107
78
134
88
180
89
144
108
126
158
182
157
122
108
109
132
74
116
107
120
104
72
94
87
87
66
93
79
79
81
86
89
145
118
160
137
88
88
81
113
100
87
96
111
146
134
111
84
82
144
86
122
70
85
88
161
115
94
89
97
121
91
123
124
102
144
151
90
105
105
96
323
403
179
138
136
87
95
138
74
117
70
156
98
88
154
97
80
84
122
83
128
149
135
113
111
80
106
82
152
97
93
116
132
73
126
147
153
137
107
187
196
103
106
130
129
103
133
163
146
149
106
132
116
89
165
99
126
95
101
104
97
144
129
126
170
93
156
176
87
77
128
125
86
98
107
107
88
64
94
137
97
149
98
130
145
186
121
92
102
135
112
110
86
95
83
83
88
104
85
127
145
140
124
89
111
97
87
89
85
89
82
66
90
178
89
181
134
105
142
124
95
106
80
157
79
78
138
93
134
84
79
125
86
87
99
127
105
105
131
111
137
106
77
100
178
158
113
91
137
97
109
106
120
177
184
93
131
122
94
131
128
163
254
84
159
177
504
65
88
76
104
74
74
79
72
90
106
83
105
91
104
91
81
99
74
76
92
85
90
92
76
89
104
156
85
76
93
95
94
93
96
82
83
82
156
68
85
95
118
139
124
86
108
86
101
91
107
143
83
130
86
108
142
111
113
152
72
148
139
114
121
149
112
101
106
116
102
109
120
141
88
100
74
88
67
110
95
178
126
112
80
99
105
122
102
104
91
74
144
97
84
82
85
99
80
86
86
133
103
88
90
103
119
101
89
85
118
90
126
142
104
126
79
128
93
94
104
89
163
119
71
105
106
141
86
100
116
86
90
89
98
97
83
136
124
111
122
111
170
101
91
87
64
126
75
140
86
92
71
84
145
100
83
85
88
87
100
87
124
93
75
97
114
88
67
99
80
94
85
80
88
85
68
78
87
76
68
94
85
90
69
97
85
89
85
88
111
87
85
86
86
90
77
97
84
93
75
89
79
91
102
91
76
95
86
96
84
82
68
88
86
88
85
73
89
80
70
83
98
82
85
78
85
90
61
89
76
76
60
83
81
89
92
583
591
562
549
58
94
96
101
88
90
133
132
135
127
131
136
132
135
129
125
135
136
135
116
126
130
149
123
131
102
111
125
88
79
83
84
79
84
113
129
145
142
94
90
75
82
112
125
134
168
126
137
135
138
128
166
136
136
123
141
131
108
86
82
66
83
101
114
81
78
88
83
125
85
99
158
80
83
95
108
92
108
89
116
76
138
119
93
88
122
95
101
96
111
89
88
120
80
78
76
117
81
114
76
136
98
109
137
137
110
84
101
99
92
86
68
84
141
118
134
116
96
106
99
76
88
123
99
122
95
78
83
78
92
91
88
84
123
84
87
75
94
119
72
131
84
109
87
95
129
104
73
87
96
86
72
80
84
115
74
84
107
91
86
92
81
101
126
84
103
111
69
94
121
75
104
78
97
101
61
75
79
83
71
88
84
125
116
153
130
140
129
135
139
136
129
139
138
131
121
78
98
84
79
67
84
86
66
71
94
82
82
82
79
79
81
82
88
84
67
106
87
104
137
120
102
109
112
84
138
132
164
140
141
137
122
145
148
162
134
146
150
172
233
217
220
208
153
103
98
101
87
106
93
94
91
102
96
102
96
101
83
86
70
81
82
112
89
89
87
78
76
85
106
85
166
94
189
97
113
91
96
91
73
117
83
90
78
73
101
114
100
106
118
125
94
108
96
74
114
111
114
105
101
122
105
94
78
98
81
79
101
86
94
100
88
115
108
90
72
109
93
131
115
89
113
82
109
82
100
94
90
95
94
84
120
131
90
122
134
149
1193
114
117
155
152
109
130
128
94
103
85
82
87
88
87
97
93
129
76
103
98
103
74
80
100
92
102
86
121
94
144
129
137
112
92
76
90
83
86
89
92
91
98
95
92
85
95
95
91
89
89
83
82
96
89
93
69
89
99
97
85
139
94
110
105
105
121
110
84
111
82
97
101
92
119
92
96
99
118
94
105
100
116
113
98
92
104
93
97
116
98
124
117
95
104
129
114
93
74
106
107
109
89
111
97
126
99
94
92
94
72
83
75
86
95
90
81
83
84
100
91
86
77
71
98
91
77
141
129
168
104
94
115
111
126
147
104
103
65
171
98
90
90
96
114
93
74
106
87
107
103
98
104
84
82
84
87
96
70
607
450
393
323
273
262
232
192
140
165
82
124
82
97
79
99
108
83
124
72
86
91
106
97
207
97
200
98
155
107
104
99
87
151
84
169
93
104
90
112
87
85
88
73
157
91
78
74
94
84
76
70
82
87
79
92
76
89
85
70
85
87
89
90
89
85
86
91
90
85
93
90
83
90
91
93
89
103
92
74
85
95
89
86
90
123
92
103
100
86
93
66
99
92
80
91
81
90
91
79
87
88
94
71
85
81
85
78
92
119
91
93
96
94
92
71
111
116
104
110
89
93
86
113
113
125
79
70
83
98
98
92
108
84
105
91
101
80
106
149
137
174
98
85
96
104
96
96
114
102
89
105
99
92
93
91
105
103
84
74
89
86
96
71
90
89
87
93
91
87
94
91
95
88
115
71
79
80
84
84
81
86
94
96
83
120
138
136
110
108
105
87
76
86
92
117
95
89
101
76
91
92
78
70
83
82
105
140
113
100
116
73
107
89
133
141
90
85
148
79
94
91
97
82
93
91
89
69
96
114
96
83
97
94
85
90
88
87
91
75
92
77
94
144
277
314
270
232
243
372
230
183
168
106
241
80
201
357
109
88
171
83
202
132
128
87
155
126
107
118
96
91
94
134
105
135
100
109
96
122
122
127
214
141
98
177
175
95
109
98
103
139
119
83
118
87
90
92
131
128
109
163
87
86
138
135
110
131
145
170
281
221
83
86
117
77
104
139
126
120
84
109
121
92
100
89
607
158
101
132
121
93
133
156
84
114
81
111
77
215
84
107
712
456
265
319
95
95
75
89
91
78
71
85
92
77
97
74
88
73
83
98
86
83
83
84
86
73
97
94
84
116
98
81
87
95
94
108
98
66
84
98
85
78
76
82
93
76
91
79
83
100
91
87
96
94
98
94
100
82
86
95
94
91
105
79
94
68
87
93
111
82
77
88
95
78
76
76
83
99
81
90
85
68
90
111
86
80
89
100
93
88
93
79
105
80
102
97
86
96
92
98
84
65
90
83
83
76
132
110
104
71
90
88
84
83
87
120
90
65
103
98
165
88
89
89
96
106
105
84
101
82
76
98
90
74
92
107
87
84
76
80
90
68
92
91
90
83
90
75
79
70
79
90
86
67
86
104
84
81
588
463
431
363
314
224
138
79
147
87
151
116
89
103
94
74
112
79
131
71
91
96
84
68
85
79
72
65
83
65
79
59
87
82
96
63
78
74
107
70
135
86
179
132
110
123
116
124
183
111
96
99
125
91
129
142
84
117
87
123
73
118
110
76
107
88
124
65
142
95
76
124
120
83
101
86
94
111
84
98
93
103
79
83
107
103
87
95
123
81
98
71
82
91
75
187
90
130
115
146
149
145
132
73
114
97
135
80
81
86
133
75
90
75
128
77
98
97
97
82
152
122
103
74
89
100
263
82
86
157
103
81
79
92
196
76
99
90
165
118
94
91
350
79
87
161
92
269
93
285
211
298
334
163
413
174
154
131
89
73
93
83
156
70
95
96
173
482
81
120
89
175
86
142
158
75
153
89
102
66
112
108
81
82
79
100
89
98
86
107
126
65
92
106
336
881
519
254
1872
1254
432
112
111
128
120
130
141
130
176
82
79
94
117
92
93
72
94
94
89
69
118
140
119
85
105
138
158
142
144
118
117
85
157
101
126
132
145
132
122
120
115
73
107
105
142
143
131
111
129
119
142
137
92
101
102
92
132
103
144
109
128
127
114
92
120
92
134
146
73
145
148
132
123
138
88
152
92
101
143
80
118
80
151
115
130
70
73
60
76
94
73
67
72
99
89
75
135
163
93
66
167
127
143
78
128
89
103
98
141
101
87
99
113
105
95
116
132
113
113
88
121
112
94
88
139
136
138
155
82
87
119
73
109
83
137
102
95
127
120
132
141
117
158
227
216
127
97
120
106
117
146
112
124
98
121
108
88
101
123
108
109
168
126
98
132
160
120
164
164
117
135
188
143
156
212
78
140
88
98
86
87
81
107
79
97
202
89
125
96
86
118
98
105
107
103
123
111
132
86
241
80
89
108
94
154
103
86
88
101
82
133
85
105
112
109
104
230
128
165
79
156
71
160
161
62
448
169
246
132
98
95
137
307
109
170
227
152
135
184
406
136
211
118
173
136
176
331
196
235
185
260
250
115
222
121
209
149
126
155
95
71
125
108
150
105
299
102
68
249
91
161
63
83
194
91
116
101
112
157
272
113
143
208
70
121
127
242
200
105
116
128
104
119
127
90
94
112
111
111
85
648
584
511
432
413
349
301
235
164
107
128
97
98
108
123
118
126
97
110
91
369
164
141
132
163
599
256
196
119
142
123
416
1069
256
77
106
122
178
119
142
110
85
156
158
147
125
118
89
107
104
120
111
86
75
87
72
82
68
102
87
81
80
83
71
86
80
92
182
104
94
86
91
88
83
82
80
70
89
89
85
83
79
89
83
89
93
83
71
87
91
89
76
80
82
71
72
83
85
90
72
82
70
83
83
88
86
83
75
72
85
81
66
87
91
88
66
83
83
82
68
77
86
68
92
86
86
84
65
100
84
80
91
77
91
108
75
96
87
80
69
85
89
97
76
88
95
72
105
91
87
93
71
79
82
99
64
87
86
94
82
100
94
87
70
111
90
80
93
76
77
86
101
99
84
85
87
78
77
81
66
85
82
85
72
67
60
99
73
69
86
76
161
81
83
82
74
136
110
70
85
120
101
94
134
95
80
87
70
84
92
135
72
92
102
85
140
106
86
99
143
91
81
87
146
83
78
97
96
67
76
122
87
123
91
100
97
79
96
69
68
168
129
136
95
132
142
167
93
123
115
93
203
124
170
141
112
97
122
128
69
116
177
100
90
136
115
89
87
98
124
120
91
151
109
147
141
92
86
193
94
89
102
87
161
78
75
95
100
112
130
142
79
152
92
123
79
90
139
124
83
96
103
94
89
139
102
98
77
101
102
111
108
121
96
95
92
100
103
101
85
127
96
130
102
97
100
90
126
146
85
85
73
94
91
98
84
118
76
83
67
75
90
135
72
88
95
97
72
92
133
79
68
83
99
98
123
96
107
71
73
118
80
85
78
97
81
74
78
101
122
156
117
108
87
82
69
113
96
90
89
95
87
102
91
159
177
93
77
137
106
146
78
149
79
89
84
87
142
167
102
105
151
147
175
116
73
100
172
89
101
106
100
201
103
221
75
87
104
85
71
101
85
152
79
93
90
86
93
81
92
127
77
95
110
93
101
113
98
100
99
122
111
122
110
109
95
87
75
81
94
91
76
86
117
85
111
64
96
85
85
86
116
92
111
93
96
87
96
94
80
110
79
120
67
87
64
82
133
115
95
88
124
98
131
165
80
130
109
111
117
84
66
93
83
131
90
79
97
104
95
637
584
516
450
390
345
324
197
149
115
118
80
114
82
110
87
76
81
113
74
92
95
101
82
81
112
98
82
93
84
108
83
82
99
115
70
62
88
96
136
88
115
99
80
91
88
93
112
79
93
72
107
81
122
89
78
125
92
172
109
127
95
74
103
91
88
73
74
161
90
96
125
93
111
142
159
117
249
169
114
162
200
129
102
119
112
134
153
130
122
106
124
97
83
84
140
82
115
122
72
120
103
108
91
137
89
93
88
87
107
158
76
105
92
94
107
115
141
116
91
127
136
86
78
124
107
112
98
80
85
95
107
89
90
76
96
99
88
97
90
73
99
88
91
92
102
95
99
79
103
139
85
101
82
122
79
102
127
119
116
104
82
104
98
83
81
88
89
133
105
123
99
63
109
79
98
150
67
84
70
98
89
98
90
103
78
81
89
132
114
84
91
89
81
97
107
111
116
78
68
64
97
68
104
92
73
89
112
160
108
124
136
124
97
136
88
107
109
126
97
103
98
90
89
93
131
86
89
90
99
113
102
124
72
97
69
104
133
131
117
143
119
140
124
113
104
121
226
160
137
154
121
100
98
99
87
103
112
80
90
117
128
101
109
90
97
87
96
102
128
133
179
95
115
111
87
262
121
121
96
127
129
140
76
104
92
101
93
115
96
114
100
88
113
113
116
103
90
90
177
96
139
88
106
94
145
189
67
234
232
201
143
85
94
138
62
106
100
115
90
101
122
106
255
108
221
132
98
120
102
91
82
191
82
195
97
120
152
102
173
93
1285
500
164
114
73
116
64
100
101
162
94
104
144
91
88
107
117
115
103
87
112
108
113
86
111
81
114
96
116
90
75
145
98
116
138
128
152
92
85
142
91
85
68
87
74
95
99
87
89
103
73
102
102
107
99
167
198
101
254
164
67
103
87
104
94
78
77
141
84
81
101
112
87
90
88
211
105
156
79
155
89
81
77
89
97
84
105
100
131
93
114
124
85
130
77
121
140
92
96
101
93
104
96
94
86
91
80
88
85
88
174
224
108
105
75
115
107
93
98
96
101
92
159
102
147
73
122
70
96
87
97
89
108
121
101
94
88
80
67
105
117
88
87
80
144
109
77
109
121
124
114
87
97
87
71
103
81
139
145
630
699
427
298
376
144
112
86
104
87
93
111
122
71
63
74
86
81
103
106
136
114
126
105
95
78
89
93
88
88
90
102
120
171
167
152
119
126
119
107
131
97
105
146
125
163
123
160
112
146
111
97
87
103
117
137
266
459
324
394
185
207
123
123
116
88
118
104
97
95
96
141
80
76
85
143
146
91
79
95
96
72
96
85
165
168
146
157
117
181
134
82
156
106
162
69
89
88
90
119
150
102
125
90
70
116
114
87
96
82
73
87
88
93
76
79
81
79
95
88
90
75
94
73
77
137
95
93
89
97
93
91
81
86
105
123
138
115
94
133
118
81
90
97
95
128
102
85
92
101
92
77
92
93
130
76
79
103
230
97
113
99
89
73
146
100
90
113
91
123
77
119
100
108
137
86
82
92
91
67
102
135
98
75
92
93
85
94
89
95
103
149
111
112
92
93
99
99
169
89
83
176
86
134
107
106
76
132
164
115
103
105
129
127
124
70
83
86
94
80
96
167
118
111
118
127
174
87
100
255
90
89
97
124
87
98
92
147
121
113
155
103
118
110
130
88
88
94
180
167
162
144
143
155
230
140
164
106
118
142
117
123
76
131
88
90
132
74
96
88
104
95
94
95
112
84
117
136
140
129
152
175
129
106
117
85
75
71
186
373
235
139
196
199
162
227
135
170
168
187
151
145
225
175
108
131
92
110
98
92
149
112
91
129
83
91
141
114
152
153
154
151
108
107
152
165
180
74
102
96
84
84
102
92
229
108
91
138
94
147
91
1268
148
83
119
106
95
96
154
113
101
129
90
108
89
141
113
99
188
95
147
95
139
119
256
198
180
104
110
107
105
97
101
223
169
84
94
87
98
151
111
248
129
124
121
89
174
117
121
139
161
90
83
99
108
95
93
118
100
115
110
89
100
92
106
115
125
94
86
99
85
115
95
92
114
119
94
113
97
117
94
92
85
101
82
105
92
89
97
73
98
96
88
100
97
101
121
83
105
63
95
112
96
126
108
90
104
132
105
95
82
116
94
88
100
123
110
112
95
120
114
111
101
101
80
94
94
97
91
95
90
66
91
76
86
147
81
92
70
84
74
90
105
72
95
141
86
122
122
132
126
122
109
136
107
77
84
86
93
75
596
579
526
451
375
473
311
326
336
173
126
79
136
135
114
80
72
88
74
111
78
76
87
91
205
100
101
121
132
109
83
101
142
97
95
112
80
115
84
74
88
113
98
79
154
108
93
106
86
98
103
82
111
101
98
144
142
253
650
113
94
107
108
97
125
95
107
101
104
110
90
73
148
90
80
59
146
101
78
153
108
123
97
95
81
105
88
96
85
217
320
188
134
141
269
190
283
176
140
284
334
378
143
342
109
207
83
255
86
109
174
112
101
164
100
168
114
153
86
77
80
113
174
150
150
126
142
98
297
127
202
88
153
168
324
465
497
762
437
513
111
119
125
102
139
157
142
98
106
90
138
93
119
104
184
280
108
147
115
269
105
127
207
94
219
161
97
74
150
230
244
161
110
97
191
187
113
217
129
119
200
93
130
162
70
241
190
100
96
61
95
69
86
85
113
62
73
91
92
156
206
202
93
94
82
73
93
64
88
113
128
138
78
88
106
105
81
85
148
75
89
92
115
72
110
90
100
91
92
141
96
127
86
92
121
71
89
109
159
77
99
99
73
83
101
80
88
88
99
120
104
83
148
122
200
110
127
125
136
163
125
121
152
187
83
124
148
102
81
76
118
111
111
150
149
151
147
94
115
91
105
169
125
108
170
98
119
123
149
147
120
129
87
168
111
129
78
102
78
97
192
105
75
99
162
110
108
71
68
119
97
159
86
88
157
108
145
119
125
110
92
121
100
71
104
78
128
124
151
112
66
80
78
81
141
100
139
83
123
103
80
86
79
110
114
202
117
92
102
111
133
95
121
71
96
72
105
120
105
91
94
105
91
107
83
86
88
88
110
74
85
90
89
100
67
75
92
98
109
87
86
112
91
91
144
89
114
83
91
84
117
96
98
89
108
88
87
85
83
90
83
75
84
92
70
83
97
95
103
74
153
108
142
117
111
152
139
137
122
130
148
134
120
127
144
136
127
118
160
172
164
149
159
181
158
154
120
77
67
72
84
95
118
103
171
106
105
151
87
124
155
140
108
106
165
126
100
99
83
95
92
129
103
84
112
87
90
102
119
117
116
86
114
90
79
85
123
93
93
96
127
115
109
136
79
126
66
125
89
96
108
69
171
116
93
159
100
79
113
110
655
480
306
210
182
540
499
494
82
183
263
120
164
120
92
68
96
102
88
70
88
72
95
67
82
73
91
85
89
91
87
71
86
92
82
88
74
89
81
57
81
105
92
133
121
105
155
151
158
157
114
95
120
146
126
144
160
118
118
118
153
120
116
122
137
113
123
84
135
155
118
74
92
73
70
94
106
116
127
118
125
99
142
65
74
76
81
64
81
110
154
96
154
142
150
100
132
98
114
156
176
132
94
80
102
127
172
124
138
125
106
79
82
99
154
101
107
107
88
88
76
80
133
73
100
65
102
162
97
135
87
97
89
145
129
86
98
93
88
71
87
83
82
107
69
77
79
78
96
69
87
63
81
94
100
74
106
124
101
133
88
88
112
214
86
112
169
136
173
104
107
109
133
108
80
123
229
79
97
101
99
125
101
90
105
167
123
112
98
91
103
84
89
80
85
79
89
93
74
90
83
72
96
102
92
87
100
65
101
139
93
106
115
117
115
88
126
83
118
96
170
85
159
137
101
123
108
146
104
115
117
69
111
97
82
75
89
107
126
64
105
105
95
110
95
94
104
121
113
111
147
125
116
125
128
115
129
119
107
135
91
75
92
91
98
101
126
104
91
87
85
61
87
85
79
88
86
86
83
74
90
95
90
80
82
80
82
88
92
105
97
89
91
116
85
93
88
94
91
85
94
86
102
112
146
144
88
73
93
96
79
64
83
101
152
89
108
114
96
97
112
113
80
60
99
121
86
74
83
79
90
85
67
79
133
98
119
122
105
81
84
109
96
89
85
107
123
95
89
165
89
70
92
67
99
73
93
121
141
68
91
84
85
74
77
92
101
91
127
127
140
129
104
132
96
120
99
111
128
96
107
89
102
87
97
78
87
103
84
93
100
95
80
111
118
69
141
95
150
168
133
135
129
113
139
90
84
68
80
73
73
68
92
158
134
81
90
91
110
69
80
98
134
71
87
85
94
109
99
83
79
70
67
81
85
67
82
84
86
63
84
62
81
98
89
86
83
60
82
91
77
67
135
125
139
105
98
113
99
102
136
127
129
82
108
96
125
119
131
85
95
91
83
86
85
66
82
73
79
67
99
135
124
77
79
83
85
71
79
80
83
71
93
63
83
98
93
105
125
152
633
557
483
436
371
318
241
186
145
83
136
130
142
110
127
121
133
129
131
120
140
133
133
112
151
135
123
137
122
148
114
105
144
80
150
67
112
108
120
139
113
93
80
175
71
98
114
94
179
147
112
85
103
125
109
101
84
98
142
81
149
92
116
83
115
125
122
93
385
387
92
81
127
111
104
61
115
158
128
103
92
92
85
156
138
86
131
109
92
147
95
84
111
96
118
124
90
112
118
70
142
163
114
82
88
91
119
71
135
101
121
119
164
93
91
119
131
137
119
70
108
112
84
87
68
88
105
71
125
87
101
69
100
89
79
87
86
83
91
83
113
89
88
95
111
77
90
113
91
94
96
67
88
135
132
96
108
114
92
61
88
60
92
63
95
85
73
91
84
80
81
68
93
88
82
71
81
160
117
106
142
84
110
62
111
87
102
75
139
108
86
61
85
99
88
126
100
118
83
73
91
79
109
117
123
106
145
206
112
123
102
125
188
96
192
79
88
89
65
67
103
84
88
67
95
75
109
82
94
96
105
83
75
83
98
94
95
117
98
89
118
135
122
92
112
131
110
72
75
90
74
176
104
93
86
80
86
70
96
68
108
90
90
92
139
81
87
99
95
83
98
71
94
87
90
72
86
152
108
140
70
107
101
68
117
114
112
87
91
114
102
90
86
160
101
124
77
132
104
79
91
79
117
74
135
119
135
101
87
109
197
155
172
112
119
114
103
143
81
155
124
88
117
80
150
92
118
80
91
121
126
98
157
126
96
88
93
75
90
116
118
1203
103
154
85
91
68
80
85
85
134
67
86
85
99
78
88
82
85
79
85
87
136
89
94
91
88
56
92
84
110
74
76
80
132
101
146
135
89
81
101
104
109
118
120
97
113
102
105
84
89
107
145
89
98
95
96
90
95
83
92
87
82
88
91
150
151
164
100
101
124
77
94
132
144
91
135
118
104
106
111
128
136
68
81
113
85
96
135
110
105
93
151
109
71
76
142
236
104
108
128
181
164
79
145
95
117
92
130
149
108
144
203
179
132
154
126
125
90
111
112
98
114
74
141
95
118
122
94
128
108
188
132
96
179
129
117
88
89
126
88
113
127
84
110
140
99
87
82
148
159
149
110
81
99
78
102
133
82
82
603
540
477
395
306
252
229
139
89
95
95
112
108
100
85
85
130
100
95
85
96
101
172
137
117
101
138
189
98
169
130
221
123
149
143
100
251
92
203
172
211
85
127
93
207
109
139
123
111
101
118
70
81
69
111
227
131
112
128
82
87
127
121
67
103
103
125
123
145
122
123
125
126
134
135
118
122
117
137
109
131
114
131
124
132
126
112
124
135
143
122
73
98
101
98
94
86
86
128
150
124
110
168
106
139
127
117
109
139
117
140
117
138
136
137
158
151
121
124
113
128
121
113
123
128
157
148
151
108
135
128
76
99
81
97
75
81
71
86
89
69
90
70
64
76
78
86
62
84
95
96
115
86
143
85
110
87
119
198
86
113
121
191
111
76
86
208
137
300
85
78
138
265
73
89
97
93
87
118
65
96
109
96
98
77
66
80
80
84
89
108
91
189
104
93
99
95
134
99
161
98
106
78
70
93
87
116
118
66
123
103
128
92
75
80
107
108
94
152
86
91
82
98
148
78
89
70
84
96
75
84
66
67
84
62
71
101
71
75
82
101
85
86
110
81
93
76
108
65
88
81
69
114
87
112
165
162
77
119
101
155
102
148
151
116
132
75
159
139
121
134
102
132
114
87
107
115
84
133
125
77
95
102
116
100
130
101
74
115
99
92
80
74
88
91
133
85
91
79
93
106
91
91
74
75
77
78
83
93
88
91
103
94
73
79
99
83
115
91
74
87
81
85
98
109
81
105
70
109
84
151
84
81
88
92
81
85
89
151
101
122
92
111
92
89
132
106
143
179
120
158
102
104
112
110
146
93
103
152
86
111
82
82
153
87
110
122
140
128
145
72
98
93
105
87
121
96
103
91
87
103
89
99
107
90
72
94
63
73
82
192
93
86
71
95
87
83
93
89
123
91
116
95
93
90
86
87
78
89
94
88
85
85
86
86
71
83
88
82
66
87
73
78
66
91
64
78
79
84
110
84
72
81
82
85
83
88
105
92
62
92
93
68
91
64
96
78
67
93
81
118
63
97
60
71
91
76
97
63
127
84
73
171
69
90
97
117
104
99
84
83
65
120
94
79
71
87
102
89
133
82
89
90
66
71
96
109
76
60
78
70
83
93
81
126
89
84
95
81
71
588
382
320
264
244
182
203
141
104
88
69
82
78
99
77
96
87
91
91
98
88
95
90
89
89
85
93
86
98
102
80
87
96
97
102
102
96
83
73
87
105
86
99
97
91
84
92
92
71
96
79
83
80
83
84
92
107
95
133
100
92
91
94
96
117
88
95
93
75
72
83
74
78
83
82
92
97
84
84
98
90
81
109
85
135
141
110
66
128
76
86
76
105
108
104
99
114
150
112
74
85
83
85
172
111
92
88
109
97
97
110
74
73
79
77
66
82
93
92
107
110
84
80
80
84
102
92
123
137
69
95
78
116
90
91
74
99
78
87
99
82
67
91
83
103
95
104
87
95
90
89
74
71
92
93
78
102
79
96
94
89
88
88
71
73
96
96
78
90
83
85
84
96
98
80
87
97
136
81
71
82
74
87
94
79
83
84
73
118
93
90
67
82
93
86
80
69
112
94
84
72
101
108
84
90
65
83
108
79
134
120
110
117
122
142
142
81
92
81
77
100
80
79
73
71
92
85
66
100
89
130
81
91
90
93
74
103
98
72
67
98
90
81
123
135
94
114
94
79
64
65
99
87
150
124
90
87
82
68
76
115
114
99
94
91
89
82
72
77
90
74
78
71
98
74
85
82
83
87
74
79
65
84
81
95
68
82
76
75
96
68
65
67
75
114
86
87
67
73
75
87
64
83
88
86
94
66
64
75
91
74
88
65
93
77
81
102
105
98
87
82
85
70
81
89
104
67
74
71
77
81
66
95
87
74
67
85
82
94
74
86
78
79
62
81
91
116
87
137
167
134
87
86
79
132
94
87
93
107
86
103
90
84
104
92
101
79
69
96
86
76
94
126
88
92
66
112
95
87
82
85
94
117
106
95
110
102
84
88
78
69
68
101
87
91
92
91
80
96
75
95
127
111
223
175
104
93
87
94
94
87
87
92
93
103
90
89
105
103
87
87
93
83
103
101
103
105
110
91
92
89
73
89
101
117
104
155
88
92
115
101
105
122
101
99
87
117
80
113
98
91
61
65
88
90
102
92
99
102
85
90
78
84
70
98
87
84
90
89
95
90
77
75
88
88
80
87
95
85
80
77
89
82
94
90
122
107
85
81
90
89
77
86
82
88
83
94
90
80
85
599
606
586
513
227
103
96
86
104
100
87
66
97
96
82
93
74
87
88
84
89
96
91
84
84
92
90
69
80
86
95
76
90
88
92
78
88
88
73
85
89
90
88
88
87
84
91
85
82
91
87
78
83
91
85
75
84
160
91
62
101
89
83
74
80
94
87
102
82
94
92
93
90
83
87
69
91
116
93
82
101
90
92
75
100
115
87
80
104
86
109
93
90
89
90
91
86
85
92
75
87
81
92
88
96
92
83
86
94
88
98
71
97
85
95
81
79
84
84
65
102
87
71
90
97
85
98
69
86
116
85
85
104
92
88
86
62
113
98
90
81
123
120
122
117
104
94
108
94
105
113
103
95
89
100
96
97
77
69
89
84
75
93
83
84
88
86
94
86
88
85
90
89
121
90
168
116
122
100
89
89
71
89
95
116
112
80
102
116
85
69
115
87
83
94
147
85
99
80
83
77
87
85
68
89
87
91
68
120
83
111
86
85
79
84
78
131
122
81
80
127
81
80
71
127
96
82
64
93
86
90
77
95
89
124
65
116
96
91
79
183
108
117
108
115
158
123
108
101
80
79
76
86
140
125
117
94
69
96
91
101
93
76
107
87
122
84
106
87
83
95
91
90
90
82
97
109
125
87
74
90
107
107
88
168
98
85
130
120
121
101
136
143
128
113
79
126
85
130
119
91
138
104
149
136
86
177
141
144
99
110
129
73
106
96
110
95
124
86
105
96
150
128
113
140
100
150
152
169
77
119
136
105
158
144
109
160
241
143
316
132
112
151
90
97
118
167
105
134
103
89
127
90
82
105
77
101
219
119
112
95
83
116
398
384
88
81
64
80
79
89
85
91
83
84
117
125
148
89
149
84
113
80
86
81
115
84
96
85
87
85
71
83
106
104
73
89
82
81
73
70
91
85
65
82
85
87
95
87
83
85
71
72
102
81
79
80
85
119
104
84
81
82
65
80
90
86
94
78
87
88
86
82
104
90
71
91
88
81
68
78
87
117
87
93
89
94
77
90
85
82
69
87
89
118
93
219
211
185
114
195
171
273
115
262
150
131
151
176
134
137
138
96
110
178
98
109
108
128
142
133
146
172
254
210
147
137
128
110
95
119
133
109
99
88
74
128
92
127
131
596
476
422
484
326
269
291
222
185
344
210
97
145
80
129
81
119
64
95
109
134
95
96
76
80
167
131
88
107
113
111
111
90
85
97
90
100
94
82
122
80
83
95
123
105
127
98
126
116
82
132
76
84
94
114
153
88
100
114
99
162
94
100
70
89
124
113
91
92
101
81
105
89
101
90
81
100
91
181
70
141
84
88
132
123
92
117
77
105
95
231
365
233
135
124
121
104
95
105
93
114
127
117
90
96
104
139
153
109
92
101
95
96
101
198
129
120
86
170
97
140
104
95
84
119
135
91
144
156
84
106
114
112
123
170
88
105
148
130
115
109
78
86
130
79
133
148
155
162
79
169
73
120
93
147
82
168
85
140
80
76
139
96
107
101
101
138
133
145
124
90
88
103
106
88
135
152
107
100
131
132
122
109
125
100
96
96
69
111
78
88
148
88
120
103
92
101
130
98
98
110
120
162
73
116
96
75
71
163
91
102
207
134
107
138
77
107
92
172
79
87
113
95
94
94
117
94
73
93
91
103
91
98
125
129
73
136
131
194
168
100
180
172
133
131
140
103
97
136
107
101
92
95
186
259
217
142
106
107
177
305
218
256
127
98
176
224
317
106
138
115
86
81
104
112
101
88
99
110
82
89
88
87
70
80
85
108
73
85
95
99
73
84
99
83
91
91
112
94
69
90
144
179
129
95
101
158
112
167
116
96
112
81
92
121
92
100
97
102
116
87
94
71
75
137
141
86
81
88
82
96
66
76
98
96
86
88
90
97
68
91
83
128
94
114
123
92
83
106
88
123
141
104
88
95
153
138
93
176
164
95
87
82
141
95
148
103
86
89
84
107
80
103
88
113
74
104
190
120
101
92
100
111
83
181
126
91
83
92
102
96
92
105
88
91
72
93
107
96
88
94
93
89
82
87
114
158
138
116
123
125
115
190
87
96
97
88
87
90
89
160
100
102
74
87
100
144
80
82
107
91
85
87
89
107
109
98
143
127
75
90
109
85
109
129
98
130
73
134
92
144
78
86
128
90
85
142
109
96
129
89
148
120
117
89
124
149
84
113
130
100
101
108
146
161
130
92
125
111
130
88
152
72
75
110
143
121
101
118
85
100
180
152
169
113
82
102
103
91
81
631
366
344
343
303
240
155
130
180
109
119
95
97
80
99
82
174
94
168
131
92
130
136
108
94
85
90
69
87
90
86
95
109
93
90
96
90
96
105
89
90
94
90
74
90
86
111
93
91
76
90
86
89
67
89
90
83
65
65
70
78
82
95
98
138
88
107
192
84
154
94
73
94
103
90
83
151
135
86
105
87
102
142
125
92
136
120
131
118
90
84
78
117
93
121
82
143
345
123
220
117
98
140
111
98
84
100
107
96
96
121
120
93
89
93
95
94
114
98
117
97
91
155
80
109
160
95
106
87
106
103
135
100
88
107
84
101
137
91
145
142
85
118
93
98
87
154
84
137
134
115
88
199
138
89
118
84
98
97
100
107
115
141
106
93
87
128
61
130
131
98
94
86
108
141
127
114
103
92
105
112
128
116
136
101
131
91
121
108
123
173
100
180
93
99
160
98
106
128
153
103
144
126
127
163
126
92
92
156
108
88
81
98
111
119
149
88
90
102
170
127
110
119
93
142
96
118
129
93
78
98
125
110
86
98
75
77
84
88
66
83
117
92
97
92
176
80
72
94
91
91
84
118
154
136
139
102
88
103
74
170
96
108
90
104
110
152
92
86
93
86
86
116
98
93
69
116
112
95
83
93
87
105
95
110
104
87
67
87
82
127
78
117
147
157
94
85
89
89
89
94
100
80
70
91
96
90
66
74
89
84
95
95
86
92
95
186
302
381
134
127
134
94
113
93
105
111
97
90
107
145
291
138
258
273
140
433
107
115
230
93
91
111
123
175
208
90
205
118
103
95
79
87
84
80
71
146
100
102
66
79
85
78
76
114
132
79
88
86
84
94
165
79
99
108
105
91
85
97
71
141
90
85
100
91
101
86
91
93
89
92
84
105
85
88
96
100
94
136
83
92
100
109
129
117
108
94
71
91
86
96
96
98
92
128
84
91
111
113
102
95
96
98
100
94
94
98
77
82
99
92
75
88
99
111
105
93
94
95
89
101
108
108
74
93
96
82
73
82
92
94
90
93
100
94
70
94
90
91
74
88
89
92
73
82
92
88
130
97
82
81
87
139
88
108
108
94
88
96
139
128
144
102
95
112
86
95
69
82
195
177
142
120
101
91
97
84
98
86
73
605
145
138
103
92
108
100
93
103
96
128
207
115
150
190
89
202
222
144
83
188
100
140
86
111
101
94
74
89
87
97
86
90
96
118
98
97
86
94
120
86
97
82
96
120
91
131
104
107
100
132
84
105
124
158
106
93
123
88
110
93
90
84
102
92
86
89
114
88
107
89
132
112
137
92
116
96
75
87
153
100
85
152
86
120
98
87
83
87
138
88
143
85
155
92
97
100
92
95
77
95
86
92
82
91
169
88
80
110
89
98
94
118
96
95
129
92
142
87
150
97
93
135
69
132
94
134
70
86
83
85
81
97
90
91
81
100
92
107
89
149
109
100
137
95
84
120
116
89
159
110
119
111
97
123
99
130
152
123
72
121
139
97
69
104
116
113
81
88
107
108
136
90
88
128
93
93
127
108
89
93
86
96
150
133
92
93
75
92
84
90
84
75
95
88
100
80
95
95
77
96
86
111
87
97
197
224
82
93
106
82
123
111
93
101
87
120
119
137
150
102
96
102
115
120
118
138
105
138
108
70
83
123
126
126
90
173
96
95
89
89
108
129
83
108
97
111
84
105
106
122
188
92
187
142
111
97
85
132
117
112
83
165
91
96
81
81
86
98
98
104
109
101
87
1718
966
601
973
553
387
389
363
585
329
88
90
81
130
76
115
134
70
153
103
81
61
78
87
92
69
86
86
86
75
84
84
89
87
85
76
89
71
82
104
146
95
89
115
98
81
92
95
81
73
128
101
96
140
119
104
100
71
90
94
95
89
147
101
86
123
123
118
110
82
112
93
96
83
110
120
84
87
112
85
97
93
133
98
91
86
113
186
131
163
87
112
131
138
110
123
111
139
102
161
117
78
132
74
104
81
108
116
166
112
91
89
89
96
82
131
109
86
106
84
131
122
128
104
89
106
118
144
102
72
121
148
112
136
105
99
92
73
96
90
82
93
114
90
113
77
93
90
93
76
84
93
97
92
92
91
92
79
99
96
125
79
100
82
87
93
102
93
94
91
89
86
152
87
87
88
91
73
94
99
92
112
79
161
261
108
95
81
80
76
94
117
140
120
100
105
95
84
78
94
98
71
100
94
96
86
94
109
96
91
92
115
84
83
86
87
86
70
76
103
77
92
86
81
83
129
611
360
306
293
268
257
216
186
173
164
158
123
87
111
108
120
126
94
91
70
94
86
115
72
83
73
159
84
127
64
81
63
109
92
80
91
153
80
81
72
159
106
118
80
84
106
87
109
103
77
91
111
118
110
131
102
81
100
149
94
79
152
141
82
79
93
85
77
103
160
116
259
294
126
103
75
89
60
149
119
148
96
107
127
113
92
89
100
151
93
112
124
116
117
89
107
148
127
84
97
149
216
204
173
97
263
131
128
124
107
143
73
94
79
115
85
90
135
96
79
95
106
101
140
103
101
91
106
102
89
89
116
81
90
89
94
126
113
95
78
113
115
153
140
136
122
167
126
163
315
137
279
252
117
154
73
117
159
109
79
101
99
103
107
140
149
106
117
114
93
97
98
104
115
91
107
123
96
94
136
104
100
91
82
94
152
83
120
93
150
134
84
97
137
101
87
87
89
140
138
144
174
117
148
239
92
107
134
103
280
221
78
90
91
85
67
134
104
162
145
112
107
88
81
114
85
103
83
86
132
118
89
86
100
124
96
118
94
109
150
101
97
79
97
134
79
129
110
102
91
116
91
98
120
127
73
72
60
106
71
142
67
83
80
83
90
91
65
81
110
78
107
119
84
81
61
79
104
109
79
85
91
71
83
116
94
84
129
82
164
151
101
98
128
97
130
160
94
97
73
181
170
142
125
168
93
93
118
177
105
95
84
130
100
83
102
81
76
117
110
72
102
103
109
88
77
116
112
120
114
92
130
88
110
118
124
137
99
105
96
121
1097
134
131
111
117
89
114
87
122
135
84
122
103
133
149
109
117
163
77
94
125
122
121
183
113
88
124
87
233
185
127
159
103
61
104
127
98
108
126
121
112
146
112
133
106
117
102
134
89
175
138
128
78
142
115
130
145
165
109
181
146
92
110
89
95
99
74
149
121
204
202
302
101
158
71
160
116
91
98
98
151
135
136
130
189
215
103
124
163
78
89
89
169
115
74
90
143
91
112
121
115
134
109
139
142
177
90
315
195
205
80
103
120
214
123
215
187
140
120
132
101
157
93
98
115
101
73
74
93
84
67
76
85
117
79
92
102
72
95
147
123
95
72
115
98
120
98
88
83
101
75
150
98
116
69
81
124
72
77
640
512
470
295
286
318
173
88
118
100
89
101
94
87
137
141
87
134
100
83
75
115
130
132
93
109
153
126
90
105
98
103
106
112
86
112
113
88
98
81
66
88
135
126
104
91
87
190
119
112
94
115
106
124
128
65
86
122
94
81
88
82
94
109
93
70
86
69
129
71
87
154
128
66
315
254
93
157
141
62
91
91
85
73
112
95
151
112
219
105
82
98
101
83
114
75
112
119
147
89
96
100
93
65
90
98
115
89
150
126
159
121
89
94
77
111
96
69
92
118
115
145
86
87
108
125
107
131
122
113
88
80
93
132
78
70
93
107
129
126
141
109
144
73
91
93
86
91
73
81
93
76
91
94
102
90
93
99
95
114
86
81
88
76
139
145
144
106
136
132
136
167
107
140
94
113
101
90
99
114
93
96
93
99
94
118
103
76
87
89
89
83
94
89
168
91
99
87
81
91
94
85
97
100
100
93
101
72
93
84
93
84
149
93
101
80
97
168
114
68
106
106
93
98
90
114
116
116
115
106
130
106
95
84
95
86
93
87
111
114
90
85
104
97
91
97
90
99
89
100
116
113
134
130
162
151
135
126
84
108
94
87
103
105
90
84
95
90
89
88
90
96
86
90
84
83
81
93
91
91
86
88
90
84
94
94
75
81
90
82
105
85
97
86
78
98
100
104
102
103
80
102
97
87
93
102
89
83
73
144
143
83
125
128
102
102
69
86
95
71
90
89
106
114
91
106
159
106
112
91
92
106
122
89
91
124
107
79
88
108
83
1243
165
145
115
231
155
102
80
86
78
111
117
103
89
94
118
123
121
113
107
118
78
133
93
142
111
112
151
109
91
104
91
94
89
84
130
101
93
73
89
92
89
119
98
93
106
136
103
96
84
108
89
74
123
107
85
100
92
92
100
88
113
98
147
96
98
95
102
136
129
122
108
86
105
124
114
112
92
99
99
144
80
139
151
104
255
96
96
225
96
166
118
110
103
132
100
93
91
92
93
97
118
97
102
102
112
173
130
135
120
106
105
100
108
104
91
88
135
123
151
107
89
250
92
177
84
125
147
142
247
99
82
149
85
132
106
122
81
101
115
110
111
141
127
183
180
81
67
93
107
110
156
139
85
90
84
102
94
90
630
402
246
105
161
101
74
104
149
91
97
83
88
92
119
91
93
92
86
88
92
83
91
107
111
89
87
93
121
94
97
93
118
170
162
364
512
146
111
129
154
90
140
108
94
118
89
190
154
140
221
96
76
122
132
116
101
130
89
97
140
103
81
90
97
121
110
102
88
112
94
94
103
115
143
109
101
130
200
126
89
126
93
77
126
119
108
112
122
97
89
83
145
121
88
82
94
92
74
90
156
97
98
84
86
89
87
86
91
93
119
111
127
99
118
91
138
82
84
94
100
99
72
105
89
98
145
118
160
93
81
95
136
92
106
125
103
86
81
115
78
91
100
98
118
79
95
84
109
105
97
103
86
120
82
93
90
83
89
84
122
74
105
101
93
85
123
111
89
90
82
97
131
90
97
98
96
93
88
104
72
101
111
87
85
95
94
88
112
96
88
154
88
131
141
93
96
86
90
106
96
140
110
73
83
86
79
90
129
178
147
129
135
147
90
185
114
115
126
98
121
139
172
163
143
208
206
213
134
138
98
92
191
85
102
104
189
130
99
139
110
122
155
151
120
109
100
97
126
136
120
93
88
123
227
175
111
90
96
126
93
87
94
91
80
133
79
108
94
134
142
112
95
160
130
93
109
307
242
164
171
153
131
140
155
133
165
127
124
148
141
147
128
118
115
138
216
157
171
84
333
146
301
140
344
176
137
117
107
98
112
121
112
150
101
95
136
163
105
111
204
97
119
203
299
205
118
260
200
151
104
139
98
133
131
89
93
89
104
102
101
1213
93
137
147
149
113
131
120
337
149
90
90
101
100
102
103
102
104
104
110
138
112
94
95
92
101
93
87
89
93
89
94
99
123
79
135
104
120
123
112
167
117
98
91
109
143
82
115
107
86
87
90
88
111
82
82
94
95
97
75
82
85
102
116
123
155
112
106
99
93
84
72
65
124
90
95
107
98
112
95
118
93
112
111
131
91
98
148
99
120
90
134
105
79
86
77
107
172
87
87
90
93
118
90
71
102
82
102
95
90
117
119
130
100
112
151
85
100
98
101
111
98
81
87
112
120
116
96
82
118
73
128
90
89
77
98
121
103
93
107
89
101
100
149
97
104
105
162
88
122
102
136
149
87
206
85
133
85
171
595
386
260
97
122
89
108
108
93
98
100
101
89
123
104
136
103
125
115
105
114
87
65
85
114
97
149
85
104
91
115
109
109
147
127
80
156
85
97
95
96
96
157
100
104
83
133
102
157
112
169
91
141
138
100
79
89
85
80
93
87
83
74
88
120
120
74
138
87
83
99
173
105
97
105
90
114
95
131
100
180
139
112
114
126
83
93
125
91
120
141
115
96
95
88
81
131
104
94
120
109
205
153
89
125
93
78
98
85
109
121
129
116
100
86
81
93
87
67
88
112
104
118
131
96
74
87
94
97
162
103
120
97
80
91
77
96
93
82
80
103
87
86
91
109
99
113
130
79
110
87
83
87
114
87
111
89
85
85
95
90
98
96
81
87
87
130
91
75
88
82
88
97
87
151
88
113
106
100
83
110
92
91
107
121
83
91
75
86
90
89
133
121
95
121
184
85
146
80
88
136
87
92
129
153
86
87
150
117
90
93
172
129
98
102
114
108
109
93
122
106
83
85
83
103
166
90
145
110
103
107
136
147
91
112
129
162
99
93
86
99
110
107
104
109
159
218
178
113
142
141
105
94
139
260
112
129
133
95
235
129
155
114
84
113
145
118
95
82
143
168
196
193
151
103
90
77
129
76
92
141
190
101
122
102
552
221
439
859
614
323
194
93
117
85
161
151
89
112
88
89
78
98
132
95
121
85
127
159
84
95
97
145
169
92
110
132
136
150
179
78
88
111
123
118
123
97
93
151
143
107
122
118
120
138
155
147
172
103
170
98
1187
115
150
110
127
184
166
188
119
133
89
77
238
146
112
79
89
104
126
91
84
92
98
122
91
108
149
111
105
107
82
93
137
89
96
159
90
85
88
80
98
106
106
93
109
143
146
110
94
89
89
86
125
125
103
176
108
153
170
89
93
123
142
151
103
94
94
80
120
155
121
135
137
96
162
101
186
164
122
108
89
146
113
103
115
85
83
121
115
96
115
80
90
104
74
100
140
111
84
82
78
81
81
81
82
117
119
123
142
91
69
87
92
130
113
167
107
109
125
129
89
98
87
87
92
114
146
128
112
284
79
117
124
112
86
89
76
109
136
95
86
85
111
83
136
135
152
173
185
164
114
141
92
68
93
86
83
114
87
618
541
368
345
342
316
304
280
228
232
194
157
123
84
82
105
95
81
72
90
84
110
87
97
107
113
113
91
98
85
82
83
89
123
133
75
85
80
84
144
109
90
106
110
135
75
131
227
121
101
91
88
98
114
123
92
77
140
123
82
86
85
99
119
130
105
254
123
120
154
394
404
483
709
269
294
99
81
92
87
160
126
106
94
111
91
103
131
99
149
96
88
83
85
90
93
95
90
89
103
88
110
151
116
91
97
114
91
95
118
94
93
95
89
90
117
90
140
90
86
105
152
142
93
94
113
105
165
162
135
139
158
151
91
124
136
157
91
113
92
107
147
88
146
105
115
97
157
327
136
374
107
85
138
128
151
133
119
174
168
171
137
94
117
90
95
85
90
99
123
152
95
128
84
110
120
89
106
111
91
97
98
167
152
108
111
103
173
124
162
142
92
117
123
103
136
93
89
88
120
110
95
123
84
101
147
159
106
112
114
129
146
173
124
95
373
395
128
206
97
139
203
300
232
136
520
178
97
99
91
104
123
139
103
111
124
113
102
138
88
104
96
115
89
83
84
134
93
138
146
121
96
134
97
181
206
144
196
105
163
117
93
104
134
77
96
87
87
88
79
120
100
150
83
101
82
89
115
95
83
70
89
80
109
89
98
88
113
112
126
94
95
114
83
109
98
88
129
81
91
93
171
95
111
130
131
131
101
112
99
99
101
119
87
85
132
118
139
91
121
97
94
100
86
107
84
132
101
108
81
99
133
128
87
106
144
89
91
85
140
94
1197
89
110
150
122
145
123
142
94
158
185
173
141
108
107
147
154
79
82
84
88
397
438
390
136
159
91
113
82
89
80
79
104
81
82
91
88
105
106
139
101
105
82
90
135
82
113
86
116
93
81
126
98
111
91
84
127
92
91
85
152
121
156
153
127
83
101
84
123
132
89
108
91
132
122
103
139
101
107
110
116
124
80
85
107
108
90
98
88
98
94
87
88
75
81
124
190
92
91
94
97
101
99
86
129
168
186
165
86
110
96
262
130
109
136
124
95
132
104
160
81
93
102
135
116
112
155
106
170
94
97
97
113
116
94
112
112
97
107
76
117
94
125
94
176
184
157
128
125
133
141
135
130
102
91
77
82
100
81
642
436
409
300
251
240
177
221
210
157
155
98
99
92
128
156
81
90
122
93
96
88
84
136
86
97
84
94
129
83
85
97
83
84
89
88
77
86
93
95
117
98
81
96
92
88
90
88
114
101
88
81
91
126
96
99
87
224
97
100
132
131
83
170
100
157
133
96
106
102
97
87
114
94
113
83
167
98
96
125
138
174
89
84
146
140
110
134
140
134
130
92
99
89
96
140
158
122
169
103
77
122
88
114
125
133
96
103
160
109
147
108
170
80
134
89
105
99
87
124
129
72
84
75
114
101
90
93
81
121
122
104
88
113
94
125
83
96
121
137
140
100
89
105
102
136
128
124
86
93
129
82
143
99
91
109
137
99
94
106
96
113
88
102
110
131
193
180
185
127
100
94
162
84
94
118
117
131
125
112
115
89
132
77
86
113
206
84
109
89
124
150
173
111
97
130
75
92
82
138
143
107
136
78
104
85
95
82
73
110
853
567
87
123
131
96
75
1038
192
722
300
88
109
104
79
99
133
96
103
93
84
73
85
81
81
96
75
94
95
88
71
83
97
88
91
87
75
88
84
152
91
97
97
82
99
148
156
182
96
92
90
89
80
71
97
77
916
103
93
92
102
88
90
89
99
83
89
87
87
99
87
90
106
100
95
97
90
90
80
100
93
111
88
89
76
85
93
89
79
110
97
90
108
132
94
91
132
132
147
128
93
83
119
115
257
120
86
76
130
150
94
110
134
72
150
114
151
155
123
125
133
139
89
126
102
87
159
88
98
98
109
88
110
91
94
92
93
97
117
81
138
121
124
95
140
112
83
114
99
128
92
111
83
92
127
89
85
90
81
74
82
92
128
168
119
140
98
90
93
102
104
106
128
118
107
117
103
88
101
110
96
101
120
168
89
152
118
90
129
114
690
301
170
140
290
136
204
211
119
114
86
84
100
115
108
103
86
85
113
96
115
91
130
96
92
87
106
89
109
166
119
85
123
93
108
96
107
92
89
134
87
95
91
95
86
92
140
142
78
103
84
84
93
135
99
84
130
114
83
135
85
98
106
102
85
96
127
102
89
85
133
105
120
92
257
310
119
84
109
137
75
100
96
99
84
177
109
168
161
93
122
156
91
123
80
158
85
126
98
91
595
458
382
282
266
247
186
205
77
145
156
76
80
155
83
107
119
79
167
129
92
112
104
139
100
87
141
162
90
93
154
89
89
115
117
94
142
83
107
100
113
134
135
118
104
118
101
155
91
115
87
124
149
102
117
112
126
131
108
103
98
79
84
85
82
86
89
123
106
129
106
78
125
93
94
95
130
89
92
103
138
128
106
144
122
80
139
142
84
98
124
98
90
122
188
86
79
95
91
109
148
190
169
91
172
82
115
192
206
85
84
100
104
83
115
121
95
91
112
97
104
82
121
119
115
88
152
125
86
86
86
94
84
95
117
154
102
106
103
95
77
78
94
101
98
117
93
97
114
105
174
152
98
84
91
94
88
103
82
79
93
123
131
93
141
103
107
224
103
192
191
69
216
125
150
220
201
222
101
149
98
141
118
200
158
77
157
117
100
135
94
172
108
91
95
115
130
96
137
127
86
96
106
156
212
230
204
104
78
105
129
148
101
90
89
96
104
91
96
96
117
96
99
100
103
194
225
136
101
93
93
105
85
133
118
100
112
95
93
94
94
81
94
95
92
90
87
95
84
101
98
73
83
133
135
132
209
175
179
129
157
103
92
114
107
103
110
105
114
109
112
101
93
90
128
86
92
147
125
92
84
77
89
92
83
91
141
154
159
135
148
138
143
140
141
152
144
119
82
80
94
85
87
84
72
84
73
76
82
68
79
74
83
86
90
81
70
132
134
131
88
62
84
74
82
100
90
101
120
138
128
138
122
135
135
135
126
132
130
133
127
1155
76
107
119
97
89
83
108
138
87
79
81
94
91
85
81
108
82
93
95
104
101
121
94
139
112
88
80
121
89
89
126
88
77
119
161
87
85
87
117
98
95
116
89
102
89
99
86
98
92
107
107
105
109
104
84
102
103
103
126
87
101
130
106
117
101
116
96
132
121
107
89
91
90
91
83
83
100
89
90
80
79
78
80
89
83
116
103
79
69
87
111
68
139
72
74
81
62
63
63
67
73
83
74
80
79
74
103
96
114
73
80
88
79
86
107
92
85
71
85
83
94
85
85
79
79
85
88
85
77
151
106
112
147
103
91
122
125
87
89
99
111
96
137
103
117
131
112
110
120
89
125
89
92
86
112
83
91
115
635
377
351
351
315
304
269
307
235
174
181
167
141
147
91
89
120
115
149
87
110
96
105
187
102
74
113
89
87
85
86
106
130
95
109
93
96
113
99
142
93
101
107
114
125
93
91
93
72
114
76
107
120
111
103
95
86
82
116
113
113
122
82
117
74
90
128
111
82
88
96
78
89
97
109
97
97
89
105
145
101
109
98
96
91
100
115
101
87
107
79
69
129
142
107
110
94
91
91
111
117
100
110
79
108
108
98
91
103
143
146
98
84
90
99
170
115
80
96
94
91
92
116
92
80
109
83
104
93
120
106
83
90
143
92
156
95
134
148
162
100
101
79
92
183
91
225
130
211
116
105
103
138
114
179
87
102
90
166
92
146
130
128
113
93
165
173
170
164
69
92
92
100
109
107
112
211
175
106
89
96
494
265
313
165
98
100
121
86
119
299
127
321
286
94
87
110
175
162
123
107
103
778
892
360
1697
869
496
391
531
369
212
63
89
83
135
134
135
136
121
89
129
93
97
95
77
110
98
116
92
83
103
113
75
80
89
102
92
97
98
97
100
84
125
78
73
74
149
122
122
139
184
110
141
147
85
151
162
119
93
83
152
136
119
113
102
92
108
91
87
86
101
144
98
88
86
95
102
95
135
167
129
81
106
88
94
141
82
117
190
97
89
107
128
74
79
89
110
83
92
83
89
165
71
101
135
131
133
102
127
108
149
105
109
99
148
96
192
104
147
104
89
147
79
138
123
92
99
136
116
115
94
134
104
96
147
98
84
150
114
114
1248
81
99
98
91
96
80
99
63
98
89
87
75
91
128
131
93
160
122
149
134
94
172
160
108
100
72
94
91
143
144
147
136
112
75
91
153
95
145
81
96
92
95
91
84
100
116
111
141
143
144
93
159
129
102
104
118
93
113
121
149
127
118
88
67
88
101
99
109
75
124
179
110
111
100
178
135
120
134
88
179
99
85
87
97
136
81
127
85
148
97
96
63
158
118
97
115
96
69
78
70
64
67
78
73
59
91
108
86
71
68
75
73
70
80
77
78
76
76
99
142
143
91
97
92
115
85
91
70
93
91
84
91
61
86
74
85
87
78
86
90
74
81
89
88
78
78
93
96
70
130
79
89
94
93
100
94
88
80
584
326
209
105
70
76
74
69
68
59
87
80
91
114
71
81
109
78
71
85
110
80
90
86
125
89
83
65
89
81
70
76
69
88
112
77
72
70
79
70
68
82
88
158
77
69
96
77
75
69
72
90
98
69
117
79
85
86
120
111
77
76
123
171
89
96
87
92
87
96
127
92
120
96
184
157
187
128
73
158
191
70
81
72
114
87
251
291
494
202
133
85
76
76
161
136
84
86
101
96
122
133
132
101
93
103
128
83
177
109
86
120
101
102
87
99
100
104
94
89
88
83
132
100
144
92
132
123
161
79
139
99
78
138
114
139
94
85
104
105
66
113
137
68
151
194
170
107
111
161
81
128
92
114
164
146
70
106
73
74
63
101
111
121
60
73
141
102
103
107
102
104
157
130
129
165
104
100
113
94
102
80
123
95
83
115
104
114
105
158
95
185
61
65
106
80
94
114
95
83
94
173
90
99
137
150
152
112
105
98
126
260
282
164
83
92
95
134
99
109
151
117
96
121
159
67
117
436
123
120
192
292
78
82
101
97
80
81
100
87
81
183
133
101
84
85
77
179
70
64
127
67
103
132
64
75
88
132
118
192
70
116
113
121
89
74
125
92
92
70
80
72
74
105
86
95
67
94
127
110
71
86
108
96
100
168
107
127
80
92
91
117
99
159
147
93
140
121
81
159
116
106
165
91
135
189
99
102
113
82
131
160
136
107
159
138
110
117
148
68
85
72
115
105
110
306
121
208
165
183
127
146
110
120
131
105
99
96
103
109
108
1149
93
91
396
116
98
149
156
105
89
109
79
141
98
90
98
127
94
104
88
88
78
102
100
81
93
78
116
83
85
95
71
109
75
107
114
93
198
112
127
265
602
562
328
150
416
106
79
71
85
83
81
77
72
100
87
101
84
76
83
68
74
92
90
105
84
70
94
82
95
83
85
118
73
95
71
127
121
75
88
70
84
74
74
87
96
93
91
88
90
88
126
89
150
130
128
82
107
93
120
94
95
115
97
161
129
89
122
120
96
124
96
79
110
99
103
80
137
113
80
77
117
112
97
94
128
110
85
112
85
90
87
112
72
143
82
93
131
102
75
104
69
76
84
75
86
109
95
82
114
92
87
94
81
84
81
72
113
98
618
346
307
237
180
123
102
87
86
116
77
85
100
84
98
89
94
92
80
128
202
261
85
161
123
93
100
73
108
121
96
113
131
82
93
78
87
105
80
320
72
75
107
102
101
106
91
100
112
92
104
137
87
92
83
76
87
73
71
93
78
94
78
88
120
101
75
87
85
67
79
124
63
68
78
76
93
75
99
93
74
87
89
92
102
95
107
79
87
74
80
104
113
78
79
79
93
94
96
99
94
95
100
120
90
89
78
80
102
124
85
70
103
199
82
87
134
94
92
79
93
78
86
63
88
68
71
77
98
90
167
124
90
108
129
113
159
131
170
88
108
103
101
119
112
105
90
96
85
105
145
123
91
87
86
91
86
107
118
87
86
86
87
85
118
114
78
92
87
86
103
86
102
78
136
110
104
86
130
137
108
172
112
119
136
85
94
90
118
89
85
94
122
125
87
146
116
92
125
140
116
120
90
97
102
99
114
97
85
90
111
78
119
117
106
98
136
110
95
119
88
98
86
91
93
96
137
81
107
83
128
121
143
168
120
106
103
75
148
84
68
71
113
86
113
126
132
102
122
119
155
127
96
70
74
94
113
103
133
187
146
89
151
99
113
133
81
122
93
139
84
88
130
140
55
93
112
95
129
150
80
115
93
90
103
96
96
108
103
90
97
90
75
94
109
114
152
87
145
93
112
98
114
122
137
116
106
103
97
93
91
108
143
120
109
87
112
85
87
100
85
91
86
133
100
101
90
112
99
98
104
92
87
129
105
119
103
98
100
98
103
104
80
111
140
165
90
137
90
110
114
86
89
80
111
140
92
99
101
81
84
98
104
101
95
127
99
98
117
91
89
85
84
83
101
84
120
88
85
90
80
89
119
186
156
80
92
148
175
153
137
200
91
87
102
86
89
86
114
117
122
144
100
94
115
126
83
109
109
82
137
105
88
100
86
87
106
135
136
100
88
129
79
127
97
84
89
95
88
91
94
88
84
83
102
97
90
85
85
83
89
152
97
74
154
101
93
123
105
236
87
126
80
123
129
107
352
103
94
87
89
83
89
90
89
167
90
93
123
169
99
117
92
94
128
135
119
91
104
150
157
183
182
108
108
139
123
90
112
119
88
92
93
92
162
125
98
99
86
95
584
343
164
104
77
90
94
79
95
111
131
140
171
94
107
88
149
96
99
107
182
81
93
85
114
87
138
127
106
80
87
113
80
86
75
77
85
117
203
174
140
138
148
135
139
127
124
137
130
132
137
130
115
83
123
125
95
151
89
115
136
103
89
96
84
98
115
96
103
106
150
98
331
106
104
90
97
151
152
103
79
144
91
96
108
100
94
105
99
105
108
142
141
97
101
161
93
107
157
98
107
91
153
137
181
113
82
90
93
86
80
118
89
153
118
92
94
89
79
93
83
156
97
141
161
118
87
115
82
93
166
147
105
93
107
116
124
121
100
101
147
134
178
125
84
94
87
160
106
98
198
98
119
83
85
133
86
119
82
95
133
112
113
115
91
101
121
91
88
103
115
149
158
97
162
92
151
80
144
117
117
141
157
162
112
95
154
105
176
101
91
134
142
92
91
92
98
79
81
75
77
89
85
116
87
87
135
88
102
98
125
93
91
116
81
117
182
91
82
110
116
132
91
83
88
96
96
157
184
89
86
108
96
90
113
113
108
171
109
115
98
91
71
102
126
98
157
90
129
117
121
120
103
97
141
132
130
132
149
94
157
162
152
161
166
118
155
173
116
106
167
103
122
98
97
121
104
103
83
81
93
106
126
159
140
130
109
79
141
114
90
120
78
81
77
112
130
170
93
115
119
86
116
93
92
106
110
101
148
88
89
118
138
98
94
120
111
111
97
92
94
173
103
103
105
118
97
78
147
158
94
97
117
88
100
90
166
78
81
129
146
1205
69
115
131
86
149
98
117
98
97
205
124
139
138
107
91
83
71
96
86
87
86
103
102
101
86
105
90
85
82
94
83
94
86
85
83
82
87
118
103
125
115
95
91
95
75
85
76
87
86
86
99
96
82
68
95
80
181
95
108
149
101
134
105
101
92
106
105
99
86
91
91
84
129
232
97
80
84
89
95
104
85
115
98
95
89
83
87
106
100
79
89
117
82
84
92
90
142
96
82
110
164
122
158
129
190
113
89
97
144
108
97
80
117
116
80
79
89
80
91
136
105
108
84
85
132
94
109
91
96
87
90
112
96
128
125
119
83
86
111
138
109
110
116
141
111
103
82
89
92
122
100
105
111
115
111
162
158
154
611
347
335
312
338
300
297
245
219
173
143
267
273
92
90
88
76
93
104
112
95
78
93
222
159
173
99
98
90
122
101
118
91
66
70
96
73
164
113
165
140
137
140
107
229
221
143
131
92
139
130
93
91
91
94
88
97
77
100
80
131
93
99
85
91
90
90
82
90
84
169
143
80
96
85
102
127
99
142
80
86
86
74
103
99
82
95
129
92
80
92
89
102
92
120
89
126
91
93
91
90
85
91
96
79
123
99
143
104
97
88
88
211
130
145
133
148
135
155
157
141
102
81
85
91
95
85
86
101
75
95
111
130
101
104
88
139
143
134
135
126
126
139
135
136
94
131
128
125
129
117
106
126
167
121
112
112
92
72
84
88
120
80
92
82
77
85
105
89
87
92
82
88
138
139
110
83
85
82
89
88
92
94
81
137
81
104
86
91
106
88
93
88
90
141
83
106
96
102
83
122
113
95
96
94
95
131
95
100
102
100
122
88
122
96
82
113
96
89
87
81
119
90
148
115
101
123
98
78
87
109
87
87
90
91
89
112
119
99
148
135
115
131
117
103
138
82
197
135
84
78
65
127
158
93
84
80
94
93
95
91
121
191
175
92
141
125
186
122
94
138
146
95
107
126
93
139
127
103
89
112
110
92
125
105
116
115
132
121
89
135
147
182
228
124
89
147
211
107
218
91
88
97
88
86
90
102
84
96
82
88
99
80
82
89
98
91
83
153
81
173
92
90
76
76
86
112
143
104
98
94
111
130
148
122
164
77
104
118
152
96
1210
114
78
90
177
84
91
90
94
106
89
87
167
109
88
101
148
155
75
94
82
113
150
118
81
77
100
81
77
97
93
102
89
114
109
88
115
95
102
90
87
107
94
106
99
102
98
104
107
87
86
96
105
84
91
81
94
111
81
101
87
126
107
95
121
108
127
80
89
87
92
93
105
88
79
121
98
106
245
134
152
173
88
89
115
126
113
130
119
81
112
159
91
130
65
136
116
98
89
94
75
90
176
117
95
83
88
119
118
92
136
101
91
92
99
103
102
92
93
93
141
89
93
114
94
90
97
128
97
74
128
159
126
87
76
94
91
84
97
66
132
73
101
92
74
82
115
147
194
113
106
72
89
115
88
79
80
188
251
608
437
334
308
206
143
85
78
72
101
79
128
92
79
148
109
91
84
88
145
84
89
113
105
82
95
206
204
229
109
148
115
86
246
174
100
80
84
88
87
71
87
84
82
168
133
181
186
86
89
98
82
93
64
90
100
78
99
82
83
66
76
72
90
63
75
74
181
81
90
120
109
169
126
74
97
66
90
90
122
81
104
66
90
91
162
193
150
99
108
82
91
75
68
96
116
116
111
117
114
118
114
110
100
112
123
138
183
145
105
120
281
198
111
120
111
112
97
77
219
340
105
68
86
102
64
104
106
216
414
216
122
116
119
115
101
71
133
107
105
84
66
77
77
110
97
96
101
94
79
149
119
111
86
148
81
75
73
68
78
94
69
70
83
91
93
81
76
71
100
114
113
114
117
115
114
108
108
71
91
87
90
74
116
133
106
90
84
121
101
101
109
89
93
88
86
87
83
93
78
91
93
173
169
113
79
89
86
70
75
153
205
98
91
111
112
96
76
89
88
76
87
84
405
64
77
132
122
146
104
146
178
208
298
82
98
94
123
125
87
80
92
82
119
110
120
153
151
145
145
135
113
75
80
69
100
88
92
86
191
87
101
113
153
94
96
76
79
71
91
80
92
104
89
81
87
87
87
86
86
146
91
78
88
83
94
91
79
64
63
95
181
131
112
76
90
99
151
173
136
94
122
85
89
59
151
133
115
105
88
77
99
91
83
87
84
81
73
96
132
96
80
89
80
73
87
95
104
139
87
87
100
80
91
89
86
89
91
89
103
91
1151
107
85
93
156
110
84
148
188
143
93
93
91
95
113
76
66
87
81
86
93
85
92
85
93
77
79
84
86
87
81
85
115
105
135
86
103
89
118
148
107
83
96
118
91
93
89
91
92
84
83
83
81
140
148
101
86
149
79
84
87
109
96
92
88
93
88
93
94
96
81
86
80
94
81
89
142
125
112
114
82
117
147
90
78
101
102
81
139
141
131
98
187
85
112
92
93
113
115
78
77
85
70
83
86
93
161
208
114
87
80
135
129
98
84
93
84
124
89
144
85
141
149
74
78
114
155
114
114
93
113
92
75
100
117
141
76
188
166
118
145
83
88
133
93
114
64
105
87
96
127
106
124
140
90
91
104
96
98
579
336
287
255
252
219
220
245
149
121
114
107
116
128
142
103
102
87
101
110
137
112
92
100
105
109
84
96
106
112
114
122
94
93
111
86
102
72
108
123
107
95
80
110
93
121
106
93
168
191
89
108
170
98
87
79
87
84
93
97
118
91
137
123
125
160
201
167
120
149
89
135
136
118
154
123
150
84
166
114
89
111
100
117
119
150
95
87
91
92
94
93
97
84
95
85
85
83
101
89
101
162
153
137
97
78
93
75
63
147
87
97
75
118
84
73
90
82
89
77
85
82
66
87
84
81
75
91
89
94
85
86
91
128
160
76
85
81
83
84
83
85
76
79
76
91
84
90
96
83
111
75
79
104
115
83
65
70
66
101
70
75
86
67
79
87
72
93
75
82
93
80
70
85
83
67
77
134
75
142
88
88
82
83
91
101
87
82
66
120
79
109
77
78
84
81
68
101
95
122
98
105
87
99
116
112
91
72
88
106
79
97
68
74
66
68
86
77
136
85
86
83
83
81
129
96
97
67
68
76
60
63
68
75
125
79
80
115
103
210
159
148
256
193
164
138
200
132
93
93
149
104
111
133
73
131
112
105
120
118
67
152
81
121
109
152
81
84
98
88
85
97
89
140
118
116
79
145
89
142
164
119
101
140
131
80
128
128
88
105
106
120
180
102
102
117
130
111
97
94
104
115
75
121
91
132
137
130
105
166
320
103
94
123
117
91
141
81
143
98
134
103
114
75
94
116
66
111
112
67
92
99
72
73
64
95
66
142
91
113
115
1007
87
98
142
76
81
130
95
107
88
91
85
78
119
85
87
94
101
94
116
135
111
76
108
129
106
158
86
108
158
98
111
102
99
128
121
120
102
97
83
107
85
98
88
78
84
137
208
115
234
103
103
101
107
92
147
101
90
98
96
109
90
89
128
77
88
95
94
88
138
92
179
233
197
197
138
150
125
259
194
131
144
209
218
82
110
138
129
143
249
115
87
115
116
129
126
139
103
126
128
102
80
82
155
86
79
142
136
89
98
92
88
95
105
105
94
82
112
120
85
141
113
132
87
104
114
87
101
165
86
83
113
120
87
81
92
107
99
117
91
218
284
123
111
92
107
86
86
90
91
83
87
84
78
86
90
82
85
82
565
419
389
363
256
234
206
189
158
130
91
98
93
131
79
136
93
270
176
104
90
89
83
81
75
79
93
88
98
92
92
90
89
81
83
76
71
91
90
82
99
109
98
96
90
83
77
96
119
96
196
95
101
123
108
94
104
90
84
79
81
71
83
78
109
78
85
83
90
77
103
98
79
91
113
93
71
94
69
90
99
109
106
86
111
77
84
84
87
82
83
91
91
95
81
82
85
91
84
79
91
90
83
122
91
88
169
131
83
89
86
85
83
113
165
111
104
146
83
79
86
88
126
90
78
100
107
136
96
102
94
65
83
78
98
83
88
99
95
97
101
104
118
117
111
127
87
84
163
87
100
93
106
88
96
83
109
116
111
143
120
90
87
83
61
89
106
100
100
130
88
125
86
86
97
99
115
96
93
76
90
113
140
228
335
392
116
105
110
123
95
130
94
95
127
150
175
109
87
130
97
112
85
107
74
97
77
96
148
135
105
96
77
99
83
83
79
170
129
93
67
205
108
90
132
106
103
98
108
104
138
141
93
122
104
100
120
78
74
78
98
84
129
81
103
92
98
83
78
93
89
85
73
92
83
94
89
76
104
87
112
87
94
77
136
157
150
117
81
110
158
106
86
91
93
105
77
90
140
190
91
81
117
106
114
149
108
126
88
73
96
83
91
96
85
89
74
101
88
90
90
87
77
92
82
103
95
87
101
96
81
128
82
88
88
81
98
99
86
98
92
80
113
135
92
116
98
120
146
130
132
118
108
120
117
100
100
106
105
121
120
70
118
100
101
102
94
94
89
82
99
83
101
116
88
80
87
90
84
117
86
73
93
84
83
90
75
83
86
88
87
88
96
84
92
83
84
92
84
88
87
91
93
93
85
105
138
108
196
91
82
87
81
84
79
105
146
118
90
90
91
79
90
77
93
96
84
109
73
81
91
102
86
106
86
88
82
123
88
82
85
87
88
92
129
144
137
126
132
134
106
86
82
82
88
83
88
131
133
140
131
134
148
125
103
97
94
88
90
149
110
155
160
172
114
112
90
113
104
103
98
84
84
112
87
142
147
108
94
107
97
112
89
100
132
104
100
114
94
85
75
95
87
100
84
84
87
103
115
101
109
117
116
147
97
91
89
121
128
105
599
419
282
281
265
256
253
269
249
213
158
153
121
94
84
97
91
84
87
105
93
80
90
93
103
88
76
183
115
108
100
111
89
133
108
137
152
109
217
95
136
93
125
118
140
145
112
142
93
91
121
96
122
90
84
135
121
123
84
163
89
93
94
114
114
116
103
99
92
74
99
122
120
102
88
77
98
94
88
146
99
70
142
123
117
91
127
87
89
88
86
97
87
105
127
144
129
100
94
91
85
98
88
92
146
97
85
85
91
101
90
96
156
87
101
89
106
117
114
92
92
110
77
102
118
88
87
86
90
90
87
96
90
104
91
161
79
126
136
99
90
87
96
87
83
101
134
135
104
128
94
88
93
95
104
167
111
102
173
102
137
118
103
100
144
69
94
70
136
131
142
151
137
229
129
125
175
442
106
102
100
127
100
116
86
103
93
141
77
84
113
92
189
121
105
140
101
91
86
165
135
143
152
147
173
153
125
99
137
121
138
127
96
147
148
119
108
149
145
139
158
162
149
164
119
117
99
151
112
94
141
121
117
193
96
103
94
145
104
86
90
89
91
92
100
92
115
111
88
83
143
124
89
93
100
92
194
143
108
134
104
75
101
114
174
167
203
284
126
91
262
356
357
162
98
168
163
91
357
438
291
248
114
107
206
218
109
100
83
132
89
92
98
102
163
160
151
160
148
116
384
341
144
87
101
104
102
104
114
133
97
124
100
87
96
105
123
112
135
123
155
96
106
106
122
117
127
104
100
125
176
112
146
90
133
96
140
102
112
120
129
1176
106
112
101
103
119
111
148
162
114
99
83
87
85
103
106
139
96
115
94
107
110
124
109
99
89
87
98
147
77
91
105
116
108
70
129
158
102
196
145
224
134
229
188
129
101
116
105
128
107
98
100
93
92
102
81
137
145
91
81
96
105
105
104
96
106
92
133
84
120
119
84
88
97
109
91
97
93
92
95
83
88
90
83
95
105
132
145
89
156
157
90
175
79
87
96
99
91
94
96
116
88
85
88
108
86
91
110
119
112
96
99
110
149
137
104
118
114
163
140
134
111
96
105
132
131
125
151
90
124
105
106
119
149
117
124
96
108
124
95
97
154
111
94
97
128
94
81
93
131
92
133
137
121
101
92
84
95
119
599
491
334
311
285
273
258
182
88
101
97
94
103
133
136
94
269
96
285
248
155
339
126
165
127
120
99
126
105
96
79
94
135
101
89
105
106
118
128
101
94
113
148
92
117
169
83
140
90
97
141
138
113
98
87
85
82
84
97
94
177
154
109
101
90
86
93
88
91
117
95
106
107
85
98
100
98
132
100
113
154
94
101
104
133
116
79
86
93
88
91
174
95
91
93
132
95
93
96
92
103
147
158
157
89
81
86
108
99
95
86
95
108
163
115
93
91
156
166
167
95
115
177
131
234
153
170
169
171
125
171
82
127
85
110
184
130
78
148
109
105
109
128
95
125
95
108
100
137
136
107
136
117
136
94
90
137
100
111
110
77
128
113
142
124
125
114
91
119
83
80
105
144
90
125
122
93
110
95
103
103
104
151
133
85
117
143
150
89
105
101
98
95
137
106
146
132
119
114
95
127
180
144
92
155
96
87
110
115
143
143
119
85
90
92
75
98
147
136
130
95
123
80
93
146
83
73
120
92
81
85
130
79
103
123
105
78
97
104
145
137
92
110
81
92
135
145
102
145
104
126
95
105
64
83
75
113
72
77
166
77
87
76
95
87
106
159
206
113
121
112
115
139
121
101
78
71
90
71
100
76
111
83
113
114
116
139
102
146
150
137
90
151
154
140
129
115
137
89
92
110
92
80
105
104
94
72
83
96
75
75
73
93
116
83
82
102
106
141
121
81
73
72
112
130
145
134
121
84
136
148
88
163
168
156
163
164
129
88
128
126
1199
109
109
119
93
96
101
99
129
105
81
144
128
109
141
86
138
96
113
87
92
91
89
129
117
113
110
112
85
80
89
99
87
146
86
87
85
100
90
87
94
99
93
91
100
118
87
93
87
105
80
92
99
100
124
136
92
85
105
102
130
104
89
94
91
97
85
97
79
121
145
110
113
92
106
134
146
128
87
97
105
101
172
114
148
108
152
143
159
90
134
87
110
104
109
123
151
117
103
92
140
113
149
109
103
90
128
94
101
105
94
85
87
83
110
92
95
180
395
78
86
109
106
144
132
167
155
88
149
92
91
101
117
91
85
85
90
102
102
109
171
185
114
101
149
149
114
133
145
159
157
126
118
151
147
209
93
196
207
634
351
368
331
297
261
248
260
286
256
237
218
221
178
179
231
171
169
147
174
111
90
87
87
89
91
94
91
113
108
121
132
112
87
102
89
120
86
99
102
89
101
86
114
133
86
87
114
118
98
101
90
96
95
84
105
117
96
103
88
121
131
119
148
95
132
136
117
119
84
107
103
119
92
143
112
145
88
139
160
138
95
89
93
92
89
108
97
88
90
93
127
102
91
93
160
100
138
106
97
97
95
119
98
135
84
128
127
91
134
99
79
77
87
84
109
127
90
86
77
82
102
126
91
78
91
82
83
79
188
90
80
85
179
95
80
90
95
145
111
106
108
112
90
82
95
109
95
104
94
151
103
94
96
110
85
90
82
85
87
90
93
113
88
93
92
85
77
152
95
154
111
242
246
242
171
94
154
192
166
122
163
165
250
520
451
135
326
143
164
102
230
119
102
102
184
112
94
91
99
90
111
98
102
77
102
103
101
89
78
140
101
95
127
102
134
120
118
135
163
135
144
119
110
123
88
123
2007
1446
463
103
119
139
88
93
116
93
118
93
89
105
99
102
92
100
84
96
123
99
109
146
94
104
138
179
124
94
102
130
85
120
92
94
83
79
104
115
124
140
145
107
188
93
163
225
131
162
105
142
124
100
93
142
82
72
102
90
108
70
126
93
105
82
90
93
91
130
92
89
133
119
137
98
113
122
89
114
117
130
131
96
82
63
117
135
111
88
92
142
87
99
100
98
106
75
86
78
84
147
85
85
90
82
72
91
75
137
93
76
109
68
1188
77
77
107
105
110
297
197
122
372
108
94
71
104
90
118
114
73
84
90
84
99
126
91
102
83
88
92
87
107
96
138
78
97
148
117
72
77
205
120
117
68
140
87
103
100
190
115
89
152
104
160
122
94
93
138
101
87
105
82
84
93
93
79
87
126
93
136
90
89
82
80
101
103
117
84
137
90
63
87
100
79
113
127
102
107
92
90
80
97
95
87
92
94
94
92
98
94
87
82
92
90
142
112
135
131
128
127
137
134
135
127
131
126
137
137
128
139
123
123
120
132
141
136
137
131
134
132
122
125
90
100
81
115
134
125
132
139
114
119
83
94
83
72
130
138
143
132
121
138
138
139
134
109
125
123
101
84
84
644
453
394
304
282
218
206
186
111
114
162
140
82
104
92
120
104
84
108
110
113
146
88
154
92
130
88
114
93
81
103
154
95
87
100
88
83
102
95
79
83
88
82
87
79
86
93
80
79
85
89
102
89
68
99
82
127
77
96
70
86
88
84
93
79
89
103
92
96
85
81
92
89
103
92
78
64
82
126
116
90
86
148
68
76
116
83
95
66
104
69
96
99
114
135
103
94
137
101
180
109
97
98
137
132
106
101
140
107
125
100
112
112
104
101
71
88
90
131
139
175
141
154
137
112
73
95
85
98
112
124
119
100
93
91
81
83
93
90
97
121
91
94
100
97
93
95
98
94
94
88
93
110
94
89
94
100
101
96
89
89
82
96
96
92
95
97
87
86
98
96
91
79
93
92
92
89
93
87
85
92
87
85
97
89
86
94
88
90
93
87
71
93
89
92
94
89
94
95
88
95
93
94
89
139
141
103
103
119
96
103
98
110
116
91
92
90
124
94
99
120
150
175
97
104
86
85
86
90
83
96
84
141
102
77
91
85
102
90
99
115
151
79
86
133
83
105
101
108
78
139
137
138
110
96
114
79
81
84
90
95
99
135
90
83
82
74
129
125
158
115
106
88
110
120
81
92
96
98
99
227
116
97
137
113
105
126
102
128
75
85
305
198
128
95
169
568
502
787
168
153
163
86
151
191
75
170
94
111
86
96
91
92
126
107
569
351
382
146
98
200
114
220
187
85
187
89
727
400
114
312
372
309
291
137
499
608
559
126
103
169
1264
275
82
104
223
99
100
272
315
136
127
85
210
393
424
180
96
139
124
113
87
265
396
138
124
120
137
119
195
93
117
164
93
129
79
91
95
86
80
88
82
79
84
82
80
101
133
81
109
129
84
92
92
84
106
140
85
78
93
97
86
121
102
131
155
173
90
106
96
101
157
155
102
93
88
87
96
96
82
96
87
93
86
89
92
92
85
81
92
121
108
88
281
145
113
84
274
155
140
145
273
136
158
87
101
88
92
91
85
90
82
82
74
85
87
86
90
81
91
80
119
91
87
86
123
109
99
107
91
84
91
86
80
74
150
99
95
87
152
124
155
72
81
69
78
87
79
108
79
74
92
71
95
69
104
70
84
93
76
591
271
313
117
78
73
80
114
78
108
78
78
95
74
92
80
82
75
76
74
78
85
82
144
81
96
134
114
111
63
94
78
79
82
105
97
90
85
90
132
157
85
122
177
73
101
93
112
104
127
138
166
135
95
97
96
83
67
76
61
87
81
90
77
73
83
72
72
82
82
82
92
96
81
101
85
69
95
128
116
96
123
84
138
105
92
87
110
104
103
137
102
91
92
87
120
118
82
102
99
138
110
76
105
88
141
102
149
143
133
78
110
94
75
111
115
78
76
128
98
83
91
104
94
79
117
148
121
111
76
104
78
75
91
121
82
124
89
87
89
88
58
93
76
119
95
167
138
176
113
80
92
139
580
406
114
159
1230
560
338
573
888
122
240
143
106
122
95
97
98
139
93
131
128
151
119
106
168
87
125
103
211
111
129
151
174
193
93
317
100
107
120
138
137
100
71
97
189
174
110
85
99
134
87
110
90
118
103
72
131
164
145
74
90
93
85
98
92
132
125
121
95
88
83
131
97
111
109
86
95
98
87
124
112
98
87
100
101
82
77
90
80
90
102
84
82
93
98
75
88
84
87
65
82
80
75
89
72
96
66
102
91
81
119
95
107
88
103
147
194
195
193
232
120
88
97
94
90
89
148
127
109
90
165
83
66
84
73
88
105
87
88
100
115
91
116
87
104
97
81
91
96
144
146
87
104
106
96
94
129
88
108
90
100
134
115
72
108
122
111
150
125
99
90
118
161
107
93
216
160
240
199
79
103
81
94
86
137
196
102
137
1116
111
86
94
101
87
93
95
148
152
108
132
82
81
84
97
85
75
97
85
74
113
130
89
154
94
90
86
133
116
158
115
96
80
108
126
141
114
122
84
103
120
92
143
93
88
131
128
124
134
98
118
108
83
83
87
76
127
84
104
151
87
125
94
138
89
94
111
116
82
93
121
118
78
89
111
78
82
103
59
89
193
81
121
81
113
109
116
142
102
139
76
91
105
124
74
86
78
120
87
96
121
84
99
83
142
91
123
78
78
90
98
121
148
202
92
99
105
135
129
87
89
94
88
84
92
88
77
152
146
99
108
103
116
84
82
90
88
90
93
95
84
81
114
87
84
92
92
96
91
104
124
95
89
97
88
94
92
87
623
395
325
280
251
195
191
139
106
100
117
101
157
89
105
104
110
133
88
90
90
97
81
120
85
125
88
92
88
80
99
131
99
129
95
85
105
91
97
88
97
93
89
84
92
88
92
93
77
97
74
94
84
93
94
117
98
84
109
92
81
142
116
89
89
75
99
132
215
131
90
81
111
121
178
106
118
98
102
95
155
108
139
92
90
104
92
88
149
92
116
116
97
223
103
154
105
79
139
133
122
87
88
91
89
108
103
184
166
123
93
208
196
218
152
130
105
117
84
106
110
101
213
175
84
103
363
529
108
119
96
173
90
76
90
89
126
72
104
87
136
83
118
118
74
79
88
108
82
139
79
96
97
107
118
89
85
83
93
82
75
122
100
164
123
121
78
101
94
97
77
134
152
123
117
122
99
164
115
107
88
111
157
116
158
130
108
120
109
100
143
90
126
105
135
108
101
170
141
91
101
95
94
106
103
88
94
109
83
104
119
77
94
144
134
115
92
85
95
150
90
114
87
87
96
136
109
137
161
99
102
189
150
95
183
121
127
154
150
96
93
117
116
88
93
149
80
98
138
138
82
90
89
205
92
115
139
136
67
105
105
150
342
162
181
132
123
148
96
178
124
171
92
91
86
99
70
76
91
129
86
100
113
86
80
88
89
77
80
89
82
80
88
108
85
87
74
83
90
91
90
79
84
83
91
135
135
157
167
143
109
84
162
120
99
114
114
154
130
147
89
145
131
155
136
130
138
104
100
100
87
78
120
133
135
128
123
159
134
135
140
1126
61
89
108
83
85
89
119
79
86
81
92
90
91
86
92
91
134
96
80
104
80
114
95
102
87
136
91
91
124
86
131
89
134
140
134
102
96
102
97
97
81
84
93
88
87
80
74
83
84
83
76
65
83
88
85
79
102
84
131
86
91
102
90
107
132
98
100
143
105
106
90
128
111
99
91
98
83
89
127
99
76
105
90
121
142
114
109
84
83
93
95
132
134
87
83
76
83
80
84
94
75
84
86
94
123
82
78
82
87
90
93
87
110
100
94
91
107
135
128
75
100
106
100
90
90
119
96
157
112
109
116
152
94
71
99
95
90
92
102
87
75
147
104
101
99
92
80
102
108
78
84
110
104
121
92
122
131
100
655
324
224
222
153
161
142
161
153
89
89
82
107
90
91
95
91
90
106
91
138
96
100
104
96
103
121
112
98
122
136
106
94
204
139
237
141
91
104
109
127
115
109
90
117
119
120
115
99
116
109
86
90
134
133
98
128
131
83
77
84
111
82
77
103
89
143
75
137
87
140
131
139
136
137
141
130
132
135
139
136
129
121
99
143
135
134
139
129
133
135
138
147
184
124
101
148
140
103
137
141
137
113
138
145
106
148
93
135
145
178
104
98
135
133
104
207
137
133
139
104
93
145
88
91
95
100
83
92
94
97
97
98
90
85
94
122
102
101
112
97
94
89
102
113
93
84
98
113
125
145
166
98
154
108
122
174
382
160
126
130
178
129
391
264
124
98
85
102
84
101
107
92
105
147
86
86
85
94
98
81
82
104
82
93
136
134
103
79
94
136
139
136
107
77
85
157
122
101
137
110
117
96
83
133
88
88
106
119
129
95
138
85
89
90
92
146
117
105
145
153
100
123
108
90
90
107
103
93
102
132
92
92
87
171
88
113
120
95
111
118
127
101
125
94
125
101
110
105
135
124
