408
141
129
128
474
204
130
489
297
203
128
355
237
131
222
407
196
128
249
328
145
365
404
179
135
351
288
190
308
256
147
132
260
343
191
391
433
134
351
264
130
139
347
199
124
130
211
495
123
219
413
125
145
234
437
184
213
411
125
131
149
397
129
252
448
122
143
154
199
80
225
420
123
140
147
426
126
222
506
156
141
368
142
142
150
422
124
247
363
125
144
149
429
125
225
423
98
91
91
252
197
259
364
121
141
227
428
124
137
425
123
128
133
436
94
217
422
125
129
129
394
126
152
447
120
128
129
344
94
128
180
122
129
146
393
101
252
358
124
130
130
394
125
152
450
90
131
148
435
121
149
417
97
128
227
427
193
219
409
83
128
384
335
97
225
327
125
128
127
391
126
250
360
123
141
224
421
124
229
423
106
128
144
338
88
226
423
81
131
231
424
122
357
421
124
129
228
338
123
223
424
117
79
127
346
102
226
424
126
127
222
332
118
77
417
98
141
151
424
141
142
361
124
128
129
366
124
189
393
112
127
237
423
119
231
427
124
140
234
344
123
224
514
107
132
228
420
188
224
426
123
128
226
418
92
224
419
121
141
226
426
122
146
419
119
139
146
394
98
150
455
123
139
153
429
120
90
416
125
138
253
363
122
224
416
118
127
128
351
124
139
516
116
78
146
418
115
140
370
94
140
150
342
122
126
423
113
126
149
400
125
164
455
201
140
140
181
118
123
330
99
126
154
344
125
146
427
121
128
130
390
117
139
418
128
138
462
457
120
77
550
136
140
150
367
94
77
170
122
140
263
450
108
213
455
80
142
146
347
124
140
495
103
140
147
340
101
92
416
118
140
152
449
106
128
421
124
129
376
423
113
139
418
124
125
149
434
121
128
464
126
127
128
423
94
253
380
96
129
126
432
121
131
430
127
128
146
338
122
380
415
122
127
125
429
106
130
420
121
126
227
422
127
147
424
113
141
145
431
103
123
425
107
141
148
430
121
225
423
123
145
140
427
118
124
400
123
140
224
421
106
146
429
124
142
337
122
139
138
541
124
147
451
123
127
129
432
123
129
428
120
128
128
347
120
78
421
123
141
145
365
124
141
425
121
138
149
344
123
225
421
122
126
229
353
81
140
427
138
139
143
411
123
252
358
124
78
223
426
121
229
424
123
129
141
393
142
128
451
111
92
143
432
120
129
421
125
142
142
434
117
217
385
116
129
147
414
111
255
453
123
128
153
346
126
127
425
125
187
141
387
85
130
422
194
143
147
356
107
149
422
81
144
150
344
121
253
357
164
140
147
431
127
127
422
126
141
143
427
130
210
521
120
141
142
416
197
128
357
123
127
126
395
127
129
211
165
141
254
334
125
229
445
99
139
229
335
79
222
420
113
127
169
430
98
140
420
121
130
140
397
113
142
364
123
80
337
411
124
255
356
125
129
226
425
123
126
424
126
138
153
427
122
222
418
126
129
218
397
108
153
373
122
143
154
427
132
307
403
198
141
225
421
118
142
338
124
128
132
431
121
159
421
121
141
227
428
196
233
421
126
138
232
414
119
230
418
128
146
146
390
120
124
403
117
78
231
429
122
145
422
126
127
226
429
124
150
421
141
139
150
333
82
222
421
186
138
150
432
120
223
325
85
140
230
336
124
225
511
121
130
228
427
123
149
418
122
126
148
428
123
146
419
128
140
246
343
124
129
516
123
138
237
427
122
219
511
116
138
240
332
106
227
426
114
141
146
340
112
92
448
94
141
147
455
175
127
427
120
126
128
184
79
219
415
125
92
146
425
124
127
427
119
130
235
430
182
145
509
183
129
228
426
116
79
544
123
128
127
454
106
78
295
184
125
122
447
112
83
424
126
127
256
453
101
81
419
116
126
450
81
79
132
349
81
124
104
77
127
126
440
124
133
341
126
128
139
423
101
139
424
170
138
138
415
123
140
423
172
127
127
422
120
128
425
124
142
139
420
127
139
547
128
140
273
401
122
129
471
116
142
139
422
106
139
418
126
138
141
421
122
138
415
115
141
142
421
117
127
421
96
136
138
424
104
266
481
114
124
125
513
119
137
421
127
138
139
423
122
139
545
124
140
139
418
127
139
424
121
138
141
433
203
140
292
95
140
138
434
195
126
714
182
91
141
348
126
127
550
126
139
139
421
120
143
426
119
138
139
416
92
139
542
124
139
139
419
84
81
380
100
126
128
433
121
139
491
195
126
124
419
118
126
420
123
127
134
423
122
139
550
123
129
127
416
122
126
422
116
81
127
421
125
126
550
126
126
129
425
106
81
503
125
140
140
545
112
140
549
119
129
128
421
122
129
418
121
127
126
336
122
130
429
121
134
129
422
120
79
500
125
128
129
422
113
126
549
114
78
127
544
106
127
418
98
78
128
425
106
126
337
125
128
126
415
121
129
418
93
79
127
422
101
127
422
123
129
125
417
123
127
420
126
126
125
417
116
130
553
126
127
223
410
127
126
470
119
127
130
556
121
129
424
123
79
127
421
89
128
416
124
139
138
425
126
137
545
127
138
140
417
93
272
484
125
139
141
424
119
127
550
126
136
138
421
126
128
428
123
138
139
554
121
139
548
124
141
137
420
122
126
421
125
144
141
431
122
128
405
76
127
126
419
121
137
420
125
137
139
419
119
139
422
196
140
141
177
126
130
429
93
125
138
416
123
140
424
82
140
420
123
462
167
77
81
88
88
485
506
208
89
139
155
453
340
115
143
139
137
139
557
514
225
128
130
313
393
124
127
129
139
438
90
127
425
124
130
126
546
198
128
438
120
126
139
423
170
141
425
140
140
139
420
116
138
423
121
138
138
546
198
139
437
172
141
140
550
168
140
421
101
140
140
421
123
140
426
123
140
139
419
123
140
424
169
140
138
335
95
129
426
120
127
125
419
130
127
549
122
127
129
414
121
125
421
184
126
138
421
122
140
416
116
126
139
418
124
137
206
96
139
138
422
124
139
548
125
140
138
418
138
126
547
124
139
140
297
79
131
419
122
141
139
296
84
129
251
91
141
270
485
108
128
347
105
139
143
421
115
139
425
83
137
136
421
139
139
426
100
140
138
422
127
137
422
79
140
138
422
123
269
397
107
128
126
393
203
139
422
124
142
140
422
122
139
422
115
138
138
422
179
140
427
195
140
140
305
96
126
426
125
97
93
444
100
127
384
124
140
143
423
123
128
419
124
78
128
425
111
127
423
123
124
126
540
81
128
421
125
139
138
420
122
127
423
121
90
140
424
111
129
665
159
129
128
360
104
78
372
126
82
76
498
126
126
420
125
139
141
422
94
127
432
121
139
141
422
122
127
420
126
127
139
430
114
141
440
100
128
141
423
126
131
432
111
127
138
545
82
127
434
78
129
138
232
109
140
421
121
126
137
421
121
128
424
125
128
139
420
115
126
420
125
91
141
426
114
128
428
123
141
138
419
81
140
264
100
141
137
420
83
127
423
199
140
139
425
122
129
446
125
140
137
420
122
128
435
119
139
141
424
187
129
436
124
127
338
107
91
138
422
80
129
428
193
127
128
422
122
128
431
125
141
138
417
122
141
426
203
139
138
547
118
126
430
125
128
350
417
109
131
356
83
142
145
426
107
128
426
168
125
138
425
122
127
426
107
138
139
419
120
125
420
121
137
139
430
124
297
495
121
128
125
388
123
126
426
124
139
139
422
121
125
416
116
138
140
427
122
128
426
126
144
139
422
134
139
423
123
125
128
385
103
128
469
125
127
98
515
126
140
429
187
140
142
551
119
127
434
89
142
140
427
124
135
436
126
139
138
424
109
127
423
121
127
140
431
124
128
430
120
138
139
420
102
140
425
80
129
140
432
123
140
418
123
139
146
556
120
129
427
124
79
138
424
121
129
428
126
126
139
421
122
126
423
124
139
139
420
196
141
433
121
126
126
422
123
140
426
122
138
139
335
124
125
423
117
126
140
429
125
125
436
122
130
139
423
115
130
427
124
78
140
303
124
128
416
123
140
139
426
123
125
337
192
127
142
423
112
140
552
196
130
127
422
122
142
554
124
127
141
420
125
139
437
113
128
128
548
119
126
290
96
140
372
411
86
126
469
129
139
139
420
122
137
425
83
128
131
428
127
126
421
122
125
138
420
122
128
422
125
127
140
424
200
227
157
76
139
139
457
120
139
435
128
128
139
417
120
139
548
120
141
141
447
120
125
418
124
139
139
422
124
139
439
124
141
139
394
123
139
491
122
139
138
548
124
138
416
125
140
139
430
115
141
442
109
141
146
432
123
128
436
138
143
139
425
144
130
428
126
141
142
429
123
128
423
120
129
129
424
124
128
438
121
139
138
418
167
144
430
100
129
434
173
142
138
419
122
138
421
116
139
137
428
114
126
414
121
128
141
898
156
90
396
124
130
138
537
122
129
388
128
140
139
446
121
126
397
114
139
139
417
121
129
427
122
139
143
428
84
126
440
122
141
139
436
98
139
548
194
138
139
425
105
140
433
195
139
139
335
121
142
422
122
127
142
423
120
77
373
116
139
141
429
191
129
425
122
129
141
422
108
126
422
121
125
127
442
121
141
337
206
140
141
427
113
126
297
101
127
145
420
124
146
428
106
137
139
417
95
129
425
117
142
139
419
168
126
427
129
141
231
331
78
140
477
124
140
141
422
192
138
418
95
139
141
424
122
129
416
140
138
142
428
115
133
431
81
140
140
435
112
286
421
101
126
140
405
95
140
424
124
143
143
418
107
128
437
156
127
126
418
127
132
422
112
127
129
549
125
127
423
123
127
126
438
120
80
393
80
129
127
493
121
125
409
190
126
125
421
123
129
427
125
131
128
423
103
126
424
115
126
124
417
114
131
554
125
126
128
552
119
127
422
124
129
126
422
124
127
429
117
127
133
418
150
127
446
105
127
126
419
121
127
420
119
130
129
430
98
125
549
109
127
128
421
98
131
443
198
129
127
424
123
126
435
120
125
126
440
126
128
432
87
126
126
336
115
126
549
125
129
128
422
125
127
425
124
128
131
426
117
127
428
128
127
130
423
111
128
418
101
129
126
422
122
125
333
127
125
127
421
102
127
428
85
128
125
423
112
130
551
113
126
126
422
122
129
425
180
128
125
424
122
127
420
162
128
542
482
120
128
494
107
128
130
375
76
126
366
126
125
125
368
122
125
391
129
124
128
546
83
124
542
198
129
428
120
126
482
488
121
126
493
125
128
127
425
195
126
416
85
127
125
422
78
127
426
124
127
127
419
82
129
459
124
125
125
511
109
395
478
116
125
124
181
126
126
545
122
127
129
421
106
132
425
123
132
128
422
121
126
421
124
128
130
424
136
129
436
112
126
128
365
108
126
376
102
128
130
542
188
126
416
127
127
126
417
78
129
424
118
127
126
420
131
126
425
123
124
126
433
123
128
430
123
128
129
422
120
131
551
125
79
127
548
194
126
549
113
126
131
423
101
128
422
127
128
128
425
108
127
420
102
129
129
421
122
127
437
122
127
126
428
77
127
423
123
126
125
749
112
127
441
201
125
127
434
123
127
416
106
128
130
338
188
130
424
197
131
127
435
161
126
547
121
128
128
420
118
126
417
81
126
125
421
195
129
423
125
126
126
420
123
128
335
113
129
127
428
97
131
424
102
126
125
418
104
129
430
134
130
124
420
106
126
414
83
125
126
422
126
125
417
192
128
405
485
102
127
478
107
129
129
421
114
129
295
122
128
127
423
128
127
418
116
127
128
424
80
129
426
168
126
127
419
122
269
388
126
127
126
390
117
127
426
140
125
127
423
124
127
420
180
126
129
424
93
129
425
121
132
128
424
117
126
424
113
127
130
368
107
127
393
80
126
128
417
119
128
422
117
127
128
422
123
126
421
125
128
128
415
123
129
417
118
126
125
420
134
128
423
121
125
127
424
97
127
427
120
126
128
425
101
124
421
167
127
127
422
121
127
427
123
128
130
421
124
128
420
198
128
125
421
121
129
426
101
126
128
549
122
127
422
113
129
128
422
122
130
424
124
125
421
201
128
126
545
121
131
423
123
127
132
551
123
126
412
196
128
130
424
120
132
422
193
129
128
424
202
129
426
120
129
126
544
125
126
424
123
126
127
334
122
125
421
122
125
137
415
124
126
421
122
125
143
441
201
125
553
124
128
126
428
126
138
548
198
127
126
425
195
140
342
87
139
141
550
195
127
414
87
93
141
424
125
127
438
124
140
137
424
121
128
424
181
126
125
420
120
126
419
107
129
214
495
121
128
352
86
127
139
413
107
128
425
89
128
139
420
123
75
488
121
128
140
417
128
127
428
125
129
140
423
119
219
410
117
130
128
522
116
140
431
97
78
127
419
123
127
417
84
127
138
423
122
128
419
114
127
139
434
142
139
418
121
139
140
450
123
125
382
112
143
140
179
138
139
418
125
126
141
420
87
127
425
118
138
140
424
120
127
424
152
142
140
422
128
128
427
124
128
141
425
108
129
428
124
137
138
419
123
126
419
123
128
139
546
125
139
421
103
139
140
421
130
128
419
125
126
128
421
193
139
420
207
139
140
296
105
128
426
124
127
144
545
124
131
424
112
128
126
420
126
126
306
104
127
127
336
121
128
417
108
140
139
424
95
127
425
178
139
139
416
120
126
422
123
139
142
720
123
139
421
95
131
127
476
124
127
338
81
140
141
424
124
77
499
124
140
143
416
107
127
421
121
139
140
425
102
125
429
200
139
142
423
90
128
421
93
126
333
396
117
138
469
95
145
138
420
199
127
415
117
128
141
424
124
126
429
122
128
127
422
80
128
421
189
128
129
425
123
389
479
121
130
143
420
137
146
426
123
135
127
420
193
139
427
184
128
140
419
122
127
420
126
139
545
192
139
139
420
99
474
484
107
129
139
418
115
139
426
169
141
139
422
194
127
434
81
140
140
413
115
126
417
122
128
126
418
123
128
429
114
126
143
425
84
124
378
102
130
128
420
117
130
422
126
126
130
425
123
127
425
198
126
128
419
116
129
423
123
129
128
421
126
125
420
102
127
127
422
123
128
416
124
127
129
421
79
128
415
80
126
126
415
122
127
420
131
129
132
422
193
132
429
117
130
129
424
123
126
426
129
128
127
422
123
129
422
125
128
125
548
124
129
421
116
127
139
421
119
125
543
124
128
125
338
124
128
423
91
129
139
414
99
126
546
140
142
139
419
125
140
324
107
126
141
415
145
138
420
121
140
139
427
122
139
214
118
137
140
416
121
129
544
123
126
138
416
103
140
420
122
140
139
417
114
125
543
121
139
139
421
114
127
421
103
139
466
391
89
127
466
107
127
139
421
125
126
420
120
127
132
551
121
129
543
121
130
128
555
123
90
499
204
141
138
423
199
270
394
126
139
138
516
122
129
423
188
129
138
417
172
128
424
195
129
139
426
122
128
422
125
127
127
550
124
127
420
124
127
129
438
146
126
380
168
140
141
410
196
124
418
121
139
139
544
123
126
423
195
128
128
420
127
128
422
158
126
125
550
196
131
428
184
127
127
421
185
124
421
143
128
141
199
141
140
420
125
127
140
418
184
129
426
126
127
127
422
123
127
421
165
126
131
420
125
127
424
129
143
141
430
129
139
422
124
125
128
547
196
140
420
187
129
128
423
187
128
414
125
139
139
262
192
140
423
187
139
138
423
196
129
422
197
139
143
421
122
128
424
122
141
401
129
140
149
422
127
129
305
125
132
127
265
128
126
359
167
127
128
421
167
127
419
121
140
139
415
125
127
419
130
140
150
426
167
151
378
236
129
146
414
184
125
272
126
98
128
423
196
129
423
140
143
137
418
123
130
305
182
139
154
425
190
157
424
129
140
141
419
200
131
427
142
128
452
460
198
128
470
129
129
139
373
128
129
405
198
127
139
398
123
128
554
127
139
141
420
181
126
422
125
140
131
423
187
388
459
126
140
149
511
143
130
374
130
140
137
515
197
130
424
128
125
125
421
202
147
419
181
139
154
369
124
127
467
123
141
147
349
131
129
463
122
127
157
302
126
128
420
197
141
139
424
126
154
425
198
127
126
421
198
147
420
126
139
147
420
202
152
430
196
138
137
420
122
128
419
195
130
129
422
201
131
461
126
130
129
415
128
128
425
129
139
157
368
130
127
472
202
130
148
419
196
126
424
184
127
155
422
198
126
420
197
126
131
425
123
128
421
196
126
156
456
147
130
475
197
124
137
274
156
129
425
176
127
128
420
123
127
547
168
126
127
415
122
127
420
122
140
141
418
127
126
420
196
127
141
426
126
126
333
131
141
139
426
195
127
421
167
126
128
419
183
127
547
197
127
139
418
196
129
414
201
127
138
548
197
128
425
124
139
329
392
122
133
477
197
142
140
420
197
128
428
124
141
139
416
129
127
420
127
128
141
426
185
139
428
193
125
139
418
159
261
482
124
127
128
396
199
139
424
185
139
140
420
126
129
425
123
126
126
423
183
127
426
160
141
139
422
184
128
425
163
128
127
422
123
127
423
182
141
139
418
193
124
425
123
127
423
197
127
126
546
201
126
416
127
129
128
422
126
127
424
123
141
141
370
192
129
493
167
127
129
419
152
127
427
202
139
138
425
201
127
546
140
140
143
549
189
141
422
197
128
125
410
124
129
426
193
142
136
420
139
140
424
125
127
126
423
197
140
425
157
140
138
419
168
131
428
196
141
141
428
159
126
417
156
128
130
420
167
127
548
182
140
139
427
167
127
421
122
129
141
550
204
137
550
125
126
128
423
196
141
431
189
127
142
337
183
128
427
124
139
139
421
196
129
425
123
140
140
551
193
140
423
122
128
126
420
201
127
420
185
130
130
417
188
126
337
180
138
140
422
200
127
420
130
128
143
425
194
132
428
193
142
140
419
125
133
429
194
126
127
420
197
140
426
184
126
263
481
122
127
472
201
137
141
548
127
128
420
127
141
140
422
204
126
421
185
128
129
422
197
129
425
192
129
125
429
122
402
395
128
127
141
393
178
128
553
123
128
131
422
200
128
419
198
140
138
421
189
127
425
135
130
129
424
197
128
422
141
139
137
434
142
129
363
143
144
141
412
200
130
428
126
129
139
421
194
128
431
178
142
141
424
146
127
421
180
139
144
556
197
128
422
200
140
138
420
157
131
551
123
140
138
419
123
126
421
184
125
126
546
160
127
427
190
140
138
420
130
127
424
198
129
140
418
188
140
552
125
139
144
427
123
128
425
151
141
140
420
120
139
424
125
127
141
547
201
127
420
141
139
137
336
185
141
419
125
126
127
421
133
139
550
122
126
127
423
197
128
425
126
126
140
417
185
140
414
140
142
139
423
128
140
262
130
139
140
423
127
128
424
196
126
424
173
138
139
551
196
127
423
125
127
141
421
127
129
429
124
130
129
552
201
130
332
126
144
141
428
123
126
418
122
127
127
547
124
127
421
123
139
140
547
123
129
550
121
127
126
421
127
126
426
188
130
343
392
197
131
352
129
128
137
422
123
126
427
189
143
139
425
201
124
419
196
139
140
424
197
129
427
197
125
129
426
123
275
486
124
126
127
390
181
124
421
122
124
137
423
123
131
425
117
140
139
422
101
127
420
82
126
126
547
120
127
418
123
141
142
427
123
127
491
124
128
129
421
121
128
420
123
128
128
423
122
77
499
126
80
139
430
110
129
427
126
129
139
419
121
126
420
83
139
139
421
82
129
420
121
126
138
423
114
78
497
121
125
138
420
115
131
429
102
128
126
548
122
128
427
92
130
128
425
122
127
422
124
127
144
422
99
77
374
92
128
140
552
125
127
550
127
138
141
544
123
77
373
122
140
138
335
110
131
424
122
128
138
418
106
127
425
118
130
140
423
117
126
421
96
128
139
548
127
140
422
122
128
130
550
120
129
210
102
130
132
430
126
126
421
122
127
127
419
105
126
420
121
126
127
419
113
128
422
89
126
140
426
123
129
420
125
80
277
496
123
78
421
124
125
126
547
113
81
502
121
125
139
421
115
127
414
89
143
142
423
122
128
424
100
126
128
422
116
406
398
141
79
141
545
120
140
549
125
129
128
422
123
127
421
90
126
125
418
123
130
424
80
140
136
424
118
140
423
80
127
138
432
123
126
487
119
129
125
414
79
127
424
89
127
141
424
119
140
423
124
129
131
423
113
126
428
119
79
127
430
118
126
426
126
127
425
122
131
142
551
125
128
422
86
139
140
421
146
127
550
122
138
138
420
123
77
371
123
127
128
421
96
125
425
112
127
127
421
111
82
507
115
126
126
513
123
77
399
85
127
139
384
126
128
526
121
125
138
542
125
127
552
126
129
126
420
120
125
552
126
139
141
424
123
127
422
126
83
126
424
123
126
422
121
128
130
422
122
139
424
124
127
127
336
124
128
417
120
126
128
425
123
142
423
125
127
126
422
105
131
549
99
127
124
547
123
140
424
117
128
127
420
123
128
339
84
126
127
421
94
127
553
126
129
128
422
113
127
549
124
127
129
552
126
128
424
107
128
126
423
95
141
551
120
127
478
405
95
125
469
101
127
127
547
123
127
419
120
126
127
419
118
139
557
123
129
128
425
117
126
420
103
128
131
423
122
261
481
122
94
89
467
124
138
423
83
139
140
421
86
91
372
79
142
138
422
125
141
421
126
142
141
444
105
143
472
121
95
138
439
124
80
393
123
79
77
389
123
76
467
125
80
128
400
122
125
548
125
130
138
422
103
126
424
122
126
140
425
97
127
421
111
139
142
423
195
127
421
125
126
139
418
123
129
426
125
126
139
482
120
138
665
125
128
127
551
122
127
428
123
126
127
420
122
126
422
123
125
127
421
121
140
418
80
126
128
417
92
127
422
120
128
142
416
104
91
497
122
89
138
331
108
140
547
123
92
88
373
119
129
547
123
141
142
418
119
129
557
119
143
138
422
122
140
418
143
138
138
540
124
128
337
125
141
139
426
124
126
546
126
137
140
447
188
125
437
125
127
139
549
123
125
411
125
140
140
458
99
126
421
123
126
491
476
117
132
551
128
128
423
175
139
139
430
115
129
420
122
139
138
547
206
141
424
95
125
139
416
76
128
552
82
125
591
561
124
127
581
118
140
139
546
120
130
424
108
126
139
549
126
129
424
123
127
137
430
194
128
549
125
128
128
425
103
324
562
202
129
142
552
135
131
554
125
132
142
424
119
127
549
126
126
139
421
122
142
550
124
125
139
545
202
138
552
123
126
138
550
122
129
420
123
127
139
421
125
128
424
115
94
139
417
100
127
424
125
137
139
424
120
126
548
114
139
138
541
124
125
425
87
128
128
418
123
128
418
99
142
137
417
187
128
550
200
127
139
550
123
129
553
124
129
139
419
116
130
551
140
137
138
548
121
127
418
115
131
139
550
200
140
452
197
127
140
421
80
127
549
123
127
133
425
79
140
430
84
129
143
338
124
127
422
143
145
144
429
125
80
501
124
139
137
438
200
127
415
81
139
139
442
125
127
423
99
128
138
416
120
142
367
81
141
138
425
120
125
419
151
127
141
424
122
126
423
117
140
138
424
121
126
426
117
128
138
544
199
141
547
124
139
306
407
125
250
535
123
126
140
417
81
247
407
99
138
147
541
183
123
542
122
125
123
417
184
147
417
120
131
148
412
124
375
409
128
126
140
550
121
251
541
197
127
141
547
123
251
407
184
126
157
435
176
144
447
127
140
148
536
108
152
425
123
127
245
411
120
242
411
122
126
149
537
121
250
412
124
127
156
545
120
250
429
121
130
149
404
122
242
411
87
126
245
415
121
147
415
84
127
148
406
121
245
530
97
127
146
539
99
125
414
123
128
141
436
122
250
544
124
81
154
541
125
241
535
123
246
537
114
124
153
537
118
249
411
124
127
148
540
114
124
542
122
126
150
540
77
250
428
122
126
147
438
165
140
417
96
127
144
420
92
129
424
122
128
140
419
123
138
552
126
126
139
421
126
125
417
116
129
138
414
89
126
548
124
126
139
340
118
133
445
195
128
129
420
88
125
462
125
138
138
426
121
127
420
81
128
139
420
79
129
420
129
139
139
549
125
372
274
122
127
138
395
102
126
421
123
125
139
423
122
127
423
97
140
138
419
121
128
426
117
128
142
420
198
137
420
111
125
303
372
122
127
463
127
137
151
353
111
77
420
104
125
148
544
123
128
550
121
127
156
374
107
83
446
125
127
167
446
123
441
480
112
125
141
526
94
243
533
113
128
138
417
128
153
406
123
125
148
412
124
245
535
120
129
154
540
121
249
536
99
129
147
401
123
78
501
111
130
128
420
158
129
425
114
127
140
420
121
127
417
110
127
141
422
116
128
425
90
79
140
542
122
128
423
100
138
140
548
114
130
544
123
126
146
549
124
140
546
118
127
138
416
117
77
499
163
140
140
426
120
127
424
114
89
139
416
92
126
419
122
138
145
421
125
141
420
83
132
126
419
81
138
414
103
139
138
421
83
141
425
125
140
141
208
101
77
500
120
88
138
419
124
138
419
102
136
137
415
121
138
424
124
138
142
423
121
139
548
127
141
139
416
119
140
338
126
141
139
421
97
139
427
110
140
139
418
127
142
423
95
140
138
544
124
142
426
126
140
138
421
98
144
426
99
139
461
486
116
139
471
121
140
138
421
93
141
418
120
139
139
418
118
138
544
124
140
138
419
125
139
421
122
140
547
126
141
330
393
190
139
477
120
141
139
424
112
138
420
127
141
139
425
116
140
422
120
90
139
417
125
141
538
144
140
140
421
121
267
397
131
139
137
449
126
138
423
95
140
140
536
105
142
480
141
138
141
550
125
138
413
128
137
139
418
116
140
415
126
138
140
551
103
140
432
139
139
137
424
115
141
418
119
140
142
551
121
140
416
98
138
139
547
124
139
419
128
138
137
413
123
137
424
125
142
141
423
91
140
419
126
91
141
549
126
139
415
127
142
142
419
124
143
422
122
138
140
546
126
140
416
120
141
140
424
116
141
551
138
140
140
415
107
138
414
126
140
139
421
105
141
416
127
139
140
421
118
92
368
92
140
138
337
124
144
420
95
138
142
420
125
140
427
127
140
141
417
125
141
547
127
140
139
417
122
140
419
123
139
140
418
118
89
288
124
140
142
420
118
141
545
126
142
139
422
107
138
418
127
139
140
419
125
140
414
127
141
142
417
115
141
419
122
139
467
480
123
373
492
125
139
142
433
119
140
461
122
141
138
413
126
140
417
131
140
138
416
127
140
424
127
140
141
420
125
276
395
125
140
140
392
125
139
422
127
88
138
413
96
140
327
122
139
139
422
102
142
420
114
140
141
553
123
141
416
123
140
136
437
124
142
465
124
89
138
448
125
139
484
128
140
138
563
121
137
411
104
140
141
548
115
137
413
99
139
139
421
109
140
424
122
91
141
541
124
140
543
128
142
138
424
148
139
407
125
138
139
549
126
138
420
93
138
142
550
124
93
380
200
141
138
421
106
139
547
124
140
139
422
138
140
420
125
139
139
415
103
139
419
117
90
369
120
137
138
415
116
140
423
119
137
138
415
94
90
498
123
140
141
423
113
148
421
121
137
148
366
116
142
346
122
140
148
421
122
138
418
121
141
147
146
123
141
363
109
141
140
393
106
147
421
108
141
142
422
140
139
413
128
140
138
412
93
149
418
125
92
146
418
117
147
150
121
140
147
421
104
142
292
127
140
157
420
125
147
413
126
140
142
425
92
142
457
123
144
139
393
120
149
419
126
138
328
379
115
139
472
109
140
147
414
121
146
421
198
140
149
455
119
149
426
104
140
148
433
106
140
418
118
137
143
420
125
269
484
125
140
139
446
108
140
418
127
139
141
417
121
141
545
127
93
141
419
117
141
419
128
140
138
548
125
140
418
127
139
140
548
97
142
416
98
139
142
415
116
142
426
104
145
142
420
90
144
423
123
139
141
420
128
141
423
116
137
138
409
123
138
428
126
137
140
422
120
141
424
125
141
140
547
127
141
462
146
112
415
482
111
106
90
394
442
229
124
139
140
136
362
393
174
90
91
214
370
125
137
138
416
125
139
420
107
139
143
423
115
140
423
124
139
139
445
123
140
435
128
139
141
331
111
141
424
128
140
139
418
114
138
421
128
139
137
421
121
138
548
122
138
140
415
98
140
423
111
139
138
419
125
140
203
98
142
140
421
121
141
549
120
140
139
417
93
139
626
124
138
139
423
124
139
420
107
140
141
424
114
93
503
127
141
325
480
126
91
445
130
137
140
418
122
90
499
126
138
137
415
126
141
486
119
139
139
559
125
140
421
121
141
128
426
119
452
556
139
139
141
423
109
375
493
125
140
141
516
119
139
424
122
139
410
128
140
136
415
126
139
415
116
140
139
412
121
413
325
125
140
139
516
120
139
416
127
138
141
420
123
141
418
124
140
139
416
120
142
416
124
139
142
426
124
140
423
107
90
140
430
125
138
383
107
139
139
426
126
138
426
121
141
141
421
124
139
422
127
141
140
416
120
139
420
129
137
140
419
127
138
421
127
140
139
415
93
140
426
109
142
140
545
122
139
420
125
163
140
415
125
138
421
127
139
139
419
123
139
418
124
140
138
418
119
140
300
105
141
138
412
117
144
430
123
138
140
416
122
140
422
127
141
139
410
106
90
430
94
138
139
345
122
141
420
99
141
138
550
125
143
420
98
140
139
422
124
139
417
190
137
139
416
122
139
419
120
139
141
422
114
137
331
104
138
141
438
98
141
422
127
143
143
419
99
138
419
141
139
139
418
96
138
468
102
138
138
415
112
139
550
122
141
464
445
122
140
548
95
92
140
417
118
139
419
105
140
138
421
117
138
423
127
139
140
418
123
139
416
111
141
140
419
124
335
441
123
138
140
285
97
139
419
124
139
139
549
140
140
419
123
140
141
419
112
141
419
125
139
137
417
121
142
468
125
138
143
546
119
140
550
128
138
141
417
127
141
422
124
138
139
417
107
138
423
141
139
142
426
105
143
466
106
143
141
291
122
140
423
115
139
138
415
118
139
410
112
139
140
417
126
137
465
127
144
138
419
125
139
418
123
137
140
417
117
138
420
91
136
137
415
93
141
420
118
138
137
428
126
139
472
125
141
140
419
107
141
424
126
138
141
417
124
141
419
105
139
139
335
126
139
467
127
139
422
127
140
138
420
124
139
422
124
138
142
415
110
139
420
123
139
141
418
122
139
422
127
138
139
260
126
141
426
122
91
89
505
117
141
420
122
138
140
421
119
141
423
93
140
137
419
122
140
420
128
139
139
418
121
138
210
116
145
139
550
125
141
424
126
137
140
414
126
138
446
123
140
139
409
122
139
423
142
137
137
420
93
139
422
92
138
220
415
120
144
352
127
140
141
427
121
139
419
140
139
139
417
123
138
419
120
140
140
417
104
139
414
126
139
140
417
120
219
466
124
138
141
532
122
138
422
121
474
431
177
84
139
421
124
138
140
552
125
137
419
124
140
139
548
111
141
437
126
138
139
424
121
141
425
126
140
139
420
126
137
419
124
139
139
414
120
141
424
121
143
141
420
127
141
424
105
139
139
418
129
139
421
98
140
139
418
122
138
423
108
141
139
413
121
138
468
127
139
141
419
126
141
421
127
89
140
414
122
139
417
125
138
140
419
127
140
421
99
139
138
416
125
142
424
124
138
140
439
121
90
500
104
161
142
458
119
138
418
124
92
140
336
152
138
414
93
139
141
292
124
138
415
125
140
140
420
104
142
423
128
140
141
421
126
141
430
123
141
139
446
100
138
387
188
138
139
416
106
89
497
116
143
140
425
111
142
421
94
140
139
418
122
90
370
124
140
142
420
121
138
421
107
140
358
503
122
139
466
104
140
139
423
126
140
428
127
141
141
426
122
140
421
118
141
138
419
116
140
418
110
139
139
414
123
240
496
124
139
139
382
127
137
421
127
140
142
458
125
138
423
124
140
140
442
124
143
422
118
142
138
422
125
140
421
125
463
441
97
138
142
418
124
140
416
129
141
140
463
125
142
425
95
142
140
419
114
142
552
139
139
139
472
99
144
423
105
147
141
425
121
140
420
94
89
89
373
116
140
298
96
142
138
421
125
140
413
139
138
140
417
119
89
503
140
139
140
420
104
139
427
122
139
138
418
125
136
416
126
142
138
418
125
139
421
123
142
139
422
125
140
417
123
141
139
303
127
141
423
122
137
140
423
117
139
414
113
140
138
419
123
139
419
94
91
137
418
114
140
551
139
140
140
416
125
137
429
94
140
143
341
98
142
429
127
142
140
421
96
139
584
120
139
141
420
99
143
424
93
137
137
416
125
89
372
100
139
139
416
127
138
329
127
139
138
419
120
143
549
118
139
140
458
114
139
421
124
139
141
415
124
139
418
127
139
136
416
125
139
414
128
91
216
529
124
142
542
192
141
138
411
124
137
416
118
138
138
423
124
139
420
126
140
138
415
125
139
612
125
139
138
671
93
334
439
123
92
139
421
120
142
427
94
139
138
418
123
140
415
118
139
141
426
127
138
417
124
141
141
419
140
139
414
128
138
139
552
126
142
420
128
138
139
416
125
140
421
122
470
428
160
89
139
418
126
139
139
420
123
137
422
127
142
139
430
128
139
420
126
140
143
422
123
140
416
106
137
139
420
122
88
494
126
137
139
423
125
138
474
128
140
139
421
105
91
370
124
138
140
550
121
139
411
120
139
140
427
123
139
422
124
90
139
419
121
139
428
127
142
138
413
126
142
470
120
139
137
440
122
138
420
119
138
144
420
125
141
551
127
141
139
418
117
138
553
128
140
140
547
124
142
549
129
115
140
422
100
139
337
92
139
140
420
116
91
498
121
140
545
127
140
139
422
124
142
427
115
139
141
417
124
142
421
115
137
139
460
124
141
338
94
138
140
418
125
139
428
121
140
140
422
124
140
424
123
140
139
419
108
139
544
94
141
138
451
120
89
412
96
139
348
491
125
140
549
121
140
140
423
125
142
417
125
138
138
413
95
141
422
124
139
137
418
124
140
419
127
138
141
418
125
331
440
126
90
279
575
118
140
550
123
91
92
498
119
138
289
158
137
137
411
122
139
424
126
138
139
551
124
138
419
127
141
139
446
124
139
379
116
141
141
419
121
140
427
119
139
140
419
125
139
417
113
139
139
418
122
138
423
127
143
139
425
125
141
420
122
138
138
415
140
139
420
126
140
139
425
121
139
416
122
140
142
551
125
142
422
121
140
139
418
120
141
425
125
137
138
416
125
141
545
121
139
139
297
125
142
415
128
138
139
419
125
141
419
125
139
140
413
122
136
413
129
138
141
153
104
139
422
120
140
141
420
123
136
419
127
138
141
422
95
139
547
126
139
139
550
125
140
416
105
138
141
425
124
142
140
92
139
138
436
123
139
422
126
137
140
416
117
139
420
125
141
139
421
125
141
425
126
139
139
417
125
140
416
123
139
589
437
122
140
552
119
137
139
420
96
139
471
124
141
138
422
126
143
423
124
141
142
300
128
139
414
124
139
140
414
123
331
567
113
140
142
421
127
140
416
127
141
139
430
128
141
423
117
91
143
442
114
140
415
126
140
141
420
118
88
494
122
139
139
455
106
139
380
123
139
140
413
116
141
422
138
141
138
419
127
140
424
121
89
503
115
137
142
418
118
139
418
107
138
139
381
116
141
376
119
140
140
406
123
138
423
126
139
141
414
92
347
435
121
89
141
352
98
141
520
128
139
138
448
126
139
387
106
140
143
456
121
138
417
126
139
142
415
125
138
536
125
141
141
291
124
141
434
106
140
143
425
100
142
469
108
140
138
418
97
143
421
117
141
138
295
99
138
418
115
140
140
421
122
138
415
127
142
141
422
125
140
422
127
140
141
210
91
141
426
123
89
138
421
125
139
420
122
141
139
421
103
139
418
118
140
140
548
117
142
422
122
90
141
421
97
159
355
125
138
137
416
111
89
494
128
141
138
413
121
138
422
126
139
140
414
124
139
420
116
140
144
295
95
138
417
128
139
311
412
122
140
466
102
138
138
421
97
140
424
127
140
139
417
126
144
411
114
141
140
423
94
141
410
113
140
140
419
123
222
411
126
138
140
415
125
139
426
118
142
138
419
102
141
422
124
139
138
417
117
141
303
106
141
143
459
92
139
432
129
139
140
439
124
141
382
106
138
140
415
123
142
425
125
136
138
420
125
142
426
125
138
139
551
113
138
416
124
140
140
420
122
139
295
105
141
140
422
124
139
425
106
145
144
421
124
91
499
125
139
140
428
114
139
421
126
137
137
407
124
139
422
126
143
141
423
124
141
425
126
145
136
416
123
140
424
127
139
138
424
126
139
416
117
139
140
460
120
138
417
127
142
138
328
128
140
420
120
140
140
420
124
139
422
102
140
141
413
99
141
422
189
141
139
425
99
139
422
111
90
137
417
124
142
329
143
137
141
420
124
140
421
124
138
139
417
124
142
416
117
142
140
417
99
139
423
128
138
409
129
138
138
420
91
139
334
118
140
138
555
122
90
374
124
140
139
418
107
139
411
185
142
139
427
123
141
418
125
140
141
415
125
141
421
116
143
370
484
126
137
345
114
139
140
418
104
139
413
104
139
139
424
91
149
430
122
138
141
415
106
139
417
130
139
139
420
125
387
479
123
138
138
511
99
140
547
127
90
139
434
92
139
421
106
140
144
499
117
139
659
128
143
140
549
124
139
421
125
140
140
417
118
140
547
126
141
137
420
125
142
549
123
138
139
419
124
138
541
122
139
140
418
124
141
418
97
148
140
422
124
150
658
123
142
142
422
98
141
423
93
139
141
418
125
141
420
127
142
139
421
101
337
410
117
92
139
417
127
141
420
114
139
139
417
109
140
418
128
140
140
549
195
141
421
128
140
138
419
124
141
418
126
144
139
416
127
138
412
99
139
139
343
120
139
421
127
139
136
544
122
137
419
125
140
139
420
125
139
420
93
141
142
281
97
92
389
121
92
138
419
198
140
334
118
138
139
548
117
140
417
125
88
139
420
124
139
422
122
140
139
421
125
88
368
127
139
140
426
123
139
414
120
90
361
414
96
120
447
121
142
141
420
125
141
422
102
140
140
411
120
139
422
197
138
140
424
125
139
413
109
138
137
418
151
356
404
107
138
140
394
98
140
426
122
139
141
426
107
138
288
92
139
140
552
122
89
373
93
138
139
546
108
92
496
127
139
138
451
125
139
460
123
140
137
413
122
142
422
105
140
141
426
125
89
369
126
139
138
414
124
138
422
126
140
138
415
126
138
419
100
94
137
420
124
138
418
122
140
140
416
96
141
419
123
92
377
121
89
140
418
122
141
425
127
145
141
417
96
139
421
110
140
138
408
98
138
420
122
140
137
417
124
142
420
114
138
141
416
123
139
415
127
140
139
423
126
140
425
113
141
138
413
123
139
538
122
140
138
415
113
142
412
95
142
138
413
124
137
424
183
143
140
414
108
137
545
112
139
139
332
104
141
422
127
140
141
426
125
139
424
113
139
139
417
107
139
416
128
138
138
461
127
92
517
118
140
142
465
126
141
335
124
90
141
423
125
139
422
109
141
144
417
120
141
546
128
142
138
419
204
139
421
142
139
144
421
113
140
417
141
139
213
442
123
142
550
130
141
141
419
124
139
423
181
138
140
414
125
142
427
121
141
138
421
105
140
419
94
139
138
418
107
348
496
93
140
140
542
98
140
418
123
140
141
418
124
139
421
199
140
139
423
96
140
415
127
141
141
551
122
138
421
123
93
139
534
122
140
534
127
139
139
419
102
143
429
186
138
142
420
98
139
416
123
140
140
414
125
140
427
125
140
141
418
125
141
435
159
140
139
459
101
144
624
130
140
143
442
122
140
418
98
140
140
417
152
139
417
101
139
136
415
125
89
496
128
141
140
417
98
138
414
128
137
138
422
125
139
419
124
139
140
425
93
140
420
94
141
140
409
121
312
482
154
91
140
278
124
139
404
197
140
141
424
113
141
418
127
139
137
417
95
138
420
124
137
137
416
95
137
421
121
137
137
418
126
91
282
127
138
139
549
124
139
296
125
139
138
416
125
137
420
102
139
141
422
95
141
426
94
142
142
425
118
91
498
110
139
470
483
116
138
466
127
139
139
422
114
137
419
127
138
139
418
111
93
505
119
139
421
203
139
138
422
125
139
427
98
140
215
323
94
137
467
122
140
166
450
105
91
500
107
139
138
413
170
139
422
125
141
139
550
118
92
499
124
140
138
412
116
404
486
126
92
143
550
119
140
420
105
139
141
548
123
89
500
126
140
141
426
114
140
425
199
138
139
420
109
140
417
124
139
141
435
126
140
382
190
139
140
419
122
144
552
127
141
139
416
122
89
482
126
90
140
416
125
138
415
109
140
139
425
122
138
421
127
140
142
426
121
139
418
95
141
139
423
125
143
411
126
142
140
420
139
141
423
113
146
143
413
117
137
418
116
137
139
427
104
142
585
123
137
144
486
141
139
423
197
138
138
414
145
140
492
123
140
139
420
121
137
419
126
140
140
335
125
140
422
127
139
141
554
124
139
417
98
141
138
416
124
141
419
127
141
140
416
120
145
427
128
140
143
422
101
145
338
93
144
139
419
126
139
416
93
137
136
415
120
139
291
162
140
139
411
95
139
418
123
139
140
415
106
139
431
128
140
466
570
97
139
421
98
89
97
510
193
136
418
123
137
138
420
124
142
424
126
137
137
548
92
137
415
116
140
141
419
168
278
407
125
139
137
392
105
140
421
122
139
139
417
126
138
421
112
140
140
420
120
137
537
127
138
92
504
127
141
426
127
139
139
438
125
91
505
125
139
140
490
125
89
491
128
139
142
421
127
141
421
93
89
137
414
94
139
427
122
138
139
414
114
138
424
122
141
141
549
112
87
370
115
139
141
415
125
91
377
108
140
139
419
124
141
417
99
137
137
414
125
140
420
113
138
138
462
122
143
444
120
142
451
122
137
138
417
123
139
435
125
139
139
414
126
139
421
126
140
139
418
123
141
423
128
143
137
410
113
141
424
104
140
138
424
110
142
418
138
141
141
419
119
139
545
128
142
139
419
108
141
419
121
141
370
268
121
144
409
122
138
141
404
124
139
411
122
142
140
427
129
93
380
114
139
139
545
122
140
422
127
138
138
418
126
139
335
124
139
139
297
96
142
428
124
139
138
414
93
89
500
128
140
139
425
104
139
548
123
91
139
420
116
139
421
120
91
405
495
122
140
372
125
140
137
421
106
139
418
122
139
141
421
127
140
431
128
139
139
419
126
139
422
121
139
138
542
123
319
404
127
138
137
653
122
124
546
125
128
281
565
114
128
430
100
126
143
424
124
126
423
120
130
142
425
125
129
422
82
127
142
424
125
128
431
83
131
138
416
90
130
419
111
125
139
420
111
78
493
124
126
140
423
102
130
426
119
128
128
419
122
141
550
125
127
127
419
105
128
425
93
129
142
429
121
127
551
123
78
141
427
126
127
418
122
127
139
416
125
80
372
106
127
139
372
99
127
386
125
78
138
547
121
131
422
99
139
139
422
124
126
426
123
78
125
425
123
76
371
84
133
138
335
119
126
422
81
129
138
422
123
126
414
97
127
144
432
123
128
477
124
128
140
553
121
128
426
106
125
139
548
195
129
336
126
139
141
421
117
126
427
124
126
141
425
125
127
419
126
124
139
422
188
137
422
121
127
126
422
122
128
419
124
140
212
445
125
139
425
99
127
138
417
109
126
426
125
77
139
288
85
140
427
123
127
136
543
116
127
437
124
139
140
421
123
451
544
122
126
153
532
120
244
409
100
125
137
417
89
129
440
122
80
499
81
127
138
421
197
141
540
80
139
140
545
95
494
662
120
135
140
533
120
131
444
125
142
141
547
128
147
664
127
128
140
420
122
244
535
94
129
140
658
122
128
422
126
128
139
417
123
130
429
106
77
139
428
117
127
420
90
126
140
418
107
127
420
124
127
139
418
114
129
427
123
129
137
291
89
129
428
115
129
140
414
98
126
421
125
138
138
420
139
139
422
124
141
140
421
122
125
549
125
130
139
423
118
140
427
126
127
138
425
124
128
467
125
139
140
420
124
128
437
116
126
139
427
121
126
416
122
142
141
423
125
129
304
92
92
138
204
124
129
426
123
128
141
424
122
126
420
121
126
141
434
107
128
435
81
78
126
422
126
141
426
124
126
138
417
122
140
330
98
128
366
498
123
129
441
110
125
140
411
121
127
534
124
139
139
544
119
127
430
109
127
139
442
119
76
403
104
78
351
414
95
127
494
121
129
138
421
116
142
425
122
127
139
419
123
78
500
127
89
139
419
123
128
419
117
139
139
429
124
340
478
81
128
139
434
98
139
422
121
126
144
424
120
78
501
123
80
140
553
121
127
418
125
138
141
418
118
135
431
84
126
140
444
123
128
494
122
80
139
446
123
127
546
112
126
174
335
121
126
420
81
129
138
415
82
128
438
105
80
130
441
122
126
548
125
126
139
420
121
127
422
105
127
139
425
99
127
422
111
140
139
415
83
139
422
105
128
138
548
120
128
550
125
76
140
420
122
127
423
123
126
126
420
122
143
553
123
142
138
424
122
77
501
117
78
140
541
125
127
548
124
140
141
337
122
80
506
120
142
140
420
119
77
502
124
127
434
123
127
146
426
122
128
419
122
125
138
417
120
132
431
97
130
141
329
112
135
429
121
128
140
550
121
127
428
125
143
139
420
107
129
425
125
143
140
428
121
77
368
120
127
125
544
120
128
253
77
139
141
418
105
127
418
94
128
139
423
96
126
424
118
124
128
421
125
142
418
106
128
138
414
118
129
426
81
127
342
482
123
128
472
125
126
140
416
105
128
452
102
129
142
420
105
127
446
114
139
144
524
124
141
428
124
78
140
422
126
469
442
120
127
137
419
121
129
423
125
126
140
419
78
77
370
106
128
127
421
121
127
416
118
78
127
427
80
137
419
81
126
127
310
105
80
401
103
128
125
483
124
127
401
107
126
139
423
121
128
421
124
127
138
546
117
127
426
123
127
140
422
124
126
426
123
129
140
418
122
127
420
123
128
140
421
99
126
413
121
128
129
429
122
132
418
124
129
138
424
108
127
422
84
128
138
421
89
140
422
122
126
142
461
123
130
501
105
141
140
444
77
140
549
125
139
138
422
80
127
546
126
128
140
333
195
126
467
119
128
139
418
82
126
424
107
127
138
418
117
127
429
97
127
140
423
125
129
548
124
139
138
422
125
129
335
120
126
139
423
122
128
422
121
140
139
419
125
126
426
123
130
139
419
83
141
423
124
126
138
413
122
76
501
123
76
289
410
122
128
470
128
76
343
411
151
80
492
124
126
128
416
124
126
421
84
126
141
412
114
127
415
99
126
141
423
124
301
325
123
93
138
516
124
141
420
123
125
136
419
120
77
500
119
143
140
430
120
77
498
124
127
139
425
123
127
436
102
131
137
519
123
77
392
80
128
435
124
127
141
408
120
77
373
119
126
142
413
113
127
421
125
141
143
434
123
76
375
125
129
98
385
125
90
445
111
127
140
454
123
127
572
109
127
140
422
105
141
682
188
139
138
348
125
127
413
125
79
138
422
81
129
426
123
77
142
458
123
126
422
99
128
138
419
123
126
416
125
126
128
428
91
129
428
123
128
140
420
83
127
423
124
126
139
407
121
76
500
123
138
139
414
85
128
427
118
126
139
414
87
130
427
119
125
143
430
122
125
419
113
128
127
331
126
129
431
124
139
140
460
124
126
412
98
126
142
426
120
129
428
124
127
139
420
115
126
422
102
127
140
430
83
125
335
99
77
126
415
123
129
418
124
142
140
424
116
129
429
124
129
140
420
123
127
416
118
128
139
417
82
76
378
122
141
398
305
81
125
464
124
126
128
425
114
129
426
125
131
127
421
124
78
401
123
129
139
508
123
128
537
124
129
138
420
123
318
425
125
127
139
547
121
124
424
83
126
138
417
95
127
545
125
128
139
545
115
127
419
119
128
139
415
123
82
501
110
128
130
358
94
126
383
125
125
139
544
120
126
424
124
126
126
420
110
90
487
98
129
137
423
122
77
375
100
126
140
455
123
131
451
127
138
142
425
122
127
424
126
138
141
427
125
129
420
126
141
142
416
122
127
417
194
140
142
423
119
131
428
100
141
138
418
127
127
489
89
127
139
417
102
126
579
124
127
140
419
125
129
425
115
140
140
424
122
126
420
113
126
139
201
122
127
419
101
129
140
419
123
127
424
123
127
140
417
126
126
416
120
127
140
419
123
128
422
121
127
139
428
124
141
328
114
126
424
79
130
139
421
123
76
372
127
140
141
418
124
129
419
102
79
88
499
196
126
418
123
126
140
542
116
128
330
92
126
140
415
110
129
430
82
141
140
420
111
127
422
81
126
144
433
125
128
423
109
132
140
422
121
126
414
126
127
408
409
125
140
489
125
127
140
424
123
126
210
92
139
138
420
126
139
554
124
127
139
422
125
129
552
124
125
139
419
122
258
488
125
129
140
410
87
78
493
125
139
140
549
91
126
420
85
128
138
417
123
126
417
120
78
139
414
121
125
421
125
128
139
443
123
140
489
117
140
142
422
122
127
419
115
126
141
423
124
128
430
95
127
141
551
123
129
564
116
143
141
460
101
139
371
124
127
128
414
116
129
424
125
142
138
420
121
79
374
121
140
139
416
102
79
675
155
90
142
486
107
126
525
120
128
142
421
90
78
497
125
129
143
551
81
127
413
118
129
141
426
123
125
418
124
140
139
410
126
125
423
80
127
139
332
121
128
424
113
127
141
442
83
138
419
127
127
142
419
125
128
433
106
128
139
460
122
126
420
127
126
144
422
125
126
207
121
129
140
417
121
127
544
124
126
138
547
80
129
420
112
126
138
291
119
132
548
122
128
141
426
118
126
432
99
133
325
440
127
129
425
109
129
141
424
120
127
424
124
125
141
418
124
127
418
95
126
138
423
90
76
496
121
131
138
415
123
343
455
104
125
126
421
81
126
420
117
128
139
420
123
127
421
124
126
139
417
124
139
426
124
127
139
423
121
126
422
126
129
142
429
118
128
387
127
126
144
420
124
126
421
88
127
145
419
118
126
421
124
126
126
419
122
127
429
116
75
509
129
137
139
436
123
126
420
161
126
141
292
128
76
496
128
125
129
422
123
131
427
125
128
137
417
123
127
420
125
139
140
419
124
90
504
124
130
140
547
120
127
551
124
126
139
420
124
126
423
123
141
139
416
98
126
287
92
126
157
168
398
220
122
78
337
409
204
77
126
128
133
217
409
242
78
76
127
359
444
153
77
78
130
143
368
436
262
78
127
173
422
122
125
139
325
120
127
416
112
129
140
427
92
124
416
84
140
139
421
121
126
422
87
127
142
424
117
131
425
119
126
139
423
110
127
326
188
139
139
421
121
130
420
125
129
127
421
124
127
550
124
140
140
423
101
78
501
126
126
140
419
109
129
424
107
132
474
454
113
132
421
122
129
138
418
122
126
420
120
127
125
295
81
130
424
117
139
139
421
93
127
551
119
126
139
419
105
450
436
80
139
140
419
123
127
596
124
131
137
563
85
127
181
144
139
140
422
120
88
497
125
128
128
362
107
78
438
125
126
140
382
121
126
412
108
125
139
442
120
125
451
119
141
136
420
123
129
419
123
138
141
425
123
131
550
124
143
137
420
121
138
423
126
126
137
411
122
127
424
125
140
139
420
121
124
408
123
126
138
425
121
125
430
123
129
142
423
122
125
419
129
127
138
422
123
127
418
123
127
139
419
122
128
548
138
141
139
547
80
129
425
123
126
136
419
123
128
686
192
90
136
296
97
241
662
123
126
139
419
195
138
662
125
129
139
417
125
129
421
90
127
140
416
122
138
544
123
128
142
419
126
238
252
83
128
139
420
123
246
534
126
126
247
540
97
246
670
116
129
142
542
114
246
539
83
253
417
130
138
137
545
95
138
258
127
139
148
424
180
242
409
127
138
138
419
113
250
411
126
125
139
411
113
138
415
119
127
140
415
101
139
424
124
140
634
547
120
79
504
130
136
138
422
119
248
415
122
127
141
422
124
148
539
124
126
140
409
121
244
662
125
139
139
420
123
515
522
122
126
141
421
94
138
417
104
140
143
551
120
248
412
125
127
140
544
97
144
403
123
126
140
414
109
139
420
116
128
248
409
89
246
666
203
143
140
418
126
138
418
95
127
126
551
109
248
536
139
140
141
420
127
252
540
99
127
139
416
125
142
548
126
126
139
419
106
142
423
114
140
139
424
89
127
413
123
128
150
371
123
136
464
128
140
140
419
127
148
421
126
142
141
416
121
78
500
124
141
139
419
110
125
425
107
138
140
425
106
131
426
125
125
137
418
122
122
417
129
126
139
147
121
149
426
120
139
142
424
122
130
418
128
128
138
423
121
126
426
90
141
141
417
125
125
547
126
138
136
416
109
133
278
125
139
138
419
120
128
424
123
138
141
424
124
132
553
125
138
137
545
122
128
420
83
140
139
420
124
139
456
126
140
381
377
123
138
346
125
140
141
415
106
122
489
125
77
139
408
121
127
545
125
139
142
421
110
129
458
121
129
126
406
82
398
415
102
127
141
413
79
129
432
127
89
138
545
121
125
428
98
138
137
419
120
127
421
122
127
138
418
134
128
422
124
127
125
423
118
138
493
124
140
143
413
195
127
423
125
144
139
422
123
139
193
76
124
126
430
122
129
478
114
126
131
422
126
141
419
101
139
140
421
125
140
427
125
140
137
422
179
128
421
127
138
429
122
139
140
421
121
126
415
129
141
138
421
123
76
376
93
140
139
296
86
129
386
122
140
140
421
105
140
425
128
89
139
420
126
138
423
126
140
139
426
125
137
417
97
138
137
423
120
129
424
125
127
139
424
107
129
423
128
125
126
416
123
140
421
124
140
139
424
98
130
430
122
127
143
558
122
95
469
124
130
140
429
125
139
550
123
127
140
423
126
138
419
124
127
127
552
121
125
418
126
139
140
411
128
140
328
119
127
140
428
121
142
318
133
128
140
418
122
140
422
124
141
138
426
81
127
422
94
128
138
480
100
139
552
121
127
407
491
120
128
366
98
128
126
446
122
130
388
114
129
139
418
120
127
423
129
142
145
552
114
132
430
106
143
140
427
119
409
489
120
141
138
413
123
127
423
124
138
140
422
121
128
423
125
126
142
439
119
130
424
121
142
141
420
125
139
422
126
126
139
378
126
139
492
117
139
139
414
119
125
431
98
127
139
421
121
139
549
124
128
127
557
122
138
413
126
138
138
417
122
139
424
106
146
140
414
141
143
421
124
140
139
421
123
138
427
113
126
138
424
121
126
420
125
139
143
424
123
141
424
85
139
140
424
122
138
548
125
126
137
541
120
125
416
125
90
141
425
119
127
413
121
129
142
416
99
140
426
125
139
140
333
104
125
426
123
126
140
425
127
142
430
124
131
126
422
125
124
420
128
139
140
419
122
133
437
117
142
139
426
97
139
336
126
141
141
421
122
128
551
124
138
138
508
126
141
535
124
126
138
418
124
127
418
121
139
138
428
120
126
434
125
130
466
572
120
127
546
127
141
139
424
123
127
419
79
126
553
81
141
140
445
119
141
418
121
139
141
415
115
126
425
113
90
485
408
121
243
406
89
127
140
552
120
144
416
126
128
140
551
123
139
540
125
127
137
395
123
243
538
129
129
142
424
114
517
416
88
141
142
518
126
140
547
126
129
244
535
91
241
421
124
140
139
424
124
142
456
109
128
130
396
119
141
416
117
130
141
421
76
138
386
125
126
139
419
83
126
424
117
142
140
415
126
140
436
123
126
141
197
89
141
551
125
140
140
418
125
141
430
125
126
128
417
131
128
440
125
139
140
424
125
140
425
124
143
140
430
111
125
419
82
127
140
421
80
131
429
125
141
142
424
123
130
422
83
127
128
421
125
127
433
112
129
140
549
121
131
426
116
140
139
423
152
127
424
105
129
139
323
121
140
424
196
138
139
429
147
128
421
92
127
143
421
125
141
416
178
127
141
436
93
127
422
122
129
139
545
192
126
332
191
140
139
856
123
142
409
87
126
126
425
82
141
437
116
126
140
426
123
140
426
150
126
139
419
193
127
419
197
128
415
411
195
141
380
81
130
139
423
123
139
436
89
140
140
425
122
140
428
196
143
143
425
107
127
431
106
140
138
421
174
432
373
124
139
148
417
121
135
424
153
140
139
417
185
149
495
125
126
139
421
107
130
417
102
140
141
417
101
125
422
123
128
140
353
110
129
506
126
138
142
408
101
129
426
84
138
141
369
100
157
348
123
127
142
404
118
129
420
96
127
128
423
125
126
417
122
139
140
544
125
130
551
126
136
137
419
122
122
541
124
139
141
549
124
130
546
139
140
139
420
118
144
416
124
142
140
426
121
139
456
124
142
140
394
122
139
547
125
129
428
119
139
138
425
150
172
363
124
131
153
411
122
129
547
126
141
140
551
125
128
418
133
128
139
449
116
128
429
121
128
139
543
125
127
422
93
127
126
414
92
130
422
106
125
138
278
125
140
549
124
141
137
435
124
139
420
115
128
138
548
121
127
416
99
127
140
420
89
122
541
126
140
142
424
126
128
175
91
138
138
409
110
142
428
112
140
138
425
122
130
425
179
126
139
419
123
140
410
96
126
127
421
117
127
428
111
130
465
439
121
141
597
193
139
139
419
100
138
547
120
139
143
419
97
127
485
185
142
140
423
124
127
419
79
126
139
422
123
216
440
122
127
139
550
116
126
421
125
127
126
428
117
127
546
125
142
139
420
124
139
424
123
127
138
433
141
141
437
105
80
111
410
126
92
498
125
93
91
499
92
79
502
113
81
91
368
99
98
374
100
93
93
371
89
83
388
102
93
90
501
123
94
379
105
100
90
500
120
91
376
121
92
90
373
127
91
501
121
82
89
357
102
82
406
94
91
93
189
92
92
380
125
91
95
499
117
97
430
115
81
92
390
126
94
372
122
79
79
373
84
79
383
125
78
90
422
122
92
345
101
80
78
283
122
91
506
127
93
93
427
115
81
333
77
81
90
370
101
91
382
101
92
91
505
119
79
499
126
79
91
500
125
91
288
101
81
92
406
115
91
390
79
77
91
293
119
83
449
82
78
91
502
127
94
431
123
92
97
389
105
81
499
122
92
409
432
111
89
397
103
93
92
817
130
91
409
124
92
91
461
98
92
502
100
92
93
382
103
94
431
92
94
91
387
128
255
476
130
91
89
472
118
79
504
123
94
500
103
80
91
501
81
92
431
119
92
91
387
126
91
364
106
79
77
378
116
235
421
113
80
88
473
120
93
378
119
80
92
465
118
96
393
103
93
91
352
87
92
485
116
82
92
377
98
97
387
124
77
87
364
91
79
396
108
94
91
392
115
80
389
117
80
94
357
110
79
393
116
98
97
481
119
80
492
125
91
93
506
113
76
375
89
94
89
502
122
93
389
118
78
78
375
91
82
501
114
95
91
431
114
93
338
85
80
92
388
97
83
387
103
78
92
375
113
81
506
121
90
91
434
94
80
444
126
81
93
500
125
78
504
117
90
90
503
126
82
376
97
79
90
273
118
93
474
120
92
91
433
103
91
450
123
90
90
496
92
90
375
102
81
93
429
123
93
385
122
79
79
450
121
78
238
124
91
92
430
116
77
444
115
126
129
547
119
78
380
122
126
131
447
97
83
400
113
92
91
458
122
126
531
126
139
409
405
119
81
441
121
130
128
429
120
130
458
102
141
138
423
105
126
469
96
139
141
426
123
127
427
114
138
140
419
123
317
421
99
128
127
427
107
125
421
126
139
140
549
123
131
550
124
140
137
421
122
128
549
125
126
127
288
85
80
502
128
132
139
371
83
79
394
84
82
77
366
102
77
372
99
79
142
546
125
126
417
200
139
139
546
197
127
543
86
138
139
424
99
140
430
187
126
141
414
120
142
543
115
140
141
546
80
125
424
199
138
141
421
187
142
431
202
129
138
430
127
138
421
122
128
138
418
79
140
550
127
140
141
423
108
127
421
107
139
141
424
115
142
425
196
126
139
427
114
127
421
155
137
139
190
140
243
411
126
129
470
102
128
138
417
198
129
421
124
140
140
416
116
128
418
78
127
129
447
108
130
630
122
126
140
416
97
128
418
126
127
140
288
122
142
555
123
131
141
427
125
141
435
192
130
141
419
124
142
433
109
138
142
424
114
138
327
123
142
139
545
193
127
438
122
126
142
425
114
131
549
122
128
127
418
123
142
422
123
127
139
422
105
126
544
125
128
395
570
120
130
428
126
140
139
547
108
124
431
164
139
139
429
101
128
547
123
140
142
543
120
126
417
138
141
138
422
124
452
433
120
126
139
419
120
139
418
120
142
140
420
121
126
424
124
140
141
416
102
140
422
112
126
139
438
124
139
544
196
140
139
411
135
147
429
128
94
139
420
131
247
537
83
127
147
413
86
245
535
122
125
150
409
110
124
416
111
124
141
448
121
143
422
123
141
139
424
116
249
663
128
139
138
415
106
248
406
124
125
142
423
120
147
412
124
140
139
547
121
138
418
94
124
128
424
81
248
424
107
128
142
552
121
138
487
196
140
139
424
120
139
423
201
124
142
425
103
127
548
122
126
139
325
120
125
417
159
139
136
402
163
127
418
120
139
140
431
101
129
457
124
139
139
551
119
138
422
122
128
141
427
121
127
335
122
129
139
420
179
127
419
118
129
140
298
76
126
420
88
126
143
422
120
141
428
91
142
139
556
141
139
431
96
139
453
428
107
139
420
95
127
141
547
123
141
420
120
128
140
422
104
126
420
94
139
140
428
107
139
544
123
127
140
545
95
325
439
120
125
140
422
120
127
423
92
127
142
420
82
127
659
127
138
138
421
134
140
298
82
127
142
410
82
127
416
112
466
448
107
127
142
548
106
128
550
139
140
139
417
80
142
549
127
140
140
424
123
126
420
121
139
138
419
118
141
551
125
143
140
553
122
126
420
124
138
142
424
111
81
585
183
130
129
419
133
127
422
166
129
126
422
159
127
542
197
141
140
425
132
126
424
125
127
140
423
122
140
467
141
141
139
416
199
140
421
197
127
129
426
188
128
420
129
127
140
552
199
126
431
161
142
140
427
191
128
420
125
127
129
424
124
129
424
124
145
139
419
198
127
549
122
140
140
546
197
129
426
121
141
139
329
200
127
422
203
138
137
421
124
129
423
123
126
141
546
197
141
424
140
140
138
419
192
127
548
200
141
143
548
162
143
331
124
142
140
426
124
139
422
126
140
127
415
127
127
418
169
140
140
424
79
77
501
122
127
127
415
103
142
548
123
139
360
529
119
127
511
198
141
137
426
85
128
410
124
129
139
426
120
126
460
127
141
140
426
94
101
391
180
142
144
430
151
331
432
195
126
141
471
124
141
420
141
140
139
415
123
142
474
181
142
139
420
126
139
424
124
127
129
424
146
142
551
201
128
141
418
87
141
420
142
141
138
431
125
137
554
126
138
143
415
110
128
421
141
141
144
432
128
128
420
103
126
128
552
120
138
424
123
141
138
420
200
125
424
123
127
139
419
99
140
432
124
125
130
405
197
141
551
123
130
130
421
100
127
429
94
127
126
416
105
126
431
126
126
125
543
120
129
423
124
142
140
422
122
78
370
167
130
139
457
117
128
429
120
128
144
332
104
126
428
88
132
144
545
119
128
547
124
127
144
421
123
127
423
125
141
433
119
124
139
428
125
128
443
121
141
141
334
122
128
438
117
125
140
550
121
129
551
120
129
138
426
83
125
413
126
140
141
422
120
126
419
120
128
142
420
122
129
211
102
92
91
386
126
78
502
122
80
91
373
116
80
386
126
79
89
374
118
78
500
106
91
91
422
80
79
445
125
81
307
470
121
80
427
121
79
92
494
121
80
429
123
80
91
469
122
82
480
113
82
90
385
93
78
359
121
81
92
504
112
415
352
125
79
90
353
121
79
500
125
80
92
501
106
94
374
122
81
80
499
114
79
506
122
78
95
499
121
82
500
114
95
89
484
125
92
381
105
81
90
501
123
79
518
127
92
90
422
123
81
447
119
79
93
502
123
80
495
78
82
92
421
93
78
445
119
80
89
500
118
91
377
123
77
89
521
122
82
502
125
79
90
538
120
77
435
119
79
91
497
115
80
380
122
89
91
421
83
82
447
123
93
90
500
114
80
372
103
91
91
427
124
78
446
125
81
92
511
126
94
429
124
80
91
416
122
81
391
123
79
78
429
109
78
444
109
78
93
516
124
82
507
124
80
92
430
111
84
454
127
79
91
496
115
79
282
122
81
90
390
121
82
369
86
80
90
504
124
80
378
116
92
91
414
85
78
479
108
79
92
500
104
77
431
124
77
264
425
121
81
452
125
79
80
377
94
82
508
79
93
92
359
122
93
445
123
81
90
373
121
79
379
124
79
78
371
91
269
384
126
91
88
496
124
79
499
90
78
92
380
118
91
425
122
79
90
499
125
79
492
126
78
90
498
123
98
427
120
82
92
405
116
82
337
117
82
91
504
101
79
373
98
78
92
469
105
79
361
163
80
80
341
125
80
356
111
81
495
124
81
87
431
83
81
447
102
79
91
501
106
80
504
106
78
92
431
124
80
403
123
92
93
465
113
79
490
123
79
91
391
111
79
384
116
78
90
423
89
81
449
122
79
93
494
104
80
376
76
95
90
372
105
91
424
122
81
92
387
119
91
371
117
80
90
500
117
79
353
102
80
90
384
122
80
374
116
81
91
499
121
81
356
85
79
93
390
107
81
377
115
79
88
194
123
80
459
126
79
89
372
101
81
421
120
78
96
405
121
81
494
129
93
90
374
125
79
376
127
80
91
372
93
79
353
119
79
91
417
126
78
501
127
93
91
378
97
76
500
124
94
89
496
120
78
366
80
80
79
499
120
80
377
124
78
327
438
98
94
506
121
79
90
428
122
78
375
124
78
78
365
119
77
388
98
80
77
394
88
80
434
98
79
82
500
119
347
566
125
80
82
505
123
82
504
123
90
92
504
111
80
371
125
80
78
499
109
78
379
95
94
89
502
120
84
499
123
79
92
487
121
79
449
121
91
90
500
121
79
415
118
83
91
450
122
79
484
125
80
89
546
81
79
502
127
92
90
498
123
80
477
121
90
89
375
116
80
498
122
78
90
376
110
81
513
122
92
90
502
116
79
374
126
79
91
368
85
78
497
87
89
89
376
99
92
503
120
81
89
371
118
81
379
121
81
95
396
118
79
501
125
79
79
378
120
81
382
125
90
93
344
79
82
378
124
81
89
375
127
78
370
126
79
77
379
123
82
505
123
79
89
372
122
78
499
124
80
91
505
124
79
224
125
91
89
370
120
80
497
125
79
93
407
103
80
499
107
78
80
422
122
80
335
125
91
358
122
78
78
501
113
81
279
115
81
91
528
124
79
373
116
79
90
374
81
327
420
119
78
79
387
117
79
494
124
90
95
499
84
78
424
117
78
308
483
123
86
386
117
78
92
395
76
80
430
121
81
91
414
121
90
502
125
82
100
437
80
82
451
119
83
92
502
120
236
495
125
80
89
494
119
82
496
122
94
88
351
123
82
477
122
79
90
361
118
83
347
108
78
90
497
122
91
424
122
93
90
418
123
92
556
125
98
95
517
115
78
501
80
95
89
419
122
78
318
101
80
90
355
159
79
447
119
80
92
370
119
76
489
123
79
93
420
110
77
498
124
92
90
366
120
80
347
125
77
92
500
124
94
420
119
79
93
415
118
91
373
119
76
91
504
124
80
422
106
79
93
395
124
82
377
124
95
93
423
111
78
438
108
79
92
496
120
93
354
115
92
89
282
95
79
425
123
89
91
546
120
81
379
119
80
76
349
124
81
447
121
79
89
496
122
80
380
88
78
93
421
96
78
338
84
80
91
503
121
93
354
102
81
89
500
121
94
495
123
90
90
426
125
80
482
123
79
77
560
123
80
374
81
79
458
554
122
77
447
124
80
79
380
100
79
419
122
81
95
393
123
78
498
125
92
91
430
123
80
338
98
80
79
372
80
260
481
123
95
90
398
82
79
370
121
91
92
371
82
92
377
78
81
90
422
79
79
450
82
79
90
494
120
80
500
124
79
88
430
119
93
554
125
79
93
387
79
81
432
122
78
92
419
80
80
370
106
80
95
501
123
78
377
109
81
90
417
121
81
474
100
81
91
519
127
80
430
125
80
88
413
123
80
375
122
80
425
120
92
93
419
116
79
397
96
76
95
426
119
79
447
120
79
78
371
119
77
422
126
78
90
416
122
79
388
98
81
76
427
102
79
443
121
80
78
369
124
78
349
88
77
79
388
123
80
496
127
77
94
505
121
79
417
122
79
90
390
122
79
492
122
76
89
494
83
92
427
121
78
77
311
74
79
423
121
78
77
497
115
77
496
121
79
93
502
123
78
367
125
81
89
507
124
89
422
122
92
91
453
121
78
204
78
78
91
447
120
76
524
78
78
90
583
115
90
421
123
89
94
388
122
79
367
125
79
79
369
127
78
373
111
88
387
343
120
82
452
91
79
91
376
89
79
500
121
90
90
421
107
465
442
94
80
92
373
119
81
504
117
78
77
433
107
275
505
120
78
89
369
120
80
504
120
78
90
421
114
79
473
125
78
91
430
121
79
451
119
79
90
369
121
80
507
115
79
89
422
118
89
440
91
93
90
370
116
92
425
122
91
90
388
119
76
495
124
91
91
352
80
91
552
122
90
91
496
105
78
567
123
93
93
416
126
91
500
126
91
90
351
124
91
448
126
90
91
368
96
92
421
99
92
90
387
174
92
367
95
90
92
376
126
90
429
125
92
92
387
112
90
364
105
93
90
375
106
90
364
93
94
91
503
122
93
375
116
91
91
275
109
93
455
105
94
92
376
98
92
419
124
90
92
420
120
92
502
122
92
88
427
114
92
441
129
92
90
359
91
91
276
126
91
90
499
93
92
501
116
92
91
372
107
91
366
97
94
92
478
114
93
489
127
92
93
504
122
93
431
120
93
295
341
95
91
492
130
91
92
424
96
91
377
123
92
444
97
93
91
386
106
91
510
99
94
89
487
124
93
495
124
92
287
528
98
92
505
114
92
88
367
122
93
497
111
90
91
377
111
90
374
100
89
89
374
118
93
494
126
92
92
500
93
468
531
123
91
91
497
125
94
402
116
92
92
504
100
91
493
128
91
89
499
125
92
422
96
93
88
385
108
91
369
98
92
88
347
99
93
442
108
91
92
494
127
94
430
125
94
92
387
93
94
369
99
93
90
501
110
93
413
108
96
89
387
125
89
368
116
90
92
367
106
90
351
98
93
90
382
104
93
488
126
90
90
424
125
92
445
118
90
90
495
127
92
498
127
92
92
379
97
92
418
127
91
91
337
104
92
443
124
92
92
481
125
91
350
123
92
93
388
124
91
499
124
92
92
209
126
94
474
108
90
90
370
122
93
374
122
92
90
372
116
91
502
122
96
88
499
103
92
386
99
90
92
570
116
89
341
124
94
93
532
125
91
371
122
91
89
492
128
92
374
127
94
90
499
123
89
495
129
88
96
494
125
91
500
125
91
250
411
124
92
332
106
93
91
373
93
91
428
122
91
110
413
128
92
492
129
90
91
493
127
93
427
122
92
92
384
91
319
434
123
90
93
386
124
89
353
110
93
92
389
92
92
364
126
92
92
500
122
342
563
127
92
91
496
118
89
364
119
94
89
415
77
80
334
115
92
88
369
86
93
503
126
92
90
489
123
92
454
119
93
92
499
124
94
427
121
95
91
503
118
89
383
121
94
88
371
88
92
357
107
92
88
415
120
91
497
124
90
89
499
120
91
499
125
93
91
503
125
90
345
98
91
94
393
121
92
495
124
93
424
125
92
92
415
122
91
503
127
92
91
504
123
91
369
123
92
92
502
121
93
422
124
129
90
387
121
92
487
99
94
94
392
80
91
423
123
93
93
415
121
92
498
121
91
91
353
121
93
440
80
90
90
279
125
95
420
117
91
89
379
101
91
493
119
96
112
519
117
92
423
124
95
93
518
99
93
370
102
93
91
606
120
90
282
129
92
91
497
124
92
426
93
95
96
490
109
93
487
121
91
89
420
95
95
448
95
91
92
371
95
94
418
93
90
313
451
117
93
362
97
92
92
379
91
93
420
124
94
89
483
116
91
504
128
94
91
502
121
92
497
125
90
91
434
117
287
517
125
90
91
491
124
93
500
125
91
91
371
112
91
426
122
90
92
384
76
92
491
119
78
90
498
121
92
423
126
92
91
421
118
92
445
119
95
94
382
102
91
420
102
94
92
376
118
92
368
97
91
90
350
119
90
443
118
91
90
366
119
93
417
104
92
89
390
111
92
493
128
91
91
499
124
94
430
126
90
89
448
118
91
511
125
93
89
296
112
93
444
120
91
92
373
104
92
422
124
91
91
413
121
93
498
126
91
91
424
123
92
446
106
95
91
365
98
92
422
95
92
89
168
81
94
373
112
122
91
90
402
486
164
91
90
88
89
445
359
167
89
91
180
474
357
122
90
89
143
90
443
108
91
280
95
93
90
483
123
92
448
125
92
92
372
103
93
426
106
91
92
411
111
94
499
120
93
89
349
122
93
434
103
92
449
380
101
91
544
131
92
90
499
122
92
351
125
92
90
387
125
94
365
98
91
91
372
102
92
421
111
82
91
418
122
318
427
122
93
91
506
121
92
439
126
91
471
103
92
93
421
122
78
443
117
91
92
500
125
80
426
127
92
91
385
125
314
555
123
91
89
495
119
90
351
113
79
91
417
103
94
500
123
84
92
505
124
92
422
126
341
345
137
80
80
541
126
90
89
361
91
78
313
121
91
90
489
124
93
498
126
91
90
419
83
80
446
121
93
93
368
99
91
497
124
80
79
352
125
79
346
104
81
91
363
82
80
498
126
90
92
389
93
78
367
124
127
126
418
123
121
540
125
90
144
417
102
78
374
123
126
127
444
115
125
411
105
77
131
546
121
127
421
101
127
129
420
99
139
418
117
140
139
545
130
138
419
113
140
141
337
94
141
422
101
197
140
422
140
138
424
140
139
140
418
127
90
493
128
138
138
423
119
92
445
123
91
92
496
124
139
281
125
91
91
498
122
139
547
127
141
138
416
99
139
416
120
140
139
543
115
139
420
121
91
137
415
123
89
496
107
138
400
354
107
82
468
108
126
138
406
95
128
543
125
127
125
550
103
126
432
112
126
127
421
89
127
421
126
126
139
421
123
328
560
124
141
140
547
125
125
416
121
127
139
423
123
138
425
120
126
143
416
101
131
419
82
129
139
415
123
125
411
91
126
139
349
121
128
492
120
127
141
552
105
127
547
125
89
139
418
124
128
416
97
125
141
423
108
75
488
120
77
139
418
115
128
421
85
140
138
423
122
128
420
122
126
138
544
119
126
424
109
76
138
451
120
79
498
120
78
125
423
121
128
493
124
140
140
417
112
126
425
121
139
138
548
120
77
494
111
125
137
428
105
127
489
77
127
140
540
122
124
543
124
77
124
327
99
125
423
125
138
422
101
138
141
422
80
80
503
90
128
128
418
88
140
394
126
126
139
418
119
128
317
129
140
138
323
122
126
426
122
126
125
545
122
127
420
107
127
128
547
122
127
550
125
127
127
423
124
137
420
122
128
79
515
196
129
327
124
139
139
417
124
139
420
123
131
139
420
130
128
419
127
127
141
415
187
126
420
196
127
126
421
89
126
421
128
126
462
435
101
141
423
123
139
140
414
126
130
547
124
128
142
423
191
127
423
159
126
127
412
120
126
420
119
125
140
419
119
368
437
125
132
140
422
125
126
424
189
126
138
546
120
128
426
163
125
137
423
89
128
418
109
126
141
422
123
125
420
94
129
137
424
192
129
491
120
126
125
428
100
140
421
125
127
126
421
197
127
416
122
126
126
417
124
127
425
103
428
490
199
80
127
431
123
125
129
436
125
128
419
127
140
140
545
123
127
420
125
128
127
418
101
127
549
124
128
127
414
155
126
419
120
138
137
416
106
125
426
132
129
126
416
119
126
428
134
128
131
424
119
142
436
159
127
131
423
115
126
419
193
140
140
324
123
127
422
201
126
141
423
124
130
552
128
126
139
543
126
127
432
104
125
127
428
90
140
419
143
128
141
552
124
129
334
114
142
140
426
124
137
418
119
183
130
422
84
128
423
121
127
138
422
100
77
494
123
78
76
494
115
128
550
126
77
389
391
121
77
420
122
79
77
378
78
129
508
123
126
138
487
121
78
372
108
126
140
410
117
127
425
123
139
138
549
115
457
440
107
126
128
545
124
81
502
125
127
130
496
125
75
439
82
126
140
419
99
126
549
121
140
138
417
123
127
423
124
261
404
111
127
141
419
89
126
422
120
127
141
548
121
78
503
127
136
139
420
122
128
418
123
125
140
431
122
130
426
123
80
137
425
98
77
442
114
128
141
422
80
127
425
125
127
127
419
107
127
547
125
76
126
421
123
126
549
201
127
135
429
123
130
551
124
127
140
548
124
127
427
125
127
129
425
81
127
424
126
141
139
433
121
138
424
194
124
141
421
123
141
429
125
129
128
422
126
129
429
198
141
142
445
197
127
547
125
128
127
419
92
127
425
130
127
138
420
196
125
424
147
128
125
249
120
127
423
161
126
139
420
120
128
416
195
127
141
484
124
132
636
127
127
126
542
125
128
548
122
126
126
423
167
130
331
125
140
137
421
152
129
553
126
126
138
421
122
125
413
131
139
142
425
185
125
420
184
127
127
425
126
126
544
124
127
330
390
201
128
476
196
127
140
419
196
141
421
172
140
141
426
130
130
549
126
128
138
419
135
125
423
127
139
137
426
123
331
440
141
129
128
416
122
126
425
131
130
128
546
125
126
419
126
128
137
423
124
127
435
199
137
139
418
122
128
419
187
143
140
463
196
132
425
195
140
139
420
128
140
425
127
126
139
413
125
130
429
126
127
139
422
121
127
422
181
127
139
420
125
124
549
127
130
130
424
170
126
422
196
128
136
421
123
128
428
125
139
139
549
196
129
420
125
127
128
548
123
127
546
126
426
428
182
128
132
403
127
142
138
422
123
128
426
128
126
139
427
173
140
419
124
142
140
418
125
126
549
123
129
139
328
159
126
418
127
130
126
547
122
127
423
125
141
139
424
126
130
552
125
140
139
417
171
129
425
125
141
419
124
127
138
330
125
112
396
125
129
126
427
201
128
421
124
138
139
420
201
129
422
186
139
138
417
124
125
418
125
128
138
547
122
129
332
197
131
130
429
184
127
415
129
141
140
545
122
281
481
123
124
126
515
124
129
550
123
127
142
424
191
143
425
140
141
325
430
185
138
544
126
140
141
445
195
129
422
131
130
142
422
195
128
577
194
127
138
493
170
141
428
125
140
139
424
180
447
429
126
127
127
419
182
127
415
197
126
128
421
154
127
591
126
139
140
418
126
140
423
167
140
140
420
129
126
422
124
142
139
424
123
130
424
121
126
128
419
201
128
420
122
127
138
418
125
126
424
126
140
140
681
122
129
424
160
133
140
418
128
127
420
127
129
128
421
157
127
423
198
139
140
420
196
130
424
124
143
141
421
124
129
551
126
128
128
550
124
133
551
110
129
130
547
126
129
427
81
130
131
418
79
131
424
121
131
132
425
100
130
420
124
130
129
417
123
129
420
123
130
131
331
126
130
417
122
130
129
424
126
130
421
125
131
130
547
121
130
416
124
130
127
422
124
131
418
123
132
131
419
121
133
329
118
132
130
417
126
131
426
127
133
130
423
124
79
373
127
129
130
417
99
130
423
196
129
130
418
120
129
422
111
130
275
407
122
133
355
124
130
130
420
121
131
419
121
131
131
424
124
132
429
122
131
131
419
122
132
420
124
131
130
544
120
333
576
126
133
131
300
90
131
422
93
131
132
417
123
131
420
127
132
133
417
120
132
421
123
129
130
428
108
134
424
123
129
132
442
121
131
490
107
130
129
352
201
130
385
121
131
435
127
130
129
433
98
130
421
121
130
129
417
120
131
425
126
129
130
373
122
132
491
125
129
130
420
79
130
422
126
130
131
423
109
130
419
125
131
132
422
117
131
546
121
133
131
553
122
131
298
122
129
133
420
106
130
294
79
130
128
419
125
131
425
125
129
132
513
126
131
448
110
129
128
421
124
131
422
104
130
130
418
122
473
436
121
132
130
416
119
130
421
126
129
132
553
79
128
418
122
131
129
478
105
129
415
180
130
130
196
123
130
422
198
128
129
418
107
131
422
124
131
132
424
91
132
547
126
129
130
541
122
132
417
123
132
130
422
121
128
246
78
129
130
414
81
131
421
81
128
132
431
121
131
423
151
130
131
603
117
129
418
125
129
135
427
123
130
430
126
131
477
566
111
130
419
126
130
130
425
202
130
540
123
129
128
414
80
411
573
84
129
128
419
147
134
423
125
134
130
418
118
457
574
202
131
128
562
121
128
422
122
134
130
418
79
129
418
124
131
130
422
123
132
423
81
130
131
424
129
127
421
119
129
131
442
96
129
423
94
129
128
546
108
132
588
121
130
130
546
108
130
586
124
130
129
551
121
127
546
202
130
135
554
182
127
418
195
132
130
415
193
132
429
133
129
136
417
115
130
417
126
131
131
419
124
130
420
126
127
130
549
176
133
424
101
129
131
422
124
131
421
124
132
130
420
131
132
419
125
128
126
423
95
133
415
134
137
131
425
115
130
419
121
136
132
329
123
137
426
97
131
130
483
91
129
552
125
130
130
416
123
132
420
123
129
131
419
82
130
415
126
129
128
424
79
133
302
112
130
129
425
125
125
543
125
128
417
188
131
134
427
160
128
580
122
126
126
542
125
133
425
128
132
125
548
125
133
335
127
131
132
425
168
131
423
126
130
128
415
116
128
423
125
83
82
502
193
127
419
125
129
129
414
124
130
418
125
132
331
455
118
131
432
124
125
126
421
124
131
423
126
131
128
418
120
134
426
125
129
131
418
125
130
413
125
129
130
420
151
463
452
188
132
129
430
188
129
415
123
131
131
431
123
129
417
173
131
131
425
94
131
419
125
129
129
416
82
129
564
125
130
128
431
123
130
482
125
129
132
439
122
132
494
129
131
131
419
122
130
416
126
133
131
545
118
129
424
189
130
127
421
200
128
420
120
131
131
417
122
129
423
123
130
130
419
92
131
422
125
132
130
422
124
130
420
125
132
129
547
102
129
448
124
129
129
445
124
131
424
115
131
129
424
152
131
419
127
131
129
428
122
127
423
192
127
130
424
126
128
416
104
132
132
332
94
132
421
123
130
132
419
124
343
361
81
78
130
464
197
130
401
197
128
133
423
122
131
302
116
129
131
425
121
82
289
123
135
131
421
124
131
419
198
130
130
426
103
129
417
81
132
128
437
195
129
421
125
131
133
300
96
131
422
162
131
212
458
111
131
425
124
131
129
420
106
129
421
124
132
131
422
126
131
422
124
131
131
550
118
131
421
200
130
132
422
123
344
451
112
135
133
425
124
132
422
112
131
130
419
122
126
413
125
131
132
423
102
288
486
127
128
128
383
125
128
420
84
129
131
434
123
77
443
123
125
142
546
201
129
427
102
141
140
417
82
128
425
88
130
139
419
94
139
430
126
139
140
441
124
139
436
196
139
140
493
97
127
428
94
141
142
420
124
139
421
141
139
425
125
127
140
543
97
139
417
126
130
141
425
102
131
425
125
140
141
431
183
128
442
97
140
140
425
120
126
548
124
138
138
544
126
141
548
127
142
141
420
122
145
422
200
137
137
428
95
140
420
141
141
142
421
124
129
428
115
126
139
421
121
128
426
127
142
140
547
122
126
421
125
143
142
330
122
127
423
114
139
140
421
202
130
425
124
131
140
541
127
138
418
191
139
140
554
120
140
421
123
130
139
421
123
127
326
127
141
139
420
98
140
430
129
126
141
420
123
142
425
126
141
140
427
86
138
456
101
126
140
543
105
141
420
84
128
365
544
102
128
420
141
138
139
417
114
140
420
124
137
140
437
89
130
417
97
140
141
429
94
139
421
107
139
140
424
117
325
481
124
80
138
390
122
138
538
123
139
141
423
122
127
423
127
126
143
549
121
127
428
157
138
141
552
123
141
427
126
130
140
422
122
140
380
102
141
139
442
120
131
427
126
139
139
422
122
140
544
127
139
140
425
97
139
545
200
139
140
419
121
141
422
119
144
141
422
159
129
433
198
139
138
421
99
142
420
126
139
139
549
142
140
548
127
140
140
420
125
139
546
124
140
138
426
125
142
434
124
126
140
416
123
139
439
124
141
141
417
126
140
424
125
76
139
550
124
126
414
115
140
141
344
125
139
447
125
140
141
427
139
140
414
126
128
141
555
124
141
545
127
129
137
543
197
125
431
118
77
137
546
122
126
325
122
137
140
421
88
126
433
151
128
128
548
120
388
402
119
126
126
354
81
127
364
96
142
139
437
162
139
431
191
139
479
441
112
140
423
107
138
139
427
121
138
425
95
139
552
124
88
140
418
101
128
418
158
139
144
550
123
127
422
188
126
452
564
115
128
437
108
140
137
415
122
127
551
126
138
138
419
124
126
415
123
139
140
431
123
141
421
99
127
127
418
119
325
566
124
139
141
423
123
132
433
193
144
141
425
91
142
418
108
140
140
423
105
127
420
119
129
309
387
115
129
470
127
140
137
425
112
131
401
122
126
130
417
81
130
545
124
126
138
431
123
140
420
94
139
140
543
123
126
422
107
143
138
445
115
139
615
123
137
139
610
122
126
424
81
127
142
420
102
140
428
120
139
140
420
123
139
426
123
128
140
424
126
140
425
196
140
140
548
126
139
422
122
138
138
418
119
138
543
124
140
143
420
124
127
424
113
126
143
548
120
142
421
125
142
143
334
125
126
417
194
128
140
423
123
142
437
125
139
140
546
123
139
547
140
139
139
544
123
126
541
141
140
140
420
123
131
333
126
141
139
414
117
127
428
116
127
127
541
203
140
432
120
125
142
425
125
132
440
119
129
130
549
122
139
415
124
127
325
438
114
129
547
122
125
125
411
122
126
414
123
128
127
419
123
133
438
78
126
127
413
78
78
501
102
127
127
419
121
467
437
109
138
139
546
125
127
423
122
130
128
551
126
144
454
123
132
138
415
124
126
447
124
128
127
426
197
142
418
199
139
139
424
112
125
420
128
139
138
544
121
140
423
127
139
139
419
126
141
547
124
140
139
417
124
141
422
83
126
128
417
119
127
420
123
127
126
548
122
127
422
123
128
132
427
120
125
551
124
129
129
419
81
127
424
123
125
126
415
119
129
422
125
128
128
438
201
126
421
80
141
420
126
126
125
440
115
126
439
122
127
126
418
121
130
427
140
140
140
416
123
141
429
125
140
143
548
123
131
552
124
127
139
423
115
137
415
107
138
139
415
201
140
410
121
129
139
424
123
128
417
127
140
146
140
113
123
413
115
132
139
412
105
141
542
127
89
138
544
125
254
418
119
139
140
419
119
128
416
125
139
139
365
122
138
232
78
139
224
409
115
131
459
120
128
138
411
122
140
418
126
129
374
317
120
128
547
123
142
140
537
122
127
427
160
140
449
441
110
128
423
188
124
126
546
123
127
424
122
130
127
429
120
138
554
138
139
140
431
125
130
549
127
142
141
414
125
368
563
126
129
140
428
101
126
426
86
127
141
417
123
128
549
123
141
138
424
141
139
550
124
140
141
421
179
129
421
113
125
128
354
81
80
556
125
127
125
421
116
126
422
125
127
129
420
94
81
502
110
128
126
417
94
78
452
124
127
275
569
123
126
429
124
127
127
425
119
128
425
93
129
128
423
94
129
424
119
139
137
418
121
127
422
200
139
140
547
196
126
423
119
126
127
421
123
127
432
198
140
142
425
188
145
550
128
140
139
418
103
89
378
126
127
139
497
80
125
390
123
138
141
327
121
139
550
139
141
97
514
115
140
420
135
126
141
547
123
138
424
118
140
139
420
114
140
437
81
140
138
426
119
125
326
107
127
139
417
108
141
418
124
126
140
418
122
140
417
123
128
128
551
122
139
420
175
126
126
419
119
128
550
122
141
453
437
133
138
547
119
139
141
548
201
127
423
128
126
139
451
125
147
349
97
139
148
389
80
126
357
123
127
154
403
196
355
543
123
253
446
121
141
137
416
121
123
548
124
130
140
416
125
251
417
111
127
138
546
122
126
420
128
140
141
425
118
326
437
117
128
138
421
108
127
422
125
139
138
420
148
129
551
139
141
138
442
121
138
546
125
140
138
419
123
126
420
125
141
141
424
123
126
406
123
126
140
545
123
128
425
127
126
140
421
129
141
438
128
140
140
417
197
127
423
120
127
141
423
123
128
434
147
126
131
430
99
140
425
123
138
141
440
121
140
418
121
127
143
553
200
130
432
124
129
140
427
94
140
430
172
127
139
422
123
140
427
122
125
127
419
122
140
429
125
139
141
424
125
142
554
126
128
141
423
154
140
423
125
140
141
249
78
142
425
125
142
141
424
119
127
542
124
129
128
548
122
128
428
141
139
138
420
127
140
435
122
127
139
423
103
127
331
195
137
142
427
123
133
419
180
127
140
550
126
138
424
123
130
140
419
120
140
425
123
140
139
432
114
125
421
120
129
335
381
108
127
472
126
140
143
425
87
129
424
150
128
140
422
128
128
424
126
127
402
382
120
78
389
120
140
141
412
187
328
565
125
138
139
421
120
139
414
122
139
139
422
196
139
435
124
127
140
430
125
127
436
122
143
140
425
95
127
430
124
126
140
406
123
139
489
128
140
140
542
125
139
423
140
139
137
419
102
139
433
123
139
139
545
124
145
429
122
139
140
416
195
140
429
120
142
139
417
119
139
425
144
140
138
419
123
127
425
129
138
137
549
169
142
426
120
128
144
427
126
130
549
124
141
315
396
91
126
470
117
129
126
544
121
128
436
124
140
139
554
123
139
391
125
139
140
416
124
125
418
112
128
80
221
114
138
547
128
149
367
126
140
149
438
123
126
464
125
140
159
281
126
125
350
122
125
140
533
196
138
417
100
138
