185
416
213
163
172
175
129
385
129
216
131
445
365
237
131
440
124
135
456
168
118
130
429
163
164
192
413
189
167
392
311
192
161
170
164
162
156
190
161
177
291
161
172
349
294
162
444
225
160
456
123
426
162
159
159
340
147
156
165
426
140
365
123
159
160
466
232
396
168
126
342
325
162
159
417
359
160
425
197
149
162
189
157
160
421
172
197
339
155
160
418
302
157
480
234
178
288
158
210
544
117
445
169
128
461
148
128
440
121
423
139
129
486
226
447
181
128
425
122
130
451
148
430
122
162
467
123
459
152
126
413
174
137
449
122
429
119
125
449
122
159
425
159
421
149
126
449
117
396
190
127
423
159
128
435
119
397
171
127
372
113
160
398
158
434
158
125
236
279
461
134
127
452
180
125
418
128
373
189
126
455
251
128
420
164
439
156
128
438
159
227
157
160
428
172
125
444
177
471
127
159
420
122
176
466
194
356
162
158
462
120
121
276
230
209
400
395
171
160
267
159
305
185
149
120
152
388
159
335
117
104
455
388
173
160
143
444
161
203
164
163
230
117
162
119
134
187
164
127
467
395
174
167
222
365
327
189
163
194
176
470
461
174
160
162
160
168
447
189
159
158
462
124
396
387
123
124
197
447
190
126
171
195
231
283
227
208
443
139
307
204
247
170
833
367
157
165
421
164
272
122
169
167
423
154
164
347
127
411
190
174
169
449
109
329
177
175
334
178
161
206
466
162
466
223
169
391
324
157
471
220
157
427
159
161
347
170
328
320
164
158
329
117
136
235
181
429
226
158
338
165
280
109
165
217
411
146
162
165
164
253
155
153
166
248
169
168
406
207
186
428
182
134
289
471
228
343
168
170
172
166
167
436
202
406
121
138
167
457
143
133
279
396
169
329
170
181
408
116
429
128
161
156
424
226
219
407
161
341
197
130
198
410
112
143
158
475
197
165
493
141
161
155
437
272
161
430
120
127
437
122
125
414
181
401
180
130
405
118
429
173
167
410
158
162
400
161
399
123
127
410
117
127
415
231
137
165
168
410
115
401
117
135
445
157
142
405
146
425
194
184
446
187
187
469
238
465
217
172
374
115
382
173
135
506
119
187
495
118
466
123
139
436
170
172
441
192
455
115
138
436
187
421
171
169
369
118
138
454
165
458
158
220
447
200
431
158
138
365
142
170
414
120
480
168
137
450
175
173
396
166
426
168
173
388
113
460
155
139
545
217
139
414
196
409
169
137
455
118
138
425
210
410
169
140
493
214
450
167
126
469
122
141
403
228
411
171
127
415
190
137
547
184
452
132
126
407
117
458
166
126
437
194
130
430
158
432
165
159
459
120
139
410
207
460
188
129
469
176
432
145
126
420
226
126
444
162
427
135
143
446
177
400
117
176
471
120
130
433
155
435
168
91
472
179
125
420
183
436
117
129
402
155
445
182
126
418
198
125
453
119
444
160
163
379
162
127
418
122
450
151
129
426
181
440
118
156
461
170
126
431
146
441
192
172
483
115
127
396
117
416
184
158
377
115
433
115
126
426
152
157
439
207
438
117
124
408
157
157
455
138
398
159
125
484
119
465
140
137
442
120
125
418
150
415
120
126
388
186
358
125
124
416
154
167
406
183
466
117
159
428
187
140
439
115
455
178
137
453
121
348
119
86
371
116
93
467
160
403
120
159
383
116
127
378
168
253
168
166
453
222
312
167
180
411
159
158
433
117
368
208
93
429
153
127
402
116
386
184
186
453
163
372
187
174
415
190
175
406
183
404
161
155
419
137
415
171
127
426
161
124
464
167
400
162
126
453
125
126
407
159
443
148
91
406
115
388
156
216
419
132
213
435
145
416
164
166
446
150
126
422
196
453
147
158
417
213
406
123
94
433
148
169
434
124
396
141
137
434
172
159
423
134
472
164
124
455
116
407
166
126
421
156
128
409
174
466
155
174
376
190
127
371
174
371
111
136
414
211
437
163
126
437
119
173
428
116
401
159
125
482
117
417
136
125
377
190
129
455
140
470
126
157
445
161
124
458
165
493
144
126
447
177
467
117
167
463
128
170
453
164
425
175
125
445
180
125
458
164
467
118
126
427
118
347
177
125
442
166
126
391
162
445
120
125
462
157
125
444
178
452
143
137
420
113
455
178
146
419
124
126
415
144
427
220
128
365
232
131
440
158
481
180
125
469
161
407
160
168
411
119
137
420
142
477
209
158
467
125
426
166
125
374
144
170
422
497
430
166
125
411
153
177
447
201
345
169
175
470
187
433
181
180
502
182
174
464
121
418
118
126
424
168
125
370
117
396
157
176
479
159
424
240
128
429
179
126
357
120
181
159
163
414
202
124
430
181
437
163
131
430
148
435
118
137
469
212
125
394
114
398
121
127
436
185
134
418
128
415
129
216
409
144
412
133
126
446
121
126
366
122
417
116
175
467
182
206
420
117
484
156
180
420
188
368
170
180
435
151
175
423
194
446
118
184
423
115
495
119
187
465
189
184
478
159
416
177
194
451
119
189
420
184
427
171
176
445
183
377
138
207
452
204
183
451
177
433
249
217
485
112
189
449
171
427
190
217
445
124
453
205
174
460
146
216
366
188
474
201
190
431
135
208
390
158
439
129
136
466
165
415
205
175
446
156
174
435
218
430
226
176
423
175
447
197
185
364
118
175
435
149
437
197
175
457
189
176
432
126
467
194
177
428
197
373
200
176
462
166
177
442
174
455
212
208
460
187
175
464
148
480
115
420
173
217
430
173
186
432
162
125
408
196
442
216
125
420
209
181
413
132
369
180
94
397
142
401
166
93
402
163
93
413
136
417
190
166
409
140
128
445
184
415
186
177
387
163
446
144
176
449
140
176
425
184
425
212
176
399
187
458
213
221
435
178
131
405
119
437
121
167
445
118
135
475
182
437
132
169
442
156
457
142
135
443
132
170
441
148
433
125
139
458
180
168
419
139
469
160
125
443
467
440
155
125
440
112
127
419
162
380
126
184
438
119
186
465
134
412
168
124
402
134
441
148
137
470
116
126
461
189
419
190
124
417
174
135
407
121
403
181
125
389
121
386
221
159
442
148
125
412
141
446
123
126
415
151
436
189
126
437
145
158
418
168
442
181
125
399
161
126
398
209
459
166
134
458
148
461
170
125
410
163
126
448
144
430
121
136
444
135
173
443
135
436
139
124
377
161
401
193
177
412
170
177
431
168
391
169
127
460
157
128
457
122
406
120
136
370
159
407
135
165
422
170
136
449
122
423
121
167
403
176
408
172
135
430
120
165
370
118
475
120
101
446
124
169
405
129
478
117
125
466
162
422
194
136
433
139
136
442
120
433
116
137
438
171
141
417
170
491
171
135
463
120
393
150
124
414
118
127
419
129
419
120
125
441
118
128
456
152
422
115
130
424
148
420
143
166
414
120
144
469
164
366
118
135
433
125
411
120
136
438
133
187
202
267
274
136
133
435
123
136
388
193
424
112
137
428
187
431
180
125
418
117
129
375
115
424
140
174
446
118
173
390
185
132
156
159
433
136
416
129
126
443
117
125
442
134
425
147
134
431
169
124
453
137
446
172
135
430
133
405
119
155
470
118
167
457
120
402
130
216
438
144
129
457
119
372
184
168
456
114
375
163
134
445
201
168
439
179
461
197
175
424
237
156
393
207
413
170
134
400
116
446
232
127
454
121
127
424
154
456
83
102
393
166
461
143
183
434
143
199
450
175
383
116
126
444
132
135
412
141
391
173
130
398
176
409
159
227
465
147
141
473
133
515
129
134
441
118
134
414
127
430
121
167
386
123
431
162
126
442
120
124
395
129
370
148
124
444
172
167
450
163
463
135
134
477
165
401
166
137
482
133
135
435
118
437
139
184
200
135
155
454
232
397
117
127
424
170
390
116
138
424
151
126
394
169
461
218
98
442
139
357
138
104
448
217
103
444
165
418
151
95
444
165
102
441
159
461
156
102
438
201
458
173
103
401
123
135
449
198
473
161
135
465
129
170
379
120
389
175
220
406
167
414
132
185
440
194
181
445
115
468
169
157
378
176
153
418
118
431
154
122
437
199
391
211
136
458
126
139
441
187
327
128
136
408
172
417
558
160
432
123
183
392
114
464
145
220
417
116
192
455
161
442
171
184
465
176
468
166
185
433
133
136
446
119
372
146
156
441
136
216
453
175
422
155
133
397
163
429
163
126
385
179
125
475
177
409
164
136
421
139
137
511
134
428
202
124
414
118
440
138
124
407
119
125
452
132
484
188
152
404
193
144
431
115
401
171
130
497
149
406
187
218
172
158
211
403
114
456
128
156
454
139
408
152
126
427
119
157
412
127
490
141
128
452
124
209
411
160
392
117
126
395
119
240
119
135
478
190
128
458
188
433
136
123
466
109
125
500
119
395
188
129
473
167
459
162
128
452
175
125
473
187
374
136
223
410
151
185
394
118
393
137
127
439
182
409
180
166
436
199
136
399
204
443
175
134
453
152
426
205
125
385
181
217
420
136
379
198
140
471
129
137
417
224
441
166
136
447
140
412
185
136
401
179
134
422
163
451
200
137
428
116
140
403
120
486
131
137
406
189
414
184
135
413
172
185
459
136
449
171
141
429
166
134
437
177
411
180
138
367
134
445
173
158
429
115
152
476
122
405
186
161
415
210
452
209
146
414
173
168
445
197
430
224
138
435
160
168
436
168
461
166
134
442
164
160
482
286
396
124
134
395
197
405
160
133
418
196
138
398
159
474
122
134
428
203
443
166
137
425
169
137
416
170
448
158
184
413
228
237
419
132
425
118
135
401
117
413
171
187
396
172
136
434
131
390
150
175
467
117
135
454
175
442
230
178
457
187
462
117
173
471
189
128
417
118
425
162
127
437
142
414
164
135
482
121
155
473
139
408
168
136
459
176
134
483
141
436
187
183
434
188
380
131
136
457
150
137
397
170
439
151
186
397
152
185
429
160
455
194
184
468
171
478
126
217
441
202
189
392
99
528
197
216
460
123
184
385
365
400
190
218
471
130
404
165
135
457
147
168
427
167
402
176
178
400
137
97
427
188
401
122
95
461
154
432
191
105
440
131
135
457
192
463
217
183
405
211
441
174
185
404
197
183
406
133
440
148
184
413
155
187
411
189
437
155
176
426
166
175
431
138
438
228
125
405
117
435
176
174
485
193
174
416
205
481
159
210
439
139
459
158
176
404
146
213
384
120
396
206
125
412
175
207
423
178
825
478
230
451
174
420
175
145
411
195
174
441
160
441
171
186
485
175
154
419
135
418
205
126
410
120
352
174
125
403
187
183
422
178
415
158
127
409
108
176
417
182
442
177
125
419
130
454
179
158
463
188
195
405
154
459
146
218
482
167
418
181
185
397
196
216
475
176
445
169
185
465
202
215
451
195
426
205
184
441
131
470
188
188
452
169
155
466
180
455
189
137
424
150
125
446
143
460
199
126
458
187
424
153
125
445
205
125
409
167
413
173
176
420
119
175
419
202
433
204
134
398
178
468
138
157
382
181
129
397
162
425
133
126
424
173
124
412
201
420
177
125
439
170
438
171
127
401
178
174
439
118
410
154
135
408
209
425
205
194
407
177
126
455
183
474
115
135
434
153
133
440
172
489
121
183
397
116
405
117
88
398
165
125
463
142
440
187
154
390
193
188
448
149
480
130
140
450
188
379
156
218
438
118
137
486
192
454
257
370
178
156
158
458
155
286
218
155
170
243
426
175
426
117
156
155
387
133
156
156
300
167
151
413
154
124
156
188
157
180
296
185
158
259
219
174
201
416
118
392
164
156
167
284
399
195
133
168
446
177
389
109
209
206
333
191
206
170
490
191
394
115
174
452
128
460
124
157
429
115
124
411
120
417
116
158
457
144
124
423
118
442
137
159
433
146
431
151
136
465
187
167
455
183
436
136
131
408
120
185
439
116
454
138
127
438
147
469
115
124
391
114
127
446
165
426
148
128
484
125
212
159
169
452
188
127
438
125
443
197
128
396
187
176
431
116
460
132
136
381
117
408
223
170
462
142
136
419
130
414
117
172
395
155
126
375
136
430
158
157
537
117
399
115
127
439
142
168
456
207
458
180
135
463
143
167
443
185
442
117
126
428
161
338
240
130
431
131
123
434
1155
239
182
271
341
224
398
115
126
437
119
126
367
132
476
115
125
436
117
154
416
145
418
152
87
531
142
415
167
128
482
118
94
478
119
352
129
92
446
118
128
428
191
405
116
160
422
113
446
180
137
444
116
125
435
118
407
157
125
451
159
214
478
121
450
142
126
440
152
445
162
125
458
166
128
474
135
449
141
135
446
120
133
462
169
445
144
138
410
168
472
145
126
408
123
124
442
143
442
131
243
467
134
430
139
172
421
167
125
480
120
416
114
171
473
156
173
475
131
460
116
218
500
146
433
185
138
481
122
220
436
118
454
146
135
447
139
176
461
124
483
159
139
428
133
493
124
173
462
168
134
432
117
412
149
138
479
169
134
465
184
488
148
137
420
122
419
201
144
429
123
135
343
122
227
171
425
231
168
424
190
215
169
171
465
160
485
160
166
421
121
127
199
176
196
179
168
167
406
220
123
169
167
193
230
216
418
231
132
136
176
186
172
166
377
152
202
158
158
358
220
160
161
160
231
167
166
393
227
210
160
169
405
221
174
447
174
218
166
168
174
314
123
176
246
170
159
157
405
112
433
162
125
399
217
169
495
173
207
166
172
454
208
254
169
170
171
157
161
483
161
187
155
177
153
274
198
121
187
116
157
157
265
155
458
157
126
422
121
158
466
162
136
148
160
120
346
164
162
155
195
158
160
208
195
185
156
158
472
161
210
443
155
335
218
159
414
208
469
178
125
435
159
131
466
231
299
170
167
383
189
134
402
156
224
158
156
399
159
350
172
167
382
170
138
405
133
437
171
175
444
135
135
368
134
433
170
190
424
268
189
158
158
322
159
166
417
124
411
154
175
474
163
187
458
164
281
156
157
399
241
452
157
127
421
160
135
416
269
132
168
173
461
172
471
174
168
295
170
171
336
163
366
176
165
411
138
127
456
162
156
134
219
153
338
137
160
175
118
102
211
186
428
164
159
403
158
161
313
198
143
162
156
425
237
262
238
208
405
184
215
209
192
264
158
207
223
195
218
220
463
228
464
228
232
472
232
245
212
208
183
212
211
215
316
253
207
206
415
134
176
397
230
238
222
215
507
188
301
227
208
426
198
174
424
221
450
223
208
134
301
173
206
207
488
227
175
420
232
380
438
130
211
217
340
177
236
158
159
380
189
406
159
136
355
196
136
171
126
377
158
169
382
121
94
300
116
440
193
116
293
120
307
170
188
428
169
157
167
210
196
115
137
159
326
157
385
226
175
460
131
125
359
121
406
203
175
407
209
127
416
173
421
178
127
411
194
126
408
204
424
186
137
474
180
481
171
167
485
172
130
393
204
413
221
169
422
204
409
209
126
415
121
159
407
193
419
194
127
413
525
172
426
174
422
170
127
378
200
413
175
137
460
216
141
419
168
429
203
126
413
207
139
412
210
382
201
95
452
170
415
215
127
450
160
125
375
183
409
171
136
427
199
385
172
159
384
163
126
418
163
465
173
126
426
192
140
443
202
414
198
160
429
181
125
500
209
471
192
130
411
168
416
165
168
390
141
166
467
197
421
204
128
420
179
423
207
138
411
170
136
407
197
472
198
138
421
169
136
406
180
402
177
98
404
189
400
183
137
405
187
133
467
184
401
174
137
411
183
134
416
221
402
193
139
413
191
397
186
127
413
178
124
407
207
409
117
160
406
154
128
407
189
405
194
127
412
188
401
169
126
415
208
160
406
106
402
218
138
416
173
401
164
127
408
186
128
473
186
416
193
129
406
181
126
404
161
415
224
135
404
180
411
169
162
404
203
136
412
108
404
220
136
408
180
137
403
202
480
188
141
408
174
447
167
144
374
165
138
413
209
419
200
167
356
167
138
402
193
397
182
135
403
154
407
180
128
408
189
168
399
172
398
102
130
408
181
420
176
135
411
175
134
468
199
406
198
134
412
181
141
406
166
444
217
135
415
209
407
204
191
393
187
136
402
178
394
163
138
409
176
136
404
189
403
204
135
414
173
401
196
169
409
179
138
438
206
411
202
174
401
131
128
407
180
399
177
168
405
196
461
197
134
395
175
168
406
181
409
179
135
410
204
167
404
173
402
186
136
414
193
427
131
125
403
207
126
406
176
452
238
137
405
169
411
178
135
427
181
135
405
188
409
201
129
400
165
136
402
180
363
217
136
372
188
401
182
167
403
194
141
396
180
410
167
139
414
182
138
410
197
403
202
136
404
164
408
178
138
422
177
136
426
190
374
192
141
418
189
136
417
180
400
160
136
404
202
419
186
142
1455
187
174
453
179
405
184
136
396
174
404
168
140
400
178
174
492
192
402
201
136
406
167
99
400
167
399
171
108
405
189
103
397
166
402
196
136
405
218
443
200
169
402
205
137
409
118
397
168
167
402
159
401
214
136
464
221
168
402
169
390
214
136
415
168
168
418
223
411
196
136
400
200
467
208
132
414
129
138
444
189
405
191
126
446
177
127
427
161
399
217
135
408
191
459
206
138
484
202
136
755
509
446
207
134
405
207
136
378
175
414
200
136
403
172
415
193
168
413
180
136
412
182
410
190
135
405
162
407
178
128
423
194
156
409
219
410
189
135
458
230
136
348
163
401
158
134
403
202
409
163
138
406
207
159
408
180
411
169
133
422
201
136
406
179
409
224
135
401
213
408
205
103
404
204
101
407
177
397
178
139
397
192
136
395
189
406
194
136
415
169
443
207
169
426
178
135
414
198
391
172
167
459
186
135
411
172
409
180
170
406
158
400
217
146
438
221
170
409
182
417
172
125
400
160
404
164
125
409
207
125
406
119
404
209
135
411
162
135
404
202
396
195
124
405
190
409
209
136
408
170
185
414
183
355
166
134
413
204
136
407
165
408
120
135
405
171
405
179
136
417
208
135
408
209
413
159
168
403
213
400
162
135
411
181
138
412
190
402
214
184
415
167
168
481
174
399
169
135
412
192
408
181
135
404
192
133
393
187
404
161
135
407
184
135
408
186
405
193
184
411
160
405
201
183
368
177
185
408
162
406
177
185
410
196
185
393
189
396
169
187
409
167
511
187
257
415
207
185
406
204
407
219
222
399
176
220
398
180
404
176
216
426
204
405
192
185
407
178
217
403
183
404
166
186
405
200
226
439
159
399
181
183
408
175
398
160
220
400
179
184
402
182
399
181
184
400
175
404
180
183
411
176
186
383
181
407
192
186
383
171
183
402
175
413
185
176
407
188
393
160
135
405
194
136
402
106
480
225
217
396
176
185
460
204
404
155
186
399
178
411
196
184
424
182
217
429
204
408
118
126
405
181
146
409
204
411
206
186
405
183
410
179
183
405
181
184
407
198
400
238
184
403
184
185
398
162
402
171
184
422
194
464
221
186
408
202
184
393
198
400
176
185
406
197
400
211
218
407
204
161
414
423
439
210
217
373
169
185
424
197
381
187
215
411
167
404
201
153
401
106
216
445
172
340
188
136
397
166
170
417
161
401
193
184
399
173
411
179
185
412
207
172
399
172
461
184
186
415
109
183
411
188
413
182
178
447
158
414
186
145
415
179
174
417
203
418
192
182
405
199
175
412
129
411
178
146
402
227
402
191
175
403
200
174
424
169
421
268
127
405
165
427
180
127
417
194
156
416
206
855
449
232
420
120
129
414
166
415
212
126
408
200
417
216
175
417
178
129
417
176
411
173
177
413
192
183
408
207
439
200
175
414
163
408
133
145
402
176
175
402
206
416
199
175
408
177
171
421
154
419
174
175
419
206
408
206
177
450
166
174
413
178
401
165
207
419
111
403
219
175
376
189
206
430
187
414
202
172
401
224
209
457
178
433
203
171
442
169
451
182
178
426
213
176
430
219
480
236
175
443
182
177
442
180
405
193
173
440
220
424
220
175
418
163
177
443
184
468
180
176
432
178
175
428
213
420
182
208
359
210
422
230
173
437
186
174
428
229
436
161
206
426
217
426
227
175
456
178
175
431
223
420
217
173
426
227
174
446
191
371
164
176
374
202
207
428
260
425
212
174
440
169
434
177
175
436
231
175
431
227
428
221
174
447
242
426
162
177
449
226
182
439
166
430
194
145
439
163
174
437
174
400
167
176
427
165
458
192
207
423
217
175
440
174
435
176
207
449
185
176
395
225
422
185
209
442
172
425
205
175
443
140
207
427
213
431
161
176
423
201
427
226
175
439
160
173
428
226
453
176
177
463
163
175
433
176
434
171
176
415
201
177
417
204
454
175
176
411
199
441
178
176
421
204
174
395
205
409
204
188
414
214
422
211
174
415
213
174
447
174
440
181
217
401
213
184
433
226
424
226
186
461
161
437
176
188
391
168
216
423
223
426
225
219
315
217
183
439
175
445
179
183
390
203
436
230
187
441
229
187
442
218
425
222
186
428
180
187
424
222
428
170
189
423
192
370
198
185
438
183
186
441
196
438
181
186
468
223
425
224
211
419
220
173
440
163
456
175
207
446
179
183
405
209
433
197
209
502
151
428
205
178
447
164
207
428
225
442
210
148
423
223
211
453
178
450
183
148
437
204
442
371
183
419
184
175
424
197
426
207
178
407
174
176
416
175
408
105
175
405
200
401
168
135
394
179
143
403
224
391
202
141
410
107
492
216
178
438
191
177
409
193
409
203
208
402
174
176
405
203
404
189
139
407
187
415
189
176
432
168
159
411
217
405
217
135
404
207
187
406
166
405
182
136
412
200
419
162
129
404
205
130
392
183
401
162
125
400
186
126
401
196
392
185
84
390
164
405
200
149
399
181
127
404
183
406
179
125
406
203
126
407
167
407
182
176
414
180
402
106
218
409
208
134
414
175
403
203
168
403
125
412
166
190
466
187
219
378
198
410
173
130
423
179
217
422
200
409
191
176
404
191
399
192
126
410
170
176
407
177
411
184
178
408
203
173
422
203
411
208
180
364
289
430
219
186
405
201
174
404
182
407
176
174
412
184
176
475
188
402
199
125
419
179
407
215
127
402
103
174
410
244
459
182
145
410
191
173
408
182
419
179
158
405
169
409
178
124
407
166
174
409
179
467
174
177
407
181
404
179
145
409
206
173
410
198
414
192
185
415
116
189
413
166
412
184
189
404
197
415
116
137
408
210
170
398
177
413
164
140
407
190
133
405
178
452
205
136
413
166
408
161
162
481
199
155
413
201
405
165
163
409
183
135
402
186
364
180
168
406
189
389
197
191
454
170
177
436
211
405
171
134
410
197
228
411
164
409
115
133
420
171
405
184
139
388
117
125
409
165
433
190
132
415
214
400
176
124
403
167
138
404
159
406
202
134
414
173
139
416
194
408
186
143
414
204
405
119
185
424
164
182
415
202
407
222
180
451
216
152
413
195
422
179
177
455
169
421
194
134
475
192
193
410
165
410
193
153
482
168
219
465
196
467
184
176
405
202
413
205
177
441
182
146
416
178
418
180
174
457
192
408
203
174
408
198
174
409
170
441
197
125
408
162
127
407
207
416
176
173
429
203
418
195
211
417
191
174
399
185
421
167
206
416
204
147
413
228
429
200
205
404
176
415
177
127
422
188
206
406
106
420
221
142
409
165
208
408
186
412
223
177
413
202
404
218
186
410
175
187
410
118
416
187
126
418
188
89
406
166
390
196
129
407
195
403
176
125
410
210
135
406
169
400
158
135
419
167
406
222
400
481
169
137
400
180
402
166
167
408
192
134
398
161
440
219
133
410
186
405
221
134
395
200
99
440
187
442
209
103
395
177
95
475
195
406
192
177
404
165
400
178
133
410
189
127
406
206
412
208
124
410
161
126
414
178
463
175
137
377
175
406
179
138
444
234
135
398
164
395
109
138
408
187
402
165
169
465
204
137
403
192
409
172
169
408
179
137
415
193
408
195
174
425
197
176
392
174
400
535
239
471
181
420
210
133
415
170
168
408
176
407
184
136
418
205
417
195
138
401
190
128
408
171
401
179
220
410
159
135
405
172
414
210
177
401
191
402
166
173
402
183
175
405
206
404
276
175
403
177
178
412
169
402
179
175
377
185
414
183
226
406
192
178
401
155
407
238
175
461
239
403
181
174
414
203
208
403
237
448
162
184
401
182
176
406
162
414
180
175
419
198
208
413
182
406
175
126
410
180
408
203
126
404
205
127
412
167
410
199
125
426
179
413
179
126
414
178
127
373
190
395
196
135
404
179
127
416
195
421
185
126
409
206
407
206
175
409
204
127
409
163
420
181
158
405
172
127
407
199
375
210
158
404
185
406
174
129
436
171
157
408
201
405
185
125
414
206
158
422
212
414
164
124
402
211
379
168
128
466
163
164
426
154
404
176
126
405
172
411
182
126
447
202
127
413
179
401
188
129
438
172
178
394
162
418
169
128
413
206
414
194
164
418
219
129
444
161
397
159
125
416
194
127
425
201
407
198
174
404
202
408
207
138
406
171
135
411
164
412
160
136
406
191
184
407
186
434
187
126
425
187
407
181
125
384
200
127
409
191
417
206
125
388
168
129
413
184
404
186
128
408
203
437
117
128
410
193
127
417
183
417
207
126
420
189
412
179
158
431
113
127
416
180
416
185
158
418
160
129
412
183
415
191
161
467
211
416
205
126
425
161
157
426
193
419
192
126
416
201
159
419
187
416
208
126
422
184
432
167
128
408
181
127
430
206
473
204
129
435
170
410
169
126
421
164
225
468
204
414
202
127
418
180
186
422
171
403
173
141
414
213
153
418
182
424
207
172
400
184
404
163
170
460
202
154
409
187
414
197
137
410
178
400
174
133
413
168
135
413
206
478
206
136
405
224
181
411
128
1439
135
226
415
190
403
182
181
438
212
185
404
186
409
221
183
403
182
175
418
252
461
254
181
407
180
410
183
143
445
174
159
457
252
451
179
143
406
187
402
170
212
397
233
186
448
175
405
192
208
403
177
175
419
207
379
200
229
405
191
138
473
179
422
182
168
367
169
396
180
135
458
193
169
415
178
404
196
138
404
187
403
167
138
409
208
135
403
237
408
202
134
411
167
137
409
205
402
176
138
797
474
382
190
134
406
153
157
402
181
395
178
139
414
217
139
397
228
407
212
135
401
174
411
168
134
415
177
136
406
205
425
192
138
402
175
406
182
136
410
189
138
416
185
405
206
136
407
204
219
410
170
402
187
171
399
184
402
176
136
402
204
135
406
183
406
204
136
402
174
123
404
202
411
184
184
409
181
440
172
138
418
202
171
401
128
414
234
138
409
170
168
404
204
419
229
137
453
200
402
202
168
404
176
137
416
189
405
162
166
412
206
134
420
170
463
121
193
397
188
409
167
159
410
206
167
425
188
459
244
186
414
187
414
169
167
408
168
185
408
153
418
203
161
425
153
126
405
174
406
180
126
412
218
416
176
129
413
223
179
401
179
427
169
126
423
188
158
408
205
423
170
177
423
175
408
188
162
438
169
126
405
181
404
200
126
415
203
125
410
179
405
163
159
394
165
207
156
155
422
168
184
429
168
405
196
125
417
182
467
176
158
419
207
125
411
182
382
196
158
404
167
124
405
205
397
186
158
409
211
127
400
166
415
156
127
411
177
413
174
164
419
201
161
413
183
420
190
127
429
177
396
180
160
404
178
130
381
152
410
207
158
404
173
129
404
177
403
165
158
416
133
409
165
128
415
200
215
440
215
399
165
124
409
207
164
456
200
467
202
125
407
174
406
158
160
412
167
128
414
207
413
118
158
413
167
127
398
161
408
180
168
409
191
414
206
127
421
198
174
414
171
408
191
125
401
173
435
166
161
417
196
129
442
197
420
199
130
421
205
173
415
205
405
169
168
426
217
427
204
175
420
252
176
419
170
422
182
174
410
227
206
409
185
417
197
175
421
181
416
184
209
408
200
176
409
205
435
193
206
409
167
175
397
177
409
116
219
374
179
412
177
176
407
208
206
446
174
407
182
126
416
475
434
218
158
426
182
131
411
235
414
196
158
406
193
128
426
181
409
170
168
379
210
379
203
152
406
179
125
408
179
408
176
136
416
206
169
404
185
406
194
136
450
176
416
210
168
413
180
134
422
196
416
194
136
401
113
129
413
213
409
223
160
450
186
415
182
126
431
210
174
430
188
412
198
134
400
167
177
409
195
460
182
135
425
173
405
120
170
403
175
175
438
202
441
199
205
463
178
295
431
218
422
213
184
436
165
412
215
151
455
176
200
426
215
441
217
186
434
222
430
227
221
397
164
187
469
171
440
174
216
509
211
153
427
218
428
224
197
447
179
434
183
184
444
160
218
395
191
394
168
186
416
164
216
444
200
403
199
189
408
162
457
166
220
410
190
188
415
104
487
212
223
462
182
413
254
185
446
199
240
461
185
408
168
184
399
160
216
471
184
401
178
185
417
205
186
400
176
446
176
173
416
174
404
181
182
416
205
180
407
120
407
208
187
398
181
401
167
184
413
197
216
414
184
408
206
176
399
157
218
411
211
411
179
136
408
188
407
192
216
422
115
176
405
188
472
192
215
409
179
182
414
185
418
180
216
411
212
411
247
173
418
180
169
407
101
487
221
175
403
197
135
442
175
415
188
147
407
169
409
178
132
414
210
126
413
179
432
194
167
424
185
403
217
126
418
206
206
411
182
406
197
175
403
172
208
404
190
410
170
185
408
191
376
191
169
415
186
176
412
172
418
108
233
407
186
184
405
165
445
168
216
401
166
482
178
147
403
199
168
403
186
412
203
176
412
178
224
415
178
462
182
136
409
205
411
203
217
415
176
185
434
162
433
226
222
401
187
416
176
187
402
191
215
417
190
403
204
184
449
164
219
403
205
407
177
185
425
204
420
205
217
404
173
185
393
114
404
214
185
446
172
185
426
225
435
168
217
426
222
429
165
184
401
198
218
457
173
410
161
186
427
212
219
417
187
427
193
140
436
188
433
223
215
434
178
186
420
205
426
212
167
440
229
182
449
183
442
184
191
424
213
440
175
191
432
163
219
411
186
428
223
155
446
188
218
442
160
426
169
184
432
167
429
220
217
410
166
151
442
161
424
177
218
427
223
429
226
156
464
211
218
441
173
434
177
185
436
165
411
467
196
451
164
188
406
215
401
202
219
405
177
184
406
188
410
172
215
437
204
168
481
172
405
155
138
446
215
436
204
103
457
192
153
407
181
406
203
150
417
172
404
163
175
468
166
143
419
207
408
200
221
448
198
184
418
206
412
206
220
466
194
207
446
177
418
168
133
410
182
399
217
161
376
188
172
398
163
400
179
185
404
119
399
180
219
408
186
173
430
211
407
207
174
438
208
186
407
599
495
252
186
408
205
410
204
185
419
172
225
404
161
395
231
189
406
215
185
397
173
466
200
184
400
182
403
178
174
408
180
137
419
209
406
200
216
405
181
467
184
186
405
170
217
438
197
463
200
185
398
172
217
413
180
410
179
185
409
191
218
401
175
406
165
198
389
165
403
193
171
373
203
164
405
207
430
190
218
405
190
407
214
136
401
163
215
407
187
410
201
138
406
194
166
402
179
429
162
126
404
203
407
202
167
457
199
220
451
179
421
167
218
401
202
187
405
206
410
191
182
406
155
407
162
184
401
111
217
423
206
403
185
176
399
177
176
406
118
407
112
176
461
207
410
208
217
406
177
183
407
184
413
191
219
428
168
413
200
185
410
183
222
455
188
411
180
190
409
134
217
467
201
409
202
184
402
160
416
163
169
417
181
129
438
207
416
203
169
406
208
138
406
182
407
172
216
451
160
450
231
179
470
204
218
407
204
411
193
184
417
177
168
417
181
468
200
134
405
203
411
165
171
404
197
135
407
173
415
206
224
407
99
412
217
138
400
179
186
415
204
389
198
187
454
198
169
410
177
428
182
135
413
224
410
204
169
406
189
138
408
174
405
189
167
415
186
134
430
166
412
207
224
411
198
412
171
184
409
178
219
407
206
411
206
134
406
186
149
401
177
401
190
169
353
158
412
167
136
401
197
185
399
170
423
177
218
408
183
178
383
194
399
177
158
402
174
405
204
126
409
190
171
420
147
404
191
127
401
204
158
397
177
414
203
130
409
181
409
192
158
419
192
125
413
210
409
203
217
428
162
398
166
185
400
116
167
398
174
463
203
135
398
173
168
412
199
413
182
137
401
156
401
188
205
412
180
175
405
194
414
175
183
405
202
183
418
223
445
174
163
411
175
405
178
185
407
198
218
1415
146
384
198
185
407
166
188
398
97
478
220
176
448
180
403
176
190
419
198
187
411
207
409
241
219
385
203
375
219
147
407
183
184
406
200
411
209
182
400
163
223
401
100
474
156
187
487
223
418
176
170
405
203
135
397
178
407
206
217
403
178
184
408
191
400
177
184
404
241
403
205
183
404
180
219
405
182
408
167
223
367
158
220
438
160
466
178
134
380
184
407
168
168
407
182
184
408
203
406
538
236
404
179
447
156
182
420
179
220
423
191
395
185
185
408
194
217
416
177
407
162
186
452
158
399
178
156
403
198
158
415
167
468
178
137
406
205
137
407
193
454
188
219
400
192
404
201
188
406
185
184
410
204
463
181
186
410
187
218
404
174
407
182
185
412
206
412
194
185
411
205
186
440
102
491
142
218
396
176
185
404
176
404
202
185
450
166
401
166
186
457
181
228
450
187
459
199
189
414
206
217
419
184
406
106
184
417
199
445
175
216
404
202
186
413
181
399
202
188
414
169
407
106
186
384
182
225
403
204
408
192
136
410
174
178
397
173
400
162
139
405
204
405
192
181
410
166
181
426
191
403
173
187
408
173
185
418
192
407
207
217
405
169
374
175
219
342
188
221
468
185
409
166
186
373
190
221
427
231
405
179
186
406
172
402
179
189
406
209
193
407
102
424
164
218
410
132
403
171
184
416
167
219
407
222
410
155
136
223
166
165
219
403
259
129
150
159
377
403
178
155
433
324
184
171
168
380
320
131
162
169
411
444
167
405
216
135
422
161
399
168
186
412
104
219
406
188
404
213
138
406
214
135
413
180
406
177
184
472
210
393
168
165
407
195
136
414
226
401
199
217
422
168
188
407
183
408
167
219
406
201
408
209
185
417
213
228
402
170
447
182
185
402
207
402
180
217
411
202
187
400
174
414
186
228
418
163
183
404
199
408
219
208
412
202
423
210
126
406
175
161
441
174
416
180
125
405
208
172
410
208
412
201
128
422
168
414
204
161
423
175
173
464
204
410
169
219
497
196
186
408
120
460
174
216
399
180
419
168
134
485
198
186
469
201
414
180
186
413
206
218
416
187
456
178
183
466
149
406
209
183
415
187
194
406
178
413
178
218
419
182
421
185
184
406
221
215
435
156
1420
128
225
400
184
155
396
162
395
189
183
406
203
410
130
185
406
178
191
404
173
410
179
217
412
191
185
356
162
386
158
130
437
192
441
176
153
434
181
185
400
204
410
205
185
472
186
221
409
181
408
168
188
399
224
408
180
219
422
181
192
403
180
416
164
216
401
176
385
173
139
406
237
219
450
188
427
167
186
401
173
221
412
167
409
193
186
443
196
403
202
216
410
113
136
406
207
406
188
188
806
534
164
395
159
440
214
167
473
196
429
210
185
423
201
233
407
187
406
106
187
413
184
215
412
212
404
199
184
398
170
404
196
185
374
154
183
412
199
392
186
175
419
167
155
411
185
429
182
219
413
179
419
168
193
412
205
218
411
203
407
196
186
379
176
404
178
171
413
119
98
398
220
403
179
188
411
171
189
409
194
408
200
186
452
188
404
183
188
405
162
229
400
162
404
199
136
410
185
168
410
186
397
189
128
405
194
460
190
177
417
196
175
414
117
476
219
159
417
180
128
414
205
425
220
217
412
201
406
191
135
424
174
224
413
203
410
118
134
463
206
213
421
177
398
170
135
406
193
400
172
225
416
195
134
408
204
407
209
228
413
169
424
173
140
417
183
187
412
193
402
216
138
412
187
170
413
192
403
181
135
406
209
407
201
129
410
190
136
412
178
432
184
167
396
189
136
404
203
413
202
135
416
194
407
192
140
399
183
173
409
199
421
187
136
420
162
134
411
163
404
164
136
412
118
388
168
168
406
204
184
402
283
407
202
168
403
185
402
172
137
406
194
232
403
206
408
204
135
411
161
136
406
171
400
118
134
406
182
399
210
167
418
171
136
407
208
422
202
168
429
166
137
414
182
412
178
168
411
192
411
202
136
399
210
226
482
173
406
169
138
408
204
168
406
216
419
206
135
400
164
415
178
167
410
163
137
405
160
406
207
218
430
164
136
415
183
424
192
167
410
204
414
169
137
416
205
219
405
179
403
185
184
405
182
405
177
169
402
185
135
425
155
404
189
221
405
179
173
402
188
405
200
187
414
222
417
189
136
396
181
171
399
188
401
174
138
416
203
135
424
195
417
208
139
410
185
469
190
172
390
105
125
430
209
405
205
173
436
166
138
437
208
413
184
159
455
197
404
177
130
397
474
220
408
181
410
108
138
443
190
168
405
169
402
185
192
399
174
407
169
169
400
188
137
406
193
359
221
97
409
163
397
178
102
404
107
135
407
202
413
120
184
436
172
158
417
178
411
163
185
409
203
402
190
171
408
189
128
400
194
408
180
166
423
174
136
422
215
404
185
181
467
172
404
161
136
394
166
222
403
209
405
182
136
412
165
169
422
196
411
195
137
395
177
399
174
169
407
180
277
412
204
426
204
166
402
176
416
176
179
429
161
168
408
194
415
167
127
419
207
132
402
166
422
165
130
403
173
407
178
128
404
198
171
396
168
448
187
158
407
179
136
404
200
365
168
170
467
189
422
243
128
417
182
159
413
180
434
179
136
404
205
169
400
127
421
199
136
404
181
413
180
156
405
193
175
409
195
415
190
207
408
182
129
409
159
400
184
179
476
190
405
202
127
402
125
158
398
172
420
179
128
405
187
168
410
193
403
181
179
411
180
419
177
177
414
219
176
471
197
404
202
158
447
177
127
371
181
404
182
159
407
165
402
182
125
410
191
162
410
189
423
173
135
409
166
401
175
184
405
160
134
424
167
394
168
167
478
280
134
411
185
402
191
220
424
201
408
205
183
406
180
217
408
187
427
165
184
451
212
220
398
100
429
222
147
399
104
424
219
221
406
201
166
418
207
428
202
184
405
157
406
166
186
428
185
217
417
176
405
203
137
419
182
216
432
188
486
175
223
367
206
167
410
181
414
170
126
418
173
409
177
172
408
203
186
462
201
407
206
215
438
218
425
228
188
449
181
207
447
193
389
185
96
361
162
190
438
165
419
169
134
412
207
399
174
169
425
210
126
399
100
373
172
169
398
177
182
466
203
414
195
184
415
212
405
238
186
404
177
215
419
153
403
221
184
413
204
178
412
186
408
205
128
412
114
436
225
165
417
208
175
445
197
465
185
184
406
184
420
188
135
414
197
165
430
187
437
205
135
408
184
187
416
124
402
143
134
415
194
408
175
166
386
193
138
430
178
407
162
172
461
175
140
412
201
408
193
170
406
153
459
167
127
405
165
126
409
182
407
200
137
423
208
169
394
174
399
177
134
403
175
411
158
167
418
210
136
405
157
406
184
160
400
168
408
181
184
405
202
402
409
194
401
165
223
424
206
224
405
186
400
173
127
424
185
410
173
170
407
191
135
405
200
406
203
133
402
182
140
418
115
483
149
226
406
123
424
179
184
409
196
217
424
174
426
215
138
440
171
136
410
205
403
187
187
418
206
413
194
169
412
179
143
412
179
398
124
138
409
205
135
431
152
414
173
166
396
170
415
173
139
396
252
182
407
206
409
188
187
452
162
405
214
139
408
173
183
400
553
440
190
220
403
178
185
411
187
469
216
217
432
191
405
201
175
455
191
220
437
182
413
166
126
404
204
179
402
166
431
195
185
403
170
446
170
216
413
163
184
408
189
404
205
218
411
206
185
402
203
395
166
218
403
165
403
177
135
409
201
217
407
167
410
203
175
401
191
404
172
218
431
211
228
419
191
426
203
207
418
168
175
430
199
418
170
208
401
191
174
412
115
402
157
221
412
182
414
175
185
407
203
223
416
179
410
194
186
420
177
417
155
205
417
173
183
411
178
403
189
210
414
116
176
430
116
499
222
169
406
200
408
192
124
404
202
125
403
176
401
182
127
380
173
216
403
201
401
176
134
412
219
409
198
219
463
182
183
409
195
405
189
218
405
168
188
401
177
427
167
216
408
197
403
161
187
455
189
217
402
178
405
182
148
471
172
401
180
216
417
185
174
404
188
403
202
223
407
165
184
411
171
405
201
218
408
201
422
206
138
404
181
220
431
178
406
184
128
406
186
216
400
180
404
183
174
406
183
402
183
176
404
196
147
401
173
410
210
214
405
180
427
180
134
408
203
218
395
179
412
202
129
419
178
166
417
177
406
200
136
409
195
166
404
170
413
106
126
399
176
415
190
219
407
203
126
399
120
454
155
158
401
189
401
181
127
412
193
160
401
201
464
192
135
403
184
166
403
206
401
178
124
403
203
411
178
210
401
190
178
397
178
459
188
181
398
177
132
407
208
411
204
168
420
187
408
199
125
414
228
170
410
200
401
201
175
407
205
221
502
101
420
219
134
408
160
426
266
170
431
160
136
441
171
393
134
170
404
167
425
177
138
456
221
162
410
193
430
170
137
461
225
167
449
135
453
170
136
449
176
450
180
168
430
263
138
446
182
438
210
165
438
173
138
433
225
444
176
137
1408
305
425
226
136
401
162
167
424
169
391
216
135
401
177
167
417
162
400
203
136
415
191
411
197
217
411
180
96
405
201
397
169
116
452
156
154
408
177
419
190
225
406
204
417
219
135
430
171
169
351
168
418
104
139
413
190
415
175
170
408
203
138
401
125
445
209
168
411
169
138
412
200
424
204
166
418
157
444
225
155
395
172
99
407
187
413
165
134
433
221
167
409
175
408
117
136
422
176
443
591
173
387
184
137
408
166
408
204
219
457
190
136
415
189
457
198
228
404
108
401
223
135
406
177
170
403
189
402
160
134
424
203
170
418
179
403
173
134
405
204
408
175
168
419
190
135
399
178
407
118
165
418
170
407
102
127
454
215
169
396
164
415
204
137
411
181
136
410
194
405
202
94
418
198
468
205
159
415
183
127
433
177
401
173
126
414
187
225
411
163
415
194
166
378
200
399
163
129
406
179
134
411
211
421
197
185
452
169
171
476
167
424
210
137
431
224
439
161
172
391
163
137
445
230
453
186
171
434
169
381
211
93
432
227
157
445
180
452
177
140
434
163
169
424
179
427
179
126
411
119
474
217
168
396
174
137
417
177
411
197
158
405
199
127
415
195
408
153
169
448
187
376
173
135
420
189
168
380
200
411
122
137
424
216
171
413
163
387
174
134
419
185
411
183
169
417
208
136
418
184
412
176
167
412
101
445
213
127
408
191
169
407
167
373
178
136
411
195
168
416
218
421
197
129
413
182
166
409
192
403
181
138
414
111
414
222
167
424
198
137
411
180
419
197
225
421
170
402
173
135
413
165
137
427
206
418
204
137
400
175
168
408
180
454
214
136
440
223
456
163
171
408
178
231
367
211
480
187
160
400
103
137
404
206
420
180
169
425
193
417
211
136
408
204
169
405
181
431
167
138
413
176
409
160
169
408
166
137
412
204
411
207
172
417
178
138
425
167
412
192
171
404
206
127
415
184
409
186
169
439
186
410
166
136
408
117
165
408
206
404
204
136
415
200
411
218
134
477
170
128
415
220
422
188
167
423
210
136
460
182
420
202
168
411
165
458
135
137
426
205
239
423
182
408
205
139
414
222
188
405
204
410
185
187
427
206
410
190
169
401
172
133
399
188
407
180
167
437
200
135
394
453
458
177
170
418
171
402
184
138
410
208
189
403
165
401
180
129
414
161
407
211
158
407
201
137
425
172
414
173
99
401
209
102
455
197
447
162
181
412
181
444
203
137
408
170
216
414
207
401
180
135
423
199
171
423
175
429
201
181
408
173
405
173
166
409
104
137
418
209
411
209
168
403
175
135
447
166
402
174
159
413
195
429
193
140
423
190
160
418
138
397
172
135
405
220
411
194
229
881
464
165
405
172
406
200
176
402
166
137
417
205
414
181
94
394
167
419
207
126
404
197
209
453
107
507
220
187
461
198
218
402
249
479
195
178
422
182
412
200
214
461
248
175
473
271
428
171
176
409
111
174
436
229
408
192
208
380
187
454
189
174
416
176
208
421
219
447
162
142
401
202
175
401
169
443
205
143
415
192
410
201
221
406
174
175
376
182
408
158
222
414
203
184
411
205
384
193
178
428
173
403
180
177
411
159
213
407
162
407
199
185
419
172
500
130
209
407
188
177
408
210
418
153
208
417
202
175
396
172
398
179
208
476
215
419
198
186
414
202
206
413
159
399
180
213
411
176
206
406
204
410
208
175
412
199
422
203
216
408
168
175
407
171
419
163
209
411
208
131
400
185
409
201
158
411
115
403
190
129
409
180
125
407
190
408
203
137
413
183
172
414
187
415
115
127
415
165
416
210
135
454
186
131
409
175
420
124
170
403
283
402
189
101
406
180
134
396
191
404
156
137
403
184
216
414
268
410
191
185
417
210
409
266
217
410
178
187
462
226
406
164
166
403
185
135
423
192
415
193
167
421
176
416
102
155
408
173
225
405
206
395
215
185
410
215
192
412
174
438
162
186
423
162
422
162
195
456
190
186
460
172
397
211
169
377
180
416
182
128
427
196
230
414
165
411
173
127
403
166
168
397
108
518
215
135
407
180
408
209
220
403
180
136
400
180
414
108
158
409
209
129
410
206
405
199
219
406
182
409
216
229
396
179
221
406
196
405
173
195
408
190
227
418
173
410
204
137
405
180
397
179
170
396
182
135
407
221
408
206
218
404
211
193
457
199
407
168
183
405
196
407
205
175
405
192
217
450
163
450
167
183
473
217
399
184
219
407
209
188
403
175
410
187
216
393
173
154
404
204
396
457
194
402
182
406
181
188
404
212
211
405
173
409
219
185
420
176
229
418
175
407
177
175
432
200
463
206
217
415
184
137
411
169
408
153
172
404
183
186
404
181
406
201
218
407
183
397
188
174
431
174
215
467
238
397
207
176
457
202
207
370
218
417
181
185
400
180
408
207
208
416
109
176
423
189
413
228
217
409
192
416
109
184
410
198
218
412
189
409
178
146
469
174
217
391
195
445
170
308
444
190
457
174
208
463
194
173
430
178
415
175
209
410
213
185
431
200
335
162
216
430
236
412
212
175
440
212
208
438
175
415
176
175
457
167
173
425
170
418
217
174
450
185
386
204
184
403
192
184
399
178
401
185
219
402
159
480
221
185
411
163
225
398
171
407
190
185
403
177
216
403
206
426
179
185
458
193
405
193
217
404
175
184
403
173
408
182
186
405
166
192
413
173
412
173
216
410
184
395
173
154
463
199
217
405
160
404
116
186
365
176
221
409
203
412
203
182
400
174
407
207
218
412
111
187
406
187
404
182
184
410
245
183
404
173
411
173
230
473
185
438
165
139
407
206
233
398
171
401
198
185
412
184
416
180
218
411
166
154
400
199
403
187
187
380
171
185
433
185
426
169
165
411
200
461
201
183
422
203
217
414
182
428
195
187
445
177
219
400
165
438
165
184
392
208
446
168
174
425
160
188
459
181
442
163
215
441
145
123
435
196
440
167
184
413
217
416
166
136
442
182
217
412
212
448
187
186
436
220
429
213
204
432
194
187
434
190
451
127
218
431
220
191
395
224
424
208
218
447
201
427
169
126
445
173
160
429
174
413
220
125
416
165
161
412
174
456
206
173
438
189
411
215
207
457
169
179
424
236
429
161
157
445
204
176
440
181
416
172
210
433
209
456
184
130
501
211
176
450
171
447
220
124
459
184
210
429
214
431
226
129
433
160
438
221
127
441
189
175
427
162
445
185
206
449
216
457
202
174
419
160
175
442
176
443
175
174
430
169
207
426
226
422
211
177
422
179
424
225
212
458
166
176
430
225
443
172
209
498
164
175
439
185
422
171
211
454
172
455
182
174
415
224
207
431
230
433
160
179
430
215
173
440
161
431
175
176
392
117
445
225
189
405
168
174
447
181
448
180
439
332
227
448
176
148
416
137
207
396
163
465
194
176
469
179
209
467
161
463
188
178
454
182
448
176
207
451
196
176
387
163
460
162
173
428
172
141
404
189
459
162
143
463
167
442
190
176
463
125
206
380
175
442
171
179
447
180
206
462
158
453
150
147
461
232
438
210
207
450
182
177
461
171
465
165
206
434
169
175
456
193
438
187
173
471
131
450
161
175
417
156
209
439
199
463
192
177
439
497
492
221
209
468
155
175
413
211
435
177
210
416
182
210
401
131
423
188
212
407
205
414
172
127
409
208
159
436
171
438
173
180
472
227
216
426
190
409
192
157
426
178
420
162
217
412
179
185
417
208
434
188
167
419
178
186
403
226
430
165
183
416
208
430
213
187
432
178
220
436
165
407
162
153
422
208
220
400
205
416
207
184
412
206
426
199
228
433
169
183
442
169
424
172
220
409
173
176
392
206
412
190
223
409
157
412
193
193
472
162
218
414
164
406
212
184
415
214
412
181
223
438
125
188
436
209
415
226
218
423
215
196
429
166
436
161
217
403
203
405
200
186
414
212
223
432
165
416
204
186
420
172
184
412
193
423
218
184
435
166
434
189
189
420
165
155
418
197
402
200
227
411
210
186
437
171
430
175
168
410
188
428
201
136
420
215
170
433
174
418
126
136
477
158
181
419
197
409
206
167
423
226
411
161
216
428
162
185
410
215
424
180
168
427
207
407
199
183
457
181
167
426
176
428
172
192
425
189
167
438
202
365
152
184
429
178
419
178
187
412
200
189
420
216
419
206
184
454
175
184
425
180
427
164
216
411
209
422
166
183
410
192
219
423
172
406
192
187
382
176
216
416
213
411
215
156
417
195
401
206
184
422
122
188
411
214
433
182
216
425
196
412
193
191
415
216
220
434
165
431
168
175
384
151
207
407
180
423
211
137
426
179
422
214
214
427
164
185
405
201
423
153
169
402
199
134
421
164
421
177
134
452
137
470
141
187
397
209
169
433
172
453
170
128
457
116
207
450
186
450
141
188
426
178
382
166
216
461
188
184
407
165
446
142
169
457
197
442
186
184
476
166
217
452
152
438
164
135
456
133
168
450
181
440
178
225
419
152
450
180
169
449
143
134
364
116
436
175
168
1329
123
216
371
195
425
167
219
417
209
429
158
185
433
177
182
436
186
389
177
189
442
223
188
416
216
420
222
184
417
167
450
166
149
418
178
121
422
215
441
208
152
424
215
151
446
170
450
123
138
429
168
430
208
128
411
187
132
400
178
448
197
182
401
198
133
401
183
408
184
185
408
178
457
169
165
399
192
136
405
159
448
167
167
403
171
435
262
185
410
204
172
408
205
402
193
135
412
188
184
822
510
380
193
188
408
205
414
194
175
497
176
177
403
205
396
195
125
409
176
134
416
113
404
221
103
411
218
410
197
90
454
197
95
408
181
403
179
175
406
189
227
396
172
398
191
177
401
177
408
176
168
406
203
183
420
179
418
204
223
414
163
406
190
134
414
105
167
411
200
477
202
210
418
173
178
417
172
408
162
145
410
193
428
210
178
404
199
194
429
193
408
182
134
412
173
177
412
192
403
187
186
438
129
400
180
183
409
178
135
404
204
406
202
183
421
167
153
407
181
411
171
177
425
202
420
178
207
399
199
174
422
179
417
191
158
467
176
426
199
175
406
161
208
407
182
400
202
175
402
177
217
411
180
436
180
136
405
200
160
416
179
411
203
125
489
171
419
161
135
411
165
128
369
193
410
206
126
411
202
405
180
127
442
172
126
422
192
411
221
139
454
207
136
405
181
409
176
129
412
221
407
177
161
411
203
129
400
177
410
205
231
408
161
185
418
208
416
207
218
391
174
403
163
138
403
161
167
419
203
413
190
153
419
206
217
407
113
381
170
188
406
181
419
190
185
410
196
192
413
201
405
207
183
399
191
410
174
219
377
217
183
410
203
388
226
184
413
223
188
408
210
408
208
186
411
211
412
189
186
402
215
183
453
170
408
188
216
444
119
187
443
228
443
229
218
415
176
413
220
184
423
162
217
408
219
438
162
187
450
211
193
437
169
415
207
185
425
167
442
116
183
433
165
155
433
207
439
163
185
445
171
187
411
218
435
174
183
400
229
435
223
152
447
191
175
417
163
444
180
186
453
227
453
223
216
360
215
186
434
153
428
182
186
445
171
127
406
218
420
184
208
401
115
417
184
187
429
211
216
429
216
439
211
185
445
172
185
432
207
426
184
185
441
173
434
178
188
437
227
185
404
410
461
247
183
429
229
201
456
189
443
167
225
332
174
432
175
141
437
219
134
419
230
410
157
156
392
164
103
437
172
402
163
150
410
191
410
204
131
452
166
139
392
118
396
144
150
418
228
417
166
137
390
171
218
434
143
442
189
189
403
186
216
417
172
438
165
136
457
230
451
171
185
462
193
184
413
229
432
214
187
434
221
175
444
183
441
166
175
433
177
421
216
175
434
167
179
362
175
862
502
135
397
174
176
475
225
409
177
175
451
178
433
223
192
443
187
175
435
215
433
222
219
411
211
438
169
144
432
175
175
406
188
443
179
185
446
222
206
465
176
432
163
174
481
181
439
166
176
405
227
176
397
177
395
213
174
445
192
190
432
204
463
180
183
436
166
472
216
143
431
167
144
418
155
410
175
141
447
128
175
435
272
397
218
176
432
227
395
231
211
464
176
176
465
178
459
176
207
418
100
390
184
190
436
225
216
453
180
461
150
174
402
161
175
430
190
431
162
174
449
162
172
417
216
437
143
188
400
190
369
166
184
424
164
189
431
188
456
171
183
443
169
453
190
175
441
217
185
417
167
353
159
173
444
173
174
421
211
415
191
181
426
221
439
161
209
437
179
173
449
173
441
176
215
420
218
176
437
201
449
199
208
434
182
420
170
174
453
174
207
406
202
443
184
175
411
162
429
212
175
443
174
175
449
177
446
178
183
428
160
184
426
227
423
216
184
437
218
182
427
227
440
216
184
396
219
427
230
175
453
175
174
444
169
446
228
176
436
226
425
197
218
422
160
186
468
136
446
186
217
419
209
218
426
175
426
215
209
424
186
426
176
176
465
191
207
421
184
424
173
176
421
215
186
447
148
456
189
175
428
222
443
163
222
418
183
186
439
212
430
216
189
426
207
426
168
176
453
182
182
420
216
456
215
176
429
224
176
421
184
435
168
175
434
187
344
124
207
427
217
176
428
230
441
226
207
433
141
173
436
173
455
190
160
428
226
430
165
173
438
215
218
478
142
485
123
141
441
174
205
403
134
459
183
172
435
197
466
161
185
397
157
187
443
186
431
186
185
443
180
188
427
203
439
222
176
474
172
422
162
176
456
172
182
427
230
431
168
174
445
165
436
226
174
427
221
142
454
197
427
431
251
454
220
187
453
160
415
188
210
415
230
423
165
174
432
222
157
460
189
432
174
193
446
179
217
438
175
433
167
132
395
173
433
145
142
431
146
219
379
197
419
224
115
436
186
172
443
173
421
182
123
432
230
421
162
126
429
169
127
432
181
442
162
190
460
168
154
439
117
432
227
192
374
171
433
216
129
443
176
138
411
217
444
225
230
429
201
428
219
187
394
176
218
431
212
456
170
313
426
127
165
456
184
438
184
177
431
160
442
169
129
395
185
128
433
214
425
217
137
382
173
188
402
166
501
181
134
406
171
421
119
135
429
185
135
450
164
433
161
178
470
197
176
398
172
397
180
175
408
195
402
180
206
408
204
127
405
194
421
192
174
414
156
411
177
148
411
165
206
420
188
412
207
177
416
171
214
402
204
412
165
178
413
198
184
411
194
405
200
183
415
192
434
170
185
409
180
183
379
187
410
203
175
455
174
413
182
176
412
210
185
463
201
418
205
182
404
176
184
407
178
411
183
221
359
152
417
201
186
409
170
185
401
231
413
181
216
423
201
185
405
206
403
173
184
402
178
411
166
190
407
177
188
406
120
421
221
128
419
173
217
405
161
417
180
185
405
185
402
200
175
408
220
190
400
172
428
171
185
429
189
403
161
178
430
120
183
404
226
411
169
192
417
172
193
415
209
408
201
174
414
193
461
176
215
407
179
219
422
438
145
206
213
326
397
187
209
216
331
402
208
215
445
451
119
210
205
363
415
208
215
180
270
362
295
191
331
467
213
216
181
297
460
155
464
178
185
442
195
186
447
178
439
177
186
441
165
178
415
216
442
178
187
428
219
417
214
176
430
214
186
420
217
412
212
176
441
177
401
173
206
439
168
197
432
173
432
173
218
418
216
177
431
219
418
218
209
427
169
428
256
203
428
175
217
437
211
453
193
218
365
202
186
439
174
438
214
124
436
195
431
192
128
403
155
137
405
105
496
219
125
409
205
126
413
288
413
195
127
393
114
404
176
127
401
193
129
411
193
411
208
178
403
177
185
408
189
414
227
125
411
206
400
167
168
409
220
136
400
177
398
122
166
406
177
395
181
185
403
202
166
401
184
409
165
157
423
163
221
408
207
406
191
135
387
152
414
194
420
425
193
185
465
108
446
251
135
404
160
135
404
194
399
177
185
454
214
419
207
186
442
208
183
419
195
414
179
185
409
205
362
179
135
386
164
103
402
160
410
167
167
404
178
137
404
204
405
206
166
427
154
135
417
164
411
176
166
403
189
405
180
134
413
204
217
403
171
411
180
157
408
173
408
217
134
464
210
137
421
121
404
243
139
408
161
139
419
207
460
173
151
472
203
404
248
226
395
554
158
431
206
399
193
183
416
205
189
410
186
398
225
187
446
169
402
166
199
412
207
185
407
184
411
210
222
403
122
403
177
187
461
169
228
436
205
413
210
155
464
177
220
471
182
410
181
158
410
185
476
184
186
413
202
137
409
170
402
125
177
398
169
178
434
201
402
203
173
400
160
432
238
222
456
179
177
399
180
409
186
178
475
233
174
404
180
404
163
176
466
172
414
114
174
401
211
177
406
198
423
207
206
447
177
184
448
198
414
180
206
405
185
413
203
188
428
222
194
428
207
387
217
185
440
161
223
425
228
456
169
138
433
228
451
227
135
430
259
135
456
173
450
141
134
431
220
409
168
161
412
185
176
408
197
427
187
128
391
176
177
410
166
429
164
183
403
215
411
206
178
418
176
183
412
175
412
164
167
405
203
186
461
193
361
185
216
410
166
419
167
185
411
179
219
462
202
403
204
184
406
155
229
422
155
402
195
188
405
194
461
185
135
419
117
185
408
164
408
182
185
403
171
403
177
136
468
200
135
406
166
405
172
135
437
206
189
405
185
402
195
185
412
176
467
185
216
400
182
187
406
197
400
185
185
400
169
183
417
160
402
161
184
423
165
403
176
185
403
202
220
431
180
414
205
177
470
213
220
402
177
407
192
191
407
209
406
205
134
407
206
184
397
168
403
176
187
415
162
449
177
185
409
209
136
410
207
396
183
184
405
179
184
403
165
413
165
185
410
205
406
190
218
405
202
184
401
167
411
224
216
418
180
183
405
191
401
178
226
369
215
419
204
143
415
180
176
425
178
409
174
176
410
210
218
394
189
420
207
181
408
176
414
179
184
409
108
187
379
189
390
163
185
419
166
190
401
179
408
204
184
421
204
421
189
184
418
177
185
414
181
403
163
184
406
206
184
410
191
1365
199
218
391
168
392
210
143
414
178
187
421
200
403
176
210
414
204
408
175
135
404
223
135
427
215
420
206
127
448
174
125
438
221
367
132
92
393
198
398
223
189
390
139
174
394
204
402
209
126
400
174
177
407
210
407
202
174
412
180
405
169
175
408
156
124
418
196
368
186
146
373
172
125
411
176
399
181
125
409
205
403
181
157
406
204
128
409
226
398
197
208
398
98
421
217
126
425
227
158
867
510
489
290
124
379
168
158
405
189
404
177
126
411
205
457
171
126
430
198
127
414
165
439
228
225
376
187
174
439
145
456
163
138
410
187
407
217
125
395
216
125
393
210
394
191
124
444
179
125
425
194
427
218
127
432
119
414
169
124
440
220
125
426
218
415
163
157
428
236
431
208
134
420
143
157
424
219
437
187
125
420
214
162
429
172
434
115
183
436
165
158
440
221
415
158
159
432
226
420
228
125
443
228
174
502
170
461
168
174
465
160
438
247
175
419
195
173
490
198
444
142
177
390
184
172
477
159
479
223
144
469
166
445
202
208
405
236
173
441
223
493
225
177
493
224
173
464
193
461
172
216
421
222
443
186
129
415
215
219
466
183
428
223
96
401
161
125
424
213
434
185
127
421
213
397
217
92
431
201
214
429
171
441
180
126
427
190
126
425
210
440
190
126
413
165
403
227
124
467
186
123
413
160
434
159
127
397
217
426
217
219
320
166
124
429
222
448
175
158
429
215
126
442
184
428
203
158
451
183
432
196
127
443
216
157
427
219
376
158
124
446
114
159
424
165
433
178
125
426
217
435
223
127
415
166
125
441
170
436
181
146
434
189
177
409
186
448
189
173
411
219
414
121
144
424
203
176
455
222
424
208
142
419
225
414
207
206
414
161
173
438
180
406
212
175
415
210
173
439
176
442
161
207
448
186
439
185
143
420
162
172
429
164
436
178
175
434
192
206
441
226
441
212
141
421
161
418
228
176
443
170
177
419
173
407
167
132
1077
209
177
1044
155
951
172
128
954
164
1002
204
182
1062
208
143
1107
226
1053
216
147
1033
172
145
1081
223
1091
170
224
976
205
1090
163
213
1046
187
143
1055
166
1044
178
174
1046
155
1083
214
176
1108
174
210
1043
188
1052
192
186
1083
217
175
1058
116
1082
161
178
1038
452
1158
196
146
1091
159
175
1034
168
1042
202
174
986
185
178
1115
167
1034
224
176
1087
196
1046
212
125
1045
191
185
1093
226
1060
209
178
974
162
1072
216
125
1020
170
94
984
173
1001
194
208
1064
210
173
1049
168
1039
167
208
1083
162
184
865
198
1074
220
180
1018
162
1100
165
174
1057
185
206
1021
159
1088
231
128
1083
213
1032
215
186
998
192
124
1079
224
1053
166
126
791
223
179
1010
176
1046
166
127
1099
213
1473
484
227
1095
211
174
1051
170
1038
185
175
1039
166
131
1042
171
1076
228
126
1046
165
879
223
160
1028
180
178
1072
205
1047
167
207
1087
226
1110
224
176
1052
180
176
1069
209
1053
182
174
1076
213
177
1027
177
1043
179
217
992
198
207
1077
220
1074
227
125
1087
160
1088
221
177
1046
183
173
1093
164
1044
167
141
1025
158
1037
172
142
978
169
175
1089
117
1030
228
173
1081
204
180
1039
174
1022
172
128
1064
165
1085
229
209
1079
228
126
1036
165
1053
187
207
1068
227
173
1074
193
1084
118
174
1024
174
1011
203
126
1045
182
207
1072
227
1055
186
129
1096
229
1092
212
140
1087
225
175
1050
178
1047
173
125
1025
200
127
888
164
1093
213
126
1052
178
184
1067
219
1050
169
176
1090
159
1074
227
175
1088
200
148
1030
169
1018
216
127
1085
197
1045
189
126
856
213
124
1055
197
1045
181
206
1024
235
125
1009
200
1039
177
158
1080
227
1097
162
128
1026
217
161
1078
214
1054
185
176
1089
230
160
1045
184
1102
160
127
1042
186
1054
177
127
1088
229
124
1025
180
1131
225
125
1037
179
127
1075
225
1054
175
126
1092
172
1066
208
162
1056
169
175
1051
189
1043
178
125
1042
178
1084
164
158
1062
192
126
1056
175
1098
164
125
1051
185
126
1101
221
1074
165
162
1096
117
1045
172
174
1068
209
157
1047
163
1043
190
126
1031
175
157
1102
157
1067
204
124
1076
189
1066
175
122
1032
199
175
1045
164
1066
183
126
1082
167
125
1027
165
1050
184
176
1064
220
1087
229
126
1079
230
126
1018
165
1094
226
127
1052
165
128
412
226
423
228
189
443
226
445
172
159
443
143
126
432
174
441
127
124
422
208
417
177
127
434
210
157
437
164
418
213
125
423
212
158
434
179
365
159
124
435
181
434
139
125
418
182
124
428
206
407
160
125
417
202
125
442
177
425
214
126
401
166
421
164
125
409
161
167
409
226
403
226
126
377
188
444
434
207
418
218
173
445
192
445
171
128
434
223
127
430
167
424
162
156
402
155
416
205
172
467
190
126
420
227
417
214
125
416
219
158
380
160
398
156
92
359
167
415
211
124
426
228
128
448
176
447
168
126
424
117
128
423
210
393
209
125
434
185
439
187
184
429
216
188
409
169
414
173
126
460
171
124
406
171
428
226
128
441
159
431
119
205
417
172
191
451
182
438
171
135
426
223
415
160
261
440
219
216
451
171
432
181
126
425
209
123
361
172
452
214
124
425
178
155
428
218
458
160
126
419
214
428
217
126
425
187
126
428
207
455
185
124
420
225
436
164
127
439
223
125
422
178
454
162
123
430
221
126
412
211
393
218
125
445
192
436
204
161
455
211
129
421
167
401
218
157
423
222
124
441
168
448
173
212
406
162
419
177
130
399
215
156
464
192
409
228
124
438
176
125
433
161
418
162
148
433
198
418
226
123
430
221
140
420
119
332
163
126
383
216
434
160
124
439
178
127
434
157
401
154
124
408
213
126
424
234
422
216
127
438
177
439
162
157
420
117
124
396
201
416
234
159
394
156
125
426
171
400
188
158
425
215
443
222
123
404
222
172
412
169
464
165
172
443
133
189
407
223
430
227
176
407
230
421
215
132
441
182
124
415
172
453
175
174
451
163
424
216
188
427
209
124
448
188
441
171
127
389
162
177
443
210
426
220
139
424
159
417
227
157
451
170
124
423
225
427
176
205
417
203
128
438
191
406
223
156
436
156
455
171
125
436
173
206
451
175
399
219
126
447
164
124
412
219
364
162
128
429
205
412
167
125
425
198
181
418
210
448
211
220
379
209
180
444
192
416
184
172
441
170
419
218
172
419
173
181
431
175
397
181
124
436
165
123
476
174
413
215
125
405
116
395
191
160
366
216
125
447
180
418
224
157
454
173
437
166
123
362
190
159
418
168
418
187
124
440
176
159
434
176
437
121
126
424
223
388
208
124
430
172
123
413
217
417
209
124
414
162
125
451
177
425
165
126
424
225
404
209
126
426
198
123
400
170
415
159
125
436
156
124
432
229
415
212
124
429
209
437
161
124
385
167
127
442
172
445
182
158
407
222
361
206
125
420
175
156
405
160
438
167
127
422
224
157
1351
400
474
232
125
425
227
435
164
126
419
199
123
416
212
415
211
124
440
170
157
414
223
439
164
124
430
159
403
199
127
409
166
124
440
175
408
216
90
404
175
91
352
188
385
197
90
443
165
449
168
169
408
167
124
426
196
420
176
156
422
180
420
166
126
438
170
156
411
159
427
165
124
418
222
159
417
178
410
214
124
447
121
346
115
124
424
160
125
418
222
424
217
124
440
176
124
395
231
449
460
158
424
184
403
220
125
401
179
125
435
170
436
116
120
417
210
121
435
169
421
244
125
420
154
450
174
125
436
220
124
496
164
409
197
157
432
172
126
388
199
374
172
128
416
200
401
219
126
433
194
157
431
219
438
193
126
412
169
423
220
126
461
190
124
454
172
424
173
123
428
220
92
439
190
386
204
127
423
220
418
229
122
437
116
181
450
172
435
182
126
420
216
123
447
175
422
216
125
424
176
432
178
157
433
161
158
369
166
428
163
125
438
206
146
433
136
440
202
167
436
292
462
174
128
435
163
129
438
187
436
225
126
444
221
164
415
118
426
224
123
417
170
420
202
125
451
165
187
390
159
436
168
126
372
202
423
228
173
429
178
177
491
223
428
166
177
428
116
173
444
177
440
183
174
419
204
444
145
215
419
159
173
395
162
424
158
159
387
175
123
426
227
428
174
130
416
169
430
120
133
435
182
157
412
228
428
179
173
422
97
180
413
176
1022
211
128
963
185
975
178
137
921
235
126
959
216
967
208
135
814
173
182
974
228
960
164
183
1008
208
1075
228
125
1051
174
144
1042
175
1031
173
174
1093
210
172
1107
235
1070
214
174
1043
169
893
166
207
1036
180
178
1059
186
1049
185
205
1075
222
1072
195
175
1052
161
175
1051
188
1035
170
174
1092
227
204
1043
177
1085
227
235
995
197
1041
176
172
1070
196
179
1059
192
1093
222
173
1046
184
173
1078
166
1038
172
173
1090
159
1078
224
174
1050
176
173
1032
188
956
171
174
1007
206
1081
165
208
427
183
178
418
164
438
180
205
403
169
175
437
173
426
174
209
425
182
426
172
175
425
187
205
452
212
411
164
175
444
169
171
411
223
436
201
176
408
223
426
209
172
424
195
172
405
173
436
175
173
422
159
173
402
158
415
227
174
439
160
439
178
173
418
163
173
424
225
1362
120
207
437
166
126
418
203
397
203
172
436
170
437
178
204
387
205
182
414
186
422
168
206
449
185
424
223
172
455
180
219
418
228
428
209
175
371
204
134
306
193
366
167
91
376
187
401
164
92
421
231
171
464
189
418
184
166
427
220
143
424
163
417
200
172
447
175
416
227
142
394
171
173
423
228
420
212
209
416
150
144
442
186
445
167
174
422
211
432
209
206
398
190
174
407
163
407
179
205
920
522
225
404
182
398
283
203
396
118
392
174
175
403
182
206
402
219
407
204
180
404
185
176
413
187
411
175
141
380
173
405
185
138
405
203
173
408
180
397
116
177
412
178
402
161
174
406
217
176
400
177
398
184
175
399
173
175
405
196
409
181
171
405
193
408
207
206
411
101
174
375
181
401
169
205
403
208
175
404
170
413
210
206
413
176
435
190
124
404
158
158
404
208
410
208
124
373
169
158
401
177
407
173
124
404
200
407
198
123
402
177
125
402
179
400
168
123
408
188
125
402
182
416
172
123
406
181
408
198
127
398
172
162
402
199
402
191
173
412
206
409
189
126
358
169
125
408
184
413
193
208
419
207
146
408
164
389
133
156
395
190
411
272
210
402
186
221
411
206
404
203
126
395
173
156
395
159
413
218
128
415
206
448
181
124
415
192
126
413
153
410
171
128
406
115
414
194
125
411
201
127
406
158
399
181
89
413
167
124
405
200
405
207
174
429
192
125
379
163
406
215
172
406
201
407
136
124
379
186
125
400
170
408
207
157
410
163
362
168
130
422
181
159
408
212
406
191
182
404
193
160
412
167
389
213
125
432
183
461
184
125
408
190
123
416
206
412
186
126
411
198
126
406
170
415
204
180
408
219
407
203
143
434
171
126
410
192
420
198
141
406
212
407
229
205
423
196
171
439
179
400
225
173
441
121
142
433
180
441
178
172
409
180
442
142
173
439
199
207
452
197
423
216
172
446
213
210
413
186
407
197
176
452
199
423
204
141
441
169
141
461
169
423
170
130
432
171
145
402
188
362
199
146
437
167
425
215
146
437
186
146
484
163
438
227
173
421
223
435
211
207
431
176
123
417
169
460
168
206
421
187
172
444
175
424
170
173
487
230
173
425
220
422
225
173
430
227
391
165
173
446
445
236
425
201
422
159
123
444
176
443
190
175
418
221
173
427
219
431
228
174
435
186
175
423
165
439
185
125
411
214
437
163
130
452
183
133
360
208
312
150
85
419
185
175
435
185
418
171
174
407
178
437
177
126
427
226
179
425
161
404
198
129
437
180
424
164
175
442
164
207
428
165
445
228
173
419
204
174
428
176
426
179
172
441
151
156
430
223
424
174
126
436
215
437
166
174
424
178
280
432
224
429
218
161
399
186
397
166
125
406
206
124
374
161
387
223
124
404
178
122
409
202
405
202
174
407
204
399
205
205
401
191
126
457
180
390
171
207
414
193
172
398
175
403
182
157
402
186
399
173
174
399
195
157
403
181
406
189
124
403
176
403
178
126
404
189
175
404
196
404
200
94
372
189
90
399
167
402
200
125
407
177
399
182
126
404
200
178
398
190
465
189
172
395
96
141
420
182
399
178
180
389
173
407
195
172
447
163
174
393
176
405
170
212
407
207
172
397
165
406
189
206
442
178
452
166
124
476
201
159
399
100
436
255
175
405
177
207
408
207
404
171
145
406
200
406
197
176
464
169
176
401
213
376
187
125
406
186
155
418
179
407
159
174
405
103
420
215
126
440
164
174
418
190
404
199
127
393
171
408
188
224
463
185
126
416
202
404
190
210
365
185
173
405
171
405
182
175
453
182
446
178
127
393
157
214
411
104
434
180
176
468
170
158
409
220
408
175
175
410
196
388
171
173
454
166
175
477
108
401
221
128
404
189
172
399
173
402
202
126
403
178
428
106
128
404
204
125
400
193
409
188
174
450
178
173
400
171
451
161
174
451
201
412
182
208
424
159
176
399
175
403
181
127
407
167
403
177
174
434
193
206
467
171
407
217
125
400
172
212
416
213
406
182
146
406
202
398
174
125
403
217
125
401
176
399
102
124
408
206
144
398
178
417
198
173
400
170
403
176
125
426
191
175
415
153
431
182
175
422
188
126
410
184
404
181
173
403
160
411
194
174
415
201
213
410
155
404
196
159
406
179
125
406
169
430
190
168
418
190
412
190
127
412
174
158
400
163
405
165
126
406
186
407
183
214
415
160
175
405
184
400
189
125
403
199
125
397
102
440
253
125
402
166
404
182
125
402
180
398
392
238
401
179
172
404
192
175
398
174
445
183
125
391
177
402
181
216
406
190
172
407
193
421
208
125
403
176
124
403
192
401
160
207
409
204
416
126
93
388
153
168
402
198
404
178
178
364
167
401
176
128
407
219
174
403
175
405
189
175
415
165
174
413
199
419
190
175
368
173
453
171
172
403
174
176
411
207
405
179
175
412
191
173
403
189
401
175
173
404
169
399
178
157
460
203
124
393
600
403
163
179
405
177
176
409
191
400
197
175
403
181
405
172
125
415
224
158
435
180
428
225
125
442
167
173
419
218
415
206
207
361
205
429
216
173
436
173
176
441
175
445
176
174
429
273
427
226
125
426
211
122
456
175
433
177
92
449
171
125
437
120
368
166
125
422
223
423
227
156
446
173
125
418
198
438
218
155
424
226
123
440
167
433
168
155
427
225
439
194
128
438
115
124
413
183
397
227
126
404
155
160
399
182
408
177
127
408
192
402
176
124
411
204
125
371
155
404
204
124
397
167
400
118
123
404
191
126
408
192
414
206
126
408
181
125
421
177
417
191
126
412
204
408
207
157
413
177
126
405
179
398
191
159
378
187
125
391
156
396
180
158
402
179
406
166
125
422
221
157
410
165
408
205
128
404
158
127
402
195
450
203
124
421
194
377
195
125
406
176
177
409
176
403
178
174
407
197
173
406
168
408
211
174
408
101
488
220
178
404
199
176
406
190
412
222
217
401
196
178
404
222
399
174
174
400
165
410
209
206
407
191
175
402
181
398
175
179
406
207
405
169
176
409
195
205
405
122
476
191
174
402
169
207
398
212
402
178
178
410
206
405
207
171
403
186
177
411
215
420
198
173
437
174
173
406
186
444
114
178
404
203
403
193
176
404
195
144
403
108
421
217
126
397
213
403
192
208
404
207
183
400
100
430
178
206
398
161
175
467
203
402
176
208
405
204
177
405
191
448
184
207
401
188
408
184
176
407
203
206
466
153
412
204
173
399
167
394
187
175
437
193
174
411
212
405
218
175
400
169
172
401
180
425
172
173
409
204
411
194
125
402
186
123
403
182
455
181
177
415
163
210
365
224
405
200
176
406
205
405
202
211
404
195
172
404
188
411
185
177
451
202
174
460
168
387
208
206
1372
158
400
185
211
392
187
206
395
173
461
168
174
409
178
402
174
174
417
204
176
402
178
411
201
172
400
186
140
377
195
406
187
139
419
186
395
176
141
420
184
140
391
199
397
174
140
404
205
143
400
177
404
179
173
405
188
418
185
174
402
200
172
373
189
451
201
208
450
164
174
404
174
412
154
177
412
199
389
174
176
410
202
226
402
106
438
257
176
402
162
417
180
145
422
184
173
371
213
454
532
230
437
214
177
400
176
398
175
179
411
169
408
177
171
433
177
172
429
218
431
213
172
422
170
173
405
203
416
192
171
419
174
397
190
172
405
169
173
405
171
451
174
177
402
198
178
434
98
441
256
205
400
153
405
188
175
409
208
209
437
181
400
198
176
426
176
402
175
172
403
164
174
453
163
404
190
175
1100
163
178
979
214
966
202
178
958
192
173
948
119
960
167
178
959
182
867
178
175
941
172
173
973
173
936
181
179
1114
176
1098
161
205
1057
192
178
1000
199
1064
197
141
1077
146
179
1115
179
1066
192
177
1075
203
1073
190
178
1076
207
176
1094
282
1124
175
174
1107
163
174
1072
208
1041
215
181
1127
127
1057
227
175
1094
226
144
1070
198
1067
198
173
1072
207
171
1100
175
1116
180
175
1127
177
1114
181
146
1069
203
174
1097
166
1061
192
177
905
181
1113
179
209
1062
199
174
1111
181
1076
217
231
1054
181
146
1052
192
1113
179
177
1067
205
1066
201
176
1114
173
176
1116
171
887
160
147
1060
191
210
1114
175
1064
194
175
1110
168
1110
179
175
1115
172
172
1069
203
1060
191
143
1059
195
179
1121
119
1074
215
214
1088
167
1110
166
177
1057
183
174
1114
176
1121
177
141
1112
179
1120
176
207
1073
213
173
1075
195
992
201
219
1085
217
145
1078
195
1048
172
206
1101
167
174
1114
177
1083
206
184
1063
200
1065
201
172
403
186
173
406
162
453
192
173
395
99
476
217
171
391
118
174
406
194
404
156
178
397
179
175
403
179
398
179
143
401
196
395
179
127
454
193
144
398
191
399
174
173
399
157
179
431
200
453
199
175
401
176
448
101
211
398
181
177
409
197
405
204
206
400
170
144
401
193
456
182
210
397
199
403
186
172
424
183
207
443
192
409
182
174
404
157
430
187
172
404
195
177
427
224
428
173
172
427
218
171
437
183
443
177
173
434
202
225
189
208
395
159
178
407
166
402
165
175
406
205
173
399
197
414
212
174
406
181
393
107
172
409
180
174
404
198
405
192
207
406
200
176
460
180
403
107
207
395
161
432
206
141
440
165
173
402
178
406
204
114
401
168
398
177
175
412
201
180
404
129
403
212
174
397
172
147
450
182
399
176
178
412
207
407
205
174
394
161
173
448
177
452
169
180
411
205
175
415
104
406
113
175
401
191
372
171
207
861
471
221
409
186
406
207
173
404
191
174
410
208
405
170
207
456
184
405
203
177
400
160
209
458
175
446
177
177
402
199
207
399
177
405
194
173
420
164
395
160
177
423
177
178
408
202
401
193
173
399
178
398
180
175
454
174
173
406
199
402
179
174
400
206
175
398
175
447
175
175
403
161
398
176
174
406
204
172
404
183
408
211
208
450
176
222
455
184
409
179
177
454
179
401
198
173
407
189
207
408
194
402
194
173
399
191
207
404
193
411
215
175
403
179
403
185
212
402
172
177
399
214
407
200
175
407
225
125
415
173
399
194
124
406
193
402
194
173
407
201
173
408
174
402
174
175
398
117
444
170
208
398
188
173
407
189
412
202
174
402
96
170
408
179
456
165
205
453
218
396
179
173
409
202
175
399
162
411
191
173
401
168
207
405
224
403
180
175
398
103
432
196
176
402
169
174
411
194
405
206
173
381
183
175
396
169
398
175
176
418
447
461
205
204
401
378
117
217
204
375
444
217
205
167
242
445
311
119
391
436
207
205
169
253
396
270
197
378
370
166
158
155
397
428
174
153
204
305
405
290
121
367
385
133
157
183
403
191
208
409
193
447
230
186
403
217
394
167
126
427
186
210
412
199
414
196
127
475
204
175
416
192
410
206
128
452
208
395
177
127
413
204
125
401
203
407
205
125
409
176
174
397
117
397
175
177
410
204
401
182
167
467
214
128
460
186
420
176
158
397
163
404
180
124
408
190
124
419
205
474
198
126
383
115
155
397
186
403
158
125
407
207
401
201
173
408
180
125
409
185
410
200
127
408
202
126
404
168
408
191
128
405
180
415
118
127
381
171
124
416
201
406
203
172
450
270
174
469
178
400
161
127
404
197
397
177
209
404
205
176
457
182
402
182
158
411
164
397
230
125
419
441
175
419
170
407
170
125
409
194
125
459
165
408
178
125
402
182
407
178
127
407
180
125
405
187
368
209
127
410
206
128
413
177
374
155
124
402
193
399
166
142
441
177
145
456
205
436
203
145
396
174
141
403
193
387
224
220
395
183
407
194
169
402
178
123
448
179
398
174
175
398
216
124
401
180
406
172
227
395
173
407
181
128
407
207
156
395
121
419
203
125
404
174
398
185
123
409
204
302
413
208
407
201
176
410
179
176
407
173
391
180
173
402
208
173
402
178
406
188
171
399
177
402
177
174
402
178
173
398
202
404
202
176
405
177
416
207
172
397
156
172
403
198
416
205
205
417
155
177
416
171
397
189
177
399
270
399
178
180
407
205
210
398
179
406
199
173
396
202
178
439
201
422
188
176
403
182
402
202
174
454
201
175
464
169
438
218
172
402
195
399
177
126
402
205
176
404
179
406
182
179
404
165
172
374
173
416
190
173
454
199
476
202
156
402
176
125
402
172
413
123
125
456
198
127
404
191
410
206
155
407
192
405
178
127
412
102
157
399
202
408
189
160
394
179
156
398
165
400
155
127
406
152
405
208
125
408
208
174
406
185
438
157
175
447
181
177
404
209
412
201
176
411
115
395
188
174
376
188
173
448
184
401
198
174
404
184
177
397
157
462
176
176
405
201
401
222
213
398
97
173
464
189
1112
115
141
941
182
404
180
173
403
161
206
401
99
482
136
174
401
180
206
405
165
408
205
175
410
173
404
205
171
408
173
175
421
188
415
207
172
404
189
172
401
103
492
221
177
404
179
404
178
173
405
205
174
400
162
398
205
147
396
168
399
180
209
448
198
174
401
199
457
198
177
439
219
174
399
183
422
176
205
407
159
175
455
182
412
196
127
403
160
399
194
174
402
198
208
401
181
400
181
172
407
181
405
153
173
398
180
174
406
205
450
189
175
408
171
180
409
213
401
185
173
401
101
416
219
216
408
204
175
392
175
394
181
174
407
181
174
410
205
405
209
180
393
175
405
220
178
447
191
172
401
186
460
198
177
400
119
173
405
177
403
107
158
403
203
399
188
125
400
202
175
449
181
441
190
144
403
203
398
179
177
453
215
171
389
228
399
192
178
397
95
172
402
202
409
181
421
446
166
453
177
172
401
205
125
399
167
400
185
125
404
185
125
400
185
398
200
126
399
174
409
191
206
396
190
175
408
207
403
202
205
407
178
174
400
177
395
198
142
401
185
442
163
93
406
204
140
406
180
432
197
123
409
107
482
215
124
400
177
124
465
199
402
189
173
415
193
125
406
234
401
182
145
452
206
457
181
175
408
203
217
451
191
401
175
174
406
219
176
404
203
406
189
128
405
614
433
174
156
391
172
175
409
192
407
198
174
403
195
172
400
118
391
187
206
399
103
414
214
143
404
217
173
406
185
407
188
174
422
184
385
197
179
416
192
176
407
204
398
199
170
392
197
173
399
165
401
185
176
410
202
143
398
176
404
168
173
404
182
398
174
126
407
206
176
400
162
399
176
175
401
164
407
122
207
464
153
177
400
171
453
204
159
429
173
175
416
191
413
161
207
413
194
448
204
173
405
180
206
405
178
407
178
175
436
194
175
400
167
404
203
144
398
106
417
220
172
399
173
178
407
204
404
192
145
414
168
413
182
176
409
177
176
451
182
471
168
172
468
202
174
400
181
460
181
176
409
109
441
220
172
396
179
174
404
176
404
201
206
404
181
176
405
206
395
157
157
441
199
404
197
174
405
196
170
411
178
405
162
180
407
175
206
405
190
376
185
125
406
159
397
188
178
410
174
177
461
195
352
185
173
404
215
142
402
191
397
185
143
455
170
404
167
175
411
194
175
398
204
399
102
175
448
177
397
176
206
454
187
146
457
217
405
206
177
397
158
179
405
163
409
181
177
408
200
143
396
172
375
197
208
401
179
400
187
125
400
175
157
410
181
403
174
145
455
183
400
191
176
400
218
174
412
202
407
190
144
403
164
174
409
202
410
207
143
415
221
430
165
173
424
206
180
422
222
431
229
179
441
181
173
432
221
415
216
143
426
224
431
226
207
401
172
174
441
171
443
176
178
419
220
441
226
144
407
165
213
402
203
406
203
179
395
173
206
397
177
401
185
125
410
188
177
415
165
420
202
175
404
178
400
182
218
406
187
174
410
166
408
204
142
403
181
398
184
177
406
173
174
406
190
403
192
175
469
193
176
396
179
393
187
172
401
120
395
174
145
400
171
173
372
170
406
204
206
1358
168
171
453
185
403
183
175
400
174
395
101
178
407
196
209
397
188
409
189
142
400
164
365
170
178
402
107
145
407
213
406
195
175
404
175
177
412
178
408
179
148
397
164
404
189
111
406
178
141
449
217
377
156
147
402
218
174
404
192
458
200
143
404
165
404
203
126
403
170
176
409
204
408
168
172
408
202
173
397
102
406
216
175
405
178
405
171
174
404
243
171
414
168
408
186
173
404
170
404
621
157
403
184
173
398
193
451
195
174
410
177
220
395
176
395
176
173
404
193
142
415
172
406
201
173
401
172
460
182
176
411
194
172
405
216
398
197
175
399
180
401
184
207
400
184
176
402
190
397
169
206
409
204
174
396
180
398
186
173
393
176
401
178
179
406
185
204
395
174
403
191
124
405
191
172
393
97
408
219
181
405
195
383
178
126
405
209
145
369
172
399
171
178
398
164
399
170
124
406
203
175
409
190
401
187
174
396
171
144
405
187
446
177
124
403
190
129
397
174
401
183
176
399
166
405
103
205
404
207
174
399
194
456
193
208
464
169
458
188
171
401
172
175
405
188
405
180
124
402
195
215
424
175
403
284
174
372
172
405
159
176
459
187
175
415
179
410
198
174
404
176
174
460
204
406
198
175
401
180
404
179
176
410
194
173
406
216
397
200
123
411
197
176
400
187
418
178
206
380
159
397
177
158
401
200
131
394
175
409
206
212
402
193
402
176
174
402
190
206
376
172
408
219
176
400
173
174
399
116
413
169
145
405
192
404
187
176
412
201
178
403
181
399
177
172
396
159
174
431
180
409
197
174
396
174
403
191
172
417
114
175
397
183
400
199
144
407
203
176
415
214
400
177
140
445
163
403
174
207
408
220
174
390
181
392
159
205
403
185
407
117
173
384
192
207
416
177
406
181
172
405
165
217
403
192
407
176
177
410
172
412
205
125
400
175
124
415
161
403
102
123
371
200
123
408
202
410
163
173
404
188
405
193
143
403
181
173
402
190
393
168
175
470
188
176
399
167
414
174
173
398
175
460
173
180
406
187
174
465
189
403
189
206
398
166
408
169
125
398
179
205
403
205
408
189
176
401
163
176
404
175
403
168
212
368
226
206
395
191
405
199
144
400
167
398
176
173
392
162
175
464
485
459
182
142
413
198
403
178
180
405
197
176
409
118
413
217
124
401
172
176
402
194
405
173
125
404
194
405
201
159
397
168
125
392
174
400
174
172
401
183
136
404
201
407
188
174
396
169
400
178
143
401
170
205
451
181
406
192
172
405
193
207
377
179
404
178
143
377
177
407
103
125
406
205
179
468
167
403
203
175
416
162
392
160
173
420
195
173
407
202
397
201
173
405
203
172
434
162
869
494
225
434
173
464
176
143
431
206
176
431
162
430
225
206
435
178
173
433
174
450
191
145
424
206
440
194
94
420
200
174
448
194
428
217
92
443
172
207
372
190
436
179
145
429
216
431
224
174
431
228
175
431
173
441
180
174
428
212
435
225
145
422
221
173
440
129
429
164
207
397
162
175
406
182
409
186
173
403
203
403
190
207
416
189
174
409
182
432
178
177
408
158
172
407
203
406
202
176
399
156
400
162
173
425
181
173
416
204
414
168
179
409
208
173
414
164
422
181
177
404
161
406
183
177
403
206
90
409
204
403
185
174
404
156
172
398
175
400
194
176
415
197
401
186
178
402
180
174
400
160
433
200
172
415
191
177
383
174
404
172
125
401
178
394
171
165
405
203
180
408
192
408
187
174
399
201
416
218
162
465
184
216
414
189
413
206
177
405
190
177
411
206
455
168
176
405
194
401
199
143
402
174
178
404
184
419
182
175
415
192
177
410
181
404
204
177
405
176
407
172
178
412
205
218
360
156
408
199
176
398
173
175
404
178
408
179
176
455
202
404
207
213
404
181
177
398
172
444
173
207
442
182
431
226
206
363
156
175
420
209
431
186
175
425
187
208
425
215
435
168
177
407
198
435
177
172
424
164
177
424
208
433
221
178
437
203
174
437
195
435
176
145
399
220
424
260
177
438
166
180
441
168
436
172
177
425
223
144
429
226
423
206
177
441
177
419
192
207
425
173
144
424
222
435
170
210
422
158
423
220
144
422
219
205
460
179
441
166
143
422
215
125
425
221
423
222
179
436
162
206
422
218
434
177
176
431
217
421
218
145
400
185
177
399
178
394
176
174
401
181
395
224
174
404
172
174
448
223
447
218
145
397
177
175
403
174
398
191
178
457
210
403
192
210
409
182
173
400
159
423
436
226
404
188
173
405
199
402
170
209
364
205
409
196
179
401
178
206
407
195
400
191
174
408
209
176
400
169
459
199
175
398
176
444
165
176
405
181
179
407
186
386
167
145
445
181
391
170
147
398
183
141
401
201
405
188
175
403
201
125
406
177
402
192
124
401
195
403
179
123
402
117
126
451
158
449
128
156
398
181
128
409
204
405
198
156
403
185
408
163
127
405
185
157
406
202
400
172
359
406
207
207
460
165
393
176
173
407
196
404
205
170
403
200
171
403
179
405
179
173
407
179
401
182
175
416
205
124
407
207
404
188
125
398
172
126
401
165
403
212
124
453
195
402
201
156
407
181
123
402
173
411
181
126
406
200
176
398
178
416
181
214
462
208
460
188
123
457
197
177
392
199
455
157
92
408
206
219
398
170
402
188
125
409
170
387
211
124
412
218
124
419
175
418
209
164
394
179
126
419
195
409
185
126
407
209
407
206
121
402
176
125
406
175
401
196
124
404
222
123
402
170
407
180
142
399
189
353
182
207
403
202
176
405
183
411
187
173
405
171
451
178
173
405
191
212
410
207
409
209
174
396
174
206
402
169
445
118
175
400
164
403
180
172
397
176
175
400
189
395
173
174
405
183
173
403
172
400
188
174
399
100
468
215
175
399
179
