438
507
509
492
512
131
399
411
436
416
498
488
459
463
118
397
505
322
419
456
418
482
414
481
463
451
124
389
408
388
183
413
444
446
429
117
478
238
383
459
463
459
120
391
419
135
432
471
435
423
380
430
453
488
423
296
428
510
451
429
147
528
585
576
200
503
422
425
480
496
456
518
406
444
493
171
385
375
147
433
434
284
499
497
213
441
462
159
538
469
424
485
245
500
436
174
458
408
413
416
464
383
465
500
261
484
496
229
521
429
129
422
472
426
433
520
507
395
452
290
353
449
422
267
444
499
199
442
470
141
417
169
496
529
122
383
477
187
406
409
451
353
504
464
450
491
230
481
422
483
547
488
462
488
204
390
417
129
464
439
171
449
450
267
452
409
199
537
568
205
423
477
451
476
344
527
545
260
437
462
438
399
447
450
497
486
468
349
495
506
407
467
482
396
486
559
515
450
128
462
401
431
121
376
453
400
202
452
431
432
454
249
383
481
400
418
488
455
234
415
418
135
466
401
390
481
938
576
442
480
380
446
206
482
483
447
250
368
412
386
439
168
371
477
511
508
181
447
430
248
479
174
397
218
425
403
487
432
448
447
469
521
141
422
434
200
568
133
462
516
467
203
561
458
165
420
398
162
354
448
376
445
139
526
457
483
247
423
475
377
415
129
414
455
436
461
273
441
136
431
113
435
199
400
419
315
413
185
420
124
404
178
470
511
161
540
346
554
128
598
142
492
178
427
487
133
448
128
506
183
413
287
424
522
217
463
241
440
424
455
451
208
455
452
444
226
460
487
443
185
369
404
449
198
518
507
532
133
448
415
485
132
466
534
521
110
414
445
433
436
127
416
496
480
135
399
432
137
405
194
434
114
477
141
519
346
505
402
440
383
553
372
514
349
476
405
406
474
512
192
399
286
504
264
544
325
576
290
439
484
312
481
170
425
203
422
176
475
262
526
162
462
126
480
145
454
293
500
307
373
185
392
446
105
422
203
493
173
496
369
474
426
331
488
520
437
543
410
422
375
574
479
508
253
411
126
498
399
432
434
468
495
570
503
496
498
128
436
204
398
367
242
494
139
438
416
120
462
179
377
130
412
208
405
473
202
473
503
506
221
436
404
490
397
292
471
427
432
446
483
161
401
485
444
122
431
464
489
137
473
363
454
126
464
588
466
569
134
496
146
480
141
945
958
396
476
144
413
430
448
427
328
205
457
485
473
421
260
400
466
484
475
535
190
398
497
503
440
475
510
418
232
365
420
425
434
472
173
345
428
449
465
422
292
471
484
470
478
443
320
184
390
323
391
451
429
452
429
384
127
472
396
418
499
428
519
150
335
441
427
420
425
493
162
303
460
492
404
410
413
142
377
397
410
466
443
424
225
303
454
434
384
425
407
398
392
185
381
482
419
511
466
476
256
122
448
462
539
459
539
482
529
303
323
486
508
530
458
540
491
467
173
401
454
440
479
462
295
137
478
467
530
515
505
236
253
400
476
440
438
261
212
382
371
463
404
470
457
483
457
157
354
435
451
462
447
442
182
378
491
414
447
518
468
190
332
418
407
448
435
461
125
445
371
363
406
410
459
115
319
493
435
414
443
419
405
406
178
438
504
490
444
431
480
241
229
573
433
526
501
448
242
307
456
414
450
451
418
193
244
359
392
517
491
529
472
435
402
168
544
495
453
543
513
341
126
491
459
560
527
483
286
285
521
478
468
525
487
447
272
494
458
413
506
479
438
126
496
464
432
523
492
460
430
395
177
410
507
477
564
404
302
248
471
425
517
473
570
514
147
505
464
475
483
489
410
144
377
357
439
505
421
445
233
253
390
500
469
452
466
465
403
174
351
379
398
411
361
428
156
358
414
407
413
470
418
183
225
431
381
455
424
401
314
148
418
394
495
452
461
473
470
483
476
510
485
483
488
514
305
139
433
403
483
437
396
314
121
422
436
427
484
418
407
167
385
406
412
408
432
448
220
218
428
427
412
411
434
398
477
173
328
539
526
415
459
461
182
297
453
416
396
539
476
238
359
564
454
429
482
488
378
197
409
459
429
498
512
457
442
347
365
531
442
472
493
445
306
139
405
451
483
487
529
469
188
372
431
377
430
499
431
169
271
423
492
465
468
522
227
477
577
397
402
518
427
427
467
194
368
456
458
420
446
505
207
245
492
453
428
386
490
318
283
512
476
457
598
535
344
162
656
613
454
536
508
501
482
367
127
410
420
467
512
525
422
153
427
498
409
470
440
527
236
363
450
556
519
535
448
121
498
456
565
521
476
544
127
439
535
500
466
565
392
388
390
164
372
494
411
467
546
484
172
240
363
449
502
444
370
231
367
454
428
398
449
431
165
329
455
486
619
445
473
327
126
424
376
504
492
528
467
563
529
147
509
476
578
541
514
393
214
434
391
475
551
511
331
126
485
450
549
514
491
455
168
411
508
477
439
417
502
398
420
206
1165
616
1240
687
1213
660
129
1092
528
1160
604
1111
551
145
1123
628
1248
689
1169
613
195
1322
776
1378
880
1337
785
241
108
891
958
1049
1601
1126
1430
1029
475
1391
822
1428
874
1318
764
293
120
813
1502
956
1385
831
353
125
909
430
1132
1371
992
445
131
1119
568
1245
696
1164
617
212
1252
765
1057
1113
862
904
145
534
760
828
130
602
786
870
301
574
677
779
138
533
699
871
879
123
596
724
807
130
559
732
1537
1140
1387
1374
1193
191
552
676
773
139
557
686
817
856
153
510
701
740
137
494
710
812
136
563
689
810
140
497
663
845
829
143
493
642
505
123
475
716
794
130
519
724
825
136
526
618
729
119
435
678
800
852
122
481
681
807
134
479
683
818
137
553
660
774
200
1378
685
841
857
119
515
686
722
134
555
695
819
136
519
646
729
152
500
643
784
240
511
697
849
931
225
558
703
812
260
531
1511
749
133
532
710
1287
285
550
720
820
889
176
475
613
750
123
484
688
724
146
492
617
751
130
539
700
789
130
522
717
826
687
238
490
711
787
127
496
696
738
242
538
641
750
144
427
635
704
123
487
624
810
844
132
520
721
828
133
534
692
763
118
1449
682
760
225
536
689
834
899
172
463
656
716
126
449
658
768
125
527
626
786
129
538
718
734
137
466
620
754
847
166
437
1360
646
138
505
632
779
124
502
684
722
144
510
679
784
834
115
474
689
759
129
516
760
845
137
516
683
734
82
526
704
754
1281
517
704
762
938
218
503
705
811
214
498
709
775
121
496
622
773
128
526
680
834
895
167
498
599
716
134
441
631
674
218
1490
727
765
129
548
707
744
136
541
661
788
892
134
506
673
721
121
495
703
767
129
504
654
739
138
465
634
718
120
461
640
1412
864
112
534
688
783
128
602
709
725
136
543
652
712
227
554
646
817
902
152
471
744
758
149
501
690
700
152
496
661
737
1241
550
697
759
131
509
682
863
856
164
529
609
747
119
466
614
786
209
524
707
722
254
491
584
722
796
118
467
692
773
131
1256
638
691
201
502
638
698
232
504
674
850
145
540
642
766
865
123
470
697
713
130
504
705
727
125
501
684
762
115
495
637
518
132
509
686
842
925
229
554
788
808
141
523
693
767
125
562
684
804
136
551
671
808
853
144
498
682
764
136
494
709
812
1317
560
727
843
248
522
642
723
140
538
711
804
893
152
541
741
843
150
521
670
743
140
479
727
768
139
552
682
905
852
145
1409
642
713
134
481
622
713
136
529
692
736
150
500
644
777
145
494
708
815
855
191
512
671
741
135
500
675
763
213
509
707
399
150
523
636
780
870
190
481
690
717
146
426
651
703
199
525
693
703
212
496
737
826
237
473
668
763
864
119
520
664
725
1178
437
1225
652
258
591
735
768
123
511
743
811
131
574
733
844
941
142
537
721
822
122
563
761
802
130
580
741
795
137
579
1071
915
907
140
536
761
831
142
582
736
801
135
560
740
775
124
756
875
927
153
537
739
861
929
182
626
798
788
172
512
693
607
128
564
742
833
133
618
708
878
961
158
555
740
797
125
560
693
802
132
582
745
889
216
577
709
800
124
601
821
899
967
1366
559
759
833
116
530
762
780
132
993
1163
1227
220
564
766
856
913
280
541
644
763
124
542
678
815
136
584
750
802
219
486
1454
759
257
577
724
878
933
196
555
697
776
141
586
718
814
129
557
681
807
305
545
694
771
124
566
691
804
920
183
512
720
577
125
573
680
808
169
511
687
841
126
508
712
828
951
145
624
712
890
205
577
688
796
261
597
688
775
126
536
690
809
135
1510
738
837
922
285
485
695
741
188
585
680
881
278
547
648
746
121
510
679
854
858
128
547
693
757
142
500
710
747
112
547
1515
810
166
497
735
819
127
528
674
911
889
154
546
676
851
186
524
675
772
126
545
749
815
189
463
656
761
123
527
702
869
744
141
595
770
850
143
618
680
828
123
574
772
809
280
603
701
813
893
182
556
735
819
171
535
736
771
128
535
715
814
305
1433
636
776
120
601
751
898
878
143
481
721
802
129
615
697
822
133
594
753
807
133
540
681
814
907
130
579
736
831
131
526
1448
797
273
554
669
778
136
523
723
830
144
534
677
857
879
228
557
684
717
157
547
676
750
258
551
692
862
135
577
687
915
742
143
538
680
770
125
553
710
757
124
588
678
802
146
567
696
833
133
526
666
868
885
115
553
746
789
136
562
772
899
203
1450
713
766
182
551
688
822
126
602
710
905
926
220
585
653
806
137
607
749
827
132
580
746
803
133
564
751
829
911
131
569
1502
774
138
550
710
811
142
511
665
737
134
562
684
803
150
570
797
847
959
160
423
466
493
130
437
428
499
273
470
410
444
307
445
387
399
145
422
485
512
515
159
440
453
457
145
435
454
469
139
410
454
439
105
410
463
419
451
149
359
400
461
126
441
476
489
153
453
442
422
209
421
456
441
125
412
430
416
433
106
456
431
451
126
435
504
491
132
478
440
403
240
387
400
380
392
163
403
404
446
492
485
474
432
360
450
535
508
141
407
392
441
198
439
422
404
452
148
448
470
452
116
408
412
437
308
450
393
402
146
503
425
395
480
221
391
402
413
131
417
445
481
178
411
392
378
178
346
376
417
122
407
443
478
443
176
378
391
480
132
491
409
476
136
418
460
469
130
411
453
486
445
184
510
454
492
168
428
406
413
125
369
386
401
140
467
474
435
128
428
441
458
474
220
418
458
397
163
412
375
991
326
475
444
499
223
366
434
403
121
400
437
417
514
176
504
439
474
416
532
494
449
119
427
495
481
130
486
443
414
477
145
425
471
414
177
395
387
443
145
500
494
486
142
421
468
405
117
414
467
405
500
179
342
346
394
128
457
494
451
127
482
448
430
134
394
458
456
475
140
430
464
502
145
460
461
464
186
407
411
458
136
390
444
425
145
408
463
523
494
177
456
405
421
262
435
452
461
278
409
425
510
137
451
458
442
435
126
363
416
425
295
470
460
521
120
508
445
440
192
396
473
424
265
396
432
469
430
172
465
478
490
166
393
432
414
121
400
439
479
278
376
421
439
261
431
467
506
463
113
436
481
513
136
402
431
497
197
430
437
458
130
413
451
487
446
283
429
449
485
173
403
407
385
259
432
441
460
128
357
479
446
131
459
395
481
489
152
405
381
429
130
439
419
492
122
460
408
420
173
420
430
434
445
303
483
434
453
135
460
505
440
176
448
462
413
265
409
444
468
264
414
390
381
433
122
416
367
436
125
440
423
408
172
451
470
444
133
442
424
387
135
355
438
431
403
138
349
399
458
127
430
425
467
265
438
454
388
125
448
481
518
462
235
393
416
439
126
414
459
495
133
459
439
458
127
407
447
406
120
392
430
486
464
234
455
409
456
130
459
389
475
146
470
410
453
132
433
434
426
446
122
402
443
411
128
387
455
501
304
411
471
436
124
405
446
483
130
469
486
515
480
135
384
430
410
118
404
466
484
142
392
504
444
135
405
426
409
459
124
389
488
490
133
437
502
486
305
436
433
451
121
418
438
438
123
409
516
476
456
187
452
396
419
123
399
376
442
123
428
425
401
130
482
443
425
310
432
420
465
444
163
364
453
451
125
404
479
487
148
419
406
488
206
383
409
447
370
170
371
423
400
179
408
457
409
125
478
440
419
280
410
407
363
129
398
459
492
479
167
383
434
438
137
429
449
473
145
406
460
438
124
409
390
451
413
153
438
417
375
129
426
423
422
135
437
427
437
174
408
448
461
304
471
397
468
430
132
361
427
482
134
482
488
418
126
412
442
451
137
389
453
414
138
500
458
515
485
157
441
471
450
107
428
457
467
131
435
418
480
280
413
379
428
413
146
364
463
427
132
883
877
919
231
447
511
495
128
494
452
411
192
415
445
433
454
133
346
456
403
148
467
452
433
284
414
457
412
124
479
441
482
522
181
442
420
450
119
421
429
438
125
450
465
469
364
539
459
429
138
422
434
451
407
125
406
440
479
219
408
416
493
130
449
433
418
202
448
379
463
451
126
472
422
407
149
424
409
449
129
413
453
498
132
451
416
520
139
446
393
456
419
124
468
478
485
147
434
418
497
136
426
424
436
189
398
408
449
126
442
430
497
475
157
483
444
458
139
394
429
425
123
402
442
412
130
430
441
455
470
220
423
408
451
122
399
485
473
381
465
473
436
122
426
433
481
181
397
416
404
417
124
385
477
403
134
435
421
480
193
394
415
408
136
454
452
418
486
170
471
433
468
148
423
463
453
120
422
439
423
266
376
417
440
127
468
477
488
431
280
426
397
396
125
405
443
481
253
421
431
445
122
442
449
494
478
166
399
428
460
137
408
421
441
120
404
413
424
116
435
446
462
127
452
482
429
466
128
414
457
439
451
419
510
443
192
409
474
419
130
432
478
458
134
421
440
478
440
181
410
389
438
134
418
487
427
130
413
496
403
231
364
395
389
460
186
457
454
465
133
485
449
411
188
403
445
405
177
432
444
455
279
385
420
402
444
181
434
440
465
127
481
471
524
132
466
408
416
289
444
463
458
438
187
472
456
485
136
465
505
518
223
454
405
433
126
426
386
426
284
395
392
417
428
296
431
446
473
115
499
510
463
136
393
456
487
504
173
399
413
401
463
471
423
166
323
419
409
451
441
432
137
294
397
433
410
413
438
475
436
184
374
401
399
402
387
118
407
446
489
140
459
496
449
332
450
431
424
125
420
409
388
457
139
436
457
437
144
473
511
468
131
409
391
461
141
417
393
433
454
454
502
523
491
282
481
499
410
130
387
428
452
121
398
443
479
120
451
431
410
449
336
446
371
424
120
367
397
387
245
464
452
437
141
433
425
483
157
430
457
421
450
175
422
379
530
145
435
449
481
135
409
476
423
196
415
470
375
440
191
469
517
488
138
437
450
458
136
442
409
417
134
451
426
414
145
497
380
423
463
151
434
447
464
263
469
455
485
137
432
447
488
294
416
431
482
413
163
478
467
996
286
497
529
486
156
423
464
456
131
440
450
407
139
468
426
453
583
150
424
424
515
125
424
453
440
124
456
459
478
146
394
504
450
492
164
445
466
423
253
424
485
453
128
445
462
473
136
402
465
475
126
402
468
404
448
189
418
398
457
143
424
476
439
130
418
443
410
283
440
399
440
464
123
439
441
409
132
404
466
424
186
403
388
428
193
450
453
479
135
413
477
467
460
197
454
398
416
198
415
429
444
142
475
446
427
127
402
492
461
134
445
448
455
479
163
459
391
406
265
435
472
460
128
449
483
445
202
434
414
461
437
165
491
447
435
280
402
422
500
226
370
412
459
131
420
465
406
179
473
457
444
430
123
413
450
454
267
444
417
475
156
502
473
525
318
442
493
472
455
186
453
481
517
123
463
449
417
298
452
402
419
126
423
435
471
127
452
463
473
420
130
402
420
457
123
402
451
370
123
450
396
394
130
423
437
474
217
384
396
425
448
178
441
468
393
151
413
463
428
135
398
455
420
126
423
446
451
436
193
357
403
371
118
412
450
468
125
439
425
491
131
487
449
511
294
372
400
381
487
190
432
420
468
262
375
373
395
430
444
473
431
124
470
473
460
452
190
446
452
466
129
381
422
489
130
388
446
429
138
416
391
428
130
440
425
494
488
146
414
448
492
144
431
517
481
130
416
424
433
117
422
373
413
457
120
447
393
406
130
453
421
431
137
441
454
400
257
446
405
451
204
360
457
380
420
143
418
457
422
129
481
459
500
197
429
414
474
126
414
429
418
123
417
518
477
434
174
403
458
483
414
463
470
486
129
362
382
390
135
516
718
899
937
292
611
739
787
186
534
709
764
127
534
716
778
143
487
715
811
130
549
1494
820
930
227
576
729
775
125
523
671
824
137
585
844
800
134
548
1590
1186
622
186
579
743
792
140
572
706
837
132
411
360
366
132
399
407
497
135
375
463
446
425
105
462
429
421
126
404
384
483
271
412
427
451
186
409
406
420
127
410
434
391
465
188
433
398
522
184
451
443
457
185
405
419
447
121
440
461
472
418
206
428
512
500
149
483
509
420
155
471
426
439
127
458
419
500
131
430
442
474
479
149
384
508
453
161
407
411
404
197
428
404
473
136
492
454
516
467
150
938
913
920
310
485
495
546
138
408
467
526
134
422
440
433
125
408
440
482
452
199
372
450
461
125
454
424
405
131
486
448
431
316
444
420
454
438
447
431
448
518
137
502
487
481
139
409
388
407
193
443
448
464
277
444
450
432
401
175
409
414
463
145
424
459
523
136
369
473
442
128
426
450
488
134
463
426
460
575
150
436
454
423
142
428
365
455
119
364
371
427
138
419
450
495
474
289
524
458
485
179
469
433
411
129
482
487
406
147
448
445
496
186
423
421
453
443
124
406
442
484
132
405
450
423
180
407
453
436
122
438
431
402
451
186
419
441
457
133
420
478
415
281
406
383
427
123
499
443
415
148
499
435
456
490
174
379
424
407
124
406
481
476
134
455
402
528
135
403
471
432
419
133
416
404
430
131
442
419
481
301
404
469
421
125
427
472
430
125
409
452
410
469
181
454
412
379
140
454
381
428
148
426
468
453
137
411
441
438
123
418
431
405
435
167
494
427
438
215
441
465
474
118
507
445
489
138
468
429
540
581
170
436
421
463
186
476
388
450
279
466
451
442
138
465
445
469
163
417
483
416
458
187
456
422
463
131
484
449
417
135
412
438
456
128
408
456
492
455
288
454
422
401
187
422
408
520
128
519
439
472
136
441
430
397
363
431
521
457
468
289
399
501
449
192
458
435
414
125
366
456
447
142
419
463
500
134
372
401
462
479
126
388
422
468
137
475
474
487
277
434
365
381
137
423
389
410
424
117
393
438
490
145
468
431
447
134
439
416
459
118
359
451
424
138
416
389
444
445
285
414
448
433
181
464
435
465
280
413
418
507
172
426
411
428
429
128
443
511
431
132
414
490
476
183
481
457
442
370
469
462
450
125
403
431
436
390
143
425
462
500
184
356
377
425
122
401
435
469
131
407
498
402
467
254
479
501
534
155
409
424
425
131
351
425
407
217
402
440
431
116
407
396
456
443
147
507
491
486
142
394
413
423
127
415
450
486
132
455
416
538
136
449
444
409
409
159
440
396
437
149
467
511
450
140
431
373
435
120
416
370
471
433
180
417
440
476
157
375
391
428
416
449
422
491
121
478
468
464
133
407
448
475
445
194
347
393
369
162
418
395
488
137
395
454
497
139
453
412
399
871
309
382
488
397
130
416
480
562
134
457
424
468
133
403
424
409
231
453
438
421
409
114
439
433
472
233
400
412
413
122
449
463
439
249
428
445
503
144
454
479
461
485
178
427
480
421
125
459
499
484
135
418
476
466
349
428
456
450
483
152
459
406
388
431
446
438
424
126
394
479
475
135
452
435
503
128
393
490
500
504
211
479
391
449
172
449
411
409
126
438
462
514
130
458
438
498
457
211
415
515
439
123
390
462
479
134
447
463
435
148
437
452
467
126
442
431
491
546
156
449
464
494
146
428
481
507
127
392
421
453
127
409
463
488
128
464
398
432
469
131
466
454
515
141
435
409
405
168
405
448
436
145
429
404
413
401
371
473
473
479
122
456
415
482
130
488
447
503
140
418
382
466
132
483
420
429
509
294
400
460
439
274
446
442
424
117
396
462
470
193
405
411
395
437
197
338
400
392
163
363
427
480
108
410
454
474
136
454
443
421
214
349
371
406
388
175
406
395
427
126
343
374
439
110
396
384
466
124
392
435
405
471
152
369
412
430
124
398
407
409
133
378
480
471
128
404
475
484
280
418
408
444
446
126
476
443
460
128
343
351
361
132
344
379
428
121
436
413
477
166
380
409
441
408
169
429
464
450
269
405
434
490
126
436
503
400
142
498
460
522
491
173
458
424
449
125
440
431
496
131
457
419
443
281
460
476
412
197
408
407
424
440
158
478
401
445
132
407
450
431
137
453
405
415
123
400
440
480
515
179
395
394
408
125
410
391
424
133
457
423
531
140
423
451
468
248
425
448
445
463
271
475
484
508
137
418
433
484
175
460
425
458
133
429
445
472
150
539
769
861
915
117
533
1077
726
127
565
766
805
265
554
710
736
123
489
686
821
828
118
568
814
868
148
519
752
814
279
526
683
1214
661
243
522
641
1355
647
753
879
969
161
499
715
768
134
526
761
827
147
594
749
807
136
529
686
853
915
150
484
645
831
135
558
712
822
138
1496
701
803
125
521
750
822
132
506
738
905
1051
145
552
679
793
252
580
688
838
140
529
727
833
135
532
733
895
952
252
491
1432
751
133
476
690
812
150
486
663
734
115
440
686
765
126
526
675
822
884
240
551
657
772
119
522
668
778
131
531
640
763
1206
477
1176
1288
288
492
770
803
844
180
499
648
763
133
567
679
751
135
480
687
813
137
466
633
819
848
121
523
702
816
168
1428
701
766
132
552
705
805
131
517
722
827
132
539
754
799
912
139
551
715
799
142
548
732
833
134
600
689
813
136
579
696
1467
855
201
504
690
766
125
567
766
808
129
551
706
813
134
557
734
753
201
540
679
758
822
92
538
643
714
134
539
708
765
1213
526
694
878
170
543
653
819
933
158
564
734
827
174
476
643
738
137
463
739
780
128
562
740
749
133
589
741
896
957
158
1464
732
722
136
516
693
813
268
517
686
768
131
571
689
811
129
541
777
828
941
235
552
731
783
252
613
739
854
269
517
748
519
138
468
698
838
859
165
475
623
692
118
528
693
737
122
524
767
785
137
473
640
678
116
482
623
771
838
118
538
767
786
1340
541
698
781
161
517
672
804
160
531
770
936
865
133
539
747
820
255
537
734
778
125
523
689
748
197
540
708
819
128
564
1459
795
918
196
475
688
736
117
523
693
786
129
541
737
824
136
606
710
775
115
531
759
856
921
152
556
723
813
270
543
650
546
121
528
770
794
146
555
698
797
928
174
533
695
792
263
464
729
747
258
538
698
794
157
555
710
785
254
504
799
867
928
1370
573
853
870
171
521
704
723
197
465
676
724
130
532
655
810
920
143
527
728
791
128
507
738
831
139
555
736
764
174
534
1071
812
128
571
726
850
913
201
497
664
781
129
569
689
809
132
553
778
818
135
524
687
856
910
138
548
718
807
126
527
719
605
130
597
659
766
160
532
666
804
134
588
756
842
921
299
578
684
796
123
565
684
805
144
562
692
822
138
528
711
784
137
1410
699
821
939
131
540
715
824
131
388
422
434
122
421
401
391
135
350
430
463
456
123
452
459
470
268
372
416
458
115
413
454
517
242
476
470
438
135
414
410
428
441
150
361
397
429
122
413
387
420
131
480
442
492
288
411
469
426
442
124
404
445
429
144
398
419
465
132
442
416
383
187
405
387
452
276
465
446
527
432
174
414
432
455
300
396
388
453
135
419
456
425
141
389
426
448
501
157
422
436
446
121
412
383
434
200
365
395
436
194
414
378
428
123
523
712
861
877
132
567
749
830
212
492
1482
771
122
563
678
799
646
873
1039
1187
188
616
712
813
978
160
532
688
824
294
582
675
802
192
549
671
787
132
552
728
833
725
233
560
706
792
169
579
662
831
129
560
673
800
215
490
653
763
118
592
708
860
948
145
587
692
760
140
587
704
807
182
1448
737
780
129
548
680
836
935
138
581
731
860
126
567
767
806
296
479
622
825
128
604
722
845
146
578
713
847
931
151
591
1466
833
133
570
705
833
182
525
721
846
266
584
713
881
942
132
578
737
795
190
530
667
745
123
541
745
790
125
536
751
815
1397
603
749
863
995
195
569
642
757
124
529
704
794
258
566
675
858
162
503
660
708
126
531
697
870
879
143
526
729
747
134
1356
690
747
126
474
716
800
132
610
720
831
938
230
530
659
728
119
561
703
764
251
517
697
771
134
576
658
774
244
542
669
1562
945
283
551
725
803
135
575
723
822
142
496
682
784
127
550
699
870
888
146
544
749
852
149
541
714
745
176
486
658
691
1383
594
692
807
122
568
736
847
907
187
570
703
788
121
535
747
816
131
584
740
793
134
538
787
866
880
125
587
702
811
132
1471
781
820
132
523
640
790
122
538
741
815
138
595
766
898
958
156
620
701
829
131
531
789
791
159
552
706
780
139
579
700
604
276
499
730
836
930
173
568
715
866
140
596
720
760
127
456
714
794
147
543
691
923
907
176
560
729
780
119
552
679
789
1369
600
758
840
127
634
770
811
150
498
677
824
860
122
562
682
803
146
560
787
828
134
526
727
781
126
541
750
836
963
133
1409
785
829
130
572
702
779
117
576
763
808
131
578
744
885
201
520
675
854
933
181
574
801
791
285
527
671
760
121
541
651
547
256
591
685
776
128
539
713
809
876
269
554
714
804
130
582
737
891
314
572
741
792
245
543
681
820
953
135
578
763
834
1432
635
1627
1293
735
285
525
656
264
534
756
778
126
542
715
875
929
166
564
791
854
133
582
837
799
203
569
724
808
126
554
1381
824
904
189
589
661
747
137
527
683
762
121
553
674
800
147
564
720
832
138
536
681
813
908
122
456
457
420
130
430
490
456
141
411
413
432
141
452
439
503
406
169
402
392
416
262
477
462
448
126
420
418
396
123
435
416
482
132
458
495
531
495
406
536
458
451
123
418
452
480
136
450
832
884
254
454
429
453
135
475
441
427
466
145
460
401
428
123
448
460
409
131
448
467
522
136
461
456
412
462
170
421
463
470
135
403
411
443
122
421
408
461
288
427
391
421
267
468
438
483
502
157
447
469
546
139
369
392
449
129
446
446
412
142
402
410
463
403
175
379
412
448
163
498
459
462
126
375
356
402
132
459
471
480
129
443
477
520
460
227
362
420
407
130
423
405
449
126
454
461
469
131
450
486
521
204
378
437
403
437
133
447
449
418
140
419
440
436
286
407
443
376
122
410
360
411
453
130
403
383
422
146
399
510
467
134
405
403
436
123
450
461
396
130
448
485
424
427
220
418
463
443
189
425
439
454
129
418
430
390
122
393
453
473
424
137
423
417
401
188
431
447
460
140
429
441
459
135
423
422
404
146
589
788
898
939
114
548
758
890
197
562
768
791
127
569
767
791
129
576
751
889
950
144
576
737
782
258
568
1498
846
127
610
718
821
286
575
707
806
139
534
758
910
890
147
534
668
759
171
544
676
808
123
598
747
813
165
607
696
831
1391
600
764
867
940
185
543
676
861
134
481
712
758
122
522
710
730
120
556
698
880
917
184
539
669
821
137
553
755
828
130
1525
736
800
134
574
701
771
129
591
686
885
922
272
497
769
926
191
573
676
785
262
556
692
752
131
539
702
855
928
172
558
1460
767
130
551
775
811
203
546
714
810
176
538
751
827
278
538
631
794
929
168
565
711
859
137
586
742
808
132
580
682
801
1337
566
668
872
899
149
554
741
849
145
613
715
821
127
554
733
827
143
626
802
793
136
549
705
821
883
166
506
707
712
128
924
736
801
125
539
751
818
128
582
731
797
192
551
700
820
919
147
553
720
811
127
565
774
814
133
517
728
781
120
527
759
1465
944
201
590
790
803
136
1345
1438
1138
207
574
786
768
216
481
728
815
134
529
844
909
892
162
564
713
796
169
568
738
873
1368
577
730
809
125
603
746
818
131
585
730
894
955
156
560
728
828
123
583
763
803
143
577
710
821
219
510
746
897
919
129
441
780
811
165
579
806
834
135
527
725
786
121
489
690
762
122
562
759
879
922
182
531
751
801
120
557
711
787
264
590
763
640
132
541
729
834
945
141
582
721
770
107
528
729
817
631
889
1089
1129
200
578
783
811
134
528
708
858
911
129
649
766
807
1361
567
783
932
176
566
705
792
120
562
681
875
916
279
506
696
767
134
575
787
849
126
533
800
811
129
547
688
768
128
569
1526
804
929
194
535
663
750
120
561
698
802
130
568
730
795
283
546
701
854
887
131
506
735
718
139
517
775
815
132
571
774
508
209
505
702
754
124
547
773
932
873
132
485
709
764
146
587
710
823
129
580
729
880
185
532
749
794
267
555
747
872
929
1322
620
788
786
134
582
648
756
261
534
768
852
125
558
773
987
933
223
537
692
756
122
570
761
803
130
546
685
804
132
515
1434
778
125
546
777
872
872
132
476
745
795
123
561
762
804
129
576
725
789
193
554
721
862
884
183
558
701
765
125
555
703
572
178
533
761
843
132
531
731
841
153
559
778
849
922
133
533
760
831
130
579
830
790
187
581
717
774
196
547
729
842
886
1304
585
751
848
118
539
764
809
133
606
707
745
122
547
698
750
124
530
761
859
891
123
600
832
818
197
479
755
775
262
591
1084
762
127
570
748
831
135
566
720
820
873
178
572
718
763
119
527
791
869
132
574
783
819
131
527
755
853
857
163
537
698
543
137
478
718
807
112
542
782
848
126
600
687
813
133
577
736
882
1046
145
508
760
781
133
530
755
791
125
604
754
823
143
957
747
917
961
157
518
720
757
79
542
731
797
119
530
696
818
127
499
692
845
126
539
721
820
915
141
584
702
816
129
574
1494
885
189
544
687
804
124
600
751
818
120
568
766
843
930
164
545
686
772
128
554
732
822
133
619
792
779
233
501
715
828
702
147
543
732
825
133
602
803
839
143
571
778
861
299
558
729
791
123
584
786
888
1001
185
517
684
799
261
513
750
848
260
969
687
773
257
556
713
904
891
153
601
1648
1197
645
284
541
643
160
606
719
846
281
500
687
756
122
492
650
760
814
115
539
1506
792
265
555
676
864
277
597
637
781
178
593
751
841
930
185
588
693
783
198
553
702
817
140
482
744
778
127
610
685
820
1376
659
767
877
893
178
544
711
764
140
580
695
815
128
574
728
887
196
516
724
770
121
544
682
878
872
124
584
766
803
141
1485
789
826
131
524
739
786
123
570
757
901
925
185
540
681
782
128
602
1148
1194
283
509
668
731
119
513
762
776
117
540
650
1161
885
115
540
689
775
129
533
766
826
132
588
745
895
207
562
668
849
885
116
525
769
784
131
580
752
830
137
565
680
795
1380
587
763
850
129
548
676
832
941
130
550
663
768
128
532
780
792
147
487
724
746
124
592
708
835
135
588
665
806
887
120
1548
748
875
146
506
699
791
122
550
680
821
138
536
700
912
976
160
579
810
847
135
546
684
761
128
560
734
826
145
632
805
578
137
504
675
841
892
175
539
652
719
121
522
769
779
128
532
806
822
131
567
732
892
899
133
581
818
832
133
544
674
824
1301
590
758
848
186
570
771
790
181
546
675
878
899
116
558
752
791
131
578
734
796
134
508
680
803
263
555
686
788
136
625
1528
851
944
138
633
709
818
133
501
737
830
129
576
738
809
137
579
784
902
856
205
375
381
427
133
474
493
412
151
457
439
483
272
407
463
444
119
447
458
461
419
112
406
518
460
145
515
465
468
132
428
391
429
278
400
429
475
426
169
388
403
519
432
478
430
513
191
358
416
396
118
429
426
455
121
441
456
391
423
110
409
440
436
131
392
413
418
151
435
473
511
137
459
474
452
477
151
386
524
439
301
462
420
435
267
468
512
552
129
445
414
454
210
373
454
472
425
125
404
446
485
132
393
499
508
134
403
460
409
119
430
507
482
469
135
384
396
438
180
425
447
465
118
397
442
475
282
480
484
509
178
411
393
408
424
405
403
466
459
128
418
392
404
143
464
399
491
245
421
433
439
122
409
440
449
469
105
399
416
416
122
445
462
399
129
368
430
433
123
420
458
482
444
185
434
454
493
171
456
520
445
132
432
461
485
130
453
488
530
133
403
439
389
474
121
415
377
501
129
385
402
441
133
462
430
428
189
440
450
463
414
288
448
444
473
222
417
459
450
122
414
450
486
133
391
537
502
194
407
406
458
444
120
444
464
474
127
443
482
523
134
455
438
421
198
364
455
465
215
420
434
463
443
119
397
372
389
183
436
471
458
127
420
411
434
145
461
442
497
430
183
432
415
411
139
370
464
447
144
451
459
473
124
438
442
484
132
416
447
414
450
153
443
421
451
259
373
442
476
128
481
406
467
143
428
456
450
472
162
388
412
444
685
773
824
815
196
494
442
467
136
451
453
454
164
447
433
408
390
178
420
419
462
147
368
427
419
125
431
499
481
130
430
489
476
475
152
468
419
401
139
429
469
436
143
453
524
446
132
372
378
389
123
412
376
429
390
163
474
394
442
133
494
444
514
138
407
485
496
126
437
507
486
378
495
460
514
497
108
506
432
478
134
413
454
429
181
421
427
433
133
417
423
494
503
294
393
413
392
125
437
433
402
136
474
457
434
187
463
436
438
122
424
446
421
436
185
404
395
469
199
422
421
431
124
432
445
438
177
427
456
452
478
192
350
388
364
118
410
471
455
272
446
438
528
132
446
449
464
162
405
425
461
446
168
438
445
460
123
365
425
409
123
420
437
473
401
454
526
430
444
163
477
479
482
320
400
398
380
140
427
463
434
276
468
402
396
139
344
452
409
379
168
362
464
430
123
415
428
483
136
415
389
456
131
409
388
427
130
392
539
511
467
140
402
411
428
142
418
430
423
118
436
434
478
133
394
452
487
475
151
433
462
473
264
476
515
412
142
437
451
558
132
468
489
519
147
439
420
463
447
171
379
426
446
171
427
439
453
446
456
446
521
132
473
415
429
472
148
426
470
508
133
482
553
507
136
416
442
377
119
399
458
556
131
480
447
504
468
142
430
487
493
128
369
420
400
124
493
470
454
130
415
411
400
124
365
454
387
459
157
411
441
434
125
367
459
446
119
438
451
486
132
436
464
470
486
134
472
511
521
155
403
433
486
125
418
465
405
123
410
388
423
281
395
396
421
429
168
416
443
440
340
409
440
486
129
401
380
423
132
488
465
508
493
223
438
505
469
177
394
458
457
280
385
446
425
179
423
440
441
120
445
481
468
414
127
373
405
447
120
452
453
472
136
413
488
486
126
421
452
383
459
464
170
458
447
130
409
426
453
265
472
510
488
132
391
405
441
132
454
439
436
426
176
398
435
476
130
424
385
431
126
412
449
413
157
374
379
416
137
410
449
410
529
425
455
442
448
178
364
469
460
126
421
469
428
125
421
439
480
518
188
361
422
500
123
443
423
480
135
404
545
508
310
401
424
465
190
474
455
487
507
176
474
487
425
177
412
388
458
125
409
453
489
131
410
452
506
465
146
448
933
908
273
469
513
414
119
462
432
409
189
420
414
428
264
439
452
459
412
286
421
507
449
191
424
416
427
125
439
448
483
135
382
435
396
132
481
507
429
479
156
472
520
456
133
459
444
386
132
427
392
430
281
462
467
417
498
123
419
438
476
274
428
413
448
254
455
472
430
130
428
394
411
114
417
446
398
518
188
411
422
513
281
371
413
446
131
423
422
440
125
406
384
480
440
282
404
469
401
137
448
432
494
132
371
407
451
128
450
451
418
188
353
449
398
400
119
362
391
389
121
476
437
480
132
463
426
447
185
440
449
388
452
122
425
376
487
150
373
460
470
144
401
471
421
185
408
442
396
123
396
440
416
437
182
442
413
464
123
395
438
482
131
461
493
443
132
457
440
456
137
418
458
431
456
288
449
371
443
265
390
427
471
152
418
437
421
121
401
441
415
467
170
441
393
416
125
426
489
425
135
408
453
433
136
468
451
424
123
417
457
491
511
188
398
393
421
128
404
387
419
139
382
530
516
148
472
484
497
444
171
466
483
496
164
434
459
505
97
348
469
418
128
426
447
484
278
432
410
412
439
125
406
474
491
140
463
474
468
150
491
459
433
149
421
477
520
481
153
352
381
430
109
422
410
426
127
426
446
478
133
382
398
469
427
428
521
450
450
133
430
452
426
134
458
493
436
135
389
465
449
186
460
444
460
130
455
406
516
391
227
426
354
436
130
400
513
482
136
384
398
531
297
464
461
421
441
125
408
454
483
130
450
490
532
150
436
438
475
525
476
354
398
484
530
535
489
505
174
347
456
393
448
406
468
182
224
407
428
408
142
459
483
405
492
140
431
492
498
139
458
391
404
124
415
377
490
409
451
519
438
181
410
380
426
444
119
413
379
378
139
407
444
484
134
463
494
439
219
463
418
502
157
424
492
429
438
167
408
460
478
135
475
503
528
156
451
472
450
142
355
431
476
396
242
407
458
444
138
467
423
445
267
439
432
446
158
441
420
469
130
429
415
460
476
232
376
483
498
117
441
453
463
128
450
420
429
133
403
390
445
409
144
365
414
399
125
431
442
427
267
432
548
491
295
412
460
397
140
403
446
483
455
183
506
467
491
131
428
470
450
137
418
457
500
129
425
419
399
388
122
789
810
821
194
394
465
466
134
412
451
416
133
454
442
443
122
455
498
483
462
140
441
452
467
190
411
454
395
128
382
381
363
182
433
407
443
125
452
503
475
534
164
456
426
454
123
434
497
421
133
480
442
503
212
365
435
439
445
163
399
394
445
377
507
467
531
103
425
463
480
104
435
480
459
262
402
458
448
450
144
434
422
416
141
411
455
393
177
422
453
449
128
442
465
519
461
135
438
449
463
125
470
512
468
282
416
426
435
269
441
428
411
149
407
454
518
483
159
443
431
412
199
421
441
496
259
442
454
461
279
383
410
460
133
495
457
493
453
293
446
462
424
142
425
436
402
262
428
449
478
128
421
426
446
477
434
473
461
509
123
409
389
422
281
407
379
371
267
410
433
462
136
462
406
443
483
149
433
484
499
136
395
450
414
132
368
466
433
141
362
381
391
448
145
456
439
444
130
429
489
475
296
378
461
474
137
459
514
434
130
484
449
505
476
249
423
365
473
119
418
463
398
121
424
372
410
110
393
434
420
183
421
407
412
421
109
403
443
480
131
406
442
406
289
405
436
437
122
450
455
417
444
287
443
415
458
136
458
395
483
132
429
465
475
291
418
379
373
177
423
381
449
458
274
401
488
507
133
448
440
413
260
389
445
463
269
373
378
454
414
161
445
402
460
129
475
440
517
196
382
458
431
120
421
450
440
103
357
454
396
371
149
438
399
515
147
473
438
456
140
417
463
450
120
484
447
403
518
182
472
377
429
122
599
747
814
182
537
686
736
122
1455
668
781
136
583
704
897
946
130
547
771
801
132
507
721
782
122
564
762
809
133
557
778
832
947
143
614
794
807
105
578
1489
790
279
522
707
808
186
538
692
850
198
496
652
843
929
165
529
731
769
280
564
720
887
188
562
707
1578
1194
1406
1049
1186
1408
614
706
808
969
162
534
702
826
234
563
736
819
130
540
744
827
135
540
706
848
978
171
585
721
851
154
539
734
811
133
975
832
821
131
582
745
798
134
580
656
804
885
123
561
765
799
262
568
688
867
177
546
633
747
120
506
640
796
843
135
575
1319
814
276
535
680
812
187
566
689
791
134
613
725
838
136
534
685
804
886
121
559
684
806
128
580
656
786
191
538
705
753
1415
629
665
1286
289
568
770
898
977
183
511
708
800
125
540
690
819
132
579
759
800
133
578
697
794
931
159
545
663
844
277
1392
678
759
127
473
409
478
197
356
391
432
126
411
446
421
445
189
409
503
437
188
429
372
438
138
450
446
426
141
488
459
494
494
160
383
440
364
123
435
514
479
135
429
429
430
130
451
446
477
138
376
432
386
398
126
400
441
421
282
446
393
429
367
392
400
447
274
451
446
445
444
164
403
423
461
177
389
428
382
124
406
444
423
167
433
413
422
123
435
435
400
456
128
455
440
492
120
399
443
481
274
408
429
435
185
409
453
439
242
421
436
447
462
283
410
407
436
182
454
405
439
127
445
439
519
132
493
456
513
476
165
448
416
434
264
441
451
460
273
371
368
399
135
416
454
493
135
454
491
528
469
143
406
465
460
406
449
389
428
116
467
462
451
198
423
428
408
449
184
425
409
438
129
409
444
422
148
479
437
450
134
360
435
429
125
422
474
471
438
180
400
468
480
248
456
478
444
130
486
444
505
154
413
427
377
465
167
436
428
378
125
389
421
488
145
449
431
496
318
458
432
410
182
416
484
419
465
121
469
450
495
184
403
442
425
122
452
459
489
127
412
415
404
169
417
433
446
459
434
543
540
530
283
455
473
421
195
426
369
408
123
447
465
471
487
127
443
466
451
138
438
412
455
123
371
379
421
152
427
434
446
274
382
368
379
400
153
376
448
509
133
461
509
454
135
405
480
427
130
434
392
485
448
281
455
382
368
123
420
377
423
143
402
418
453
132
383
422
384
127
449
465
405
488
140
426
488
479
133
379
428
411
180
402
458
445
261
445
439
429
174
368
426
460
480
145
377
456
390
167
464
469
435
127
411
502
468
133
480
462
445
437
153
407
435
512
131
441
470
456
219
400
387
410
119
439
470
515
129
450
500
531
497
146
428
440
444
135
415
394
501
130
409
451
411
203
439
457
410
420
162
384
420
461
131
382
508
451
134
423
429
388
273
442
411
476
130
499
464
518
482
160
448
429
419
122
400
380
496
145
468
429
470
287
430
441
490
470
140
463
517
449
131
371
441
433
132
443
430
498
132
408
443
408
182
451
434
411
456
137
389
431
421
132
411
529
506
87
365
435
398
198
944
931
938
264
439
523
457
424
167
403
406
446
140
351
407
464
123
428
393
413
124
396
436
422
462
192
360
373
358
183
408
474
453
128
397
483
470
131
408
424
435
131
493
452
487
443
275
463
409
433
126
457
426
489
131
477
460
504
134
466
427
451
390
115
475
428
413
146
432
410
411
190
408
467
452
138
430
450
496
135
447
383
414
467
123
453
484
473
133
444
475
461
130
381
435
447
251
432
455
469
126
416
443
414
440
167
455
435
469
130
420
454
462
121
406
440
470
350
494
497
510
438
175
433
422
407
196
421
429
413
124
427
458
471
268
402
453
489
134
456
493
443
467
141
482
507
531
152
395
341
422
128
448
423
405
131
488
446
416
476
144
402
401
474
139
505
463
443
133
456
412
442
282
408
411
496
129
425
461
408
377
124
402
390
423
143
394
415
455
132
416
432
441
123
423
419
457
411
155
461
480
436
144
464
411
453
133
452
443
434
307
416
460
465
128
494
394
488
461
202
397
389
429
123
422
441
484
280
422
434
417
267
410
372
471
146
438
455
483
483
142
540
557
457
281
496
510
469
105
422
414
471
156
480
516
460
511
172
388
430
381
125
402
445
495
160
405
424
459
134
400
433
452
135
420
456
503
472
293
528
467
411
292
462
469
443
124
441
424
415
132
487
447
406
468
156
439
426
456
191
442
395
462
329
442
477
463
172
395
415
459
125
415
449
432
416
126
454
407
480
130
424
436
457
136
444
424
450
254
461
423
456
492
166
438
379
419
185
438
445
384
131
370
464
424
137
420
457
430
131
452
487
433
468
146
412
468
490
242
376
448
399
128
421
480
436
230
388
432
366
124
420
450
486
449
198
437
457
495
130
355
414
462
204
347
411
406
126
435
422
423
469
150
384
382
401
430
491
502
443
462
504
493
462
215
454
507
442
109
419
406
434
433
148
428
465
501
133
459
399
435
133
405
384
432
126
452
442
415
469
153
475
428
457
133
468
448
374
124
428
444
413
140
469
413
446
133
377
461
447
491
124
386
462
417
133
449
487
495
199
417
457
441
123
491
441
411
121
475
435
418
552
133
417
388
410
259
400
498
450
279
406
410
402
140
412
442
440
473
359
453
463
439
180
389
432
415
260
434
453
938
266
432
432
510
157
411
428
444
447
180
414
395
443
125
450
386
473
281
396
464
430
127
406
404
401
397
123
400
442
475
278
402
456
429
133
473
421
428
131
362
437
480
126
376
423
487
408
131
435
466
419
125
453
387
401
129
376
397
445
202
433
396
465
430
167
454
428
458
131
375
439
458
122
432
420
482
131
407
449
430
134
426
404
437
436
126
433
419
485
135
408
451
414
177
403
393
387
137
420
460
422
279
384
438
432
429
159
390
486
449
150
396
483
452
136
437
435
460
137
432
388
414
396
123
452
422
479
147
413
461
525
133
462
451
430
149
445
455
455
127
393
449
449
463
130
489
413
419
222
412
445
432
121
381
451
464
130
438
455
453
468
223
408
441
421
125
397
399
416
121
444
454
458
134
424
451
466
128
444
431
415
492
150
458
489
405
165
449
386
391
131
425
446
409
140
468
431
448
135
449
417
451
457
141
416
414
474
128
414
453
485
130
461
500
437
136
426
419
461
447
134
418
454
423
140
417
477
536
136
420
449
438
123
436
421
485
343
431
535
500
519
295
414
446
439
122
421
444
477
131
487
442
509
204
439
402
472
380
115
435
485
406
107
419
401
421
122
379
466
414
251
435
470
454
149
425
467
527
490
177
407
433
481
186
420
427
468
132
490
451
439
135
410
426
439
459
126
401
472
399
128
483
444
503
198
383
466
461
142
428
403
415
279
398
398
426
412
174
401
437
460
131
409
451
507
137
361
400
417
378
443
386
395
145
508
496
489
409
229
412
458
401
139
433
450
493
133
477
444
432
193
431
446
449
472
149
431
483
518
132
447
486
526
205
446
422
432
136
456
459
436
282
409
427
437
450
150
434
473
434
132
477
437
423
197
442
390
415
125
444
424
435
460
140
382
436
376
137
482
506
440
191
473
427
502
182
452
441
417
125
465
435
504
452
177
469
489
502
135
437
463
448
304
509
462
396
148
504
494
420
490
195
458
441
432
237
414
424
504
117
438
434
448
133
433
480
484
129
339
350
386
363
119
410
460
390
129
424
443
454
137
418
474
458
129
411
463
492
132
389
403
441
476
148
430
395
420
126
413
451
481
163
411
453
402
125
460
394
405
415
140
437
472
462
134
448
484
427
158
887
858
897
257
504
488
466
123
458
473
490
435
150
447
460
489
468
426
430
478
126
448
508
412
135
408
451
443
493
163
448
439
433
134
420
454
432
145
478
441
450
137
427
430
445
124
456
438
475
426
146
436
391
468
136
479
501
526
279
433
441
424
124
405
517
480
131
425
445
455
475
126
483
464
456
115
436
422
527
134
371
401
402
128
416
452
493
463
201
442
456
585
149
430
406
430
125
407
451
491
133
456
417
437
217
409
472
478
439
466
492
451
432
133
399
437
494
175
376
434
413
133
352
433
411
461
128
412
483
494
136
440
501
484
139
442
427
404
117
398
474
412
139
473
440
450
489
163
416
390
453
130
422
452
496
130
454
491
455
134
437
435
423
452
124
407
483
421
149
416
462
362
118
335
449
391
215
445
413
403
115
475
512
474
512
265
402
385
448
125
416
455
501
136
460
496
454
134
465
394
423
251
381
431
461
457
192
355
368
429
273
388
461
472
136
439
507
482
135
410
414
438
469
133
449
425
413
138
414
454
450
213
385
420
389
138
421
462
425
130
485
446
412
463
217
385
404
440
142
393
417
497
128
353
438
442
125
393
390
405
443
156
420
388
459
125
446
444
443
131
446
390
400
123
463
439
406
134
421
411
428
431
124
333
467
439
137
437
403
428
133
442
544
451
287
421
418
414
450
107
446
458
462
137
435
411
462
130
421
400
436
217
460
480
428
165
463
419
437
454
167
462
489
498
164
428
383
433
122
424
440
416
143
468
504
447
133
419
431
450
469
151
438
478
513
145
470
429
451
133
411
437
436
125
405
451
421
456
264
408
442
409
123
434
389
422
133
439
422
487
122
502
482
479
170
416
422
403
395
155
375
467
431
132
477
462
503
140
391
447
433
126
423
445
423
441
188
514
455
490
467
500
493
478
284
400
456
428
133
450
426
475
132
381
370
466
405
126
408
474
480
132
398
441
510
202
367
425
435
262
438
449
463
128
376
399
455
477
236
423
466
465
93
383
380
411
191
408
404
447
320
512
472
444
418
139
424
405
490
194
374
407
402
158
464
418
435
275
393
359
402
127
473
414
423
501
192
414
403
409
261
447
444
458
128
358
453
457
263
438
443
386
473
194
422
507
448
189
363
373
885
291
430
434
423
127
450
474
518
133
411
448
392
465
175
416
396
433
201
425
394
411
127
383
367
421
120
421
451
473
438
187
353
455
410
126
460
512
435
131
452
490
522
380
469
449
459
122
415
450
392
382
136
446
434
431
132
430
493
478
173
469
414
411
201
424
477
431
124
485
441
461
509
169
390
524
449
144
408
447
390
125
423
422
387
202
411
430
399
393
123
420
437
479
280
407
423
431
130
427
443
403
129
381
534
469
187
434
422
486
429
143
432
468
513
159
485
521
462
133
443
428
410
131
453
392
409
434
130
438
454
473
133
457
430
391
302
430
377
459
118
431
363
434
124
400
461
420
442
281
455
391
468
131
497
453
493
133
451
485
415
132
450
434
430
125
402
466
473
450
186
416
496
509
183
355
379
465
122
424
392
402
123
399
438
418
438
180
437
450
433
125
408
450
489
132
455
485
500
278
404
387
405
125
416
455
394
383
117
459
422
457
166
416
383
446
124
403
454
475
159
386
393
457
472
161
399
384
389
341
456
473
428
132
488
397
395
184
440
408
456
125
424
379
412
520
190
364
455
403
124
404
460
417
133
397
459
495
136
415
431
488
416
153
442
472
430
171
404
459
492
178
404
401
369
131
446
515
423
133
387
450
508
475
156
437
456
500
142
389
454
417
176
405
391
407
179
433
449
464
129
370
365
424
440
126
402
468
409
257
414
430
418
128
452
476
471
139
436
470
484
571
429
472
478
459
128
422
385
405
266
430
462
398
265
407
504
442
147
443
449
473
413
144
411
450
427
153
468
409
423
155
449
533
553
133
420
434
468
393
156
469
454
443
158
409
412
428
235
411
422
432
142
425
472
482
163
449
451
424
421
169
453
493
468
138
462
495
525
146
454
394
465
123
451
461
471
488
138
454
557
556
163
423
464
432
151
432
421
398
147
400
436
442
274
439
412
505
521
185
479
403
445
127
459
421
485
132
481
450
438
135
463
401
465
250
421
375
447
458
184
404
420
509
171
434
430
395
123
411
425
446
124
444
457
398
420
121
418
520
436
135
449
434
425
125
420
461
382
135
450
408
476
129
447
410
524
528
224
424
445
417
192
501
482
468
134
414
450
416
121
419
455
469
427
161
383
481
436
166
964
901
948
337
520
528
470
153
390
519
462
138
428
411
382
369
127
446
507
494
132
479
532
424
201
434
421
399
124
384
457
414
145
416
496
417
495
217
384
397
403
119
419
387
444
130
423
392
425
284
410
457
376
455
143
449
410
454
127
408
462
495
136
405
404
356
125
424
447
481
400
453
517
432
482
188
438
486
469
280
444
408
453
129
455
407
475
275
394
377
365
415
186
425
404
464
278
449
420
461
125
446
486
412
128
413
483
476
134
414
433
468
460
164
396
464
528
132
434
456
475
136
412
417
491
243
448
408
440
421
157
415
390
436
124
410
439
477
134
455
491
431
134
445
385
385
123
409
439
402
519
187
508
451
482
158
391
420
402
125
405
438
411
433
468
562
484
147
351
455
450
483
129
406
444
409
134
459
418
438
133
397
470
423
235
454
437
428
492
117
401
468
453
256
424
425
426
123
450
390
480
132
430
446
391
140
362
397
382
436
154
407
388
370
120
357
397
415
123
400
445
494
132
388
404
506
485
240
373
394
395
123
429
451
486
131
475
536
497
198
434
417
453
119
423
468
389
443
115
484
512
464
147
430
461
524
438
533
544
492
115
447
413
479
476
136
436
453
480
130
494
459
464
181
482
390
449
129
422
437
449
208
384
388
464
455
183
443
454
459
175
421
438
445
147
449
454
490
137
439
489
479
111
393
509
490
504
144
450
466
476
152
402
430
417
199
437
443
441
128
484
417
429
510
204
384
470
469
145
437
450
411
125
359
395
411
125
405
455
416
130
397
441
411
464
134
442
401
409
292
440
477
432
129
463
447
486
143
400
429
490
129
416
449
480
517
181
444
426
408
128
409
445
420
277
448
384
386
132
408
474
417
445
180
419
453
488
132
452
417
449
124
435
500
421
132
459
494
437
137
447
427
403
491
239
397
444
419
155
363
440
436
124
405
413
490
218
493
483
466
455
137
450
416
451
142
358
410
426
171
452
497
447
132
479
539
502
137
413
454
434
418
366
477
462
452
132
416
432
544
290
408
424
437
136
367
386
491
407
138
419
460
499
132
480
440
424
195
423
451
397
127
436
452
482
143
498
462
432
481
162
439
433
417
125
422
383
481
132
390
445
508
194
391
458
475
431
161
362
404
921
278
444
455
488
133
417
489
472
138
403
462
438
110
491
518
463
497
221
451
404
449
152
461
466
483
132
384
489
525
134
437
451
402
257
445
384
468
473
195
381
443
427
125
368
437
386
124
448
459
474
143
391
507
443
479
144
507
466
442
104
405
444
446
124
402
470
419
145
395
438
438
133
408
453
492
449
188
398
370
397
136
435
457
432
284
410
401
478
150
418
455
385
440
183
418
410
400
257
381
451
463
280
430
466
399
196
374
371
416
191
443
474
440
470
174
408
466
453
138
453
432
451
285
442
428
478
123
404
400
435
123
448
455
397
424
116
407
496
480
264
429
417
394
127
455
464
486
132
421
452
450
470
214
469
480
505
279
428
468
415
144
422
453
424
133
412
475
411
130
483
537
506
467
150
438
422
400
191
427
460
389
175
430
391
399
130
423
462
451
440
145
447
473
434
143
377
380
400
126
436
427
404
184
363
455
438
124
408
414
408
499
145
500
494
489
163
405
437
431
251
481
431
463
129
450
485
452
565
141
436
435
432
124
406
448
486
136
460
436
441
135
430
447
395
122
413
458
482
458
192
516
443
481
171
375
450
466
127
422
405
408
128
481
461
430
132
410
446
429
470
144
369
416
458
117
405
376
433
136
432
453
486
359
473
475
465
479
173
454
438
472
130
455
417
525
134
422
432
456
150
396
411
426
132
453
448
454
472
228
448
403
411
120
403
477
471
140
440
440
479
133
458
448
425
472
131
423
449
383
128
411
450
494
209
436
413
466
123
427
488
416
230
379
390
414
431
123
456
394
400
131
398
457
434
136
493
458
490
133
461
422
459
483
155
367
387
423
132
399
406
406
126
442
502
427
435
440
426
496
82
385
391
463
477
115
322
417
454
132
350
458
400
125
410
449
489
131
452
417
497
468
185
438
477
432
133
359
409
425
181
395
461
448
204
420
420
401
140
423
545
439
462
285
519
464
499
291
447
399
415
126
416
486
454
187
354
392
462
106
412
360
459
447
172
423
393
391
123
438
439
405
131
485
446
503
202
368
395
507
423
151
420
447
419
145
463
449
513
357
473
493
462
265
476
456
459
130
438
492
478
464
151
374
422
445
127
444
422
490
132
422
489
473
147
434
435
453
125
407
865
878
874
309
479
490
500
161
423
388
387
129
417
390
428
135
452
419
539
472
141
480
420
441
132
421
415
365
134
462
433
514
134
496
465
423
137
467
404
407
426
174
436
454
441
132
478
489
488
133
360
461
446
141
452
438
501
414
155
477
450
458
386
524
445
471
212
439
478
465
123
406
475
467
108
413
457
439
432
108
405
504
481
130
377
438
386
124
421
424
423
138
451
426
470
456
136
457
498
441
133
398
467
454
138
398
488
428
130
365
381
419
129
459
392
403
430
137
363
380
404
121
432
501
442
132
416
435
395
127
409
449
488
134
460
495
455
474
140
403
448
431
118
476
451
417
147
469
410
462
136
427
363
431
444
430
483
436
511
127
331
448
448
219
398
400
425
122
407
381
427
145
475
448
470
514
187
422
474
427
125
432
416
420
131
485
524
436
201
443
382
418
427
128
412
449
487
133
459
399
451
133
411
423
441
187
468
447
470
150
428
465
426
487
160
427
465
495
143
353
395
400
124
423
410
452
123
451
461
473
281
439
380
411
478
106
401
406
413
129
433
424
411
130
412
404
383
126
407
472
414
416
118
422
479
425
126
383
475
485
148
452
418
415
324
397
439
422
126
471
481
407
495
184
418
386
471
135
425
447
419
144
448
440
496
149
403
411
413
445
124
428
449
423
129
477
442
420
134
461
404
399
137
416
457
503
131
443
490
526
440
130
384
443
423
123
415
444
423
278
412
404
376
120
417
388
382
414
138
419
466
434
281
376
471
429
125
427
452
443
140
444
393
436
130
483
446
503
469
143
410
420
429
195
418
438
401
197
411
456
451
135
482
502
419
280
421
424
458
438
127
446
466
405
127
458
506
453
132
466
465
427
129
388
432
412
476
148
471
434
449
274
410
383
408
265
379
449
460
129
486
511
510
432
482
499
471
496
114
426
414
485
141
498
459
517
210
446
405
449
125
454
463
475
490
135
427
470
452
133
379
403
467
136
446
466
418
279
409
450
372
131
447
452
413
478
155
478
439
457
132
403
399
489
129
405
446
489
283
414
397
440
430
148
400
435
430
143
447
453
460
112
421
395
472
126
418
450
425
280
419
432
411
406
152
440
467
511
130
402
443
435
181
380
453
435
372
405
440
469
125
803
817
822
851
290
452
444
493
188
416
387
379
128
461
424
430
133
395
459
434
484
154
462
421
377
118
442
447
421
125
400
448
401
135
384
419
442
215
402
448
463
477
121
435
384
416
128
472
487
428
135
384
414
396
191
407
441
418
478
200
401
427
453
189
424
431
445
181
405
387
453
274
459
447
528
138
431
420
416
396
174
474
502
467
122
422
396
436
377
487
459
467
137
383
402
440
134
448
433
457
471
154
375
457
440
191
421
415
396
267
444
453
463
130
458
419
432
467
224
386
419
428
127
411
381
423
282
419
382
417
122
476
473
484
289
379
409
401
399
122
452
387
482
149
447
458
480
141
466
402
390
125
417
391
496
451
187
407
470
383
188
420
410
468
286
414
468
414
136
450
514
432
135
396
424
436
480
132
426
411
453
354
479
463
451
141
522
424
492
147
414
444
418
430
173
457
495
469
136
450
446
464
136
395
383
412
131
465
474
481
115
416
389
406
458
126
453
466
395
143
356
367
449
130
439
421
407
189
363
383
421
162
411
426
441
464
178
448
433
426
136
476
412
418
259
436
391
462
129
443
414
517
466
224
410
392
461
190
413
436
472
151
468
430
450
156
461
471
451
118
429
418
481
471
434
445
440
457
187
431
442
457
276
479
407
508
142
440
447
463
472
167
434
415
454
182
412
457
447
168
424
427
461
140
415
415
477
257
341
463
389
444
138
445
457
416
149
416
453
427
296
408
443
439
126
414
380
392
402
118
419
452
489
147
395
412
173
362
361
331
377
353
354
125
355
426
408
370
422
403
167
280
418
448
506
480
517
456
416
257
403
509
464
435
524
486
445
445
522
599
561
528
489
328
153
510
468
436
529
494
325
282
515
471
428
508
410
380
114
426
433
427
140
459
470
417
133
445
1362
497
470
264
404
453
145
417
459
488
448
136
447
516
475
192
423
406
449
266
438
441
474
127
367
370
401
403
155
356
406
398
201
382
416
449
145
420
503
423
132
437
462
505
131
555
590
494
529
159
454
489
523
111
446
405
426
260
381
479
477
129
482
472
381
135
388
405
408
488
125
529
546
445
135
400
412
395
144
428
411
429
285
407
448
401
423
120
489
454
424
145
461
475
438
135
404
403
435
254
432
918
884
254
542
580
556
540
152
445
481
516
120
415
447
484
129
551
447
484
130
426
458
496
499
167
462
495
530
128
425
585
495
126
549
453
495
133
556
461
495
135
393
420
460
434
123
446
405
413
134
508
483
514
288
565
485
513
126
420
458
491
521
284
449
484
515
293
461
486
523
129
423
450
491
127
432
474
510
129
416
452
491
520
155
447
519
512
180
375
413
455
273
408
502
463
150
441
457
469
291
406
415
451
427
144
429
462
417
146
390
408
471
150
427
494
483
299
432
487
496
481
236
471
511
517
145
412
434
453
136
411
571
506
132
554
458
496
310
479
508
544
441
125
418
447
479
132
433
416
455
143
399
449
456
146
462
464
521
547
149
442
474
380
127
551
457
395
145
361
436
460
126
471
502
416
139
430
468
508
485
154
433
575
496
186
478
507
541
142
431
599
427
139
438
425
375
264
427
468
511
520
157
450
481
522
156
450
600
513
494
602
631
542
127
557
463
494
472
230
442
463
468
126
419
458
429
140
391
416
432
141
438
400
505
311
440
477
499
507
145
481
469
516
123
463
491
530
172
468
497
414
151
443
478
513
547
175
471
509
540
132
434
471
508
126
426
462
502
140
572
471
542
299
468
503
547
413
142
359
408
469
138
421
454
429
173
414
446
472
138
449
492
445
481
159
401
420
449
126
459
411
430
337
438
479
507
149
355
403
458
224
409
466
512
532
125
421
451
503
130
403
438
497
195
402
405
460
143
425
490
527
130
423
496
615
530
162
461
619
525
174
462
419
460
145
439
438
493
154
462
444
435
482
172
529
469
533
278
399
407
455
117
501
466
409
130
460
494
457
133
406
452
446
419
139
451
434
470
310
475
511
424
316
482
515
421
140
446
467
509
539
312
479
507
542
488
472
506
541
125
490
518
584
228
516
552
593
177
366
365
381
400
115
526
407
536
308
480
509
545
134
426
464
512
123
426
510
455
464
186
424
457
414
180
401
449
441
298
481
517
552
127
432
469
508
147
444
608
524
551
180
475
474
415
301
473
509
445
305
478
513
546
138
435
462
512
130
427
460
502
540
162
459
488
409
311
483
509
538
129
552
610
499
131
445
465
471
569
352
516
500
451
108
450
442
507
133
494
449
514
134
792
827
794
235
472
400
433
497
179
416
447
470
153
476
395
440
277
362
424
450
126
411
453
488
493
132
466
412
477
135
500
433
551
308
475
517
536
139
437
476
506
292
395
395
417
425
158
446
479
456
137
536
511
548
133
436
470
513
127
405
446
461
121
447
452
474
431
223
401
440
467
315
477
398
429
122
414
435
479
132
420
490
480
549
154
453
482
525
112
453
471
405
164
459
462
449
305
456
462
524
133
447
452
551
463
155
442
491
429
123
456
474
456
124
474
509
541
129
424
454
498
527
305
476
501
412
177
342
503
419
181
477
511
543
308
482
506
543
313
475
504
418
451
162
413
442
376
123
491
445
426
278
438
391
467
128
407
489
522
420
228
426
378
408
232
442
452
513
146
443
476
520
142
358
475
512
135
432
467
503
399
124
422
465
493
133
430
595
500
312
474
511
545
128
423
462
503
310
473
501
531
437
174
466
544
528
146
449
485
523
137
447
466
427
116
444
457
470
485
222
306
469
370
126
499
475
512
181
412
389
472
138
422
460
428
427
460
447
467
456
135
454
454
513
120
411
457
486
144
460
459
472
293
410
398
438
432
174
399
439
459
146
442
463
471
143
466
475
460
125
400
437
427
277
417
480
485
429
199
396
406
440
122
401
474
470
130
431
446
446
132
471
573
402
124
452
430
515
412
150
373
450
476
141
368
458
452
117
394
514
426
146
441
469
480
521
134
438
485
434
112
448
446
511
130
427
456
499
482
465
504
534
124
417
584
486
500
223
485
501
434
232
428
433
465
125
390
464
485
137
436
452
490
488
229
421
457
480
125
460
455
478
131
526
493
433
134
413
475
454
127
435
421
412
487
132
421
404
435
129
359
425
425
131
410
445
431
133
448
436
424
389
105
433
463
464
130
475
488
458
542
236
454
466
160
466
441
492
310
475
505
548
447
214
506
422
450
308
476
507
422
354
471
506
536
146
439
471
503
143
441
476
516
549
181
606
506
540
165
457
372
523
137
432
467
496
133
384
536
525
470
176
502
442
473
125
453
487
402
134
431
460
502
130
427
456
423
185
418
386
457
455
137
421
490
499
138
388
414
399
123
360
417
414
226
407
470
519
396
114
408
387
470
128
486
443
425
146
483
933
914
315
499
570
444
120
467
529
497
483
143
355
436
431
333
426
445
448
131
426
455
502
127
418
454
496
527
312
477
510
537
127
425
460
391
199
354
406
413
236
420
396
422
125
458
497
435
456
287
417
476
505
123
556
603
509
282
449
487
514
273
432
474
499
125
560
464
499
527
160
464
491
522
130
561
591
463
127
430
459
493
134
442
469
513
549
143
445
479
507
130
425
460
502
142
560
467
499
126
551
488
424
145
423
470
443
475
440
456
443
467
122
453
451
430
146
399
462
499
137
583
721
864
882
122
567
764
805
129
575
698
786
181
556
696
760
126
620
1512
822
134
567
757
882
961
175
531
675
818
131
609
688
819
281
561
693
775
124
566
690
808
145
563
701
922
954
142
559
689
551
123
572
705
811
133
580
775
908
213
558
708
821
946
176
568
725
871
147
594
754
813
218
551
691
782
141
536
688
836
319
1399
658
771
820
112
537
667
779
257
637
692
829
129
602
712
814
132
565
660
854
939
158
603
665
777
131
476
688
791
124
585
1488
801
133
563
704
818
132
589
704
817
918
147
483
652
808
128
620
728
832
132
565
674
853
164
551
688
790
923
157
562
703
552
259
512
637
782
125
560
705
805
130
579
737
794
194
480
714
874
881
126
561
816
805
148
547
808
796
135
546
687
762
128
938
762
809
130
544
767
901
937
138
566
697
777
121
543
721
788
140
480
731
744
133
558
721
856
943
172
532
731
767
128
564
1118
893
205
547
664
754
123
575
706
808
144
538
741
874
945
133
522
747
731
122
544
702
791
123
508
699
811
130
581
748
906
729
131
561
731
779
180
552
846
775
141
537
739
748
181
519
722
810
131
577
749
916
907
286
548
678
755
124
564
762
800
145
1485
785
821
131
582
723
881
961
129
563
736
830
146
1322
1424
1146
220
538
718
823
262
602
753
807
133
594
765
872
889
111
568
1108
758
129
555
786
793
128
553
773
808
205
502
785
779
122
568
853
888
929
188
544
700
793
265
626
743
864
133
559
787
816
1331
567
797
878
960
116
558
761
883
160
614
771
816
133
595
764
749
126
534
777
796
130
539
777
902
932
135
520
723
771
189
990
709
759
125
537
680
792
125
577
767
893
925
187
575
773
875
176
590
763
741
124
922
1074
1117
192
586
819
880
171
531
745
1174
890
103
566
693
796
139
511
698
819
130
545
773
811
132
568
738
779
122
599
715
939
949
116
613
767
892
129
564
724
888
1372
597
772
775
275
602
801
904
974
163
554
751
801
109
628
773
791
277
581
683
804
132
564
685
802
139
572
728
883
943
219
1479
764
775
131
521
753
775
129
595
640
707
147
547
821
850
944
146
546
704
777
128
503
683
809
130
545
779
807
137
545
734
512
151
554
840
877
906
145
562
725
770
136
567
860
888
123
677
708
865
132
566
850
879
1040
164
582
741
777
120
536
831
886
1410
723
754
794
300
598
755
805
120
546
709
1003
903
130
680
842
873
131
557
716
878
302
599
760
791
126
679
842
875
148
570
1155
1017
1045
177
724
758
919
301
599
763
792
128
549
842
737
116
534
746
850
957
142
559
783
820
136
528
672
780
267
493
695
534
129
504
751
829
129
558
716
898
910
127
560
739
840
146
629
809
798
136
569
850
856
293
657
759
870
901
154
538
737
846
1354
598
728
859
119
544
722
819
132
524
733
827
188
525
758
926
944
225
651
698
806
142
690
723
881
307
599
763
795
315
606
1068
793
143
564
852
1019
1044
172
595
886
790
128
551
838
871
170
588
753
788
133
544
710
871
807
100
542
752
827
127
588
744
556
168
595
757
789
129
678
838
999
308
605
761
869
881
168
472
762
737
125
550
728
766
124
567
766
860
128
602
765
883
922
1295
592
744
782
109
553
710
777
192
543
752
827
131
606
763
799
128
547
837
870
898
143
568
859
888
312
605
764
925
141
692
1150
884
131
551
843
876
1035
164
580
745
775
126
557
842
873
135
557
720
753
138
560
776
879
282
587
714
852
904
130
573
690
593
135
572
688
820
219
534
685
794
144
660
779
810
253
517
716
1686
1235
680
180
537
662
120
590
806
778
133
538
645
780
124
1523
745
897
876
142
498
718
804
128
559
815
828
141
627
731
796
299
554
724
774
191
558
755
820
902
135
531
697
827
281
494
1464
769
127
564
688
803
132
570
773
932
940
134
497
659
757
121
538
758
747
133
541
701
817
127
574
669
748
134
551
673
817
679
134
575
699
818
128
574
825
779
172
497
754
803
128
614
729
828
949
139
527
700
808
134
565
1165
1283
286
591
763
827
120
1370
681
815
131
584
730
890
950
150
624
717
817
128
598
747
821
134
586
744
801
132
545
754
773
145
549
799
885
899
154
545
1071
840
145
533
692
816
127
556
739
829
283
567
710
909
876
183
587
706
790
131
653
688
811
283
584
734
755
125
535
735
755
1361
575
728
793
936
117
575
724
778
119
518
764
778
128
550
655
762
120
534
699
885
904
133
573
707
813
168
510
743
852
165
906
676
768
126
562
762
804
168
569
710
885
924
141
590
746
838
128
605
787
772
135
541
683
761
132
560
762
808
131
568
779
1258
933
127
544
775
762
184
540
753
799
145
486
716
807
126
635
769
898
937
132
566
750
766
116
540
722
758
121
522
765
782
1325
601
714
802
120
539
769
873
862
162
498
673
770
127
542
695
824
144
519
750
807
134
537
718
872
880
125
569
766
734
129
993
767
810
210
524
674
714
132
536
772
803
123
596
766
903
965
149
572
797
834
135
523
747
734
125
597
765
778
129
569
770
1228
931
285
578
752
771
125
583
760
807
131
576
831
794
199
541
707
729
200
556
720
864
887
104
579
752
739
184
554
765
751
1304
522
834
771
146
596
765
801
108
554
763
901
894
136
588
776
756
133
591
757
832
110
546
747
867
138
553
782
908
953
139
962
743
804
141
538
774
841
131
526
788
778
134
544
780
798
265
552
748
870
905
166
630
748
856
153
537
741
793
123
568
678
587
128
554
778
831
947
145
612
779
854
125
528
744
815
133
582
737
800
136
519
671
767
126
602
686
912
964
148
565
697
830
1377
594
812
828
123
598
766
809
130
572
731
812
944
140
581
711
794
128
583
682
798
130
547
768
811
134
531
711
760
123
538
1454
885
916
156
600
734
790
131
540
705
725
116
551
670
793
144
578
690
819
142
587
1183
1506
1131
196
542
708
858
272
572
773
660
171
569
742
795
136
565
707
833
932
286
544
747
773
121
596
740
811
130
611
785
867
193
558
710
829
120
563
715
858
922
1374
587
727
808
124
552
661
781
128
526
758
823
137
593
673
822
956
164
563
713
798
121
563
700
804
131
577
725
783
193
502
1435
777
134
545
762
909
890
166
569
763
856
152
550
730
773
125
498
732
848
130
608
712
817
174
574
670
838
957
125
1002
1097
1008
220
605
779
853
183
552
694
777
180
579
751
918
929
196
574
772
787
129
536
660
740
122
449
737
798
127
527
679
822
140
1375
749
896
962
162
507
675
724
138
522
661
855
129
540
720
823
132
523
713
892
884
115
554
693
793
130
521
716
825
138
519
1459
795
127
476
704
799
132
517
719
919
944
140
522
737
821
123
515
677
808
136
510
746
805
137
527
633
816
902
122
514
745
447
132
531
681
764
133
534
692
829
146
488
644
757
123
529
719
874
884
150
543
696
775
127
525
740
811
134
510
744
800
260
1379
662
532
126
486
663
857
848
143
487
717
832
139
600
778
820
130
546
681
809
133
535
686
814
909
149
591
726
833
131
559
1465
806
131
513
724
809
262
554
764
783
274
563
737
895
971
176
548
677
752
122
561
687
808
129
554
682
814
135
555
717
839
674
125
558
687
766
114
527
729
803
132
580
740
798
203
586
699
793
139
528
765
929
980
172
403
529
474
290
406
453
439
123
462
501
486
133
407
452
509
199
369
448
453
421
195
357
392
424
128
439
446
411
137
401
477
510
199
372
430
381
401
125
411
441
482
133
389
405
450
183
464
449
382
118
395
437
496
276
433
375
460
409
156
399
407
429
130
407
454
484
130
402
442
504
400
528
443
426
481
137
410
413
503
134
384
408
461
149
411
394
403
131
414
455
494
131
483
443
503
453
238
366
470
457
125
404
436
488
107
421
522
445
126
406
448
418
442
189
399
401
416
123
403
448
481
160
414
427
457
136
415
447
430
267
471
508
484
498
179
398
443
460
116
392
513
395
157
370
417
388
121
427
472
424
267
408
371
470
507
164
397
453
465
156
423
387
423
297
442
382
397
145
504
397
414
495
215
410
368
432
120
402
435
414
154
417
388
442
134
363
408
413
429
459
459
446
429
259
481
491
456
134
455
495
436
132
467
421
442
131
441
427
412
476
147
469
498
448
131
408
434
402
127
407
445
480
135
380
399
499
131
411
451
393
415
164
463
410
389
132
379
417
528
209
444
443
457
263
471
503
465
442
170
466
458
412
130
428
440
393
369
454
440
462
127
475
439
420
190
376
414
426
425
111
389
436
475
132
479
441
497
136
390
389
449
129
416
428
412
263
434
427
923
932
336
461
461
412
115
415
497
475
153
409
468
447
136
410
403
412
449
141
448
458
420
287
405
414
436
125
421
439
498
157
485
449
466
140
408
471
423
454
126
410
447
487
131
402
436
402
196
426
427
384
127
416
449
385
461
120
419
438
477
326
492
488
505
172
417
396
429
133
403
467
409
143
381
402
528
489
166
453
439
425
129
421
435
467
149
428
391
421
120
425
461
444
137
375
359
403
384
112
419
434
420
250
440
434
448
181
360
438
418
122
417
430
385
400
126
493
448
425
277
403
438
473
259
465
444
465
140
387
435
444
136
396
432
401
400
191
457
396
467
134
438
424
483
236
359
385
382
122
417
453
411
513
401
464
430
494
137
368
366
444
185
441
402
523
132
405
440
424
199
380
393
374
360
113
437
457
489
130
434
440
477
286
439
431
469
262
464
448
400
503
158
449
471
477
142
362
441
456
129
473
485
426
130
429
414
470
136
419
420
443
463
192
366
460
500
274
456
404
400
150
445
433
490
129
423
436
463
141
424
452
439
458
190
340
390
449
126
409
446
483
130
483
442
509
167
380
424
382
399
153
431
471
452
130
413
429
421
125
413
448
486
133
459
494
525
132
427
482
406
454
179
506
440
447
131
451
520
498
173
406
442
419
139
443
424
442
401
168
459
435
385
239
438
420
453
128
447
442
454
265
398
485
412
133
446
419
409
524
247
419
427
441
235
420
453
488
129
456
440
479
136
469
495
439
154
421
431
450
462
144
426
467
441
128
396
434
459
130
437
428
515
148
412
473
527
492
186
449
418
486
126
358
449
432
266
440
450
537
129
436
479
519
284
462
445
458
476
161
371
419
436
121
399
440
400
244
417
380
427
129
444
510
495
476
147
400
443
451
132
460
444
424
116
415
436
474
282
415
466
409
359
437
466
460
471
280
414
509
449
189
417
413
384
120
431
494
397
136
490
453
433
492
158
442
506
503
131
409
446
421
121
410
406
426
126
402
386
420
130
479
538
522
466
150
431
421
460
259
438
444
400
130
450
503
519
202
427
411
452
173
475
458
453
428
123
418
453
469
251
439
433
458
130
479
466
485
137
431
427
442
461
132
410
451
490
131
453
491
517
267
405
437
431
412
504
442
457
117
975
969
971
1009
400
517
394
439
124
416
434
455
121
472
455
494
132
481
438
497
460
142
434
432
395
191
424
505
542
281
453
424
430
124
410
444
489
120
474
528
494
472
131
423
485
407
128
521
425
430
130
477
535
423
195
396
412
402
450
151
362
447
439
119
401
442
420
277
399
401
415
123
441
449
406
141
493
458
456
419
164
445
484
448
133
485
451
407
348
402
382
421
127
442
450
413
130
487
448
505
473
151
386
414
455
128
446
441
406
140
495
457
517
136
437
461
427
469
127
444
441
485
132
475
495
439
133
435
451
433
125
404
442
482
131
483
447
498
468
249
376
405
458
255
427
438
444
127
427
444
513
129
387
434
404
448
178
406
372
381
188
372
372
467
265
435
465
462
131
471
496
426
133
403
447
428
406
136
416
398
429
433
492
488
502
130
390
429
387
119
421
383
413
243
409
357
406
398
140
422
392
428
131
397
445
426
217
432
435
403
262
472
449
479
506
157
419
398
446
128
458
390
397
274
399
424
438
195
428
449
463
130
452
419
524
473
134
431
439
435
167
492
422
446
268
386
364
382
265
437
392
482
501
163
460
476
486
158
440
464
441
127
422
423
468
131
465
429
413
132
428
413
471
479
474
439
507
526
121
428
413
474
132
408
449
413
213
406
377
383
460
141
364
378
427
128
417
458
440
105
416
460
444
128
411
410
476
167
408
445
432
445
177
397
441
459
276
382
407
454
129
411
466
425
284
406
414
428
135
449
433
419
482
145
470
505
505
132
436
470
450
126
457
391
483
132
453
421
523
485
128
347
370
443
265
470
428
467
138
386
403
442
289
450
430
417
260
441
437
453
405
199
417
440
520
149
408
412
456
298
394
436
448
262
466
447
476
440
154
448
464
487
153
430
443
441
130
404
469
423
480
439
553
461
258
434
478
429
403
184
355
367
396
192
431
360
408
120
411
374
395
242
374
441
458
128
411
446
484
551
182
475
418
445
292
458
489
471
117
405
439
416
131
449
491
449
483
137
362
431
439
182
406
545
469
128
431
458
458
173
429
438
480
124
436
437
479
550
155
401
477
493
144
415
440
414
106
467
449
470
136
414
399
379
427
119
429
430
471
133
492
440
415
134
450
424
411
129
443
452
907
281
407
426
414
464
159
476
386
427
133
457
403
438
132
429
440
427
123
453
436
496
422
128
393
437
425
125
456
465
473
131
427
465
457
133
415
478
459
237
488
424
438
449
171
384
413
491
155
437
458
452
139
431
447
441
125
399
403
425
137
433
444
476
470
224
465
488
426
140
439
403
429
121
417
376
408
143
433
452
413
484
116
416
359
397
132
465
405
416
130
446
457
459
187
465
380
456
141
425
388
425
458
202
410
424
438
244
385
386
469
128
413
440
428
439
553
470
485
505
160
483
436
408
127
431
392
416
132
456
422
435
134
410
423
439
137
425
461
502
476
132
432
469
479
139
492
442
453
137
440
406
436
217
445
414
406
413
146
434
407
445
131
450
468
440
128
394
490
491
135
443
502
486
269
464
425
437
439
144
400
381
518
148
465
429
469
135
442
438
474
125
454
464
478
130
425
435
448
474
132
433
427
412
120
452
468
476
428
515
510
499
164
397
471
426
441
151
401
450
520
133
395
542
502
134
369
456
440
125
452
460
390
129
424
455
459
472
221
503
476
423
109
465
512
467
279
425
464
444
142
455
518
502
477
163
410
524
477
149
413
407
444
120
446
456
392
132
443
457
508
149
427
481
500
451
178
441
375
388
127
405
447
483
279
392
415
412
187
425
390
405
132
458
400
487
420
171
340
423
404
414
435
472
503
126
475
488
483
134
390
437
407
456
186
437
448
457
132
436
418
461
181
513
442
457
145
442
460
470
284
401
447
427
428
120
404
434
389
123
422
442
404
131
475
443
504
135
409
473
430
446
135
444
433
414
133
425
464
445
181
407
414
419
120
464
442
406
133
492
462
519
497
152
440
424
446
130
411
452
489
165
425
404
450
135
411
392
426
448
285
444
392
407
331
426
472
452
185
407
440
382
174
361
394
405
129
384
486
408
421
274
451
403
408
120
399
379
421
147
475
433
456
131
454
433
473
159
441
488
463
481
154
448
461
481
147
429
481
486
113
361
396
434
127
435
433
416
469
173
466
454
440
277
459
538
484
182
382
441
391
137
417
391
428
276
444
372
466
451
113
440
450
462
278
387
422
415
125
421
454
473
136
465
500
446
485
389
445
433
480
123
400
442
493
140
456
432
440
132
913
930
892
274
460
484
478
473
166
378
408
439
123
457
422
487
131
368
399
441
138
353
413
427
132
446
434
431
477
154
387
466
497
146
412
454
385
195
433
407
421
128
408
465
409
447
188
437
418
422
254
481
391
455
275
452
447
439
182
445
392
470
118
409
445
426
509
129
427
446
423
138
396
407
469
221
443
439
444
128
432
466
427
411
171
402
470
464
148
423
460
445
134
456
469
427
119
457
462
425
125
412
401
449
395
136
420
445
415
135
385
479
432
133
412
383
421
130
455
519
412
417
158
447
464
497
150
449
438
429
130
422
461
497
133
380
467
449
139
448
462
502
401
202
533
471
511
187
368
426
437
132
427
454
414
285
383
417
448
126
436
421
487
409
147
384
396
437
122
453
461
409
134
389
453
375
130
406
394
438
448
280
432
452
492
292
420
434
438
123
403
436
471
260
381
418
402
120
447
461
410
486
132
434
427
447
287
453
448
430
126
400
476
481
132
482
498
437
474
146
485
506
429
298
445
421
424
122
400
437
477
276
380
422
414
326
428
462
426
394
138
467
434
489
133
454
452
472
160
430
433
386
131
424
470
431
457
190
374
433
399
123
431
465
478
178
440
472
466
153
411
470
464
144
416
428
447
418
130
414
455
491
120
479
440
503
277
365
376
388
182
440
468
422
166
490
462
412
483
210
382
400
403
181
440
395
501
136
360
394
381
126
411
449
404
443
184
462
447
431
127
420
460
425
131
418
397
430
361
457
453
527
123
373
393
434
421
128
504
478
471
298
128
417
490
399
488
489
462
217
462
410
415
440
478
459
146
377
454
411
439
419
350
124
363
430
501
421
434
493
405
465
157
427
440
414
480
459
439
152
423
429
457
264
389
509
466
127
412
462
459
421
118
442
458
471
275
449
404
462
503
506
460
505
275
496
407
476
324
412
429
446
409
133
414
465
425
144
423
460
462
364
444
461
475
131
453
399
449
133
414
392
406
447
119
429
413
482
169
396
419
426
124
413
484
434
126
461
469
485
505
138
447
449
483
146
441
442
402
151
396
409
508
130
429
446
460
266
446
432
426
421
115
393
446
470
130
461
419
451
133
461
446
396
232
406
432
436
448
178
389
405
353
128
472
460
472
121
394
474
1014
266
435
428
526
132
466
482
441
443
163
410
403
411
429
407
426
430
119
405
466
483
135
472
425
434
240
413
423
439
465
176
465
481
421
161
394
348
443
121
444
459
389
129
454
457
461
480
142
479
435
449
121
406
463
425
150
383
417
528
158
431
418
422
238
490
426
445
452
174
466
497
422
170
474
458
386
125
436
487
425
131
436
417
485
484
157
412
450
436
121
363
425
442
128
459
469
484
129
444
455
547
135
394
438
485
448
404
418
451
482
132
459
431
421
138
446
429
486
136
393
369
425
437
122
449
467
485
129
428
445
474
150
436
402
432
127
412
407
418
132
430
443
455
487
128
484
458
451
236
455
460
445
129
421
478
512
158
425
408
448
137
458
393
482
429
126
436
455
497
204
382
410
427
133
445
437
414
122
400
416
430
400
108
415
457
437
168
386
451
429
133
436
468
454
208
371
372
416
137
389
391
401
481
163
393
405
450
135
407
446
414
201
383
424
438
124
421
427
389
463
164
364
451
471
131
472
484
495
136
409
453
428
209
466
429
424
136
420
431
443
504
202
400
470
449
297
402
414
437
124
413
423
431
181
449
450
533
131
421
470
413
404
170
387
499
458
279
456
388
416
122
402
441
477
262
363
386
368
415
116
408
440
495
137
439
487
478
131
416
472
421
134
433
443
436
194
378
367
408
359
118
415
451
412
146
470
421
441
185
419
451
432
261
436
388
420
482
194
494
502
446
187
454
407
430
237
432
425
440
149
438
453
466
132
468
458
495
447
132
417
457
492
133
454
417
436
139
418
474
401
134
442
460
471
420
518
450
425
505
152
418
434
424
125
421
460
522
125
364
376
400
186
397
466
524
449
158
422
507
493
152
504
458
465
122
414
401
470
187
351
394
474
127
431
496
421
466
231
353
417
459
126
401
411
483
144
437
506
486
200
373
468
410
434
136
354
434
412
128
408
445
483
133
387
403
457
218
455
432
440
131
418
400
447
433
161
364
467
416
124
421
458
444
126
427
479
397
365
451
525
527
466
201
399
508
524
190
361
439
422
126
408
433
455
138
416
456
492
132
377
397
437
473
147
404
447
390
106
442
479
468
171
439
423
469
266
410
509
463
426
156
451
483
481
152
442
487
469
262
932
994
954
290
449
460
461
149
364
368
420
435
169
379
438
453
185
436
464
538
133
424
460
453
140
416
462
459
187
440
446
460
410
284
395
431
515
205
426
405
476
372
432
445
470
186
475
492
433
433
285
433
443
405
190
487
410
531
130
491
477
463
137
447
440
380
124
415
454
427
446
191
482
453
418
174
448
393
472
130
444
406
476
125
433
436
503
468
144
384
399
433
132
444
410
453
121
427
462
466
262
435
442
466
218
370
475
436
392
119
424
454
443
116
360
450
466
144
448
444
398
127
475
486
412
155
410
391
428
403
128
414
443
491
451
552
488
487
162
434
441
453
133
412
452
494
467
286
453
401
440
197
420
458
421
112
475
431
483
275
421
400
451
120
399
477
484
439
181
395
419
396
253
455
502
471
135
453
501
524
136
502
444
425
474
136
418
410
490
163
496
454
471
189
458
429
438
122
419
438
395
158
406
429
464
517
178
451
439
440
130
416
456
417
146
395
513
441
137
431
436
469
471
158
440
479
444
530
472
499
506
178
457
440
444
159
488
503
434
143
445
475
465
482
138
489
418
498
132
422
465
502
143
470
415
461
221
401
440
426
122
414
436
441
400
109
431
465
434
131
424
473
449
124
445
458
479
131
454
488
525
471
139
391
409
439
139
448
518
445
130
407
459
499
312
455
391
439
268
482
448
427
434
175
393
386
392
134
451
462
423
276
436
446
401
139
453
441
498
485
369
468
456
459
117
453
440
492
133
410
448
500
287
405
464
375
135
422
449
425
452
286
443
392
499
180
433
436
451
190
434
460
452
128
425
481
493
484
203
466
405
430
197
415
450
487
267
437
456
462
272
377
443
463
125
412
438
401
517
177
427
459
538
156
413
450
441
136
418
449
490
132
386
493
440
134
437
463
410
477
476
431
418
421
214
447
432
499
276
405
388
390
117
457
458
401
487
111
428
428
441
198
413
452
436
145
419
460
505
132
484
448
504
303
424
428
431
447
135
388
433
495
123
425
477
461
174
420
434
455
124
456
426
410
468
139
467
498
445
132
440
423
402
120
435
427
409
146
397
452
516
137
455
451
471
452
166
399
490
455
272
407
451
423
128
431
394
459
267
410
509
471
145
444
457
488
486
140
492
501
907
249
440
460
420
131
441
465
500
134
368
434
387
440
126
436
517
491
133
488
453
427
201
427
403
380
121
419
438
489
148
399
414
473
489
246
437
440
381
120
454
431
423
132
423
430
454
124
448
464
403
486
116
428
451
460
199
361
369
392
121
418
415
376
133
414
427
430
385
477
446
406
516
168
436
522
511
144
451
478
453
173
464
410
413
121
404
441
432
441
189
465
418
440
122
451
442
476
132
424
450
435
135
443
468
481
130
442
431
414
401
254
435
425
471
124
450
467
475
129
428
464
457
264
438
440
434
198
405
474
428
429
147
437
442
429
150
450
417
494
137
388
458
412
127
438
426
408
486
153
418
410
434
122
450
462
397
145
410
427
439
431
465
385
441
129
490
479
472
462
210
450
472
492
135
361
431
411
121
402
439
411
159
405
411
364
380
115
396
439
491
137
438
486
444
133
389
438
424
262
440
450
459
130
429
441
472
481
220
394
372
459
128
438
428
490
135
459
501
437
135
460
450
406
125
349
378
427
470
156
375
469
513
140
390
508
450
224
366
417
416
141
449
435
494
480
165
487
451
460
131
440
465
446
347
475
465
452
144
432
400
483
143
419
491
468
487
165
391
426
471
134
421
386
403
132
414
464
368
132
444
426
429
476
157
450
422
475
139
406
401
377
121
454
461
475
144
504
493
487
142
433
377
477
450
119
380
443
473
133
457
493
432
133
417
485
434
130
474
421
513
132
434
497
480
465
153
441
454
486
122
434
492
481
134
411
458
514
206
420
460
393
423
137
412
444
426
418
468
457
465
274
449
444
435
138
391
503
516
149
429
442
492
429
185
469
454
491
137
450
473
459
133
472
498
447
112
474
449
469
507
180
473
486
507
171
376
444
461
121
433
415
407
136
497
453
421
135
410
417
438
480
260
432
410
466
269
451
445
391
125
456
417
401
138
437
448
466
482
222
401
387
465
138
458
437
419
134
415
481
438
135
451
427
411
116
474
452
475
447
439
489
500
514
178
442
509
431
123
531
464
421
282
443
476
469
192
445
451
465
476
290
497
506
518
292
480
436
506
187
458
441
454
275
452
436
477
461
112
442
450
465
130
450
418
526
135
449
433
477
193
436
527
458
125
476
480
517
464
231
986
943
1003
217
491
487
580
275
442
455
478
258
462
469
467
471
284
487
509
526
291
415
450
432
199
430
449
453
260
439
474
539
278
457
431
500
464
182
480
458
445
274
460
446
528
258
453
449
532
245
444
425
523
476
146
465
464
494
264
453
442
468
241
436
532
438
129
514
494
472
250
478
507
491
454
230
467
461
518
248
496
478
428
124
454
418
419
124
397
462
507
138
414
420
440
478
135
429
384
423
129
457
475
486
133
424
446
467
138
398
453
479
431
125
414
389
426
131
397
450
467
143
435
427
443
132
446
446
428
216
386
382
462
456
127
442
428
489
140
372
434
443
136
377
360
462
122
445
405
401
485
122
404
463
422
149
425
391
438
125
424
468
488
133
459
423
538
135
421
412
475
490
130
413
471
423
133
463
422
443
139
429
451
470
143
429
453
499
506
516
502
420
403
220
467
503
504
259
435
451
469
202
443
454
441
122
405
386
410
416
120
412
405
464
126
413
478
470
