594
558
176
494
477
163
519
493
198
412
445
230
351
510
263
428
523
204
420
501
279
328
452
235
438
425
202
367
500
184
423
492
286
352
473
236
399
364
516
463
257
390
415
497
183
392
514
288
404
438
293
366
442
293
417
430
287
415
459
301
419
530
303
424
532
306
427
530
184
409
481
240
327
467
534
330
346
186
365
493
256
424
475
479
328
446
480
372
666
591
215
529
414
312
411
443
298
429
522
172
392
470
232
382
531
331
469
459
347
431
431
290
409
439
290
484
434
295
417
525
296
371
531
301
447
498
303
525
422
320
385
526
294
501
534
303
500
536
307
373
529
304
495
529
303
496
528
300
370
530
302
496
533
306
495
531
306
374
396
310
370
556
302
372
400
302
496
525
297
494
392
298
371
534
303
497
530
309
504
530
300
500
527
299
369
533
308
504
536
305
497
529
170
500
532
304
502
534
305
368
527
303
498
525
301
498
530
303
498
529
301
505
536
302
413
447
298
357
443
294
361
449
293
415
512
288
414
436
291
417
440
295
413
438
293
418
444
294
358
436
294
447
501
305
525
552
293
359
470
303
461
474
292
424
484
299
417
449
298
424
539
308
370
522
306
415
542
300
429
539
308
419
532
308
362
456
298
417
447
295
415
447
297
421
537
177
349
479
242
327
470
318
429
535
301
415
443
294
422
449
303
1389
448
531
631
516
333
432
477
312
373
536
311
376
541
312
368
533
304
374
538
308
414
442
302
422
535
299
419
450
302
458
564
310
543
571
339
503
544
306
506
534
305
382
541
315
382
561
296
504
536
270
483
638
280
479
509
282
470
516
279
471
508
279
478
637
279
471
500
275
477
506
276
469
508
830
487
507
226
408
606
384
466
502
277
483
635
280
478
632
276
467
497
271
475
629
279
471
502
277
478
514
279
480
514
283
344
499
276
575
493
278
347
509
278
482
513
275
466
505
273
467
502
272
476
508
277
471
632
275
474
634
279
478
503
274
485
526
304
371
558
303
498
530
305
504
540
568
337
760
390
497
404
564
343
639
658
432
501
536
308
500
404
302
496
527
304
498
535
304
367
546
298
492
525
302
501
539
307
497
531
304
500
533
311
502
532
304
504
534
308
499
533
297
503
534
310
502
531
305
496
527
180
409
483
233
381
506
311
524
549
318
494
531
300
501
542
307
503
530
302
497
533
304
377
533
307
374
443
309
455
546
290
489
497
393
502
536
306
373
537
312
371
533
303
499
532
304
371
532
298
500
536
309
500
535
307
498
531
302
497
535
308
506
559
301
373
534
307
499
536
312
495
529
302
502
530
300
493
529
326
504
534
302
504
538
309
505
527
302
522
558
334
422
451
177
343
485
235
369
537
311
415
435
299
416
449
264
387
408
269
381
413
266
389
583
263
329
502
267
331
508
264
389
499
265
450
429
270
387
498
266
384
498
268
387
500
275
387
408
269
390
411
274
394
498
269
386
420
274
390
499
273
396
505
275
395
554
334
354
524
295
397
503
272
329
405
268
393
585
272
334
586
274
389
581
271
389
497
267
391
408
270
376
585
270
382
581
152
436
414
235
387
507
271
391
585
273
398
416
274
381
489
263
389
582
269
385
404
270
391
494
268
391
592
296
422
453
308
361
444
293
411
445
294
415
437
294
411
432
295
415
443
298
424
448
305
415
436
301
412
442
294
415
438
299
419
446
302
417
455
293
416
446
301
419
359
302
422
523
298
422
438
303
421
441
305
367
444
304
361
526
303
361
439
299
425
452
295
412
435
150
366
463
309
420
449
300
361
529
301
418
443
296
414
436
302
423
434
303
421
1321
556
700
570
325
348
488
238
317
466
311
432
472
234
345
439
287
328
427
485
391
418
558
320
684
711
355
682
712
357
688
726
365
557
583
351
335
557
228
336
438
282
384
576
251
305
453
297
356
496
242
312
462
298
339
560
233
345
445
286
328
429
270
551
495
314
398
563
228
355
452
300
318
483
260
372
470
311
396
475
232
548
472
293
438
589
360
460
569
239
440
590
292
682
716
357
690
726
359
698
724
364
686
719
403
517
451
325
423
475
228
563
603
287
542
565
319
344
476
236
565
594
288
548
564
324
402
476
236
354
458
303
324
509
265
377
453
296
352
405
244
309
462
303
347
493
240
399
443
284
312
495
256
355
452
299
402
480
237
353
369
295
323
434
264
355
424
289
335
473
231
342
437
283
314
500
258
316
461
307
401
474
234
565
594
289
413
560
316
340
474
233
553
600
305
431
596
291
428
533
275
351
473
234
343
438
274
357
494
253
354
537
292
407
486
241
306
457
298
412
501
246
360
461
296
399
561
236
377
448
299
400
478
236
343
440
283
314
504
255
311
463
308
340
472
233
353
464
296
316
508
260
314
469
314
342
487
233
334
493
271
357
567
237
352
450
296
346
476
235
355
455
295
321
504
264
321
551
307
459
562
231
449
605
310
426
586
350
346
484
150
405
489
240
357
457
301
342
486
233
354
451
290
400
475
236
446
624
332
388
464
329
408
478
237
350
445
290
340
477
228
373
449
298
403
479
235
330
431
276
349
567
240
342
443
286
323
512
264
311
464
306
345
477
235
310
457
301
400
473
231
347
429
288
342
566
237
355
453
300
352
483
243
347
445
286
297
479
235
309
460
306
343
476
149
431
486
238
351
455
298
399
490
248
321
515
271
366
463
526
312
695
592
359
396
477
230
551
510
328
414
577
246
441
604
308
337
551
229
350
448
293
353
480
246
319
429
269
309
374
302
344
475
235
356
464
296
336
530
177
430
457
283
551
583
355
418
580
248
547
478
308
347
569
230
365
442
286
315
510
260
314
464
299
324
522
268
403
479
236
442
504
304
415
410
241
357
442
287
343
478
231
544
587
295
428
507
350
396
477
235
315
462
302
398
559
234
550
594
295
429
595
367
400
480
233
340
440
283
309
1438
533
548
641
252
354
489
244
343
566
234
546
473
295
426
579
345
404
492
220
317
471
305
347
564
236
352
458
292
336
473
230
347
457
286
403
478
235
449
589
292
437
579
344
411
484
230
339
435
281
349
478
236
549
477
555
478
559
373
124
360
423
444
372
148
327
429
408
603
153
338
363
342
280
829
804
480
536
443
384
386
464
328
403
489
329
461
492
232
334
443
276
411
491
243
404
523
279
408
497
152
448
558
230
353
440
281
332
507
265
313
460
302
404
569
236
357
368
299
349
489
233
359
452
294
414
480
237
360
461
297
369
485
230
353
541
297
341
475
229
316
462
298
398
474
230
363
462
296
408
579
244
557
612
191
558
468
226
451
467
363
398
440
229
358
456
297
460
487
232
416
371
297
340
470
231
569
505
302
362
566
239
570
568
378
391
542
320
440
471
311
388
464
163
418
544
311
322
471
309
321
547
317
388
556
318
380
540
311
429
465
306
372
536
309
429
452
308
441
539
310
321
540
317
441
465
311
387
456
318
432
542
312
325
484
236
361
453
290
339
479
233
551
600
184
422
586
353
346
559
228
338
471
514
346
602
584
345
413
401
239
436
423
265
338
536
278
411
413
249
377
430
269
445
595
270
445
589
351
344
496
233
353
449
289
463
438
229
313
464
305
345
478
237
353
455
294
407
569
240
567
735
317
449
599
238
424
577
228
419
456
351
417
492
240
323
460
213
400
569
239
550
580
275
442
595
356
397
483
231
359
460
199
434
467
286
337
378
325
351
571
237
570
617
327
342
486
235
373
454
296
336
472
232
353
451
198
653
586
288
548
583
354
433
589
231
446
581
350
346
476
229
562
604
305
549
589
479
348
463
236
353
450
296
350
510
240
366
459
295
327
468
328
340
477
232
358
462
299
339
473
327
404
482
233
347
537
286
358
498
153
338
489
232
352
451
293
356
487
238
412
446
290
347
485
240
361
450
298
410
398
234
547
616
329
342
479
233
555
608
317
428
472
230
338
435
274
355
574
242
358
453
298
341
487
233
349
434
279
358
593
252
317
457
304
344
478
239
354
453
297
404
537
231
559
597
312
574
580
350
402
571
238
561
601
301
552
582
347
414
571
239
549
601
292
410
488
235
309
461
1148
384
351
565
529
581
288
565
605
361
680
708
352
687
710
351
806
726
356
430
476
359
351
484
245
354
445
284
316
501
256
353
534
289
434
477
235
346
445
291
349
490
233
358
444
288
318
496
251
318
460
307
420
584
244
557
605
320
439
585
349
349
583
244
547
505
300
339
465
328
347
485
235
314
819
506
466
639
323
401
570
245
456
612
306
433
588
234
442
477
368
413
575
245
306
467
237
352
487
230
342
437
280
362
586
254
364
465
308
350
496
240
316
454
297
354
494
239
311
461
304
341
470
571
352
398
464
243
316
418
264
554
521
334
349
492
232
450
505
301
414
505
238
351
452
289
374
415
260
373
469
306
364
506
251
345
450
290
369
475
232
344
445
288
369
417
256
564
602
307
396
474
236
553
611
329
579
598
361
410
490
245
439
604
313
428
586
350
403
540
236
555
710
292
556
602
360
566
590
355
346
484
234
430
594
292
427
593
358
411
486
240
354
452
301
402
490
235
354
460
210
340
476
231
359
447
287
328
431
267
546
574
266
347
477
235
356
464
296
347
477
236
361
457
300
346
476
229
354
461
291
434
471
228
344
532
290
326
510
263
355
461
298
409
495
241
329
434
269
423
441
306
423
465
306
317
451
311
320
449
311
377
449
311
350
424
234
627
659
361
429
380
315
325
537
318
381
468
318
386
546
318
374
452
315
378
460
307
320
450
314
323
451
160
358
491
246
333
438
278
380
448
309
372
465
309
423
461
306
434
460
309
320
452
315
391
482
325
326
549
316
381
466
320
476
444
305
376
540
311
322
460
307
430
450
308
432
451
309
427
543
313
378
462
310
438
456
312
381
547
317
321
450
312
428
460
312
319
452
313
327
470
321
439
471
316
432
473
315
334
485
240
358
464
302
411
568
239
354
489
241
337
460
322
351
494
149
408
570
240
561
601
183
418
447
220
564
607
365
337
382
323
397
567
233
439
583
282
434
578
347
355
569
242
566
607
311
475
584
351
343
496
236
306
458
301
343
493
229
346
523
281
440
486
306
410
491
235
450
592
296
567
466
362
549
590
351
441
451
321
395
565
235
561
721
310
551
580
344
555
598
233
395
489
229
549
612
562
272
435
467
240
430
461
234
548
582
217
565
502
1088
368
388
482
438
481
293
411
483
236
442
502
342
400
477
238
442
612
317
421
458
223
560
591
356
409
476
236
555
493
342
452
482
255
429
461
229
431
460
234
431
464
233
429
459
233
439
470
240
426
449
347
403
491
235
555
632
327
410
414
247
376
451
301
439
598
294
385
461
323
385
464
327
413
964
535
476
521
259
524
613
351
410
488
242
354
442
283
327
415
261
451
516
319
464
574
242
450
622
342
338
469
327
411
568
240
350
457
292
349
492
233
353
456
295
354
400
244
371
472
316
406
483
239
416
425
262
356
546
296
350
480
241
349
441
283
327
428
264
349
456
295
405
483
236
352
447
290
323
504
259
316
476
310
389
407
251
453
522
338
357
489
241
339
435
276
355
486
240
353
466
299
358
507
243
305
541
197
419
463
181
440
582
350
412
456
240
543
591
296
421
585
350
404
484
232
311
464
307
410
498
243
353
540
299
351
482
238
451
493
206
438
473
358
345
478
244
319
505
261
310
465
304
339
383
317
405
496
241
315
464
306
457
478
231
437
603
303
426
597
355
460
492
235
357
458
302
439
486
237
362
549
304
348
484
234
356
455
294
351
489
241
333
426
268
329
550
326
321
450
311
384
540
321
383
467
321
328
470
312
380
470
309
320
547
316
391
557
324
382
471
322
371
537
310
390
472
322
385
543
320
436
542
317
377
463
311
329
549
167
421
416
255
350
476
237
348
444
285
390
547
320
386
475
326
382
462
315
433
463
314
371
462
311
497
378
317
381
451
311
467
479
435
348
771
409
321
442
288
377
422
482
281
562
560
324
687
325
347
481
571
351
347
477
231
556
484
310
341
471
230
478
482
315
562
591
357
339
487
234
352
456
295
401
481
237
350
539
289
360
478
237
557
603
303
554
581
355
353
384
230
326
388
239
367
411
251
334
469
326
326
465
316
441
376
310
372
463
313
380
395
319
437
455
317
343
460
319
442
461
315
399
467
175
320
459
321
381
465
313
431
457
311
430
456
313
321
454
314
376
462
320
377
550
312
326
452
316
328
456
317
382
456
315
417
467
314
438
546
323
374
466
309
428
447
313
435
375
314
390
553
328
380
473
324
439
533
314
434
458
315
383
461
320
387
466
318
325
455
318
1184
428
531
646
583
284
691
727
362
698
720
364
559
588
361
444
586
361
572
606
356
696
606
368
698
723
285
367
432
250
378
426
272
359
455
295
339
468
226
315
466
306
408
503
240
308
465
302
343
565
238
576
618
320
435
590
359
479
499
261
589
597
301
347
481
237
444
602
315
555
601
357
689
584
799
738
769
408
716
740
376
685
727
358
682
715
349
674
760
346
679
718
358
680
583
354
555
713
356
548
581
350
345
562
230
352
451
302
401
565
234
565
615
327
682
717
359
681
716
401
514
428
196
563
584
352
349
570
243
440
610
325
404
477
236
439
612
332
439
582
354
407
479
232
554
601
299
410
573
244
477
609
320
681
582
354
554
585
354
564
592
362
547
582
349
340
477
229
350
450
294
378
507
262
318
464
311
348
488
233
349
503
275
359
587
256
357
543
298
411
494
242
355
462
305
344
494
231
326
424
265
373
464
308
409
576
242
564
588
282
674
552
286
478
525
410
313
502
257
354
459
296
403
556
232
558
619
336
337
381
449
346
535
651
401
414
419
247
382
440
276
363
401
140
411
498
241
363
459
299
413
494
237
354
449
296
409
569
237
356
453
299
350
487
233
361
458
295
343
476
233
360
465
299
431
470
326
341
471
228
342
531
183
422
496
352
447
465
361
406
488
241
357
452
294
398
476
230
345
453
295
349
488
237
319
436
303
402
485
235
361
462
307
400
477
232
307
461
302
461
567
235
558
614
328
334
466
330
462
487
235
369
457
292
289
472
238
418
413
257
313
462
309
348
480
233
331
436
275
311
378
303
348
496
243
315
468
309
348
479
235
346
444
283
318
344
256
388
462
311
414
493
242
358
454
297
413
492
239
364
455
298
350
498
153
489
175
359
501
585
152
444
551
148
425
346
239
380
515
175
390
457
231
383
428
223
414
511
327
405
358
252
443
423
238
395
514
335
343
465
246
415
495
238
453
415
241
389
501
149
446
432
333
381
471
272
374
582
322
453
580
231
403
480
235
417
507
322
400
466
234
397
515
232
414
522
337
344
565
267
467
422
150
366
382
284
441
414
233
435
501
234
445
512
230
462
529
322
355
510
253
386
452
235
435
439
219
409
541
329
343
396
149
358
415
311
444
437
235
459
1004
384
269
418
673
169
504
282
506
253
499
534
501
501
164
530
159
482
270
470
437
587
282
616
626
552
509
177
370
259
346
485
432
595
171
422
264
427
499
507
679
286
538
245
450
367
566
559
186
551
678
682
293
541
551
648
737
315
456
406
623
747
453
639
233
453
178
595
551
550
682
292
491
277
577
578
625
565
276
515
268
501
234
532
301
524
262
563
312
235
444
546
140
437
553
150
467
489
394
251
523
540
228
386
440
334
251
538
546
309
498
419
342
252
665
594
170
436
519
154
451
448
264
274
481
607
146
590
479
384
347
566
452
247
442
476
312
353
506
409
249
590
577
199
441
490
295
383
558
353
249
590
570
202
375
565
249
511
594
728
251
493
478
331
254
373
524
151
430
436
290
338
426
336
250
447
548
159
464
418
185
351
491
314
251
650
518
264
530
480
331
468
555
544
182
359
434
271
384
550
564
218
440
425
310
327
459
456
459
480
591
158
554
545
282
349
430
507
145
445
416
157
363
411
255
253
450
596
249
395
511
215
393
535
341
248
450
499
224
363
450
240
393
402
411
247
435
481
198
337
441
146
423
266
548
552
490
504
306
449
198
514
152
432
287
544
556
349
676
315
471
246
614
583
518
511
286
606
299
489
166
451
271
593
641
287
551
359
471
223
485
162
552
429
555
581
389
396
154
521
162
230
373
196
520
246
529
365
158
510
462
416
235
583
543
501
206
350
435
501
399
159
461
495
385
160
472
490
504
164
467
505
180
474
515
551
193
523
548
463
345
265
510
436
269
205
391
426
249
333
521
483
321
419
559
467
368
293
589
496
395
290
467
541
164
477
436
525
331
171
528
505
599
169
360
428
497
309
249
350
405
445
191
311
346
595
306
333
481
455
349
149
515
413
401
194
397
396
533
175
323
384
457
236
249
500
512
531
225
464
433
532
234
228
354
445
414
148
495
397
550
356
261
378
485
314
351
513
475
268
261
506
535
468
265
407
390
403
285
235
576
476
482
180
382
463
452
263
166
367
460
541
526
312
642
610
178
525
592
439
663
368
159
535
501
599
175
353
504
510
315
152
400
434
256
337
482
327
418
516
289
413
435
296
418
449
297
427
455
307
365
439
299
429
453
307
416
437
291
427
1197
595
496
438
238
500
482
270
421
444
206
432
479
253
385
429
211
432
540
153
473
475
242
469
536
240
358
462
233
435
443
213
429
511
212
429
372
235
382
429
309
414
474
234
443
515
306
401
445
91
453
609
192
536
558
217
397
568
241
431
604
291
388
436
321
430
505
302
416
486
237
382
350
309
847
922
503
519
449
281
459
507
181
391
524
165
427
560
237
382
430
302
393
445
320
439
522
302
440
424
213
438
514
303
341
449
232
434
506
296
453
459
167
461
459
242
466
425
257
421
525
299
416
562
246
442
420
303
441
426
298
421
482
245
439
519
303
393
447
325
445
434
148
409
451
228
464
463
249
360
562
232
437
602
300
397
448
325
426
476
250
438
418
215
378
427
202
443
520
209
440
524
307
453
396
153
460
464
224
459
529
313
341
446
237
448
437
209
443
501
306
349
462
243
435
516
306
439
566
257
441
510
296
391
461
152
363
475
146
354
476
217
372
515
203
427
503
294
450
453
220
430
518
210
439
513
199
383
434
299
426
502
195
431
506
152
381
516
198
411
494
254
390
440
213
419
497
297
453
455
230
436
511
211
435
511
209
434
521
209
431
505
207
435
508
299
484
447
153
482
477
245
445
420
301
340
444
236
426
507
252
378
510
231
362
468
310
386
431
312
351
459
232
432
507
299
432
426
503
646
207
511
227
480
312
372
525
248
531
610
532
650
331
436
175
536
637
162
437
210
386
273
412
499
248
511
195
439
153
446
242
348
505
373
583
260
491
285
430
464
522
705
193
605
261
492
409
605
460
171
448
243
490
455
602
635
170
480
164
495
181
370
275
612
633
193
497
324
357
496
466
523
254
438
245
477
354
504
642
258
434
266
445
327
428
523
171
474
240
433
224
386
322
464
540
365
490
174
517
174
619
609
362
644
256
493
190
530
424
384
594
189
443
312
577
591
169
659
194
394
366
561
274
465
485
165
549
203
456
294
606
442
172
535
290
486
359
564
521
171
443
243
447
382
533
567
196
451
154
489
341
505
1298
626
628
532
663
729
356
367
439
320
361
450
207
404
466
212
345
445
214
345
515
152
468
504
247
430
318
158
471
483
220
379
518
294
336
523
312
250
410
481
157
348
440
310
214
434
515
192
350
464
317
274
474
628
163
489
466
232
339
440
341
247
522
418
166
444
495
257
354
453
250
254
525
504
208
434
563
259
352
460
882
297
542
529
252
532
438
234
336
466
546
214
453
448
205
433
518
224
288
536
607
151
480
475
220
374
435
329
247
500
527
258
513
487
319
387
512
438
233
478
460
281
301
459
350
248
441
437
166
405
527
426
250
416
455
258
491
516
284
375
529
336
244
581
538
157
478
539
217
393
416
226
333
610
546
648
539
402
291
634
643
164
508
518
232
296
493
319
246
537
538
151
519
406
223
427
505
228
341
432
229
545
715
370
291
471
374
685
749
666
245
544
426
252
516
486
297
373
478
259
251
511
522
200
527
478
238
424
468
179
333
498
180
391
450
274
321
497
423
279
338
475
275
211
424
421
161
419
443
278
420
530
262
320
441
324
242
350
483
153
417
544
196
426
447
217
367
529
155
475
489
196
330
425
277
249
464
388
246
445
394
161
440
490
160
333
465
296
362
519
340
252
482
523
170
509
415
228
334
462
209
347
449
204
311
471
274
257
452
398
149
413
538
256
487
537
336
357
531
476
193
339
506
501
303
248
490
499
424
236
383
535
500
234
397
487
562
382
253
512
423
592
257
342
378
513
308
249
614
525
453
282
401
502
499
329
163
539
511
495
211
419
510
471
302
350
387
433
328
255
392
415
450
238
316
428
587
409
145
395
431
483
301
360
437
488
388
147
502
420
468
164
354
504
573
320
365
479
468
254
360
450
290
420
529
298
349
480
238
574
597
289
634
635
397
360
491
252
625
461
382
415
431
164
355
428
296
426
453
302
425
453
302
364
449
297
424
526
302
350
555
332
417
448
299
362
430
300
421
435
302
418
442
295
415
372
303
398
562
327
357
435
292
431
534
302
424
532
302
416
523
293
475
443
293
421
451
301
414
445
191
450
584
174
397
365
249
535
543
205
544
675
254
514
472
200
518
557
224
533
498
268
351
452
202
456
434
220
380
480
219
361
524
188
428
613
250
576
425
169
459
432
191
488
535
226
471
465
236
525
547
224
520
480
167
386
438
208
357
482
237
454
480
197
360
452
206
452
386
246
435
578
186
501
452
157
378
459
194
387
462
225
452
496
149
432
450
206
917
395
585
623
345
355
485
235
509
466
156
478
593
163
469
612
200
465
463
220
425
508
151
362
486
248
407
448
225
391
496
156
338
499
249
445
441
188
412
568
241
475
481
148
448
455
172
443
492
219
534
451
259
458
522
252
406
496
475
175
436
477
253
541
163
375
554
564
375
483
476
191
431
933
482
495
455
284
470
508
289
544
434
183
366
400
150
395
424
181
440
532
276
483
577
196
335
495
256
390
463
253
335
505
150
373
431
146
352
439
180
325
462
268
420
518
215
359
533
240
353
388
198
407
477
240
430
432
171
435
468
186
400
587
150
410
544
151
352
457
154
446
584
241
434
465
178
406
464
190
391
522
324
355
463
267
419
518
286
337
592
199
322
497
250
391
438
151
381
457
228
446
409
151
370
455
198
441
469
235
423
587
265
417
424
243
472
537
280
329
517
232
411
460
246
337
589
213
433
494
171
438
504
250
489
515
153
359
396
162
412
435
163
389
592
247
452
475
208
385
441
205
435
473
184
474
418
168
412
450
149
426
493
273
484
476
226
327
462
213
397
468
209
482
522
216
368
415
308
389
545
239
393
414
248
425
521
232
431
492
152
493
546
265
396
407
151
426
426
148
394
433
186
332
480
183
341
506
227
380
428
220
397
424
396
605
477
380
335
448
154
424
438
180
347
501
244
345
440
198
426
522
156
357
464
523
163
398
559
318
409
430
294
421
437
297
427
527
301
487
552
307
420
451
302
416
520
293
411
430
294
412
437
296
414
440
300
427
450
306
369
534
305
424
531
302
418
442
292
358
435
155
392
466
329
421
353
300
412
441
293
412
517
299
420
438
288
421
532
309
363
441
297
412
442
299
430
452
304
415
519
297
473
434
294
412
426
153
310
522
293
414
485
184
367
434
148
382
474
215
336
442
238
421
382
233
371
508
196
416
421
165
394
442
247
418
566
157
445
454
643
262
490
160
480
577
204
453
473
214
400
451
468
397
489
423
254
463
416
192
400
575
229
335
232
330
644
502
172
547
465
279
517
475
233
449
483
261
478
463
283
406
456
159
406
454
228
371
462
220
336
443
187
356
452
151
442
440
158
525
516
162
480
538
213
482
527
162
354
429
202
341
489
228
393
485
191
459
540
172
960
428
364
546
532
315
462
573
245
382
510
258
432
468
231
435
465
306
429
452
237
332
437
239
382
514
271
425
501
279
345
472
236
426
449
232
395
582
179
357
474
313
450
386
223
336
414
227
372
480
239
403
444
305
348
470
252
448
422
256
442
451
235
389
477
248
421
473
151
338
470
319
435
367
825
505
463
206
501
455
356
365
482
329
447
593
231
437
518
237
443
530
330
425
471
245
448
472
238
395
492
158
372
459
242
405
513
245
393
435
238
400
529
327
373
451
260
429
468
233
449
548
238
335
447
159
454
398
227
402
502
204
356
440
283
450
453
250
442
514
236
419
460
237
387
473
242
444
497
327
447
530
329
329
534
233
439
446
226
447
500
237
489
473
155
428
544
247
351
451
233
433
439
235
444
552
239
410
464
251
448
473
235
435
530
333
347
491
257
377
469
238
446
582
275
349
488
235
351
447
285
367
410
253
352
453
289
346
482
331
433
473
328
345
565
232
370
409
257
405
449
294
546
603
291
426
585
352
406
481
236
305
543
295
407
484
244
355
449
288
311
501
250
315
466
310
363
434
259
605
526
341
391
444
167
382
432
274
565
470
291
549
575
344
681
707
347
685
711
360
554
581
351
563
586
362
402
437
283
411
487
245
446
491
198
448
442
341
390
440
282
403
478
233
549
576
277
547
577
345
677
709
605
503
550
538
281
443
577
281
553
580
347
682
563
349
764
693
345
550
708
348
675
707
347
557
588
351
674
577
342
341
474
232
481
535
366
401
472
234
570
588
295
366
551
305
352
450
237
471
627
331
429
585
353
336
518
272
341
476
329
354
491
242
345
449
290
317
411
251
312
464
304
354
498
243
318
469
205
404
480
239
308
456
298
411
493
235
343
444
288
342
411
236
387
466
325
386
453
318
359
471
296
458
475
231
392
526
276
560
572
276
463
493
394
573
594
353
404
373
300
414
589
336
362
451
268
451
432
236
422
462
229
369
510
286
400
446
243
398
567
293
453
464
232
414
537
323
346
450
259
448
432
244
401
518
251
396
541
232
383
433
236
392
522
277
428
533
247
452
555
248
489
473
257
338
434
247
390
435
238
438
433
242
372
440
243
393
510
251
444
446
252
442
597
249
397
435
244
388
1001
559
692
319
290
439
476
272
441
520
234
444
525
255
419
468
231
443
545
232
442
550
330
288
470
261
430
513
333
340
362
269
433
496
209
369
434
237
445
427
233
430
510
333
380
475
249
408
548
328
382
471
253
381
604
236
439
359
251
444
449
252
420
393
236
339
443
244
431
525
238
390
543
254
869
827
349
422
462
334
343
502
298
432
521
232
443
531
227
371
521
259
453
494
234
497
509
259
430
365
322
444
447
235
412
370
245
429
469
245
430
361
274
390
445
239
404
379
280
440
485
243
446
512
244
451
451
173
420
425
238
446
353
260
410
520
327
338
460
254
454
508
240
398
523
249
362
460
241
450
433
258
444
515
335
347
489
441
240
499
280
381
437
334
391
517
239
362
439
528
349
383
414
298
424
485
233
351
448
293
340
474
330
329
427
273
552
480
244
397
471
330
385
436
274
413
483
243
549
478
300
385
425
270
443
602
314
572
582
354
390
468
327
352
568
236
558
611
313
463
581
350
390
450
282
368
498
246
354
454
297
345
476
231
345
445
286
323
557
318
395
477
332
388
436
274
673
623
328
413
528
330
440
439
274
361
492
237
469
620
328
551
579
352
687
718
356
694
722
361
683
710
349
678
580
348
335
465
319
353
477
234
393
399
229
308
455
299
403
468
330
399
469
228
355
454
297
318
428
265
356
456
297
349
417
249
541
614
316
402
482
235
562
583
289
683
703
344
678
703
353
557
578
322
448
454
322
378
452
235
366
519
223
413
593
311
453
578
250
393
573
319
333
525
194
379
496
329
376
514
260
385
574
257
408
452
239
500
525
334
348
462
260
391
462
333
423
423
332
402
453
275
431
452
229
365
433
268
442
454
234
433
459
235
400
532
234
429
275
416
486
160
490
512
273
162
519
453
236
431
454
234
443
365
279
462
590
243
384
454
249
446
431
234
433
558
246
431
468
246
435
490
237
409
393
244
396
526
330
332
463
263
401
463
239
438
529
226
343
476
266
448
464
242
420
484
337
429
433
241
422
377
236
435
395
232
437
525
235
405
506
245
445
371
239
448
460
152
413
486
240
423
365
265
378
431
256
402
543
237
389
574
237
342
411
234
395
480
243
349
459
283
336
381
269
449
477
263
486
433
887
464
570
476
531
629
289
344
473
259
404
468
326
364
527
269
442
491
332
352
573
242
350
456
296
394
554
329
343
494
211
375
416
261
441
522
561
322
364
212
378
426
571
324
404
462
284
392
465
251
405
439
244
449
452
558
433
448
215
424
496
193
354
775
749
245
527
584
288
296
478
496
305
331
457
447
196
378
425
402
149
452
451
282
170
466
519
205
161
444
489
186
376
468
480
152
409
511
501
319
248
374
532
425
232
118
348
485
442
233
314
461
298
396
465
229
364
453
292
322
502
256
366
461
301
343
560
227
432
593
292
419
576
345
459
471
227
312
462
295
341
479
228
357
457
298
404
481
234
359
457
301
343
429
327
340
481
325
404
564
237
556
591
293
548
464
473
349
426
237
356
455
299
454
470
228
351
445
293
341
470
230
343
443
185
399
561
232
548
592
306
435
570
344
338
475
326
338
469
330
343
489
231
351
455
296
400
564
232
333
430
275
413
567
306
489
527
307
375
537
238
371
506
230
365
446
239
361
523
234
426
367
228
358
427
321
330
526
243
361
459
241
382
522
236
452
519
237
383
542
252
355
450
240
367
464
240
439
547
247
430
364
230
430
460
236
428
423
325
425
448
230
367
444
231
434
527
246
406
402
258
429
434
239
433
450
242
421
481
239
431
442
236
357
451
238
378
520
231
366
451
271
370
351
231
356
444
243
477
519
237
348
438
324
383
469
247
393
481
325
426
493
327
432
443
234
436
459
234
411
435
234
410
454
233
373
509
334
436
609
247
365
484
272
428
450
237
364
448
237
355
432
234
365
452
240
371
437
233
426
439
231
414
429
333
350
443
227
363
516
148
365
499
269
417
545
329
436
521
253
367
442
241
423
444
280
416
450
243
370
520
240
366
446
134
451
501
233
430
443
437
283
319
155
345
542
558
300
367
493
236
404
464
229
363
508
325
434
434
238
417
349
228
348
353
227
411
542
237
352
444
231
447
428
231
392
471
261
414
434
242
421
527
332
325
529
240
411
445
238
344
441
233
404
369
231
369
467
231
413
537
229
442
502
218
329
459
261
410
353
243
408
452
228
405
439
236
408
466
235
406
442
218
421
531
233
342
464
235
409
370
232
416
458
151
326
436
291
407
452
959
404
589
171
535
495
322
342
441
288
390
562
302
349
508
237
360
467
239
404
437
332
420
440
245
464
487
235
397
453
334
402
440
229
413
446
237
431
425
231
349
515
233
414
354
244
417
443
240
422
366
245
380
445
231
443
512
233
328
475
259
408
526
334
368
476
252
356
574
239
413
531
241
340
919
554
486
606
339
357
466
229
424
522
230
404
549
239
491
540
265
412
527
236
418
515
334
379
443
256
349
440
248
411
522
238
425
524
233
360
435
335
376
458
252
346
438
228
467
488
335
372
465
233
398
355
241
403
518
237
407
527
251
406
520
335
367
471
255
356
427
131
454
486
304
352
416
273
306
521
230
426
510
330
369
447
238
406
434
277
408
357
227
409
464
230
406
456
230
421
458
317
358
449
329
364
485
272
409
441
153
350
512
266
412
428
240
412
448
229
417
439
241
423
443
233
422
449
250
422
443
244
344
450
241
413
447
242
343
370
240
451
480
224
416
444
243
338
422
233
344
503
264
389
472
320
396
562
314
389
470
309
446
436
237
442
422
264
384
477
313
418
501
250
413
429
303
401
462
308
432
460
246
389
451
319
402
455
314
334
443
233
418
439
424
341
407
431
284
425
512
233
425
500
240
362
482
292
343
359
229
411
470
247
364
545
326
536
515
326
333
463
231
341
441
237
355
427
237
397
477
249
435
547
165
466
409
198
362
433
234
398
476
230
408
451
241
414
526
234
416
467
234
416
435
242
416
476
241
338
435
238
426
507
240
499
502
292
337
531
231
352
438
332
434
534
240
355
435
318
432
456
246
450
456
231
336
373
245
418
521
333
369
480
238
428
501
224
368
505
247
421
516
322
421
443
184
404
240
249
540
290
399
271
246
626
181
357
375
180
429
438
307
148
496
479
218
392
440
345
165
463
493
160
439
422
173
408
528
318
341
424
225
440
490
236
413
515
325
339
461
247
421
515
231
443
485
235
511
479
169
341
462
240
411
514
249
412
429
233
373
443
263
337
434
233
441
535
238
433
471
318
441
449
240
367
429
233
441
387
204
365
395
272
396
449
257
426
527
232
380
539
237
425
461
228
431
523
231
391
542
248
375
526
240
362
458
235
380
548
153
342
492
280
384
453
236
424
358
234
1091
469
304
636
669
185
480
498
403
395
416
317
370
529
231
426
449
239
426
363
238
485
448
253
407
527
235
333
530
229
419
535
230
340
445
332
340
361
237
419
434
232
415
449
318
317
428
253
404
566
322
383
447
165
429
485
262
442
519
234
433
529
241
418
437
238
408
406
150
362
480
265
411
443
714
428
604
357
399
483
231
446
501
151
403
495
263
411
514
324
324
501
233
412
527
330
371
553
231
350
441
231
349
442
242
412
525
232
394
448
230
423
532
236
439
538
317
371
468
256
405
442
235
419
443
242
415
521
238
412
454
236
426
522
237
348
449
235
424
537
236
401
463
420
367
492
513
171
441
482
327
410
444
232
354
504
328
417
448
233
407
524
232
345
431
272
412
532
244
313
459
245
410
523
236
409
584
224
523
450
291
357
453
322
485
441
242
408
528
235
420
449
230
420
443
230
430
512
236
428
528
334
381
451
267
395
557
229
374
360
322
368
456
243
410
537
229
361
374
233
423
474
236
341
526
247
351
514
230
409
481
320
340
571
315
362
459
235
443
484
322
350
442
329
404
355
240
416
365
235
410
451
230
412
450
234
404
512
236
342
438
317
396
434
328
351
526
234
419
416
227
342
462
278
352
606
233
344
453
226
349
464
236
370
557
232
418
449
243
402
445
263
350
505
242
391
433
312
438
553
233
504
421
157
452
440
246
344
459
274
347
443
243
342
522
238
401
445
326
414
537
241
413
364
241
423
435
238
349
446
333
452
469
209
427
441
241
417
444
230
364
436
236
341
511
334
447
435
236
401
509
232
403
439
334
410
415
228
336
583
328
361
446
167
401
540
247
405
356
218
402
444
232
412
434
227
421
475
241
403
451
248
421
425
315
364
488
243
398
375
226
392
373
155
368
493
289
368
446
236
427
512
242
350
418
238
408
358
244
418
451
237
401
528
244
410
375
231
410
437
248
412
437
237
497
465
207
397
438
242
412
497
316
410
463
234
407
580
258
486
526
328
415
464
235
352
433
239
405
453
226
440
449
237
418
504
228
341
466
273
412
463
234
404
544
240
406
452
233
400
448
237
404
448
242
391
476
326
417
594
241
353
454
326
346
491
158
346
441
269
404
452
236
348
431
235
419
512
335
368
1000
584
332
584
318
403
493
266
339
523
235
402
529
527
349
362
441
199
558
459
342
339
488
287
346
518
310
362
447
251
345
449
241
350
521
230
409
450
237
337
454
211
412
441
332
397
430
234
477
438
234
371
469
262
416
442
233
416
532
233
353
462
335
424
524
237
346
432
236
343
439
241
418
516
729
439
405
155
534
424
275
395
519
310
359
468
214
446
344
239
426
448
239
437
528
236
351
434
327
326
460
270
345
438
333
434
445
244
370
444
151
369
489
277
419
503
237
494
589
327
367
435
238
409
492
248
420
539
331
327
449
239
367
454
334
386
455
252
426
453
250
447
471
315
366
518
233
422
522
248
414
359
250
354
523
334
377
534
246
419
528
328
324
447
252
362
512
239
439
534
232
445
622
248
327
450
242
415
445
226
408
441
224
419
358
239
378
548
235
421
450
303
438
526
248
418
442
233
369
521
235
434
527
250
385
406
242
418
439
235
411
364
244
420
444
252
420
510
230
379
444
145
470
464
283
354
557
241
435
511
336
331
448
260
501
460
321
425
525
239
421
446
250
412
447
246
362
423
322
419
524
232
360
448
318
411
349
231
413
521
248
415
445
328
363
478
207
380
469
285
433
531
231
424
458
239
365
508
231
356
532
336
377
466
251
425
543
261
437
524
260
429
518
252
427
454
153
425
513
230
360
452
334
420
523
231
360
524
231
444
551
332
329
478
258
435
450
252
412
523
332
369
513
245
417
438
297
443
573
318
368
531
243
431
550
251
422
457
237
426
517
335
335
486
258
444
521
233
379
434
237
369
457
433
336
341
166
352
544
267
357
426
428
347
333
146
335
391
604
357
497
528
180
410
446
303
377
452
325
427
187
336
485
606
272
514
471
190
496
509
214
425
509
226
395
596
318
362
338
255
392
481
228
358
543
292
291
478
235
352
480
232
439
499
311
406
570
237
557
617
286
503
535
306
359
485
230
360
459
298
347
476
229
338
436
279
378
463
207
443
498
203
551
581
221
546
581
347
402
564
235
461
470
294
437
594
353
461
473
227
560
611
321
398
510
233
309
458
296
405
487
233
356
457
295
342
378
328
342
468
229
562
611
302
423
581
349
338
473
228
363
460
307
347
471
231
567
614
311
563
1246
618
524
571
338
345
478
231
359
443
292
319
505
156
400
561
227
306
456
297
394
476
228
308
458
300
345
479
228
351
448
295
460
474
229
357
455
298
353
565
229
564
609
198
458
570
339
339
475
227
304
458
299
356
502
243
361
456
290
352
485
240
354
540
293
458
560
230
569
608
309
421
589
344
828
815
460
488
622
181
535
537
299
400
471
230
434
591
288
423
589
346
346
486
216
312
449
295
399
478
229
413
451
294
399
558
232
299
482
235
345
444
283
319
416
251
431
487
312
459
471
231
559
605
322
438
590
346
398
476
327
340
559
327
338
558
329
419
477
227
354
442
290
341
473
227
335
431
276
357
486
239
348
447
293
455
468
231
354
456
294
346
474
228
345
445
286
320
465
253
352
452
290
348
484
235
333
432
275
342
475
231
562
589
290
421
584
346
408
564
234
447
612
320
327
553
321
350
488
246
338
438
279
442
603
303
553
586
351
552
578
343
549
590
347
689
710
323
678
575
345
682
707
351
430
590
226
431
589
349
349
484
230
549
566
168
389
451
298
341
487
497
378
427
322
404
476
326
378
448
468
363
412
436
307
430
466
277
423
456
258
469
496
235
423
362
305
421
450
238
385
559
240
433
448
243
430
470
228
359
441
282
428
367
239
441
544
233
374
482
244
437
617
206
419
426
294
331
444
238
343
587
295
430
460
232
390
459
261
445
567
240
378
580
238
390
567
246
441
442
228
358
453
190
331
468
327
344
477
232
355
444
296
406
483
241
308
459
296
401
482
229
362
454
300
445
556
231
434
598
298
409
565
238
461
587
290
428
585
218
421
455
212
449
595
236
424
448
213
420
587
222
439
593
350
409
482
238
353
449
294
330
468
230
551
488
288
557
464
356
293
491
233
342
434
290
313
498
250
315
461
304
396
568
232
360
454
293
411
485
231
442
527
175
546
615
242
386
570
321
458
556
331
401
471
237
564
590
302
556
458
352
345
473
229
351
447
292
313
502
257
354
454
295
373
533
335
426
478
245
368
453
257
439
460
255
428
405
323
403
492
324
392
560
236
552
499
380
409
451
285
393
480
255
396
554
247
367
434
237
380
580
272
374
470
231
311
462
283
390
555
278
387
871
321
971
1064
233
892
1005
1008
962
1222
386
1014
1225
213
998
1112
248
965
1064
208
986
1080
328
920
1022
265
934
981
330
989
1024
242
988
1083
325
964
993
249
978
1105
316
907
1024
132
893
1019
168
567
812
324
1064
1118
233
982
1085
297
1063
1117
232
964
1069
278
1096
1161
265
984
1089
287
1059
1109
285
988
1220
236
1141
1301
318
978
880
309
1071
1549
565
989
1088
322
1064
1121
236
973
1175
289
1087
1143
256
991
1088
302
1060
1114
232
982
1089
294
1081
1031
241
982
1073
210
914
963
237
897
976
243
952
1002
238
903
1009
231
890
1097
1219
351
945
957
305
913
985
228
1153
1340
344
1191
1222
352
1316
1353
373
1029
1179
316
1066
1122
235
985
1184
300
990
1121
232
986
1173
298
988
1111
232
973
1074
275
1067
1115
233
1139
1295
315
1068
1216
322
680
1090
285
985
1110
230
983
1187
302
1068
1111
236
977
1077
292
997
1121
318
910
1007
229
953
1073
317
937
978
251
843
994
319
953
753
166
817
1055
277
843
990
217
921
967
222
784
986
215
942
988
236
940
1014
241
857
1031
229
939
996
239
960
1100
243
947
1033
150
846
1110
301
932
1089
323
955
1078
269
898
997
232
935
989
230
938
999
218
951
992
236
866
1018
234
961
1149
323
975
1046
259
491
749
234
898
1038
237
864
1098
323
949
1006
236
954
1104
321
853
1047
255
1061
1188
300
1071
1227
233
1133
1286
310
1358
1514
517
1197
1120
353
1327
1358
359
1197
1354
356
1327
1359
356
1189
1223
352
1198
1232
356
986
1214
230
1131
1296
298
1066
1221
350
988
1122
235
963
1061
163
1058
1116
233
969
1073
282
1094
1147
262
987
1090
297
1063
1216
235
1128
1286
295
1068
1230
357
987
1117
233
965
1173
185
1229
1167
283
854
1231
244
1132
1285
304
990
1008
244
974
1003
237
910
1090
233
976
1096
327
1003
996
242
960
991
225
905
999
317
905
975
321
981
665
190
974
991
240
989
1004
235
896
992
237
980
991
232
1009
1119
230
974
1177
288
985
980
168
911
1023
245
858
1109
311
951
1044
152
837
980
232
922
1017
332
984
1218
230
981
1103
334
903
1057
273
891
1117
238
968
1066
277
1062
1119
239
913
1011
328
913
1116
306
841
1113
239
987
1187
310
1069
1124
231
1017
1152
279
1170
1303
290
1058
1108
366
867
998
229
894
995
318
970
966
233
888
992
307
987
899
233
1119
1147
156
1088
1149
253
1030
1161
274
1001
1233
1370
368
1163
1175
310
1190
1234
231
1063
1345
356
1069
2043
1047
1279
1635
689
1111
646
289
951
1026
284
962
1085
335
972
983
234
989
959
231
970
1070
280
993
1090
216
902
991
213
948
981
231
980
1083
292
1074
1079
148
883
950
346
915
995
299
1003
1125
235
971
1176
291
1096
1154
244
1059
1099
306
982
1122
329
1004
1055
244
911
1005
333
972
1208
329
848
1123
238
968
1174
287
1151
1646
647
1187
1342
352
1197
1222
353
1198
1218
349
1191
1345
349
1201
1224
355
1205
1365
361
1214
1242
368
1072
1011
232
1214
1248
375
990
1320
341
1230
1175
288
986
1114
234
1124
1283
296
1003
1130
247
993
1098
308
987
1114
227
980
1082
288
1063
1116
222
1068
1129
240
976
1181
281
975
1104
320
1063
1229
234
1118
1261
273
1053
1188
321
1066
1120
227
983
1171
284
970
1170
333
1003
1018
237
692
974
240
976
1097
233
991
1106
333
992
1009
263
967
994
225
980
1027
331
968
1009
221
980
1118
321
995
1011
260
987
1041
246
979
790
219
858
1058
261
900
1027
235
977
985
222
969
1118
228
970
1100
321
918
1022
235
907
687
151
1011
183
1193
731
216
1151
1428
602
248
766
1065
334
888
1054
289
975
1023
251
978
1012
222
977
1002
234
971
1000
275
987
982
233
994
1023
329
986
1100
326
1003
995
242
703
882
234
967
1028
229
1001
1112
241
998
1011
235
975
994
249
980
1120
246
979
1019
236
954
998
227
987
992
229
997
1013
242
906
717
237
861
1066
259
845
994
216
964
1003
226
898
1110
331
912
1007
241
982
1022
229
971
1109
236
892
1003
235
980
1000
330
976
998
151
891
1069
278
888
1103
323
914
1032
237
906
1106
136
940
1071
318
883
1030
326
970
1008
325
895
1003
234
974
996
269
889
1007
225
676
1108
1224
358
943
1080
294
994
985
307
1035
1000
301
993
977
247
952
1022
232
970
1007
224
901
1004
328
993
998
234
989
1001
239
699
944
221
982
1114
329
897
1116
240
1003
999
234
975
1028
244
983
1105
302
755
305
734
1177
244
1007
440
255
1579
236
1257
770
151
966
238
784
511
170
903
1262
491
159
1023
1072
266
1030
519
159
407
334
1335
1006
150
813
1176
313
151
808
1089
257
155
836
997
382
1218
1508
657
245
968
990
230
890
963
254
898
1027
221
978
1103
331
1018
1031
269
981
1007
220
983
1112
323
991
1010
241
898
964
230
590
906
334
914
987
227
958
1005
240
987
813
159
531
248
1215
762
149
556
339
1259
765
174
758
348
146
1605
435
159
1271
206
1370
235
924
381
291
1493
397
1119
754
152
426
189
1378
1051
235
742
313
175
1396
215
1041
713
152
422
303
1332
997
216
766
437
155
502
239
757
555
160
1342
227
1132
667
149
632
370
789
513
841
264
1232
416
705
157
1237
1551
711
198
1227
1425
603
172
1020
1347
478
146
672
982
262
1438
635
818
713
1369
648
894
286
1314
561
850
273
1216
1019
170
751
291
247
1345
225
984
604
149
1578
192
1148
825
152
1045
177
839
300
740
1160
175
902
549
261
1481
296
1185
852
151
654
286
246
1349
246
1032
538
155
544
284
1431
1253
191
843
595
149
1181
192
1245
1443
621
186
1212
1420
638
215
1076
1435
564
166
970
1297
488
145
1003
1307
184
1035
663
154
547
262
1267
731
151
691
375
1188
1151
294
174
709
1035
231
174
727
1015
396
1439
645
962
237
1390
591
922
294
1201
437
701
244
1128
1497
375
247
1191
128
946
498
1263
770
245
650
339
1238
1033
162
922
362
146
1499
366
1311
920
202
867
397
158
521
319
1281
1023
147
742
483
249
790
860
236
706
1061
254
590
345
1404
1129
160
552
215
1387
1308
334
177
722
975
314
833
588
873
229
1384
590
848
237
1298
609
960
333
1395
576
767
152
925
1211
344
159
836
1030
216
160
725
1121
348
199
788
1176
341
150
806
1121
261
285
754
868
176
1395
596
830
215
896
1040
258
530
733
242
841
1161
230
1014
1109
315
1031
984
313
1002
1014
255
889
1014
256
990
1094
245
904
985
237
983
1109
322
909
1003
235
967
659
191
908
1006
333
892
1039
327
886
996
257
892
724
149
589
242
935
1260
292
1053
537
188
663
557
153
395
235
1275
960
147
822
316
1245
1028
207
1158
1449
622
181
1138
1329
491
182
1002
1265
408
152
949
1088
239
973
1100
328
995
1014
257
970
996
236
990
1009
237
676
883
237
906
1111
235
987
1096
325
990
1017
255
968
1024
241
973
1001
235
967
989
224
1005
1106
238
901
1000
334
1011
1110
330
1007
710
232
890
1066
287
884
994
261
983
1104
236
1000
1019
241
994
1117
236
974
1139
236
983
1018
227
985
1020
230
911
1029
237
983
989
156
906
1046
275
970
986
235
977
1018
322
901
976
240
897
1089
333
905
939
239
644
379
158
820
739
157
645
639
253
999
990
266
704
769
215
989
1020
268
907
1028
239
985
1022
232
953
1013
241
905
1009
247
1005
1026
240
991
1108
325
999
1017
261
977
1074
226
823
733
149
985
1068
434
1219
259
1244
1099
232
978
676
150
703
320
159
903
1188
331
159
846
1030
179
893
999
315
998
1001
245
915
735
931
1371
338
1188
962
241
1262
1028
741
215
901
996
265
1025
1040
327
1015
1123
310
1047
1044
247
994
1136
248
990
1108
262
990
1006
236
635
793
176
909
1024
236
974
1020
241
895
768
190
696
855
301
1266
1420
317
716
438
255
503
339
171
1478
256
1115
788
147
621
271
1171
938
637
818
1547
283
1150
986
277
1351
537
803
251
1189
1426
571
155
1115
1286
399
148
873
1026
322
995
1006
239
899
1011
332
997
827
240
925
1051
249
971
1095
325
995
982
242
998
1017
236
901
1008
239
986
992
237
904
1019
236
989
1135
252
981
1113
237
966
1106
151
922
1044
147
986
1051
229
990
926
296
926
1010
262
997
1116
312
986
1035
240
893
1107
321
994
998
260
983
1120
230
894
727
150
1243
203
1122
616
277
432
145
1278
937
228
853
1129
215
1049
1274
324
1301
493
816
246
1134
1487
642
203
907
985
281
854
598
151
930
728
243
903
965
266
782
513
253
1469
305
163
1328
466
167
1002
1118
328
927
1008
268
985
987
241
1049
927
150
678
228
284
594
745
282
847
1004
302
936
1094
307
985
1038
244
983
1018
225
910
985
330
1001
1007
239
977
1018
242
913
1022
161
625
295
1388
1067
271
1343
1475
629
239
861
1091
160
745
646
201
1047
1007
258
1053
1035
173
766
577
173
810
443
165
505
313
172
1334
222
1020
726
220
1071
1246
202
1215
940
188
738
714
265
817
585
158
588
244
1347
1459
619
180
1204
1325
272
249
789
1040
310
852
585
146
672
806
246
976
1022
159
941
335
173
1323
225
1086
1155
323
250
722
449
156
915
976
208
560
323
1428
1192
179
803
473
150
937
1133
382
157
1005
1078
233
655
847
310
992
998
326
976
1008
226
975
1010
236
990
1001
245
1002
1113
237
987
1144
274
878
1013
312
974
995
240
966
1011
238
975
715
226
923
1023
269
936
838
155
538
278
1263
1210
338
150
824
1008
318
999
1004
233
898
1005
225
972
1004
234
921
1006
231
905
1002
148
975
937
280
982
1118
324
996
998
243
975
1012
224
979
988
310
993
998
239
972
1003
316
913
780
170
987
1108
230
897
1016
331
659
951
198
594
649
945
331
1151
1046
165
1054
1011
335
949
1109
229
893
987
232
894
1116
229
992
999
238
908
995
243
971
1015
223
648
851
217
970
1105
312
856
1095
716
178
771
215
900
1010
237
995
1103
325
924
1029
248
973
989
223
990
1008
237
983
992
233
977
670
239
978
1069
236
993
1128
335
929
1027
252
923
1022
232
993
1106
323
1000
1000
244
985
1005
235
892
1109
240
975
1005
227
971
1017
152
906
1057
291
1017
1142
307
1042
1031
228
1020
1135
306
1055
1017
232
1036
1046
230
1305
1437
292
896
1120
244
911
1149
320
979
1021
242
699
880
217
905
1018
334
979
1057
223
995
1107
335
1002
1015
244
1001
1015
243
1000
1113
234
981
986
246
994
1127
325
998
1018
251
902
679
191
995
1092
323
1004
1026
244
983
1098
326
933
1071
253
1000
1015
243
991
1003
232
975
1003
228
1008
1108
325
916
1041
246
999
1013
147
858
1054
259
996
1097
329
933
1048
242
1003
1104
329
911
1027
250
896
1003
222
994
986
236
917
1012
224
989
1106
327
1007
1021
245
694
980
329
1001
1028
243
1033
1064
247
1023
1033
320
1025
1027
297
1054
1005
247
959
1026
319
1097
1165
251
931
1008
320
996
1022
230
977
718
225
1000
1037
254
897
1021
224
984
1004
244
986
1005
229
901
1029
243
979
1113
326
990
955
247
891
998
243
967
1096
328
914
1048
147
885
1062
260
1048
1138
274
1023
1132
244
990
979
295
1030
1112
255
1023
1088
320
1003
1034
241
991
1017
231
990
1105
331
923
1070
249
689
860
216
1006
1048
233
1018
1133
327
1061
1035
248
1090
1258
267
1028
1060
296
1005
1148
334
1045
1024
298
1032
1027
317
1017
1094
304
1033
738
208
1012
1144
319
1055
907
241
946
1033
318
1013
1008
222
868
623
225
978
976
287
1005
984
296
982
1018
1224
362
897
970
315
1022
684
217
1010
1015
230
980
1108
320
1006
979
252
972
1139
328
997
1032
240
891
1000
230
974
995
331
888
1084
243
972
1005
334
984
1015
149
893
770
150
750
518
245
752
974
203
945
939
200
868
593
159
962
1026
320
897
1042
230
1017
987
238
1014
984
228
970
1083
318
511
670
219
877
1050
290
975
1016
231
979
1003
227
817
985
234
984
1106
327
910
1064
251
952
1004
227
979
1111
324
1003
1058
242
990
693
193
937
1036
251
965
1012
227
957
1013
223
969
1008
242
960
1112
329
909
1011
230
968
1016
236
960
1000
329
962
1102
325
921
1018
148
882
1050
287
880
1100
333
893
1001
249
887
1012
328
949
993
237
978
1097
330
926
1034
250
884
1025
330
977
1085
325
912
996
232
625
843
207
974
1073
228
648
1010
264
884
411
1176
741
1157
823
162
579
383
1305
1382
535
151
924
1288
517
149
1006
1373
504
151
806
756
185
965
1017
227
972
1010
221
956
1013
324
960
728
152
590
686
298
993
1118
229
1126
1273
279
931
1076
330
950
1096
315
959
1041
148
856
1052
318
1006
609
1266
657
1095
1420
552
159
872
1120
297
159
835
1038
376
1258
455
775
185
1043
1541
855
288
251
967
1563
978
188
935
880
1467
893
332
160
1016
465
1042
478
167
1141
604
1237
684
308
1121
639
1274
725
274
84
938
1449
872
234
983
1082
287
1063
904
229
977
1078
285
1069
1127
240
980
1062
288
911
1003
257
952
1009
225
847
988
225
921
953
221
851
1075
321
950
985
242
940
1074
213
956
1009
275
952
1126
241
976
1079
281
978
1112
228
1052
1078
297
994
1125
237
984
1188
298
1068
1120
234
977
1080
289
1065
1121
228
743
1069
271
1010
1138
256
986
1086
294
998
1131
243
976
1186
300
1132
1173
302
1068
1230
1366
365
1164
1311
313
1194
1352
353
1322
1356
356
1101
1352
354
1071
1223
234
1076
1211
353
1075
1132
242
970
1072
275
1022
1151
265
986
1093
293
1065
1216
234
1143
1193
325
1065
1123
228
989
944
300
1068
1121
227
964
1071
274
1091
1139
256
992
1186
204
999
1163
291
1194
1219
354
1075
1227
240
1021
1296
310
1192
1219
343
985
1093
148
969
1158
269
1092
1149
255
988
1090
292
988
1120
230
972
1173
192
1000
1138
185
972
1035
358
830
1033
230
964
1136
245
974
1083
322
636
797
181
862
968
316
888
1059
235
1005
1117
320
979
1211
241
1232
1167
283
995
1066
227
859
994
235
957
1091
332
951
997
251
948
560
150
889
1004
310
938
1005
323
981
1113
230
981
1185
301
1078
1127
239
987
1183
296
1010
1160
292
987
1118
299
978
985
252
1024
1041
198
1025
1155
254
1070
1126
237
983
1179
296
1074
1129
243
987
1188
302
1067
1118
230
978
1084
291
997
1119
231
975
1175
283
1023
1153
265
785
1159
290
1073
1220
352
979
1112
227
973
1064
273
996
1120
322
975
985
274
949
1069
238
1030
1178
308
1063
1117
229
976
1175
285
1072
1004
236
1042
1203
320
1078
1131
242
963
1166
281
1088
1135
246
996
1088
286
988
1120
236
991
1092
301
995
1129
240
984
1183
303
1071
1225
221
959
1160
266
1129
1279
296
1188
1345
351
1207
1364
360
1208
1363
362
1201
1230
359
1199
1232
359
1203
1233
350
1091
1242
240
1029
1057
258
767
1182
302
989
1120
233
1059
1188
304
1084
1138
243
987
1089
299
1099
1070
464
1021
1172
306
1011
1127
239
977
1076
283
992
1117
228
982
961
290
1009
1114
229
1138
1296
308
1325
1355
354
1205
1364
358
1194
1356
355
1324
1355
352
1322
1351
351
1191
1352
348
1323
1353
351
1196
1349
372
1046
1179
193
1198
1227
227
1058
1210
226
1067
1214
226
1194
1215
227
1066
1209
350
985
1326
1354
352
1168
1298
310
1190
1776
773
1074
1231
270
1058
1164
234
937
974
234
866
987
232
951
992
212
845
1021
330
852
1122
240
1055
1182
299
1065
1117
232
967
1069
270
996
1121
237
906
1278
287
1064
1214
349
932
1123
127
1008
1169
296
994
1120
233
990
1086
284
1064
1112
233
971
1076
278
1021
1054
261
1052
1085
294
1071
805
237
1046
1170
290
1061
1219
235
1267
1211
333
1077
1235
329
918
1225
244
1155
1218
347
1062
1117
232
982
1184
296
993
1129
236
1014
1191
340
1061
1115
233
961
1060
258
1076
1117
241
976
1173
288
1070
1118
239
900
1077
285
1067
1222
239
1133
1268
301
1073
1350
356
1192
1357
355
1111
1355
359
1336
1363
361
1335
1361
362
1197
1355
354
1207
1359
335
1332
1364
365
1198
1357
345
1206
1364
357
1033
1141
240
1112
1250
265
1172
954
309
1069
1121
231
970
1069
275
1066
1100
229
844
1080
332
875
1021
232
885
1122
321
953
1026
282
840
1044
261
962
1028
255
953
979
224
972
980
230
927
980
259
1064
1120
235
1010
1146
253
1032
1162
271
985
1112
317
979
1321
309
1035
1078
346
934
1045
280
917
994
274
623
736
173
906
977
235
935
1107
231
1132
1186
186
1062
1208
343
1073
1233
243
1127
1180
295
988
1123
230
974
1071
275
1009
1142
256
993
979
303
988
1120
233
978
1082
282
990
1123
234
909
1184
296
986
1086
312
952
992
244
936
983
308
1070
1225
237
1127
1297
305
1082
1212
374
1025
1175
318
983
1140
229
974
992
239
936
1023
234
859
1029
235
884
1109
229
855
1011
331
954
1081
331
956
1092
252
861
1216
232
908
1305
328
1064
1213
347
810
1036
234
800
995
220
951
1150
324
975
1008
231
983
1086
237
967
1107
231
960
1165
180
1129
1267
285
930
715
249
901
1072
323
1066
1128
234
1049
985
267
953
994
230
929
1013
1084
321
859
974
311
932
1105
323
891
1000
242
936
1014
234
834
673
187
951
1012
249
839
1152
233
1035
1310
300
1136
1100
350
836
1008
323
946
1029
231
896
983
319
981
1112
232
965
1067
272
1091
1150
234
966
1168
285
1065
1118
234
976
1076
283
924
1104
324
956
1026
251
862
980
231
983
698
294
790
1094
310
829
1045
288
950
1081
305
522
691
215
937
1059
275
855
997
316
940
1033
237
963
974
236
830
981
231
854
1015
229
927
1011
236
967
1078
325
885
1116
164
1292
1093
332
1074
1236
358
1199
1226
233
1066
1212
355
1076
1132
242
938
1159
283
1092
1151
327
1042
1202
232
953
996
232
924
994
223
887
942
721
998
1128
367
882
954
280
904
1021
245
957
1107
297
969
935
244
935
1115
230
961
1167
280
938
1132
149
1115
1146
280
978
1105
313
839
1111
233
978
954
271
893
980
236
976
1099
319
909
1013
324
962
1092
238
852
968
230
873
974
321
889
1012
255
953
1134
238
1140
955
303
1077
1237
250
1015
1157
303
1071
1094
359
1070
1123
238
901
1079
285
989
1124
238
1060
1184
302
1080
1141
249
902
1178
294
923
1120
222
981
1092
329
949
994
243
960
991
243
942
941
237
1023
1180
299
974
1001
220
802
988
224
940
994
270
946
1116
230
969
1066
265
834
1112
226
978
1184
296
984
1215
235
1132
1292
304
1069
1211
349
1069
1116
237
982
1186
297
961
1049
311
882
1022
221
958
1095
287
1058
901
229
973
1172
288
1056
1119
229
969
1073
272
990
1119
326
982
1219
237
1135
1174
307
986
1224
235
1125
1284
297
1073
1231
351
1066
1227
223
960
1165
272
1084
1143
245
833
1181
299
1069
1116
232
966
1170
278
1005
1138
250
983
1180
299
1067
1121
233
984
1083
295
1000
1129
245
764
1163
280
929
1115
319
799
1038
1116
372
902
1089
237
943
964
229
859
993
320
954
1107
234
934
969
272
976
991
324
964
1086
311
626
882
236
905
1059
282
918
1096
318
881
1131
235
972
1105
328
822
945
306
838
1020
224
851
1013
277
877
1117
235
980
1082
281
1059
899
234
980
1186
301
1066
1111
240
986
1089
303
992
1118
233
984
1086
292
987
1115
228
905
1071
290
986
1112
227
984
1088
298
990
1218
207
1065
1220
235
1072
1226
350
1063
1226
237
1013
1170
300
980
1102
301
961
1006
232
994
983
232
969
1000
269
950
1106
227
1067
1122
227
849
1223
240
1139
1165
295
1063
1215
234
1137
1311
327
1067
1213
348
1068
1225
239
1250
1201
320
1073
1233
245
1124
1282
295
1067
1217
352
1045
651
186
1037
1153
264
980
1179
297
1089
1126
234
1115
1164
291
1072
1227
339
1058
1070
324
991
1011
247
884
1129
200
998
1061
234
982
1085
188
1059
1114
320
903
991
314
986
1076
316
1001
1134
260
984
1090
295
989
1122
230
1056
1088
294
988
1186
1249
671
1041
153
1064
1215
353
845
1212
233
1128
1285
296
1068
1221
346
1071
1226
237
1129
1169
182
1065
1217
235
1109
1257
395
1077
1135
248
1147
1330
338
1070
1226
353
985
901
231
985
1173
298
991
1117
236
984
1089
299
1063
1117
236
964
1067
280
1024
1250
265
1121
1275
279
1053
1137
350
819
979
232
921
1082
209
958
1094
265
1245
1300
415
905
1106
374
964
1076
244
872
1028
233
965
1169
279
997
1202
320
918
1117
229
1183
1364
367
1090
1234
366
784
1236
251
1263
1196
311
991
1227
241
1303
1378
378
1214
1246
370
1081
1236
245
1077
1146
383
1012
1236
250
1180
1207
220
1080
1210
345
905
729
149
897
955
242
830
988
225
933
1018
241
872
1095
303
1069
1123
234
977
1189
1318
319
1189
1333
339
1349
1378
381
1208
335
1017
1245
232
964
1271
285
1140
1309
1493
488
1041
1192
322
1075
1130
239
1021
1225
241
1287
1223
330
1094
1156
256
1065
1186
307
1072
1238
248
1140
1202
214
996
1010
302
1040
1166
290
1138
1180
313
1068
1218
350
1035
1165
271
1009
1138
250
1140
1191
312
995
1127
237
974
1184
195
994
1251
271
840
1209
351
1069
1120
235
979
1075
285
996
1125
242
971
1073
280
1066
1023
326
1061
1116
232
1114
1154
280
1060
1117
326
1067
1219
238
1136
990
305
1071
1223
233
1066
1212
354
1005
1126
243
975
1178
292
977
1105
323
1075
1229
243
1132
1291
302
1064
1216
349
1072
1232
245
1241
1282
292
1074
1095
360
990
1114
233
976
1182
297
982
1123
233
967
1071
275
1084
1142
253
979
1185
292
996
1114
232
982
1181
296
1059
1106
231
754
1075
286
1000
1110
230
972
1076
283
1061
1120
239
983
1189
305
992
1122
143
1141
1305
305
1066
1216
354
868
986
238
894
1011
231
927
664
174
977
1035
241
985
1088
288
919
977
245
934
1001
326
950
970
252
936
1118
319
1009
996
319
937
1089
234
877
965
320
946
1098
212
955
1155
275
1068
1121
240
958
1032
239
948
996
308
963
988
231
937
1048
271
1007
1133
247
983
1175
295
1056
1117
232
980
1184
295
767
1211
234
1124
1148
169
1055
1107
329
998
1118
228
964
1166
281
1024
1155
268
981
1073
275
973
738
209
969
986
322
885
1002
308
936
547
151
923
981
293
956
987
227
888
1007
239
907
1002
227
906
1001
298
997
976
274
1032
1119
328
964
1004
231
843
1029
238
899
970
202
983
1129
240
998
1040
331
1008
1040
246
922
991
309
994
1046
306
1062
1117
318
1019
1085
333
915
1114
237
826
997
976
1458
1165
296
466
586
174
924
1052
292
879
1219
236
1141
1288
299
949
1034
246
992
1115
235
995
1049
230
980
1162
283
819
1013
221
839
991
225
951
1085
1358
358
1175
1320
321
1331
1360
364
1328
1356
356
1246
1271
398
1211
1368
368
1090
1208
378
970
1007
279
955
1112
310
1054
922
237
989
546
196
886
963
357
1062
1121
235
1688
1619
616
1060
1189
326
1063
1125
229
1017
1148
261
967
1164
279
990
1111
232
961
1055
255
1084
1141
148
914
963
310
985
977
244
900
1000
230
976
1073
285
1070
1221
230
1134
1168
188
1061
1212
345
987
1114
208
963
1073
271
991
1116
234
747
1084
297
1003
1132
244
911
1189
297
1068
1122
228
967
1011
235
916
1118
233
1140
1331
331
1066
1211
349
1073
1228
320
988
1091
234
973
686
194
1009
1153
256
964
1093
281
1060
1117
293
1007
1220
238
1124
1295
303
1067
1091
336
1074
1132
243
981
1099
324
1005
1030
277
965
1029
194
1100
1156
267
1067
1118
232
975
949
289
981
1000
236
1017
1143
244
1134
1161
388
1048
964
263
967
1028
330
997
1015
325
903
1099
323
672
777
168
967
999
231
953
1009
228
982
1082
302
1067
1122
227
974
1075
278
987
1120
327
1072
1231
243
1248
1217
339
1067
1097
274
910
660
166
892
1054
320
996
987
239
901
1084
231
1039
1301
314
1199
1228
353
1203
1232
357
1083
1227
362
1074
1128
244
977
1174
283
989
1123
219
1024
1159
260
975
1174
290
1103
1164
268
988
1093
302
982
1105
327
1078
1240
249
1025
1180
311
1064
1117
329
989
1100
235
983
1191
297
778
1119
240
1144
1316
319
1067
1215
321
895
1035
234
948
1116
233
932
1089
238
970
1124
331
821
1148
262
906
1096
299
1064
1123
231
973
856
272
1019
1137
258
915
1193
285
938
1111
240
867
1008
232
941
1010
239
962
1097
330
960
1009
258
875
964
332
860
1018
239
927
991
149
765
1045
300
933
1108
331
986
1185
1262
262
1277
305
875
1118
1154
265
957
966
253
873
1008
234
946
990
239
856
187
826
1065
1178
376
930
1061
217
948
1014
309
980
1067
299
963
1032
244
923
946
307
885
1014
252
953
1142
318
880
1021
241
869
993
229
799
950
220
559
817
273
862
975
240
968
992
234
945
996
236
943
1094
329
969
994
239
962
1117
324
962
1076
261
1058
1188
298
1064
1116
235
969
857
278
1020
1251
260
1017
1173
298
830
1043
288
866
1000
229
869
998
230
940
1024
233
875
1001
240
916
1005
233
820
1117
230
985
1083
1441
1475
1336
638
1227
1342
338
1190
1353
359
1326
1352
353
1194
1228
355
1071
1121
232
885
1067
276
1018
1145
249
974
1178
290
989
1120
227
735
1061
277
936
1139
247
1147
1189
303
994
1121
235
993
1197
304
988
1085
330
988
1119
235
977
1082
285
1000
1119
237
965
1167
276
1077
910
239
1033
1258
379
989
1110
328
993
1128
242
970
1533
549
1100
1203
197
1039
1301
308
1199
1347
351
1070
1221
342
994
1132
235
979
1181
186
987
1116
234
972
1172
285
1011
1033
225
899
988
260
858
943
269
1000
1115
237
1136
1184
194
1062
1208
345
1066
1227
235
1055
1109
329
778
1108
234
976
1183
284
979
1212
327
995
1121
239
984
1184
264
984
1105
232
917
979
307
909
1071
319
1014
998
253
919
1000
236
978
640
150
875
1056
263
985
992
236
990
966
235
965
1167
183
1009
1186
313
998
1216
232
1127
1171
297
1073
1233
245
1126
1159
291
1065
1117
220
1023
1150
272
994
1117
235
975
1080
286
989
1113
233
962
1068
273
1018
1052
253
970
1175
292
1063
1119
233
1020
1271
284
1173
1178
313
749
1104
323
987
1119
237
989
1092
296
982
1220
230
1020
1170
300
993
1222
236
1142
1189
305
988
1209
324
989
1218
232
1045
1318
1400
393
981
327
992
1120
228
986
1084
1299
304
1157
268
999
1073
1214
310
951
142
980
1040
266
1021
1110
317
1002
1173
1380
383
1051
1174
308
1064
955
318
966
1016
229
1024
1244
272
1048
1004
303
980
1046
253
947
1088
318
887
1004
329
953
998
239
872
1014
230
904
1179
235
1122
1279
306
1091
1109
252
1068
1088
354
1064
1115
235
1063
1093
290
1078
1132
328
882
994
238
957
1088
320
965
1054
281
851
992
237
914
988
249
464
678
216
934
1114
233
862
1022
233
855
1097
319
857
1016
249
985
1166
233
1036
1221
233
1141
1305
312
1064
1215
349
1066
1114
232
964
763
267
1089
1147
261
994
1096
312
1066
1227
238
1147
1212
332
1083
1235
254
1042
1217
344
1077
1233
327
841
1111
323
966
1077
245
983
1087
278
989
1110
235
1025
1183
316
979
1112
231
995
1123
235
973
1172
308
961
1077
327
959
992
246
871
1012
226
971
1168
285
1096
1147
264
761
1081
292
1061
1118
228
967
1042
262
925
1089
249
1023
1183
262
1121
1144
162
1100
1068
375
940
1078
247
966
1011
238
992
1004
255
969
780
193
866
1052
255
980
950
220
992
1089
249
926
1180
236
1151
1186
323
988
1118
238
970
1069
276
1013
1139
234
979
1095
311
1015
1219
175
869
1162
285
1143
1185
589
1000
1278
288
1203
1237
219
1062
1095
344
888
1000
225
931
997
244
1009
1222
237
1141
1318
330
1064
1213
347
853
1120
234
935
1012
235
858
985
311
944
983
243
876
1009
234
870
1103
321
932
1000
255
875
968
225
988
990
237
840
1016
319
835
676
174
864
1001
281
854
964
230
938
1108
318
952
1045
231
955
1000
703
927
1147
157
967
974
370
933
976
291
837
729
224
691
701
937
1599
331
809
607
998
389
914
1054
255
893
1029
251
961
1047
257
883
1044
245
897
1026
258
977
1134
251
818
1058
264
708
778
227
420
920
260
899
1145
244
884
1040
252
894
1054
244
898
1048
1248
272
1007
1108
333
858
992
304
788
668
150
865
838
184
711
1032
251
691
970
242
1036
842
239
729
553
146
773
721
191
769
647
185
802
811
253
782
703
164
731
578
149
777
675
156
708
649
159
742
367
106
1312
332
170
981
1070
325
949
1063
268
976
1046
236
859
893
241
847
710
182
793
769
208
894
883
270
967
1042
251
886
785
173
405
529
211
1006
1009
275
899
1049
242
972
1140
259
891
1048
246
987
1039
258
971
1149
242
980
1033
259
962
1066
250
963
1031
253
579
858
252
893
1141
253
889
1049
244
958
860
150
683
767
149
710
654
148
803
761
211
823
806
163
848
1139
253
779
598
150
790
288
1388
1272
230
1298
1112
253
1192
966
209
1137
940
154
1030
1019
230
150
784
1012
261
790
602
150
797
631
156
706
702
166
780
1078
241
1015
1184
161
988
1121
261
964
1041
236
994
1147
289
673
773
226
672
668
196
671
588
148
798
669
186
821
1095
208
877
1156
230
604
1006
301
976
1042
241
986
1140
245
988
1004
245
962
1140
243
970
1049
240
885
871
181
801
665
149
697
929
276
923
1058
264
983
750
194
967
1059
240
962
1034
234
898
1050
263
1030
1042
246
905
1148
152
933
1089
333
936
1064
284
987
1141
264
894
1055
279
1023
1048
150
935
1092
290
964
1126
257
980
1043
256
894
1069
249
901
1047
248
956
1020
245
837
1202
233
1124
1140
262
1054
1338
344
1324
1352
351
973
1349
353
981
1109
324
998
1114
233
1265
1339
341
904
966
295
946
1087
238
885
1055
314
914
1007
235
974
980
323
834
1006
215
903
674
183
865
1041
257
902
1006
239
969
995
308
919
1042
225
973
1065
277
1017
1253
244
1127
1027
285
846
970
191
936
1120
317
872
1002
145
853
1009
205
868
1101
325
945
1203
754
1264
484
700
297
955
1119
324
973
1023
254
863
1032
324
863
1036
271
941
990
219
870
1026
147
837
1081
265
868
1107
246
867
971
285
881
1047
254
928
1144
256
991
1036
235
1015
1154
252
921
1020
242
919
1045
252
990
1043
239
636
1083
242
908
1139
248
1007
1137
255
931
1061
237
918
1143
245
1014
1158
262
1016
1043
731
1064
1075
192
1032
1158
410
911
1054
236
1022
854
278
1027
1031
233
996
1061
247
1016
1036
251
1006
1141
255
1008
1024
246
929
1032
262
933
1052
254
940
1146
251
999
1035
231
919
1048
176
918
1028
233
1002
1031
241
930
1145
271
930
1050
249
974
1133
233
746
677
161
909
1109
329
919
1042
242
918
1041
234
1001
1029
231
728
970
257
932
1034
233
991
1038
235
1012
1163
251
1034
1153
317
1042
1049
246
919
1040
244
923
1026
237
920
1046
318
930
1036
260
1021
875
322
945
1053
284
984
1035
253
1006
1042
244
992
1034
248
924
1021
238
1003
1064
238
985
1042
240
914
1040
237
991
1037
300
846
1131
154
1019
1053
280
936
1026
248
920
1034
242
932
1154
249
922
1020
242
1021
1032
271
922
1123
261
860
963
228
898
1114
327
978
941
243
1410
266
1314
1267
225
1331
1200
173
783
577
148
650
177
1333
987
175
671
232
1275
986
168
736
378
289
1374
287
928
541
150
697
263
1052
521
163
1264
158
1144
371
248
1252
187
656
245
825
1216
192
886
442
150
476
261
1269
731
148
1516
152
1002
357
254
781
157
927
160
1266
244
591
196
1198
545
143
1126
176
1013
287
247
1133
183
807
426
245
1390
186
1190
775
149
572
275
1264
502
245
1161
201
658
202
902
561
159
1184
231
837
994
163
208
160
1107
263
617
1127
675
197
623
887
280
1187
1442
542
177
813
1118
367
250
669
849
192
701
893
212
1151
1362
457
151
788
976
262
1229
939
561
149
826
1078
293
1269
1481
553
149
820
1074
238
1288
420
721
204
890
1147
266
1156
1491
542
169
730
809
190
1132
1363
436
139
843
961
266
1333
617
810
162
1101
1302
383
257
683
912
240
1208
1369
443
151
715
901
156
762
1030
379
1372
460
688
207
945
1076
317
937
705
830
227
1041
1240
305
166
553
765
208
1060
1265
348
248
513
830
188
1124
1260
230
1231
1389
495
151
737
928
350
1108
1425
494
143
868
1109
212
1418
566
793
179
925
1181
362
151
509
770
167
1085
1210
283
249
744
315
1290
668
768
177
914
1146
258
245
672
1355
358
969
266
1226
1409
426
253
635
800
241
533
695
215
765
703
188
758
812
271
905
612
160
513
307
141
403
386
248
621
688
190
795
933
178
947
1067
265
1124
1096
235
1072
1056
203
1066
1086
218
1064
1105
237
1120
1318
283
1071
1114
239
1256
1253
294
1257
1362
310
824
391
369
291
502
448
290
657
619
160
853
771
216
1231
1479
360
757
808
268
1026
998
269
842
739
207
900
820
144
978
1105
254
1452
738
926
233
1010
961
193
738
827
151
714
756
159
769
905
188
658
324
1472
1020
171
1172
280
943
409
1189
724
153
1336
210
686
344
1476
1135
204
655
303
1030
644
247
1384
164
840
275
1264
709
177
1412
289
850
428
149
536
243
1292
225
860
325
1372
1195
233
729
550
160
1439
250
1308
697
247
1499
269
1004
589
248
1313
224
758
323
1171
723
263
1367
244
1383
195
755
617
247
423
192
933
287
1309
952
257
664
183
784
574
252
1345
191
792
305
1377
1097
264
487
317
903
480
250
1332
285
1368
255
870
1287
158
746
160
620
263
1308
907
387
1309
1090
168
619
304
1168
779
157
1521
291
878
439
250
1162
219
860
314
1453
1129
1405
1103
252
682
361
1000
408
250
1242
231
588
272
1177
810
153
392
156
1015
356
254
1231
270
628
234
1315
1070
167
597
304
1156
556
1207
814
166
1347
159
617
282
1087
666
250
1324
222
750
458
150
541
150
1314
1077
219
708
323
1511
999
218
622
354
1213
584
152
1369
139
1367
218
680
237
1458
1125
210
696
335
292
1302
268
753
455
940
1310
242
793
236
1564
1175
217
817
318
929
1289
191
626
375
931
816
161
1356
240
948
234
1316
1146
170
488
182
919
310
912
1145
191
625
163
1266
843
176
537
244
1339
644
161
1268
237
505
234
978
154
483
231
1438
1052
182
639
245
1518
1101
212
611
227
1349
1049
194
572
382
1161
565
140
1338
252
841
290
1271
671
154
418
270
1315
344
1375
1040
243
670
340
1219
681
265
1545
307
1050
626
249
1415
185
1004
537
248
1270
166
756
298
1275
634
155
515
213
852
475
1447
1251
781
160
588
288
1429
1274
175
674
403
1119
652
257
1513
236
951
265
1457
1000
171
666
234
1272
623
154
1285
228
822
283
1305
1139
938
1386
291
941
436
246
1161
181
476
287
841
306
932
1243
221
691
259
943
506
147
1281
216
693
321
1342
1106
248
1082
158
651
357
833
403
178
1425
190
713
297
1429
1156
373
693
314
1501
1149
262
741
379
1431
1235
940
197
410
293
1335
736
1056
1364
293
840
425
1558
683
163
416
228
1499
1138
281
797
535
175
1358
187
796
315
911
1201
244
477
227
852
463
249
1220
147
716
294
1206
483
248
1193
181
1179
221
642
167
1299
1080
204
595
189
1346
939
188
623
309
1393
1092
236
712
325
1534
1182
166
791
452
1357
1119
250
505
269
1120
730
1261
934
201
567
199
920
435
250
1264
319
790
240
1265
763
156
561
267
1046
658
256
958
254
999
416
250
1179
205
1394
233
752
232
1002
555
290
1332
297
1106
576
243
1427
210
855
364
905
1244
264
889
206
1378
1085
203
616
310
1426
1165
280
807
488
293
1316
373
1269
856
175
1019
858
166
872
832
198
962
959
174
1411
1465
511
152
536
276
162
550
644
161
843
643
162
947
695
161
902
649
246
709
238
158
1297
239
115
1221
227
1226
1070
241
1127
924
182
880
831
208
994
832
148
937
719
155
847
706
147
829
704
151
716
576
146
431
347
286
495
491
162
817
811
249
974
809
150
848
734
147
844
553
150
780
577
223
663
554
153
760
757
267
724
686
150
809
235
1330
1172
198
1260
1156
245
1170
967
211
1002
1070
180
981
928
202
1110
955
230
987
782
150
823
675
151
759
613
158
793
841
259
562
285
163
407
358
153
437
305
250
622
351
170
559
552
240
636
504
152
624
736
243
997
820
254
1094
938
258
989
983
208
1169
594
149
780
678
192
861
800
221
885
952
239
1123
1089
201
1178
1254
284
1184
1057
245
1082
960
157
896
714
234
721
723
150
857
788
248
1461
300
285
542
291
175
547
473
162
869
630
167
804
902
262
1120
903
914
189
997
836
196
1087
906
258
889
816
248
1080
908
161
516
220
162
1562
274
160
480
439
1249
1012
1197
1154
153
861
796
170
895
820
155
921
745
148
773
664
169
801
746
179
765
660
162
1435
260
174
1458
311
1346
1185
271
1258
1138
223
1027
781
159
924
797
237
767
843
159
896
894
202
933
885
173
1027
928
148
924
387
932
233
695
1082
181
581
599
179
892
694
158
863
726
207
1028
753
164
899
958
171
859
701
151
900
822
182
964
716
264
963
383
788
1424
275
1442
1379
268
1422
1396
261
1349
1297
266
1350
1159
207
1244
1151
254
1148
1073
149
1078
915
180
916
897
237
1052
906
179
608
416
266
640
565
250
583
554
150
811
746
249
1030
842
240
960
1121
169
1186
1288
331
1369
1201
226
1256
1282
291
1287
1059
240
1016
517
152
662
847
263
1117
963
186
990
751
144
847
771
151
794
708
148
827
569
155
774
792
255
984
1031
271
1202
1028
231
1079
942
278
688
604
160
772
729
191
866
840
254
1088
739
160
1003
865
274
986
1035
211
1086
1008
164
940
874
171
896
829
151
836
758
161
393
224
246
573
446
160
556
185
189
596
461
263
720
614
158
960
916
171
1019
840
190
931
792
192
957
853
154
894
835
220
724
230
1293
997
184
875
852
166
846
793
215
911
921
170
811
909
160
939
808
160
810
836
234
1054
892
242
1066
967
218
981
906
225
494
298
251
643
706
157
839
852
186
1091
1010
160
924
883
149
921
847
167
819
836
194
890
944
160
977
849
160
818
859
212
995
511
150
654
782
398
160
328
159
607
689
155
780
687
716
164
715
217
1097
971
950
272
899
717
213
782
604
272
1014
866
263
1012
383
295
616
447
162
725
492
160
771
849
274
1193
937
280
1220
832
178
1032
1019
171
852
800
168
880
726
235
878
844
225
890
993
158
445
322
161
508
447
160
759
535
159
619
227
170
702
570
160
866
932
165
987
862
170
926
1008
231
1220
1045
233
1093
1018
160
639
580
157
697
423
152
665
658
160
929
727
227
1034
740
160
969
807
152
799
558
154
771
558
190
596
597
144
884
883
260
1116
465
198
522
598
152
779
657
159
896
592
274
731
673
151
829
733
148
740
734
164
783
775
146
803
587
165
901
883
249
1115
892
162
726
487
162
680
388
159
690
468
159
625
443
159
579
289
159
533
513
148
743
661
199
832
685
173
862
444
693
621
164
744
268
1369
1190
193
1227
992
216
1026
1000
169
992
859
215
993
943
223
968
949
206
1005
949
197
972
904
190
977
859
235
966
800
277
580
373
162
691
588
210
632
522
152
700
726
189
973
791
223
885
901
214
1034
1051
248
1134
1101
293
1147
993
213
1011
869
240
1035
639
151
749
1030
738
1100
1278
347
1263
1319
346
1300
1425
435
150
960
1369
637
128
1238
446
741
291
1320
541
854
273
720
662
981
307
1239
451
881
248
728
683
874
150
955
741
149
849
615
150
729
566
152
806
653
211
687
550
161
746
602
153
618
510
156
686
697
1363
1191
257
1116
1096
221
1015
961
195
974
768
228
880
696
153
775
777
208
649
399
255
607
464
159
455
229
936
1492
250
1380
1142
153
813
657
159
901
691
181
800
524
152
562
617
152
892
671
180
772
687
154
858
686
159
886
771
157
858
663
185
787
688
162
1411
227
1303
1220
960
233
853
188
1127
1001
672
283
646
185
1100
862
177
872
700
554
162
532
262
947
484
254
161
716
425
162
665
242
1236
1143
250
1251
980
271
104
1409
266
124
1355
265
1350
1062
178
1194
1042
243
1156
1004
193
993
765
151
875
699
148
812
675
159
1425
356
98
1398
282
173
1429
294
1350
1434
332
1241
1344
327
1301
1112
250
1001
903
160
1001
950
154
992
864
221
954
858
276
944
1251
261
1506
326
125
1372
238
1397
1212
286
1310
1215
282
1282
1145
188
1050
851
188
918
735
197
866
760
147
804
670
148
803
702
195
821
456
202
523
510
152
535
348
157
400
254
249
656
591
180
787
663
150
834
470
160
708
431
161
592
343
162
528
252
164
384
309
1188
1154
365
1263
1157
259
1269
1067
161
1168
992
183
967
838
167
823
767
151
834
696
198
838
806
222
1010
837
257
1100
706
161
810
237
1219
1114
245
1210
1048
225
1069
1023
213
1022
838
234
1017
888
256
965
879
170
925
523
162
729
780
220
797
772
169
827
585
151
1481
304
1285
1309
304
728
1440
247
1407
1317
230
1320
1256
299
1253
1137
173
1201
1191
239
1150
1057
276
1073
914
171
1006
838
169
983
813
250
528
318
160
550
405
162
716
534
162
571
312
166
485
422
163
636
443
161
732
735
169
781
876
252
1191
1256
270
1371
1215
218
852
548
167
585
464
161
539
404
124
1377
234
1385
1361
231
1370
1335
325
1159
1237
266
1177
1111
193
1226
1190
545
817
271
1134
1040
229
1544
238
1422
1272
279
1215
1120
232
1181
1032
206
1225
473
875
326
1274
565
1030
283
150
828
1247
457
199
1006
1441
676
214
1154
387
820
240
1168
418
809
246
1347
631
1040
274
250
845
1231
462
187
970
1352
588
281
1118
520
798
189
1437
697
1057
286
162
901
1161
423
160
773
1044
266
261
857
1261
542
225
1171
1431
878
153
1393
690
1063
289
161
912
1162
388
254
930
1326
556
196
1481
788
1256
421
1311
582
771
291
1278
520
883
1199
448
280
1006
1352
546
212
955
1330
566
249
1109
1012
716
186
1299
546
972
235
252
732
1144
403
155
1078
1332
281
160
928
1285
512
243
959
1338
602
220
1216
482
900
258
1431
665
977
306
89
818
1117
332
152
984
1294
660
225
1132
368
750
234
1047
1333
595
225
1269
534
885
237
731
710
1021
241
256
984
1150
381
229
1030
1010
789
170
1283
521
888
307
93
696
1117
342
253
849
989
234
160
789
1200
315
1261
1251
250
1217
1291
160
787
312
740
1020
168
774
321
834
872
151
671
279
1427
869
151
679
324
1433
1033
247
1253
235
966
368
242
1446
208
1381
1268
234
1368
1188
232
1304
1241
243
1409
1214
201
1285
1121
153
1213
1046
231
1106
1016
189
1197
961
274
796
548
157
719
518
170
907
665
270
768
615
155
826
644
222
857
633
150
826
563
175
901
775
217
908
704
152
815
789
240
657
476
280
703
734
176
985
806
238
874
834
212
892
682
161
975
765
248
962
982
215
1100
999
172
1028
827
148
949
743
153
856
256
248
606
410
161
601
163
163
389
321
245
695
686
157
960
855
267
985
971
184
990
831
152
946
794
149
818
831
188
937
902
259
585
620
156
827
991
195
990
838
177
1058
846
162
855
850
221
1014
876
154
991
799
150
820
830
208
926
795
218
829
660
154
1274
324
1276
1080
252
1326
1281
275
1155
1039
235
940
886
198
1040
888
177
921
875
230
993
782
206
753
667
154
788
589
156
819
596
249
537
273
167
1461
284
248
496
328
288
712
565
162
617
209
93
1386
284
227
1582
422
148
510
369
159
488
288
248
613
496
158
1108
162
1151
978
202
965
921
176
1084
1056
210
1012
902
216
983
878
233
1034
984
256
1130
1049
235
1089
940
219
990
895
226
1018
1016
167
731
537
162
759
644
544
165
438
162
988
949
151
880
745
149
901
700
156
548
521
304
1533
618
615
329
673
623
242
840
920
165
707
694
198
881
819
260
967
885
265
904
829
253
808
894
228
998
826
271
855
663
154
773
835
209
669
647
151
670
629
157
980
378
174
563
573
196
843
1395
383
627
167
984
886
226
928
835
258
960
967
275
1135
1005
222
1154
992
187
969
825
163
928
885
155
594
613
160
790
860
159
1013
992
245
1013
1162
282
145
726
940
285
720
411
660
173
1003
1306
426
165
922
1225
346
252
797
971
221
1140
1369
471
147
987
1264
392
158
886
1184
301
162
855
997
389
138
569
835
199
1183
1425
547
212
981
1269
354
251
1138
1632
624
1170
1277
354
162
711
941
189
1396
605
818
216
1132
1355
478
147
961
1202
290
258
803
1111
352
79
678
802
153
1188
1023
749
191
1028
1030
326
782
453
768
185
1206
1376
542
152
983
1261
362
153
826
1102
225
173
833
970
352
1412
520
841
251
1274
1412
531
150
980
1099
305
1302
472
797
228
1089
1347
648
219
1078
1334
512
232
1123
1468
688
175
1091
1439
650
221
1121
1468
648
147
1121
1340
469
151
1000
1128
200
1333
473
801
228
1109
1474
662
154
1206
1386
550
239
1059
1268
353
151
1041
1350
659
160
940
1089
259
727
429
655
208
1089
1406
527
1441
530
824
278
1201
1394
668
154
1029
1240
245
161
717
960
182
1221
1438
566
245
971
1177
291
273
850
1071
264
847
576
895
260
1204
1139
306
94
669
852
294
1319
469
799
211
1079
1400
502
148
1010
1336
446
160
911
1174
195
292
818
926
323
1224
416
726
195
1101
1440
304
837
509
653
200
1185
1331
397
150
801
1035
327
94
676
846
307
1330
457
713
159
1041
1318
381
150
805
965
288
90
659
771
145
804
1066
311
94
650
822
178
1249
1426
565
247
972
1216
459
205
1046
1350
437
166
899
1198
401
89
668
948
312
1291
1498
644
196
1044
1014
226
1428
545
733
217
1075
1381
461
153
1093
1364
467
245
695
983
228
1340
945
566
160
1060
1367
512
166
890
1212
380
159
936
1280
335
1292
474
735
944
286
1197
338
161
1053
1124
1468
541
233
939
1090
192
1568
807
299
1277
365
569
820
281
1072
1363
484
161
1060
1330
234
1139
1463
709
269
1280
1433
548
148
946
1278
422
152
800
1198
312
88
602
883
266
1284
1442
585
250
963
1209
411
153
841
1096
328
1147
1374
503
150
943
1319
442
146
791
1038
381
107
561
918
266
1304
1445
566
146
973
1305
411
155
832
1110
158
289
680
924
170
1173
1180
269
251
766
979
334
1430
515
732
242
1177
1427
587
152
983
1305
400
150
935
1207
301
161
726
1043
206
162
708
1002
401
1289
352
241
1302
1439
486
148
866
1086
195
947
654
971
203
1218
380
666
203
1064
1386
493
150
938
1229
308
266
829
1090
302
87
579
768
230
824
1009
305
785
566
870
294
1301
628
879
241
1344
498
679
198
1116
1247
469
150
939
1116
279
157
1031
1108
400
805
545
748
162
1132
989
283
730
620
798
235
1074
1260
373
148
779
1003
353
737
503
763
149
1227
1500
621
227
1041
1335
472
242
1031
1323
424
162
908
1131
243
1007
1320
475
161
1032
1166
321
161
868
1110
278
1346
414
666
179
1140
1274
412
151
909
1200
301
160
735
1051
325
160
743
1048
1226
1439
706
1308
1583
697
165
1046
1185
164
1081
878
145
873
797
215
866
775
180
742
588
184
824
673
163
738
407
254
1435
263
1135
613
1312
1228
316
1257
753
240
499
260
1280
862
152
669
397
247
1291
154
914
669
151
422
316
1256
1021
171
769
441
148
1212
189
908
492
1262
892
158
711
907
1402
920
265
736
276
936
1188
259
833
235
158
1303
151
809
377
250
1503
158
825
424
151
1495
260
1179
594
266
996
240
745
214
1179
761
152
853
687
149
792
742
179
909
584
159
756
836
246
1170
954
233
1042
824
150
607
538
173
747
514
157
1426
298
163
433
362
727
1424
273
1324
1276
244
1254
1144
257
1143
931
214
1057
852
164
910
779
198
868
725
153
868
812
173
830
711
246
1539
285
1562
1580
362
1321
1298
177
1205
1159
226
1083
994
242
1188
913
174
1005
1084
714
160
774
751
198
781
367
161
751
734
205
1066
263
1342
1249
265
1270
1095
227
1058
1026
236
1038
907
213
924
823
166
861
719
177
887
843
205
839
717
174
834
624
153
791
676
929
1381
353
1248
1156
169
1137
1077
147
1059
920
167
839
761
152
853
660
152
846
828
207
992
956
269
1124
712
263
925
693
197
797
364
160
540
695
230
1069
910
251
1162
1106
324
1259
1310
254
1333
1316
264
252
528
418
159
570
418
158
776
789
221
915
968
211
1058
735
157
918
797
157
1091
974
147
1182
1276
332
1311
1344
319
90
1478
304
145
549
551
149
842
907
220
1139
1171
274
1300
1281
261
1340
865
245
1221
541
858
311
717
630
1122
357
151
882
1263
491
174
1077
1387
634
237
1224
471
800
161
847
768
195
867
814
173
919
964
246
507
289
156
630
483
237
769
721
178
904
917
206
1097
1377
272
133
1394
302
1422
1360
331
1172
1149
256
1284
1210
226
1244
1132
214
726
753
178
853
755
167
906
767
200
830
729
149
839
772
159
838
724
148
739
672
146
794
656
154
835
628
160
861
711
191
1022
645
210
892
915
159
961
889
207
1119
1006
229
1047
908
236
1168
1041
228
1032
1006
169
1057
754
228
917
860
242
952
738
161
970
851
246
546
518
158
873
691
160
755
778
238
1097
947
268
1063
1038
196
957
1008
282
1092
1395
439
252
654
535
158
782
855
159
989
1229
292
102
653
1085
329
150
986
1355
717
259
1220
453
805
358
1394
665
612
151
634
563
155
745
734
219
1031
886
269
1061
972
153
1186
1371
1291
349
1173
1070
276
1190
1211
154
1395
1421
176
160
437
415
159
535
397
79
512
295
248
1457
223
1166
720
148
646
358
720
910
255
1340
244
1010
490
162
1412
193
1076
528
185
577
259
1102
386
245
1424
690
186
1536
241
1057
281
166
1147
160
613
306
1284
544
262
1613
728
954
209
1325
929
149
815
194
1320
995
184
974
762
149
877
686
151
679
501
163
816
363
160
638
476
160
630
485
164
529
204
1227
1110
166
1107
1053
176
1272
1062
242
1056
1034
193
1211
1068
180
1264
1223
285
1219
1082
150
1075
1011
223
1101
980
237
1049
884
237
508
375
146
468
294
248
576
377
156
573
362
170
554
517
152
837
702
186
982
796
150
872
813
184
938
736
203
886
768
208
893
313
157
567
236
300
1506
306
1437
1350
260
167
402
381
153
615
497
155
665
608
197
788
760
246
890
813
147
827
688
166
869
733
935
1508
379
751
1270
285
1412
1320
291
783
1293
235
1385
1370
326
1238
1232
304
1259
1177
194
1182
1048
291
1438
1396
293
828
1274
236
1381
379
261
590
499
158
680
409
160
549
279
167
558
426
205
656
514
150
719
539
157
721
736
223
1041
920
173
1077
1008
206
966
986
148
584
701
209
979
698
231
831
403
158
737
403
160
527
311
82
1349
313
728
222
569
1524
1475
237
926
503
524
185
740
372
161
1153
258
1271
1213
245
1148
1080
194
923
821
193
929
827
226
891
768
190
930
982
315
1055
1051
157
1217
1107
243
1049
1044
167
1055
956
164
581
552
157
750
688
159
750
791
174
1108
998
187
965
870
212
968
865
225
884
1002
191
929
999
183
1042
1065
198
1115
1009
238
558
404
147
768
555
156
734
774
225
1006
778
226
1085
983
246
1182
1085
214
1201
1129
190
1183
1204
320
80
1413
305
100
1475
569
230
827
1322
559
231
1188
1482
700
261
1158
460
841
281
838
607
1004
316
784
1282
240
1408
1190
289
1199
1200
1460
723
196
1017
833
234
1096
566
161
713
181
989
825
654
286
744
178
1039
838
610
205
809
694
249
853
676
277
910
795
249
977
1032
245
1157
998
191
1081
893
251
466
250
75
1385
259
103
1365
261
153
1348
297
1360
1310
235
1398
1245
316
1201
1194
290
1250
1123
202
1095
999
197
987
1099
279
1133
581
151
820
655
157
897
609
231
838
530
161
712
290
160
389
322
246
557
429
158
688
577
162
1451
441
763
805
262
959
905
262
572
569
159
810
826
270
1192
837
202
1043
858
168
723
661
183
701
577
161
590
528
152
600
472
152
534
306
152
561
398
247
650
196
1249
1012
224
912
865
222
990
936
164
962
789
151
881
857
236
1006
1042
236
1146
953
218
942
889
208
986
809
146
788
738
250
491
306
454
669
578
283
558
622
266
716
590
149
769
618
272
997
976
154
879
821
176
1056
834
185
820
785
249
840
734
151
731
208
1139
1046
149
1100
1075
212
1025
978
147
960
885
176
1019
841
190
919
693
201
721
676
150
934
861
160
845
841
163
838
823
164
904
267
246
467
245
174
575
579
275
782
730
153
733
692
230
835
732
149
726
842
147
863
843
160
772
833
205
953
972
196
1006
358
152
848
596
157
731
702
224
901
923
191
1094
939
187
912
905
246
991
852
154
780
663
153
856
741
201
968
716
167
975
853
244
496
373
162
477
456
156
605
567
159
788
838
239
1092
942
278
929
839
169
951
877
187
1009
957
221
995
825
155
900
938
246
525
446
160
590
258
91
1356
290
1344
1218
210
1204
1072
258
1048
978
214
1127
975
232
1006
896
179
938
807
148
818
742
179
776
643
1374
1445
304
1433
611
374
202
1030
261
1182
974
206
834
752
239
994
879
227
1118
990
222
1090
943
200
943
857
242
958
1036
226
987
366
143
449
1537
302
1306
1215
353
1337
1242
240
1329
1236
231
1298
1210
236
1334
1074
237
1170
1063
216
977
905
185
976
857
206
964
858
246
501
274
162
483
544
151
757
620
162
779
836
235
1107
1002
204
1095
1053
247
1123
1049
210
986
912
256
965
846
172
837
842
149
1513
398
151
487
528
280
707
713
170
896
697
275
708
610
151
873
858
256
911
864
160
965
672
207
765
847
194
884
716
277
687
291
131
1423
327
105
1296
265
1346
1240
260
1344
1211
200
1146
1105
171
1084
761
199
991
1368
454
153
808
1108
292
82
486
700
207
1147
1075
271
1347
522
731
233
1151
1394
518
146
889
1181
379
150
726
971
297
83
518
883
234
1233
1400
543
151
987
1073
252
92
611
837
149
971
1203
317
155
680
921
153
1013
1302
418
158
916
1125
305
77
694
978
319
1358
1513
598
156
939
1248
320
148
814
1082
323
71
1241
301
267
819
1012
303
1155
1485
530
165
848
1151
256
165
835
963
182
1441
1504
621
202
1059
1371
466
151
972
1265
558
247
1172
1373
346
1299
581
780
177
1231
1439
562
152
962
1539
958
1470
608
271
1079
1315
463
151
993
1324
480
154
1051
1214
314
161
1027
1176
281
162
415
703
179
1138
1413
624
171
1014
1242
438
151
950
1266
401
161
860
1056
254
945
1118
240
855
1019
244
941
998
232
905
1035
228
946
797
208
840
1065
280
845
1012
234
853
937
329
944
1092
330
865
1100
239
870
995
234
844
1033
219
856
1022
235
933
992
246
1240
1367
284
860
1051
212
834
1013
215
953
1105
318
939
1028
213
690
640
148
872
761
211
847
859
257
878
784
271
814
537
197
819
794
272
407
403
160
558
233
171
499
569
165
802
796
283
888
632
160
938
605
247
810
504
159
449
416
248
696
473
162
530
428
160
520
163
1052
857
182
892
917
224
1002
829
240
792
748
150
761
895
164
948
920
241
1085
859
168
967
939
754
337
819
802
266
970
641
1059
631
401
160
466
476
159
424
241
183
1009
333
247
689
487
158
605
380
162
568
582
160
931
749
203
971
704
249
993
849
