404
293
228
158
145
235
156
245
255
171
137
179
142
161
124
249
195
186
208
176
170
174
214
177
111
163
210
242
154
261
388
332
186
238
292
274
293
227
347
308
313
333
332
450
232
109
206
205
166
204
207
179
143
110
139
202
166
214
160
199
246
179
119
150
159
157
154
149
174
113
114
121
217
171
235
114
136
131
687
150
109
136
214
164
117
104
110
92
142
177
145
147
128
143
137
145
192
174
279
154
114
199
109
101
158
142
165
172
146
186
231
155
166
210
184
149
174
114
145
151
130
155
146
207
154
132
184
158
170
132
124
146
109
186
253
175
205
152
130
144
208
147
147
175
180
100
124
137
190
173
175
144
271
434
222
243
284
215
162
247
269
181
137
154
202
210
202
140
168
231
195
246
400
364
220
346
168
167
212
166
293
204
256
116
185
191
198
214
286
166
280
255
255
178
221
304
334
320
213
338
307
236
161
150
124
184
181
189
166
149
201
250
154
153
266
158
194
163
224
170
265
104
285
131
182
178
142
152
152
115
134
139
154
223
164
156
173
237
224
139
172
161
150
211
173
163
184
145
128
158
258
146
156
108
170
150
183
125
131
130
173
177
118
143
139
149
251
220
203
164
119
126
152
147
123
149
174
172
210
118
121
164
159
248
147
192
214
177
185
149
105
249
230
140
203
144
154
230
218
209
185
313
326
162
150
262
199
260
254
228
232
145
171
146
136
148
174
139
137
121
112
154
152
201
254
95
198
95
118
109
130
137
145
187
153
126
149
122
103
211
159
134
170
136
134
126
134
112
147
123
132
265
206
218
154
151
129
154
132
112
137
146
188
127
148
177
198
251
181
229
188
189
149
163
155
273
233
166
320
178
132
179
184
140
138
233
338
196
175
160
259
266
244
230
240
256
128
150
163
203
175
324
249
119
255
165
259
231
165
377
257
286
248
473
419
378
481
537
364
447
342
254
446
203
264
227
188
325
364
307
332
354
401
294
289
339
301
335
269
176
195
201
161
140
309
165
192
173
195
298
262
324
213
325
225
165
123
184
197
215
111
116
170
132
143
152
144
122
225
118
150
168
146
145
151
108
136
229
138
141
158
261
306
222
190
248
122
252
163
227
242
264
220
293
332
257
107
215
167
156
107
133
191
183
171
293
135
136
142
160
214
161
209
269
207
163
134
288
203
181
291
184
203
157
329
121
271
177
98
165
170
117
164
184
182
181
133
157
237
255
164
114
233
150
157
227
210
145
220
193
127
237
264
141
189
265
284
204
166
260
248
263
255
285
357
296
329
197
261
229
233
258
290
315
327
412
295
363
223
266
203
179
255
196
212
134
193
246
192
506
175
160
159
171
161
176
160
237
215
166
95
118
173
186
166
307
134
241
200
241
198
149
213
118
198
208
256
156
243
213
158
151
145
126
83
122
143
146
134
133
196
179
225
145
188
191
260
160
182
175
103
98
145
131
199
132
133
299
267
214
273
284
284
390
189
237
231
159
290
222
214
171
245
133
226
162
175
147
200
168
139
160
156
243
295
209
205
157
224
314
279
255
219
201
198
224
202
258
218
438
314
364
305
397
180
291
307
360
397
393
242
292
175
200
316
204
122
341
123
152
191
169
139
229
141
189
197
305
145
185
171
133
126
264
178
133
153
176
363
337
188
225
266
216
183
226
95
169
216
189
169
118
151
101
154
249
199
235
206
288
216
170
205
295
271
194
188
187
172
142
186
183
151
202
153
208
213
299
356
335
218
292
378
234
350
266
250
414
351
312
317
288
278
190
186
303
222
271
192
126
115
216
250
260
191
201
242
204
124
143
152
191
128
186
226
216
348
205
176
230
207
141
168
138
267
151
212
154
218
149
110
245
155
145
314
274
112
163
242
156
164
293
161
182
335
179
244
155
288
156
200
228
298
224
121
174
134
138
81
186
133
169
225
146
192
233
145
199
204
129
145
137
304
205
282
246
226
237
274
212
225
196
216
125
132
161
163
171
216
177
189
159
156
189
127
161
114
168
181
188
155
127
221
221
160
229
238
136
158
247
224
122
202
128
117
96
119
122
107
130
140
165
171
150
96
139
106
190
141
140
148
107
112
175
178
121
114
159
148
164
127
285
165
161
139
179
116
141
135
112
181
134
147
173
130
125
140
128
132
179
125
122
251
218
91
114
173
127
154
122
237
193
167
153
183
146
196
168
120
137
180
154
138
158
201
113
128
187
146
219
157
209
177
202
106
174
134
195
133
140
214
172
161
142
207
140
194
184
174
157
103
181
209
217
125
166
159
138
115
115
198
133
172
150
240
177
231
154
182
205
234
110
164
111
194
149
117
157
112
130
183
127
161
193
167
196
109
240
279
282
187
175
340
240
208
217
159
180
190
223
173
176
160
220
118
148
168
136
135
169
130
139
139
128
141
140
133
148
106
126
101
122
176
141
120
189
250
165
187
118
190
151
184
263
169
140
126
290
220
580
113
194
258
235
160
164
128
151
122
169
150
169
202
140
255
150
156
233
254
126
206
155
105
203
151
165
126
166
139
139
180
130
125
122
126
237
205
196
186
131
184
115
171
114
159
186
182
156
98
236
111
163
167
160
249
177
261
126
202
180
118
205
140
160
166
111
166
240
206
126
247
223
299
185
220
215
203
243
216
182
141
87
187
252
117
148
122
152
132
114
200
185
198
102
157
146
188
235
181
149
188
184
201
329
173
189
106
213
150
159
152
141
157
152
142
195
101
169
240
137
141
218
231
184
125
211
175
182
205
331
181
232
207
124
203
308
166
177
121
116
140
151
210
123
136
158
104
108
135
157
210
205
121
120
161
264
82
138
160
192
164
187
144
147
161
128
148
186
180
191
150
231
213
138
207
153
244
130
176
151
159
177
161
227
213
124
171
181
203
189
113
178
155
214
203
192
150
154
147
147
200
174
138
146
96
163
185
199
126
242
218
179
113
247
190
283
217
208
317
317
321
133
145
142
189
267
247
189
228
334
218
297
317
267
232
310
315
369
351
354
507
187
231
277
333
309
345
273
299
414
355
312
308
338
385
302
314
341
399
309
345
378
286
316
326
353
386
382
366
202
157
170
296
125
176
210
228
190
213
192
119
154
103
223
138
169
222
226
153
147
175
113
160
113
108
210
116
182
281
134
213
172
162
149
158
118
169
160
117
195
279
177
132
157
161
157
149
135
206
172
115
107
157
188
145
169
151
177
159
121
188
232
154
113
222
144
214
180
117
239
172
304
155
243
224
283
200
214
355
298
340
364
318
396
351
402
286
203
285
283
379
466
478
327
204
202
226
275
337
306
300
409
353
463
408
316
326
338
279
1162
210
220
183
172
220
139
238
216
146
139
238
267
290
199
143
340
164
278
198
178
273
378
390
592
207
237
276
374
308
323
383
327
367
373
334
170
262
130
189
284
303
291
192
230
176
155
289
215
160
185
215
368
234
243
330
129
176
120
140
163
223
161
216
170
208
254
189
181
233
294
231
137
190
184
108
204
167
234
197
165
187
181
179
200
228
150
232
253
366
254
222
216
177
241
256
252
186
233
424
353
255
278
302
304
243
259
138
188
217
192
272
422
433
561
396
310
368
402
400
789
194
338
314
418
331
369
399
403
363
313
384
280
319
305
329
370
294
327
323
367
278
350
300
351
404
292
334
384
384
279
352
348
409
294
325
399
410
358
334
259
170
150
232
146
241
145
194
178
173
253
115
129
143
246
150
111
143
162
234
252
239
247
297
352
352
286
406
316
381
197
308
195
269
255
380
256
268
237
316
363
275
294
319
211
246
162
240
252
261
380
207
193
296
269
461
359
309
219
272
140
256
168
245
167
216
181
221
191
172
191
201
231
317
160
244
285
250
321
349
328
231
267
298
237
302
198
203
236
208
189
180
145
133
159
166
227
184
194
119
192
384
276
359
308
269
292
364
312
335
240
122
181
200
222
236
217
243
318
351
279
377
219
212
320
388
413
423
279
253
319
456
327
373
368
281
340
367
391
279
362
347
274
160
103
109
218
141
194
177
221
233
360
304
330
367
462
442
434
401
374
321
381
344
308
406
289
341
287
149
226
137
168
178
156
144
129
159
194
140
97
135
120
108
212
303
414
340
115
179
205
165
191
151
198
303
320
292
169
236
224
290
303
313
487
400
297
353
259
247
174
334
371
421
423
356
304
426
373
337
357
457
312
354
336
222
244
227
178
156
194
162
223
154
108
168
191
237
150
159
188
173
167
139
173
185
189
103
253
121
177
172
208
186
218
167
120
168
271
336
193
123
155
217
187
137
189
135
119
146
150
135
155
126
132
213
140
179
170
120
155
163
136
128
184
218
179
160
232
160
224
162
167
144
194
251
140
151
207
160
129
210
171
247
183
235
201
139
202
174
199
164
148
236
196
270
200
156
118
180
123
148
150
227
172
175
131
101
134
169
157
176
118
134
165
205
138
124
232
207
159
120
172
181
142
149
131
213
174
131
167
162
210
202
238
183
145
199
200
255
193
169
210
209
162
234
244
145
189
193
178
135
192
353
328
280
233
244
169
330
255
167
271
257
231
204
285
383
203
214
191
149
149
172
207
256
181
237
239
222
280
262
311
346
318
355
355
299
333
401
300
332
366
411
418
371
372
391
225
192
337
262
205
118
149
161
182
192
95
249
220
140
178
295
274
247
206
363
129
127
243
156
131
122
145
131
225
223
207
329
190
209
275
289
359
280
190
232
341
326
385
305
317
408
369
287
295
316
320
348
219
123
243
293
231
179
218
241
205
207
250
202
159
319
227
341
398
367
333
410
302
294
432
343
259
199
307
345
173
239
246
296
271
130
202
93
130
194
129
227
200
162
249
230
143
167
199
142
196
235
302
165
273
241
280
234
276
244
331
344
366
259
241
300
182
218
256
259
284
260
197
333
164
162
175
189
264
240
218
114
172
177
300
267
297
169
181
155
168
247
171
227
156
162
129
138
168
200
174
230
251
124
173
106
177
149
222
175
119
196
170
272
197
237
114
105
174
172
206
237
226
177
169
125
144
181
267
128
113
172
247
222
209
130
254
274
281
229
197
154
152
204
266
220
256
261
215
283
393
295
347
315
291
383
307
230
242
221
140
304
236
198
175
194
123
134
133
216
162
199
275
228
225
229
205
140
225
251
253
234
216
255
185
204
214
220
193
215
276
349
358
192
275
241
236
276
114
202
135
113
112
192
217
158
235
179
186
211
188
149
277
239
146
229
169
270
255
161
144
151
119
158
184
221
200
211
179
167
139
121
252
212
341
229
276
193
202
193
187
306
252
264
242
273
362
332
326
276
141
141
134
203
173
180
189
232
201
245
201
205
233
173
284
279
279
174
216
281
165
279
518
308
320
362
306
131
331
232
242
341
241
189
135
122
130
183
189
208
280
230
279
181
147
170
219
159
174
140
253
221
168
251
208
238
183
126
152
123
175
214
164
193
228
127
145
275
232
196
112
130
172
248
225
317
248
183
199
297
242
230
206
246
121
207
202
374
336
203
231
294
279
274
345
334
222
145
132
197
205
187
203
242
172
143
170
170
158
243
194
194
171
218
184
140
133
249
131
186
139
116
146
149
206
163
170
209
177
194
99
166
108
257
144
201
240
298
189
154
222
255
103
163
111
158
235
282
249
295
248
180
363
264
282
250
295
334
526
329
365
157
326
285
289
228
460
267
310
338
245
319
380
417
353
417
808
267
352
124
192
127
127
120
145
168
133
126
137
114
153
151
119
161
220
130
182
135
95
160
133
154
248
262
200
187
159
215
297
263
304
280
201
153
249
236
205
142
171
108
286
210
246
287
200
129
138
233
134
216
225
233
256
144
229
308
268
245
375
412
236
129
233
282
168
127
192
275
247
295
367
238
154
224
242
207
420
420
234
252
257
202
338
362
389
539
325
264
166
109
176
141
88
139
82
144
209
222
274
167
147
163
210
167
138
157
162
158
145
154
160
136
144
158
258
353
213
176
256
212
211
204
349
343
430
344
284
349
343
355
281
342
361
349
314
409
192
199
226
359
303
347
396
377
386
393
401
337
321
294
138
189
218
169
114
232
185
212
407
303
230
154
102
135
162
152
136
143
220
160
187
129
110
142
174
138
93
123
215
194
129
162
131
150
167
255
127
127
155
118
312
333
158
244
105
169
143
133
158
183
148
135
153
138
206
175
148
205
191
242
198
157
113
153
117
185
170
136
154
208
192
271
202
296
102
164
205
167
211
272
259
350
366
270
260
357
394
261
340
216
199
223
215
292
326
286
240
317
329
358
337
341
316
407
443
417
406
188
136
270
235
193
139
208
207
171
294
206
253
208
156
167
242
134
189
122
179
242
241
189
142
238
232
167
227
149
181
275
289
261
162
198
192
259
271
352
279
363
179
203
159
156
250
299
291
171
157
204
183
226
262
267
321
382
255
178
246
198
194
221
223
263
247
278
273
308
253
223
184
197
185
116
149
279
336
366
417
231
292
143
146
218
340
321
317
333
378
434
375
467
395
432
401
464
448
386
342
388
293
313
316
307
396
312
349
335
327
344
289
389
350
376
398
383
412
333
270
414
385
438
255
248
225
173
266
170
149
172
210
199
260
257
242
182
234
91
176
241
179
194
164
245
240
267
212
240
152
169
118
197
186
203
159
188
308
203
195
218
202
202
275
292
282
285
265
176
261
181
226
199
217
107
119
186
300
277
285
253
199
282
245
276
422
250
298
453
236
287
249
178
233
256
355
252
258
289
452
383
355
333
349
364
349
343
460
284
350
403
288
369
405
331
392
385
348
329
420
485
301
376
394
279
283
296
301
404
382
389
365
400
396
803
377
229
296
324
252
287
355
287
190
335
186
136
147
135
145
212
122
289
180
180
227
311
203
194
199
164
174
126
197
163
212
342
239
181
223
117
123
293
386
223
291
199
296
262
226
180
134
166
187
200
191
199
264
175
173
152
154
170
153
188
139
209
249
146
117
157
166
218
178
157
186
153
248
220
187
132
139
184
204
187
202
141
120
243
147
190
178
150
186
139
172
236
147
214
225
171
154
151
191
253
200
337
262
205
356
285
178
271
198
206
283
207
185
151
172
204
186
163
234
301
271
202
293
368
354
301
263
340
171
196
199
315
271
331
143
191
125
170
123
127
187
223
166
161
356
384
179
202
235
247
289
312
262
284
332
248
193
162
106
163
216
254
196
235
173
176
275
269
177
188
222
187
177
308
279
239
185
195
159
191
128
219
146
185
180
232
123
171
116
198
199
254
112
205
182
194
134
165
239
110
222
201
162
138
222
181
238
188
158
185
205
172
273
233
198
201
198
192
187
275
311
208
279
299
344
227
243
359
223
240
154
342
278
196
378
386
228
285
332
175
254
217
323
348
169
329
298
334
293
431
349
290
138
206
276
259
175
161
220
241
95
168
167
157
151
222
112
279
247
110
130
188
155
224
160
143
155
141
129
143
168
231
206
211
127
153
185
173
165
185
216
181
179
122
152
139
147
241
203
196
242
255
221
156
100
237
216
178
183
147
244
236
274
235
178
337
444
403
402
332
352
299
404
407
416
376
331
412
342
394
311
358
376
196
311
244
266
344
350
286
335
318
411
438
408
443
362
349
327
294
377
290
300
312
344
384
288
394
394
365
379
336
296
209
218
417
364
255
284
337
155
162
209
106
146
198
315
211
265
323
212
253
240
298
293
336
332
307
314
343
330
420
310
335
380
295
353
305
360
367
417
298
384
342
296
312
316
319
303
327
290
368
316
322
343
359
323
341
393
313
355
295
298
337
409
406
392
346
291
297
212
206
410
293
236
368
342
444
406
357
365
292
340
330
203
178
239
299
232
172
211
175
120
110
240
188
388
203
268
293
368
388
290
347
414
311
361
329
372
322
241
246
348
303
405
372
354
292
307
320
346
392
415
433
410
369
411
335
327
366
306
308
361
394
292
302
296
410
381
431
430
399
327
294
288
354
308
360
307
321
333
239
322
365
443
379
404
339
409
386
342
286
339
358
400
406
277
329
358
374
397
299
341
356
291
280
308
301
138
117
163
233
193
174
247
274
221
196
216
180
210
214
176
239
190
201
260
276
306
320
347
385
223
310
243
115
131
134
543
117
149
177
230
134
151
186
165
213
118
246
230
139
98
155
269
198
328
304
393
280
400
347
342
348
389
411
320
337
323
373
334
361
374
276
258
140
140
162
196
207
118
226
268
236
328
333
291
381
297
324
369
369
412
401
285
468
522
348
300
321
263
299
396
463
320
480
340
309
373
423
324
371
365
149
282
154
243
155
167
256
371
275
223
262
186
186
232
197
243
311
155
202
197
213
159
166
234
151
124
187
258
206
409
297
311
325
372
342
356
298
312
506
377
313
394
307
322
247
354
278
388
400
474
451
419
347
410
400
364
403
386
345
170
329
174
233
130
221
417
363
387
442
399
306
352
338
308
267
182
209
293
284
294
325
324
368
377
185
246
355
279
356
362
521
232
235
334
329
322
343
357
299
320
208
277
364
296
471
440
303
423
356
365
479
347
406
349
339
516
380
262
379
276
284
216
233
382
216
173
277
267
300
309
323
343
351
283
284
359
196
123
235
165
212
93
151
145
213
262
286
339
239
301
321
358
221
272
194
269
220
314
153
187
103
167
230
193
216
182
246
180
260
284
269
355
390
376
434
384
396
322
386
478
326
412
535
439
356
342
380
392
281
322
375
411
281
321
378
492
296
367
338
371
359
328
367
283
311
352
361
214
284
179
196
307
301
355
286
427
208
408
227
264
491
198
183
194
361
376
314
350
463
450
494
395
377
480
384
446
349
401
277
434
401
242
170
283
245
387
439
495
239
204
214
266
256
172
177
300
189
176
197
283
322
270
262
270
259
278
402
302
326
199
283
148
374
173
277
273
445
337
252
257
212
204
222
376
459
301
178
277
306
230
273
327
359
383
411
319
338
363
136
212
361
215
313
181
236
244
148
152
149
116
175
124
185
287
252
251
370
337
237
224
146
151
255
149
111
192
337
235
207
345
224
121
118
110
169
192
229
256
133
138
201
253
211
266
290
293
327
472
380
317
182
363
355
296
470
501
168
198
270
316
273
236
240
343
284
317
459
153
125
190
194
309
210
230
301
205
224
109
155
212
190
215
218
152
179
210
185
248
308
303
139
301
178
125
196
123
118
157
241
232
154
172
194
210
284
280
247
187
120
176
167
165
237
269
258
282
324
393
382
316
279
310
180
170
206
196
574
201
196
159
160
212
180
207
248
179
262
123
142
205
162
148
178
176
176
206
164
161
198
221
221
309
314
331
315
328
404
394
347
386
312
344
402
360
378
375
346
373
389
419
530
301
280
331
375
271
120
265
300
233
226
316
293
241
342
476
293
255
337
192
331
278
120
210
170
157
291
275
259
409
338
399
399
320
393
415
351
403
286
284
299
283
339
359
372
389
285
367
310
280
385
358
410
388
315
319
154
184
165
152
123
160
180
238
191
308
264
370
198
134
166
262
253
268
437
273
242
194
303
207
171
340
321
396
354
282
386
220
125
144
106
205
259
160
142
97
128
133
111
133
144
118
141
170
159
204
172
309
302
214
237
192
101
201
283
158
256
223
354
168
125
324
115
117
124
188
169
182
183
142
153
154
120
153
125
200
255
156
128
171
135
138
114
187
255
216
213
128
159
156
243
224
195
273
354
321
371
198
190
244
304
319
277
391
388
378
447
353
400
346
350
359
312
439
373
314
459
417
281
196
173
155
179
138
286
192
146
156
161
161
172
232
295
185
213
185
303
316
173
272
178
205
299
252
278
256
184
287
201
361
198
220
255
208
187
162
146
173
300
285
355
273
363
292
303
318
294
320
289
394
353
383
273
167
348
163
267
271
287
297
330
279
371
200
210
516
367
475
325
285
158
164
233
226
244
281
310
431
392
130
183
152
200
157
176
127
152
153
170
173
185
138
158
154
244
149
191
270
180
320
322
216
305
240
129
151
171
176
213
218
179
275
180
218
289
373
386
393
527
217
206
368
239
233
267
272
299
295
333
267
302
220
164
157
106
120
123
185
112
175
127
129
252
112
167
136
147
137
179
160
201
141
126
119
122
178
164
155
187
119
224
128
168
164
149
254
167
98
227
124
131
168
170
117
176
187
233
198
162
285
190
206
150
119
164
157
210
193
220
172
90
116
169
192
298
350
168
267
121
237
168
141
130
158
202
140
147
213
123
151
184
138
248
247
209
194
154
155
164
235
163
121
135
166
208
130
191
146
84
118
159
226
187
200
213
185
148
184
126
180
172
219
199
246
164
173
148
281
283
360
149
202
235
330
318
324
235
207
297
319
337
369
290
300
334
332
312
369
370
360
399
378
400
342
392
360
718
365
374
340
341
349
339
113
209
242
209
310
278
272
321
251
165
146
262
134
147
146
191
206
184
180
157
215
266
277
286
201
206
209
330
171
187
177
154
204
125
156
210
152
184
140
168
117
123
227
183
264
172
286
136
205
332
295
229
203
259
140
201
163
161
126
113
160
222
226
114
148
155
192
255
225
175
107
218
180
209
229
116
82
153
245
120
119
145
118
149
159
158
211
138
178
103
169
94
140
151
190
191
136
262
161
134
202
352
270
233
159
203
238
196
320
214
202
202
235
100
130
122
202
175
175
144
172
193
281
122
119
295
249
222
137
179
320
157
140
127
175
142
198
266
153
234
94
182
136
147
172
217
155
183
188
191
158
158
130
167
145
168
168
87
224
193
135
132
267
182
124
149
139
156
152
157
244
167
237
197
310
259
275
194
147
196
189
240
143
283
275
337
321
303
314
473
256
396
448
374
507
534
403
162
338
333
310
158
167
130
233
291
262
343
282
387
172
271
209
201
152
112
223
242
187
186
160
171
146
186
165
159
92
115
152
174
165
116
146
198
153
136
169
182
237
262
104
241
225
180
175
183
160
223
215
223
119
117
159
130
252
192
127
140
196
164
196
161
318
291
223
120
144
144
88
99
90
180
176
119
144
217
151
211
148
243
175
242
274
162
115
100
161
274
152
198
186
124
257
177
296
198
217
165
234
295
128
233
163
317
388
296
225
168
201
259
235
321
102
132
179
134
126
128
135
168
216
214
128
123
145
148
156
138
378
250
231
188
238
166
160
173
135
143
179
137
177
170
199
305
164
173
205
199
167
209
189
99
203
201
191
281
304
157
146
130
115
167
147
155
183
195
195
123
548
314
284
270
230
134
141
129
166
132
163
138
138
156
166
139
214
231
205
197
175
176
238
253
161
111
240
278
291
269
309
224
230
317
336
227
379
377
179
396
320
144
237
243
256
204
127
145
139
111
102
160
149
250
237
159
236
120
137
198
117
264
195
144
234
139
133
212
130
134
138
163
176
120
164
253
171
227
158
180
279
207
198
212
213
166
201
172
153
165
249
165
209
205
162
230
130
228
231
285
319
390
523
348
403
327
298
316
388
357
289
280
302
302
297
367
399
303
281
353
342
365
206
146
136
545
116
212
254
163
181
215
144
194
196
229
173
224
163
120
113
154
190
143
98
154
123
273
136
222
141
170
275
143
257
161
148
234
159
157
225
130
184
211
155
145
134
163
147
204
151
239
160
189
145
185
222
185
201
189
179
271
232
347
336
286
315
365
214
244
186
284
259
247
265
308
178
222
261
192
151
122
218
116
219
241
103
159
137
147
251
115
300
259
130
132
176
110
176
162
238
175
123
267
175
207
190
205
230
127
183
144
188
221
262
262
233
157
115
151
124
212
95
203
184
230
161
171
175
104
160
164
169
122
123
175
189
153
172
160
136
234
138
224
111
157
262
245
196
156
157
147
150
130
144
173
232
163
136
266
217
144
166
107
239
167
131
170
156
125
190
109
112
122
100
191
191
247
226
137
149
225
103
173
183
178
272
166
193
150
255
202
213
215
206
180
183
125
106
144
113
134
142
146
262
273
101
151
164
134
161
135
191
305
290
196
161
185
208
94
131
162
154
165
199
260
229
114
155
166
187
199
185
139
134
106
197
128
186
141
172
210
141
165
248
113
175
141
210
206
235
216
196
146
250
274
115
171
186
295
212
115
156
139
117
112
134
158
141
100
128
171
117
186
145
133
227
263
176
174
260
234
196
129
157
215
182
269
206
129
125
150
154
164
221
224
254
170
260
181
251
380
247
276
229
171
258
309
322
188
141
127
135
135
121
155
151
132
126
144
137
131
122
198
133
176
164
175
219
158
176
209
253
175
143
243
183
213
94
130
226
210
207
237
1310
152
231
225
200
184
229
182
259
245
177
112
250
206
223
264
196
165
209
147
110
170
116
141
189
161
126
242
256
297
256
153
152
196
99
164
193
131
204
155
229
204
225
142
126
170
161
218
334
321
433
287
252
196
197
280
404
381
191
173
110
148
259
287
213
290
350
232
245
98
287
314
294
314
241
269
303
267
277
286
258
444
360
507
339
283
413
447
356
456
459
505
243
339
207
219
409
259
301
370
265
369
327
166
292
160
238
168
301
275
165
188
186
194
181
183
157
255
176
135
128
156
165
217
231
130
127
171
156
159
125
103
145
424
151
194
143
252
231
239
189
242
387
284
355
328
372
308
366
334
298
342
307
389
266
379
369
341
309
319
370
280
202
125
174
247
336
220
248
188
183
158
226
194
285
265
361
264
322
377
309
209
232
240
269
156
220
153
150
137
196
108
246
229
202
212
198
130
164
130
141
201
143
199
197
226
198
149
181
109
133
111
138
146
229
176
184
130
223
159
215
167
137
271
135
203
153
160
131
147
146
167
212
251
140
197
140
181
162
100
203
128
153
156
126
148
147
197
244
280
295
330
175
107
142
106
223
280
191
141
145
167
201
179
160
257
139
144
342
188
195
238
248
318
285
232
275
292
280
304
116
173
183
226
255
254
168
311
328
299
342
496
342
439
197
342
261
257
250
189
214
163
175
239
195
170
196
159
257
210
167
179
120
154
143
275
245
172
180
187
162
196
252
186
138
146
136
130
134
117
149
149
180
134
160
179
200
183
186
130
187
263
358
188
313
244
189
189
174
205
175
111
184
195
211
242
242
150
157
118
86
234
217
147
175
142
179
143
163
141
111
212
224
251
155
153
211
211
199
170
180
215
193
209
220
316
177
163
148
202
124
246
186
135
241
185
232
167
155
187
153
121
136
170
99
134
146
136
113
133
151
165
185
167
105
299
365
324
370
279
251
261
221
292
340
269
496
317
375
293
316
481
347
155
219
195
197
234
360
344
327
398
348
358
285
402
335
297
425
507
301
339
388
155
156
152
173
118
164
196
134
130
144
169
164
154
166
285
189
242
224
149
154
202
210
301
236
219
257
236
350
261
162
269
177
88
157
295
116
117
185
169
155
142
98
138
188
192
90
190
126
164
145
154
191
171
154
200
196
126
192
104
164
187
166
205
153
246
174
191
160
204
258
230
154
197
163
159
265
212
135
148
167
126
168
157
137
203
171
164
109
201
191
136
232
167
114
153
193
182
181
222
161
201
184
198
262
248
249
142
239
150
213
187
216
274
361
136
226
283
307
184
115
156
164
189
166
159
161
155
155
244
147
152
180
291
293
220
257
311
376
286
268
349
187
346
238
226
195
248
174
202
310
242
305
178
225
190
122
177
198
198
171
183
186
184
185
147
182
153
128
223
160
114
145
137
132
172
146
185
182
145
120
155
97
114
360
358
103
102
161
133
134
146
172
230
229
179
151
162
205
253
340
211
296
156
193
124
118
208
444
142
196
188
127
154
229
138
120
128
148
115
159
189
154
165
124
160
166
107
139
148
124
122
127
190
123
179
207
105
213
128
241
212
186
128
177
182
162
226
140
221
175
142
116
128
137
135
164
169
176
194
143
124
110
225
164
206
165
193
150
164
143
123
225
143
146
129
154
130
97
130
188
144
177
207
245
115
136
251
215
275
199
159
191
289
226
184
80
214
136
148
271
193
191
246
237
140
150
191
132
146
146
133
193
131
105
243
155
158
115
96
164
117
134
132
94
136
130
176
162
118
128
142
180
128
152
151
166
145
127
136
112
105
205
297
152
97
161
174
155
164
151
194
150
121
112
163
121
145
144
139
159
186
147
134
151
252
199
122
138
130
228
192
180
101
100
318
157
149
216
170
216
151
173
156
203
261
338
248
120
208
154
188
266
269
202
160
407
174
324
312
385
379
380
397
311
362
464
292
447
441
276
406
445
461
359
313
297
331
309
304
261
283
200
242
170
241
130
112
182
115
159
156
98
112
135
132
171
142
154
170
132
152
120
202
144
239
178
241
172
237
182
217
144
128
298
183
154
106
152
180
195
167
288
225
209
203
252
158
237
314
114
143
163
191
262
218
216
251
214
170
179
133
84
254
115
204
261
140
132
159
129
196
185
230
207
184
94
184
248
218
179
182
178
152
137
308
364
283
335
202
404
109
295
156
212
231
245
326
171
174
133
252
139
265
248
206
389
251
129
98
205
229
205
242
218
218
167
298
202
211
243
126
187
162
106
185
270
239
145
158
276
175
160
217
163
173
222
166
199
178
234
447
276
174
210
253
310
242
381
401
320
374
121
241
253
162
190
409
283
250
310
274
372
351
376
308
343
393
1347
346
388
490
524
295
147
195
172
206
176
175
221
179
142
166
209
205
167
189
126
235
263
295
167
142
97
240
141
174
171
146
133
227
169
264
194
142
202
204
111
164
263
140
141
168
127
138
166
115
145
144
157
159
177
276
282
196
255
435
217
274
291
194
213
246
343
372
223
205
203
195
200
184
144
178
196
165
215
187
165
155
246
116
171
237
235
246
195
266
207
186
173
172
175
234
125
182
152
145
127
135
139
152
151
231
172
206
208
315
423
402
314
346
470
481
363
340
313
390
864
367
362
373
398
416
334
300
305
352
383
424
365
263
161
166
217
191
173
150
177
188
134
99
168
159
205
179
240
306
311
235
260
297
197
237
298
250
97
231
184
252
276
337
385
387
277
284
301
363
247
264
382
364
355
385
295
322
256
138
167
197
199
269
270
402
286
205
238
360
383
376
420
482
485
511
409
450
519
167
302
213
213
210
392
295
331
361
406
348
386
380
331
383
340
346
359
385
387
158
186
259
216
301
252
175
114
174
148
140
238
179
137
167
124
164
174
190
171
169
181
165
218
205
252
322
202
191
276
208
176
327
226
303
232
211
311
213
165
174
240
280
289
371
310
164
294
175
277
325
361
333
424
385
297
338
271
155
175
277
290
343
253
128
179
181
221
163
163
136
115
229
283
137
178
225
234
181
99
170
200
144
162
161
206
229
293
227
226
248
299
333
269
385
406
340
266
152
136
208
215
224
153
247
166
160
158
343
275
303
344
343
419
446
391
371
328
322
335
366
275
317
387
285
308
369
176
208
260
219
248
295
351
391
255
180
204
148
179
135
167
203
256
195
192
359
209
180
187
252
248
173
287
224
133
233
210
307
269
318
149
156
186
316
182
216
102
118
341
380
180
167
275
290
239
257
232
237
178
168
173
223
182
155
142
195
200
163
201
164
225
295
193
239
113
159
127
203
149
219
148
130
166
171
137
169
109
186
218
124
267
138
146
185
173
150
113
124
158
176
198
130
217
206
143
200
140
166
205
150
160
116
95
200
162
148
177
126
142
221
169
218
192
139
116
118
100
131
223
125
155
122
123
187
155
97
202
119
113
184
203
322
92
160
128
287
190
122
155
138
185
283
195
232
262
232
190
144
223
254
1312
250
141
192
199
100
165
174
152
191
166
104
114
143
164
152
155
194
171
144
132
166
119
166
108
149
175
218
149
221
139
178
201
167
125
113
143
212
177
194
239
284
241
195
197
135
146
144
190
206
321
224
285
158
131
160
251
267
128
195
285
281
329
293
306
276
249
156
122
187
141
260
432
253
385
183
138
157
132
141
184
85
157
163
231
283
172
107
129
140
163
148
128
112
185
103
297
262
169
127
139
174
165
219
187
151
228
186
224
287
149
270
145
196
193
188
127
300
172
232
544
123
134
215
176
294
272
219
163
138
324
253
260
199
269
208
167
350
223
258
139
102
175
263
212
254
146
160
208
249
141
158
143
147
206
185
261
397
287
325
341
239
225
329
197
230
128
283
115
220
232
157
219
369
222
209
276
346
340
157
146
141
84
150
219
197
156
200
108
178
178
290
179
232
155
142
155
253
197
183
315
222
263
237
268
157
316
254
155
178
208
226
232
197
190
173
158
176
181
198
157
234
317
356
419
304
318
340
377
130
180
203
150
224
183
183
184
156
133
170
117
178
160
129
137
122
245
166
185
173
200
254
146
226
249
131
297
187
205
190
255
225
231
375
234
221
216
235
281
280
238
252
259
251
238
186
219
233
158
172
244
294
333
362
464
337
204
125
266
355
324
196
232
260
165
241
163
358
324
405
325
368
300
394
291
309
348
329
385
391
306
374
300
362
193
246
187
96
128
163
203
235
243
166
143
211
219
136
185
175
236
258
191
208
396
128
165
143
176
187
273
379
120
199
262
234
368
278
147
308
406
307
258
207
112
194
206
273
292
259
411
357
372
373
393
280
262
221
218
232
123
162
250
121
228
236
125
186
155
167
102
244
131
246
174
148
208
245
201
174
263
168
124
174
168
204
251
301
140
167
235
153
137
139
104
157
150
235
186
131
147
173
229
253
259
145
177
138
205
182
268
183
300
200
247
217
137
143
156
160
136
204
191
218
191
150
148
117
112
130
199
221
208
197
177
234
213
246
139
161
164
232
254
184
261
225
303
248
256
315
301
237
450
266
386
304
402
506
309
260
211
396
288
296
343
445
280
328
375
328
366
288
351
313
399
315
309
327
330
321
409
356
349
310
342
324
312
337
407
383
1297
323
173
163
148
160
137
165
189
119
156
153
149
140
87
171
164
235
264
268
236
161
264
183
142
234
156
171
129
179
283
168
240
130
183
234
204
203
242
172
197
286
213
204
121
126
150
112
190
115
140
150
254
132
137
173
162
145
129
123
151
114
144
194
183
202
178
167
221
170
324
156
162
142
178
190
120
141
207
188
184
139
188
162
178
172
212
207
236
285
184
144
205
223
253
230
140
195
242
187
156
137
221
181
151
206
136
179
85
123
96
121
146
141
192
95
130
167
109
90
493
162
155
160
151
328
192
125
298
319
296
336
378
234
195
191
186
213
227
210
275
170
131
156
120
127
226
205
191
123
238
136
205
243
191
138
158
143
156
186
138
194
121
125
180
115
103
148
155
157
104
115
166
137
149
126
149
140
147
130
225
229
209
135
189
143
129
162
206
156
216
179
208
168
177
197
145
206
247
180
175
193
212
196
210
231
111
143
225
251
263
130
149
234
321
357
258
124
189
237
304
314
336
356
283
302
330
329
388
327
350
423
292
365
346
337
190
182
221
169
142
116
242
89
117
234
195
139
168
158
93
181
242
317
206
184
145
137
235
172
171
224
141
119
115
180
261
167
284
196
358
412
206
153
210
263
276
294
356
289
353
382
392
185
202
125
197
201
206
148
211
231
222
222
286
156
109
148
168
220
132
153
104
139
120
191
292
267
185
171
245
146
184
192
147
221
246
162
214
197
220
74
178
143
121
211
288
197
189
144
142
115
137
216
302
131
107
125
154
138
136
187
142
237
200
229
127
156
124
165
99
189
85
104
142
142
214
169
236
216
134
176
225
340
211
186
146
161
225
166
138
283
239
187
129
166
141
147
154
212
152
97
256
144
124
164
114
138
153
142
188
118
153
182
159
169
137
221
142
279
167
239
105
160
145
144
132
203
265
132
218
177
180
237
249
154
168
184
114
251
277
227
157
177
168
100
170
172
147
217
113
163
157
207
109
210
146
150
128
113
134
199
171
198
147
172
126
112
197
102
150
144
209
310
178
233
247
236
226
207
159
203
131
181
178
224
200
145
151
101
156
155
114
90
110
137
140
139
142
171
195
249
134
143
180
145
103
154
127
123
200
133
176
133
127
142
113
165
151
161
150
146
102
110
194
152
196
200
236
305
298
298
208
163
256
128
141
188
109
120
118
127
157
132
165
137
152
127
108
121
85
138
130
169
97
151
113
118
157
140
114
143
125
180
174
193
221
141
103
172
155
158
206
106
149
245
150
136
147
169
119
130
108
115
230
209
220
108
181
153
146
146
694
134
258
199
201
223
175
279
359
242
181
256
341
277
264
283
193
144
196
214
215
140
212
154
264
261
302
306
313
233
131
171
252
223
141
106
200
116
179
121
135
203
124
208
239
259
255
142
183
145
161
242
248
319
311
449
330
261
211
136
140
163
228
275
210
180
192
143
154
158
179
274
232
238
163
137
194
148
190
149
198
222
189
259
185
223
137
159
121
129
135
153
109
178
149
175
169
164
216
167
162
112
197
137
157
306
159
157
114
160
244
159
134
153
163
248
164
91
187
210
168
236
148
159
249
224
169
217
101
168
293
197
186
245
205
160
175
202
85
137
156
141
148
138
91
95
196
106
150
205
155
140
211
232
159
248
190
183
126
186
135
137
185
115
169
160
124
168
221
159
294
140
210
143
125
200
225
207
162
110
207
210
98
147
215
175
136
181
240
292
261
250
371
404
301
302
270
339
432
318
324
461
375
399
353
305
147
144
197
227
119
196
309
217
182
247
152
260
207
287
157
340
351
277
336
353
330
305
277
272
468
343
377
377
341
296
442
389
462
336
377
456
404
316
339
316
377
379
340
333
299
348
404
484
392
340
317
441
322
328
345
415
307
384
383
385
393
336
295
396
357
290
353
285
298
391
360
402
390
311
399
355
427
353
345
346
320
283
366
331
290
390
348
279
374
312
341
340
301
335
240
156
191
93
153
256
108
168
146
132
206
136
152
187
226
171
126
160
121
141
115
130
116
83
126
119
108
136
194
210
211
151
219
139
113
126
199
158
132
162
133
204
157
257
234
189
144
157
148
202
172
167
126
215
238
153
191
218
174
209
191
164
200
156
169
175
155
163
166
171
221
149
155
134
130
107
233
112
118
92
95
166
148
139
218
193
167
231
126
205
139
146
197
202
154
157
143
146
125
132
167
126
197
333
290
223
220
155
249
211
251
142
183
212
141
170
175
115
105
222
146
118
219
201
230
108
167
155
259
207
163
167
179
149
115
123
158
162
230
114
354
205
246
239
280
176
206
155
182
99
99
137
259
194
161
200
235
176
162
206
253
128
223
194
166
177
278
112
169
243
150
113
163
221
98
150
116
157
139
142
171
166
139
184
114
191
162
209
157
219
128
150
154
156
146
286
178
140
147
159
163
101
256
176
187
170
228
135
161
174
119
137
195
190
227
240
200
155
178
173
109
187
254
152
154
410
189
151
211
173
169
214
191
156
212
248
254
194
256
217
197
241
459
178
151
121
116
181
162
181
193
147
205
215
172
149
188
183
192
162
228
208
223
205
164
151
162
208
185
216
173
211
258
197
312
259
319
450
314
289
256
350
269
320
352
405
287
292
278
196
221
154
183
233
297
308
303
207
179
132
169
142
196
174
135
132
111
195
181
104
195
123
114
144
209
117
103
158
134
125
203
164
171
198
166
142
210
199
199
258
206
227
169
144
194
210
353
227
255
209
263
172
187
381
353
403
273
225
248
233
198
158
189
145
132
108
141
121
194
158
145
220
152
231
108
149
193
119
173
111
180
146
159
140
167
129
136
133
106
142
176
207
121
147
279
241
148
131
247
96
164
230
191
183
192
193
196
220
194
227
243
226
190
134
161
175
226
206
225
256
198
170
137
138
143
116
222
100
140
135
153
132
120
138
143
121
204
215
311
174
105
218
141
150
186
131
190
199
179
109
151
214
124
246
207
268
180
287
411
338
165
278
123
168
265
256
472
516
489
233
388
138
186
154
170
214
268
169
210
270
160
206
241
149
308
347
179
236
300
180
343
175
152
165
149
169
191
136
199
123
153
132
162
231
176
183
212
157
202
147
147
149
179
135
142
195
164
149
176
151
150
174
241
274
154
216
251
195
204
188
239
254
325
143
210
206
195
132
119
234
151
228
230
170
264
284
172
172
190
403
247
334
149
195
206
131
159
195
151
214
170
245
128
160
184
141
262
189
172
147
187
177
202
257
183
186
184
163
196
274
246
291
191
225
128
192
221
160
155
251
192
194
214
301
308
286
311
185
144
110
112
151
99
172
153
188
207
156
225
215
237
129
161
156
133
160
109
171
190
142
221
169
236
182
289
222
227
282
313
351
272
322
349
353
384
404
327
380
1188
421
339
296
378
402
272
223
287
215
199
262
260
363
293
158
214
297
273
276
440
317
398
354
276
139
221
119
135
154
205
275
193
268
156
271
251
297
287
212
407
312
324
337
203
156
134
164
237
255
347
368
279
179
287
227
239
160
277
250
257
146
219
256
303
112
157
140
194
330
319
328
204
142
309
169
244
128
98
228
193
208
226
223
390
240
226
254
307
258
287
320
340
286
264
161
135
194
180
300
265
111
186
208
290
357
482
316
324
468
537
194
449
253
206
308
393
295
394
353
446
300
307
360
391
330
290
355
326
208
216
171
159
138
174
121
155
235
137
125
150
90
211
171
156
117
157
150
129
186
110
208
220
112
199
148
133
98
105
160
225
177
221
173
265
272
333
335
272
278
359
439
432
204
226
235
261
153
203
423
188
335
322
164
108
239
322
244
187
239
218
346
279
344
376
347
285
120
312
196
348
297
180
192
156
144
146
171
154
79
164
169
95
134
186
198
135
211
180
290
319
241
317
372
300
284
272
125
191
187
257
156
147
258
194
232
213
251
285
336
395
289
317
336
364
363
341
351
399
362
439
223
351
288
265
162
104
155
178
169
139
154
214
176
152
142
129
124
155
147
129
168
178
280
261
192
119
173
117
131
184
166
207
152
165
101
240
139
312
150
173
199
375
177
199
229
198
246
270
294
266
268
288
240
155
322
346
318
377
334
167
323
216
142
246
114
158
180
130
105
89
165
151
118
195
256
214
121
226
236
176
274
307
322
278
216
263
264
367
328
468
342
164
201
265
112
160
174
125
163
186
211
131
208
207
172
173
211
219
122
145
115
268
145
231
132
185
160
156
224
256
249
196
149
158
234
162
280
108
205
226
343
490
360
305
233
347
196
247
300
468
400
289
339
317
504
391
299
284
191
317
246
240
282
336
381
275
381
308
278
307
322
218
224
140
291
268
250
335
169
238
359
443
489
211
372
268
294
218
325
222
119
154
295
172
264
392
256
183
157
165
182
190
254
214
147
143
151
273
211
258
198
216
222
149
275
256
293
401
494
243
230
348
468
288
403
305
367
401
171
119
155
117
175
188
107
155
195
214
140
231
219
208
125
167
133
252
161
159
191
350
338
288
329
358
385
383
369
313
341
1322
373
295
445
310
276
158
136
172
155
348
251
222
115
188
248
161
199
123
206
240
161
168
197
178
233
250
288
328
375
348
277
355
417
387
309
302
378
365
363
290
328
359
290
337
374
479
457
365
353
364
401
286
300
338
286
332
352
381
285
330
356
355
393
347
390
236
147
140
144
134
182
181
181
199
187
208
190
189
156
276
226
240
175
233
312
200
182
166
336
210
275
226
236
414
315
147
162
193
177
111
164
181
114
158
204
278
232
334
170
230
369
146
180
96
127
139
228
133
212
605
246
213
174
189
216
215
193
293
250
278
165
120
239
147
89
201
129
169
223
166
164
157
229
129
181
191
195
124
135
169
137
167
220
184
170
175
188
190
170
128
127
148
103
213
121
146
143
218
195
101
169
114
205
177
169
119
320
132
268
226
231
187
135
286
204
219
246
197
110
152
150
198
219
275
205
182
181
309
313
187
265
213
119
132
106
206
171
223
192
162
164
219
156
166
206
334
236
105
200
251
125
141
281
309
217
240
366
336
141
261
190
241
187
242
186
262
322
231
187
137
127
133
139
207
223
240
178
133
157
186
134
155
233
214
189
245
313
314
286
279
264
253
296
146
139
221
144
195
193
184
166
158
192
210
280
137
243
162
159
150
190
185
141
191
170
112
125
195
299
310
265
221
246
185
184
270
144
210
228
246
267
342
219
282
334
384
284
387
397
368
344
104
173
302
312
310
260
227
202
218
231
246
221
230
308
212
201
106
222
178
166
266
245
161
143
158
100
210
174
240
162
193
202
208
152
182
181
238
103
157
150
187
145
124
118
178
217
121
169
150
193
127
262
177
116
160
195
224
177
244
297
325
149
215
368
321
314
236
278
283
260
169
212
309
238
265
218
379
309
369
389
349
338
308
344
271
233
303
160
248
186
240
299
303
305
258
368
485
368
377
295
401
278
311
435
198
256
141
190
115
287
349
285
374
386
375
288
392
356
344
360
373
317
366
402
469
324
271
307
273
280
167
176
108
180
314
276
269
320
364
373
346
386
350
428
395
399
305
303
474
300
254
270
286
228
240
190
308
279
133
176
239
245
275
258
297
332
386
237
243
314
242
493
330
333
386
393
237
289
216
290
241
176
166
182
192
130
207
215
1254
140
119
163
208
205
176
205
163
152
228
223
221
157
251
194
263
354
357
343
524
315
412
394
543
345
280
304
208
245
342
247
277
191
194
203
199
178
137
148
146
137
129
128
113
101
120
125
172
157
160
135
136
109
126
131
162
261
244
220
126
190
107
152
162
147
168
209
370
343
191
280
168
240
197
205
99
159
143
202
275
198
239
186
192
149
291
215
223
179
192
199
214
197
232
254
120
263
265
237
398
184
326
255
265
203
231
276
315
382
361
425
432
351
379
391
261
270
106
152
350
210
234
260
324
210
269
263
176
345
378
242
259
305
332
354
216
195
142
234
163
127
126
257
204
254
221
199
345
292
181
233
324
342
276
378
256
194
192
235
178
228
138
292
297
303
353
371
379
278
375
293
328
373
390
282
286
421
312
281
311
207
161
124
101
145
234
249
199
178
252
252
228
272
304
358
364
142
135
267
287
284
381
375
303
375
390
284
323
419
396
359
353
372
380
315
328
336
368
438
369
350
389
275
282
108
140
229
289
106
140
191
201
268
302
243
399
282
287
175
263
200
248
281
401
256
216
193
119
203
285
153
152
165
126
177
240
179
174
154
118
119
181
138
201
194
189
200
245
202
148
211
226
174
278
272
124
182
159
147
151
247
117
196
207
261
292
261
186
175
193
248
149
217
168
125
124
259
237
231
388
359
332
367
391
308
374
374
392
348
283
315
413
312
396
156
253
280
132
290
353
264
319
195
176
251
271
199
185
159
265
172
169
135
243
161
163
168
133
157
160
173
147
154
172
153
220
148
165
164
101
186
208
190
120
176
150
162
275
300
383
400
166
212
263
123
291
267
401
206
414
341
381
390
314
408
353
422
331
480
389
384
366
391
284
355
384
218
259
253
384
343
426
347
435
323
352
364
363
327
369
353
393
287
353
387
356
117
244
222
209
208
109
123
362
324
164
208
208
167
280
326
335
362
408
341
338
382
436
361
188
157
106
169
186
263
220
325
371
142
289
190
203
286
182
274
267
440
271
312
230
200
326
206
330
273
96
152
245
185
171
222
207
220
258
125
89
171
90
184
97
132
158
225
249
321
254
205
179
111
131
209
114
176
133
207
193
167
147
228
249
271
136
131
217
135
230
159
94
157
154
168
113
166
115
196
180
229
192
100
133
142
168
259
230
245
213
110
254
131
166
220
122
184
191
179
123
181
133
172
172
178
152
128
195
180
175
166
255
156
169
199
152
109
182
153
155
152
188
173
162
118
127
123
129
160
100
138
148
172
222
165
160
211
169
192
272
225
182
156
225
153
144
199
265
140
125
249
300
197
159
168
126
162
172
131
110
128
144
192
202
168
162
149
150
153
147
152
113
129
154
155
185
112
166
128
176
201
174
120
163
193
189
118
168
422
166
156
195
174
167
213
202
229
211
174
243
333
306
242
202
223
121
181
106
135
146
169
135
147
203
246
179
244
191
167
180
241
219
225
236
136
133
224
168
183
124
269
332
274
143
199
189
214
146
160
188
158
174
141
125
154
132
176
107
133
167
131
203
164
248
115
184
199
144
130
140
171
243
116
232
182
147
184
219
150
225
218
336
443
285
169
368
304
197
262
403
190
167
283
379
314
220
205
111
139
182
201
192
116
149
204
199
277
234
330
252
351
278
363
295
235
357
361
304
257
285
236
483
403
305
340
180
241
288
234
251
267
190
322
347
236
139
237
262
333
336
353
347
372
303
342
504
411
394
336
366
215
173
243
227
216
236
284
300
338
215
478
391
184
221
302
214
254
276
269
312
376
197
250
255
341
322
340
283
327
356
282
330
330
478
286
409
352
278
350
347
318
338
336
377
287
176
215
257
285
294
221
212
341
326
308
449
335
186
245
221
260
369
317
297
346
359
378
308
396
382
363
385
293
366
291
319
330
302
280
353
388
368
393
397
373
300
331
284
311
308
101
231
170
139
240
235
206
158
180
190
263
221
260
185
107
197
277
232
304
252
239
226
277
293
225
304
215
220
222
323
284
372
317
232
338
247
291
310
146
308
429
255
394
448
363
357
343
444
371
338
376
401
290
324
331
368
343
388
398
347
367
366
332
194
156
153
254
205
294
363
150
212
403
137
153
181
267
372
302
322
205
199
336
447
343
371
385
299
320
202
196
271
313
363
160
179
151
298
340
344
303
352
413
163
256
205
248
266
273
206
106
127
200
142
151
104
188
258
274
286
409
396
331
333
404
279
317
365
330
325
416
324
391
405
313
304
325
367
288
344
419
440
408
1359
523
325
528
182
188
361
442
400
388
370
434
293
346
325
321
309
379
245
236
226
112
154
196
205
118
123
199
184
248
118
125
182
150
144
206
102
129
139
182
189
152
101
130
145
127
130
110
102
166
119
147
133
163
193
215
168
139
124
165
161
175
101
181
188
132
133
178
193
209
250
192
141
171
178
154
146
179
233
192
202
138
257
129
211
231
157
296
173
221
163
176
222
197
256
105
435
183
144
262
210
201
190
200
219
229
268
379
276
328
356
316
400
326
417
328
379
320
286
305
406
352
375
293
324
340
317
102
176
146
187
222
230
167
157
291
314
312
292
207
115
210
147
188
111
164
133
119
110
112
113
199
143
210
154
118
173
169
217
128
129
187
172
113
194
238
233
144
218
251
362
276
361
284
207
87
133
178
230
298
335
293
416
348
403
322
490
393
599
519
345
282
370
258
129
125
207
238
223
254
359
327
346
185
252
402
309
266
347
139
110
196
138
129
111
133
162
206
148
167
275
301
116
284
243
345
346
288
232
119
248
257
209
170
256
110
217
312
209
120
282
187
171
122
202
260
152
171
182
201
210
221
203
194
213
196
150
167
237
201
174
173
280
303
314
214
210
258
127
123
120
84
118
171
131
181
94
100
147
134
136
97
137
158
119
130
109
129
160
204
117
176
133
113
181
126
184
122
181
123
146
193
210
223
240
135
158
124
134
168
206
121
173
246
268
130
140
169
171
122
197
188
195
208
185
207
198
112
242
157
109
137
160
113
205
144
130
209
281
140
240
144
122
186
126
128
126
132
144
228
122
196
162
134
183
250
244
171
278
149
210
192
166
158
192
135
108
136
111
139
144
162
147
226
173
191
140
127
153
118
130
159
188
224
212
258
154
135
298
222
258
209
253
181
189
226
107
216
156
184
208
166
339
220
218
149
144
269
300
214
170
142
98
191
163
170
148
119
178
156
130
181
99
157
146
115
148
102
133
148
162
175
118
156
167
203
95
129
205
185
176
160
209
299
334
213
340
172
275
304
142
219
262
236
167
246
188
229
184
214
112
142
144
205
142
126
249
162
82
175
131
131
132
154
125
146
110
127
224
271
211
207
276
119
128
164
170
117
153
171
170
161
156
162
213
130
143
122
159
1217
155
175
95
120
170
219
131
167
182
162
297
181
140
178
174
220
118
174
150
146
132
191
159
186
112
169
132
167
166
165
165
153
127
111
126
156
132
129
139
160
124
129
129
153
137
148
143
139
129
178
213
129
237
223
116
109
156
274
179
147
242
168
151
127
197
123
164
159
149
130
116
102
139
120
227
159
110
137
140
213
166
264
216
309
270
217
155
146
101
189
212
200
227
241
233
252
266
150
245
222
232
124
173
202
160
212
250
97
233
214
138
226
96
153
259
103
167
143
155
558
183
161
188
140
161
170
144
89
230
212
206
149
166
175
279
113
188
141
130
202
166
136
139
231
188
118
153
128
157
129
131
161
192
136
124
197
148
93
129
143
141
115
117
162
132
133
104
100
154
125
140
123
147
143
116
121
132
147
167
135
118
147
176
122
172
172
134
181
206
204
190
147
177
192
160
143
200
141
152
157
156
186
146
181
130
227
203
146
125
133
163
194
178
176
182
235
125
207
148
278
179
232
168
176
241
182
188
208
335
247
318
296
357
411
237
295
244
426
215
159
129
246
178
261
215
217
249
200
257
148
153
269
195
242
246
206
166
218
172
114
141
119
151
149
171
216
136
168
201
144
186
248
171
132
164
182
116
109
193
97
152
156
141
212
167
226
202
200
279
186
136
147
152
194
125
142
130
171
163
136
189
309
244
255
158
132
249
219
206
167
214
178
147
114
326
186
180
263
176
251
165
140
221
260
126
246
176
213
192
158
134
181
203
213
185
203
176
155
196
223
91
115
130
134
100
156
156
128
200
144
113
133
147
243
125
149
134
159
127
133
212
180
131
158
101
195
157
171
259
329
275
180
100
110
152
175
202
157
255
229
231
180
144
222
199
105
144
201
182
148
110
127
122
268
112
247
161
171
163
184
131
150
145
131
181
115
107
133
301
139
116
123
203
147
183
345
181
196
217
216
239
127
293
154
171
250
209
290
206
269
195
111
240
369
397
295
238
175
348
359
243
162
128
117
226
149
263
294
213
242
206
229
157
84
103
245
277
272
235
174
192
153
204
195
151
118
182
237
154
123
137
180
197
195
214
188
271
212
113
245
242
216
346
329
202
428
424
246
178
231
159
134
307
252
224
248
240
348
364
1391
188
214
178
143
157
164
208
247
276
405
322
320
358
390
293
328
369
419
407
419
360
397
298
237
149
109
98
192
248
302
155
152
233
293
225
172
168
281
172
189
185
234
162
109
195
176
165
209
184
216
191
163
219
175
237
117
204
161
196
244
118
148
161
168
331
326
169
162
96
161
174
109
86
141
158
99
123
189
134
224
204
284
192
340
271
139
239
171
123
198
216
191
113
215
314
355
239
335
509
372
420
337
347
479
374
368
177
238
251
387
374
353
389
167
441
346
361
294
375
221
170
184
146
187
322
258
346
342
400
194
228
404
358
221
202
271
308
439
358
362
253
199
193
272
244
177
272
344
334
425
312
168
252
121
142
111
260
319
143
226
217
95
152
98
157
144
153
201
153
149
118
258
157
184
132
119
143
96
114
116
102
170
161
125
119
174
147
119
197
100
165
123
150
140
79
90
180
172
175
210
109
117
174
212
233
243
313
191
131
159
197
174
254
431
354
329
189
253
258
191
292
296
290
352
250
176
150
120
128
216
225
225
163
128
151
126
254
189
183
135
121
138
135
106
136
137
126
141
149
138
150
235
152
204
192
127
112
145
89
98
118
121
173
129
135
200
149
177
180
116
271
144
157
283
148
120
176
175
144
183
163
110
108
163
170
153
97
106
150
183
165
133
169
166
278
162
151
275
297
296
233
279
246
238
123
264
246
150
161
184
114
124
113
196
116
224
115
121
198
172
159
183
168
130
168
144
146
114
135
257
190
170
160
142
106
137
273
177
132
102
218
195
140
213
207
107
117
164
141
158
158
176
97
141
118
163
130
174
149
212
203
198
207
185
165
157
96
271
105
264
218
160
183
162
224
186
238
136
191
137
175
281
231
157
215
127
143
166
208
177
174
283
228
83
94
147
98
164
198
173
246
192
207
166
129
166
157
179
134
199
188
360
247
186
262
144
158
200
190
241
149
279
307
356
336
226
386
348
299
351
304
207
251
286
208
270
253
330
272
313
347
260
344
357
377
322
336
397
404
306
340
329
346
199
292
259
184
199
258
183
189
322
313
321
286
412
234
217
194
231
129
231
329
273
313
107
211
239
130
230
360
157
136
276
126
152
167
235
184
151
178
180
367
230
239
170
333
295
293
323
166
197
354
322
367
306
311
286
358
321
388
286
353
356
358
401
287
397
370
348
367
398
400
386
459
362
320
388
334
394
329
381
315
317
360
395
397
361
310
465
379
376
283
410
317
307
309
413
325
194
125
191
143
251
183
125
146
134
176
192
290
158
183
296
248
255
177
187
252
342
321
330
291
333
308
305
301
444
380
304
391
268
350
348
302
322
361
359
232
197
152
319
165
283
258
221
214
414
246
241
150
172
113
167
182
181
167
148
134
273
366
317
272
359
401
218
268
608
111
182
395
301
259
407
491
294
270
382
300
339
357
353
406
382
364
408
287
428
357
316
394
303
372
344
295
152
355
355
307
365
288
177
158
274
291
166
103
224
188
183
319
149
88
184
241
315
294
214
365
318
360
326
294
344
327
360
347
344
299
312
285
351
325
306
167
157
180
303
351
135
358
249
383
458
389
336
312
291
398
325
378
349
289
343
393
321
392
287
279
394
327
289
303
368
382
323
353
281
291
365
414
392
366
382
313
359
401
229
264
207
173
166
142
241
335
355
286
291
336
296
267
401
276
408
296
337
340
414
390
305
337
359
371
376
124
217
165
124
244
116
194
89
158
139
165
216
235
94
170
215
314
238
234
254
142
125
192
154
175
147
149
257
134
231
151
148
131
101
278
264
282
310
350
270
351
198
313
367
361
201
103
148
300
183
263
141
225
293
368
481
365
235
220
260
324
286
355
242
277
336
298
385
300
355
341
417
238
226
292
245
189
178
209
214
115
126
167
174
181
335
154
194
166
231
200
185
219
206
150
171
244
191
176
158
255
289
208
200
156
185
228
177
141
202
261
367
205
207
266
184
211
167
195
228
119
191
255
218
276
202
127
187
194
148
114
170
223
200
125
263
130
126
208
170
137
142
159
176
135
138
120
130
154
155
134
122
128
133
123
164
150
110
130
218
107
153
143
194
171
149
198
204
173
157
163
198
173
190
159
185
165
217
168
161
258
190
91
203
183
227
233
155
199
309
181
424
229
334
293
152
286
202
218
193
162
154
126
172
185
121
246
135
165
126
132
216
126
255
134
175
159
105
119
133
169
146
227
144
225
236
189
244
240
240
257
153
343
201
115
136
171
231
249
228
193
378
219
322
247
256
354
324
292
273
328
304
317
343
288
364
352
331
288
219
144
127
87
254
205
236
110
109
142
110
163
189
143
143
177
156
204
178
182
173
97
134
132
129
149
197
115
227
174
185
156
150
131
229
228
117
178
216
258
98
211
232
388
299
168
206
142
112
177
197
156
193
204
126
160
150
113
175
112
122
187
109
194
156
227
149
163
97
155
116
232
201
191
177
124
144
125
133
161
112
152
208
170
237
209
155
238
287
254
354
237
309
251
209
261
301
158
125
152
180
157
159
148
231
229
435
193
185
331
152
208
225
168
145
114
127
165
185
177
248
163
308
218
149
132
194
247
134
188
164
160
278
216
270
177
228
173
181
163
201
161
136
192
302
170
316
163
121
273
143
208
174
282
313
237
222
126
242
148
282
233
161
260
133
308
272
263
172
288
212
378
252
281
327
202
312
343
363
338
335
381
123
218
111
224
229
234
179
171
126
170
369
228
241
222
172
135
260
232
240
218
353
358
224
296
118
185
207
235
288
219
158
183
161
169
204
145
244
229
112
123
298
156
213
174
146
178
170
127
202
177
169
190
128
152
160
144
203
277
185
286
158
116
129
220
177
106
203
170
129
140
141
113
216
177
152
177
170
181
158
166
146
191
133
239
234
169
303
257
135
155
211
166
163
259
173
128
157
152
260
232
320
242
217
138
273
146
174
150
134
158
154
263
127
135
149
156
129
97
146
123
110
106
123
153
127
181
138
236
141
163
142
191
145
155
191
198
515
210
221
149
156
237
244
277
377
190
194
178
156
173
170
112
179
221
195
153
96
171
170
240
228
129
156
137
181
131
210
156
213
144
173
117
110
117
155
136
254
106
143
117
130
134
148
177
164
171
184
243
263
356
256
372
188
218
163
234
250
339
258
202
148
215
192
151
293
276
358
310
368
246
149
246
246
236
116
254
392
192
293
235
171
246
148
228
273
318
248
307
259
389
288
289
338
349
363
329
297
254
217
211
259
298
240
303
204
412
170
264
182
339
297
388
426
353
186
286
348
361
347
271
160
130
141
199
75
195
268
198
279
255
211
245
215
133
203
156
133
173
175
172
324
232
158
185
233
311
224
215
168
161
285
247
229
235
206
207
220
236
330
173
191
123
131
172
1333
193
157
107
152
146
161
156
213
180
175
213
128
180
153
133
141
179
189
115
274
140
165
138
145
140
102
160
103
156
204
252
175
227
204
201
179
186
133
218
195
141
133
140
154
103
118
114
89
121
95
189
135
148
135
114
151
226
157
196
238
196
186
131
269
171
218
224
248
329
315
420
350
278
191
101
261
317
275
192
280
261
266
174
216
222
325
253
399
314
144
155
281
267
341
270
274
355
170
261
108
118
237
417
291
224
282
386
315
385
373
480
273
119
199
246
320
405
383
330
639
370
319
390
341
359
383
346
369
296
400
395
380
295
383
327
415
376
214
112
125
187
242
160
134
114
144
164
153
133
213
127
220
197
173
123
148
147
177
133
185
182
194
165
295
175
222
197
281
192
302
273
135
180
115
129
200
156
289
251
121
97
165
194
140
158
164
137
144
156
111
229
168
194
154
147
145
258
326
237
160
148
225
160
152
139
199
246
144
253
218
148
214
166
264
153
170
236
257
218
315
137
241
286
217
222
231
238
278
319
203
154
148
172
188
189
259
294
281
249
328
278
335
302
389
392
341
279
406
320
306
396
167
182
149
131
179
198
224
182
106
180
350
258
252
106
319
258
254
159
217
188
104
181
197
162
244
191
235
109
220
110
298
201
152
137
205
163
153
145
111
170
228
165
126
188
110
185
188
164
128
226
268
143
144
162
169
121
134
115
113
118
171
134
161
182
262
162
195
118
223
175
226
188
292
350
290
476
297
274
159
191
189
224
278
153
106
125
167
91
114
133
159
244
250
299
198
149
108
99
127
167
196
173
228
154
185
177
202
187
163
343
305
283
284
351
434
262
293
304
273
345
286
414
313
323
156
142
137
189
109
219
236
468
143
265
340
195
125
181
81
143
111
150
295
244
257
182
254
174
324
259
180
222
150
388
238
215
172
259
226
184
186
191
132
141
182
170
148
175
117
121
150
197
166
121
242
200
160
222
168
141
181
201
143
134
129
142
184
239
248
129
136
303
218
192
182
277
132
225
133
181
122
253
142
150
226
158
145
163
218
169
179
221
173
163
127
124
179
151
107
123
149
123
215
130
129
145
247
172
135
170
225
239
132
125
133
257
131
156
186
150
152
143
266
117
224
213
147
137
207
301
159
229
158
119
155
196
200
220
202
185
211
308
277
305
241
292
321
237
238
264
273
242
231
133
260
345
249
159
253
208
396
425
314
422
336
289
118
203
247
152
166
141
257
281
310
345
266
382
419
237
344
376
253
271
325
321
336
325
312
325
401
373
259
197
215
238
290
341
296
285
281
362
350
389
283
290
347
290
394
295
321
363
377
286
382
382
394
316
353
397
304
319
349
372
240
183
134
153
122
139
164
152
147
109
163
213
115
155
133
200
208
200
146
198
697
210
253
244
146
268
184
323
293
271
391
286
325
278
305
440
332
359
416
460
307
425
340
384
410
374
375
375
387
382
355
142
174
304
206
326
328
186
256
256
263
219
206
145
213
286
353
374
351
332
403
321
300
392
336
323
515
248
255
279
338
358
307
364
301
457
459
499
321
183
370
365
374
387
277
313
385
413
344
232
199
268
234
188
236
238
257
460
388
394
285
240
256
191
266
172
347
211
295
352
225
270
367
282
274
325
172
121
119
175
287
252
368
417
179
343
237
236
121
123
185
134
120
224
224
147
133
185
145
164
192
234
184
260
257
188
103
237
242
151
163
270
142
173
130
192
277
202
317
112
196
165
149
272
462
349
154
302
161
181
212
251
204
252
116
195
244
236
199
214
189
120
191
193
108
189
212
165
194
237
155
271
290
152
128
128
194
134
165
210
81
197
140
202
156
124
142
124
85
146
118
169
234
145
193
231
159
224
152
145
225
116
254
264
192
216
158
208
223
141
234
146
176
196
129
170
188
164
274
174
190
227
188
243
186
243
179
221
141
189
194
258
257
271
157
152
163
88
163
156
180
230
197
128
166
199
234
271
191
184
139
161
162
147
168
107
129
215
146
146
158
115
213
197
141
166
144
119
320
192
135
139
250
161
151
222
209
159
180
108
140
162
146
221
172
194
228
307
140
167
251
168
202
145
147
284
212
176
163
248
285
295
311
371
229
296
280
251
235
315
307
215
157
258
139
217
243
325
333
292
295
317
258
299
341
345
336
371
302
225
244
209
123
173
91
150
169
329
195
348
242
239
301
302
246
193
273
271
317
480
340
517
316
168
248
271
316
249
254
271
256
96
189
162
183
152
167
106
110
213
179
202
132
182
172
145
110
179
170
170
296
134
149
180
199
164
229
177
220
201
148
140
165
139
285
204
157
205
121
131
118
117
132
99
91
222
136
118
216
113
290
205
128
126
151
132
127
157
153
160
198
160
156
206
151
261
122
147
185
150
215
172
184
163
183
193
167
170
139
261
185
178
236
154
183
227
281
215
158
286
181
209
291
270
358
401
410
362
330
366
350
390
369
307
355
200
230
327
293
350
229
210
178
157
254
190
171
205
109
202
128
153
138
173
191
190
144
154
181
190
203
219
115
130
562
151
141
135
202
152
111
135
144
136
157
232
239
189
181
185
217
208
195
217
150
179
154
218
221
219
242
223
367
272
89
268
200
248
151
203
232
174
210
118
195
349
317
258
238
140
347
347
404
280
252
304
130
275
273
153
165
142
280
172
229
135
146
107
115
170
290
229
187
152
283
261
212
207
149
139
195
124
218
286
220
177
238
271
343
393
254
167
241
200
251
152
218
194
187
270
237
343
174
197
147
267
187
303
176
144
256
298
285
206
150
126
187
313
219
265
204
151
109
196
177
166
111
83
146
113
138
80
178
189
265
182
200
178
172
167
123
149
207
277
363
189
120
142
170
240
270
168
207
132
169
208
164
303
257
316
230
163
111
406
384
253
267
243
164
190
267
191
227
158
236
205
158
172
148
131
91
185
190
162
133
162
149
114
142
293
177
200
122
144
132
226
200
221
188
195
127
136
115
168
157
98
112
247
168
109
210
206
155
150
213
136
223
197
239
155
132
117
118
133
92
182
126
160
230
168
160
125
98
113
223
146
137
160
169
226
237
214
188
166
264
124
163
161
195
232
168
172
245
183
163
190
332
140
277
215
225
205
231
152
167
168
184
118
162
117
194
125
187
114
109
166
102
160
145
215
246
214
272
192
339
299
286
249
198
324
318
246
148
175
191
171
201
182
161
164
154
144
185
152
109
159
155
263
325
240
169
154
124
127
199
141
103
154
138
131
157
107
122
221
185
102
199
236
139
196
297
332
291
137
230
188
278
100
146
141
182
198
214
192
163
127
125
184
161
187
226
162
258
290
189
278
228
274
323
261
306
256
261
292
352
329
182
448
358
264
192
145
166
174
219
175
283
125
264
244
234
203
149
118
1266
134
153
148
205
173
245
217
231
324
138
155
262
152
175
187
228
223
128
173
145
180
181
204
335
213
276
222
261
169
256
249
296
220
222
244
181
285
218
158
210
153
247
166
238
190
311
306
159
176
322
344
333
353
238
176
282
319
320
513
289
302
282
274
301
367
329
323
254
251
285
319
319
154
115
189
222
234
207
139
158
248
278
235
339
253
187
245
149
125
165
226
142
198
213
253
157
141
219
180
185
223
138
108
214
162
110
193
144
148
108
103
107
96
132
183
163
101
198
264
546
162
110
266
167
140
181
234
183
200
274
221
216
286
155
173
171
187
136
116
212
172
153
164
112
146
172
148
105
170
193
135
145
186
142
179
334
219
194
172
188
136
238
233
136
205
146
185
152
213
188
146
261
189
169
279
139
244
216
225
117
114
162
179
113
138
208
118
157
131
119
179
215
173
167
203
205
218
128
138
287
160
210
233
202
154
88
133
210
219
185
155
121
179
146
108
164
195
125
199
184
317
308
416
342
193
259
299
208
210
138
212
170
146
146
135
135
138
171
265
155
114
123
125
142
246
155
173
146
168
185
159
226
169
97
99
165
129
206
148
182
328
205
296
236
306
358
303
409
327
359
305
341
408
275
249
182
345
164
173
222
153
232
147
323
320
228
205
202
325
326
326
297
292
188
202
175
219
132
178
171
142
126
100
114
231
230
193
249
239
160
170
233
152
200
195
97
236
239
319
267
292
461
345
351
510
365
324
393
287
409
388
149
220
253
308
130
173
132
212
157
153
120
125
127
205
230
149
302
135
144
271
270
283
293
167
194
218
200
184
124
353
197
147
351
211
379
333
510
250
158
123
147
154
255
200
216
198
237
217
272
263
279
256
300
344
398
306
369
150
178
240
296
279
281
378
367
289
312
326
321
291
444
331
333
356
357
357
353
400
304
392
368
101
160
153
855
203
212
258
162
166
157
239
192
195
125
152
92
179
215
189
282
293
199
290
376
384
306
338
407
340
360
387
347
328
323
386
326
390
297
328
334
336
237
260
413
200
196
227
211
237
385
261
281
363
310
324
337
384
352
321
339
309
244
207
158
268
354
304
189
184
271
217
211
210
317
410
293
303
312
398
412
413
332
325
373
318
357
352
373
348
322
405
386
371
324
344
306
361
315
310
355
367
299
297
293
394
347
161
179
163
156
215
180
253
254
264
336
333
360
305
302
335
390
322
379
382
299
324
359
399
321
356
388
328
394
362
512
304
315
347
333
365
291
357
366
280
314
316
376
389
286
237
148
205
323
176
126
163
336
339
256
377
503
433
365
320
476
521
159
291
335
391
462
211
138
165
221
255
251
247
218
189
180
251
206
182
195
187
203
193
110
284
208
232
150
278
287
230
210
248
207
259
208
271
210
152
195
192
607
311
212
123
148
230
412
277
363
159
362
339
185
334
332
176
334
235
210
367
259
261
187
252
173
262
340
312
265
323
198
315
155
283
266
327
235
219
232
410
226
248
250
388
401
143
243
262
133
183
217
180
122
168
179
211
197
234
237
217
203
213
299
184
240
126
136
216
141
195
183
373
308
337
381
415
141
307
158
297
220
330
206
229
327
343
310
243
152
278
345
367
509
313
369
290
253
138
203
224
233
289
265
289
298
220
228
229
371
297
409
302
334
361
507
402
384
351
309
412
309
357
376
275
329
374
390
382
452
297
359
414
319
264
139
127
145
255
164
135
196
156
288
261
182
139
161
167
244
137
151
197
199
336
407
372
337
345
203
146
145
257
266
506
473
358
269
275
200
227
147
218
218
215
222
324
347
356
433
382
398
398
366
342
312
303
505
362
392
369
281
313
287
290
372
387
321
169
129
266
214
267
311
297
297
390
313
331
291
456
301
369
400
346
354
298
368
314
444
329
364
329
244
201
201
238
193
240
284
151
215
204
274
352
258
304
260
331
316
239
177
184
286
257
310
117
107
195
329
368
212
283
272
324
335
494
383
206
147
304
196
458
225
135
217
364
256
337
194
196
258
207
146
193
224
243
350
240
286
157
145
166
163
157
129
125
158
201
207
250
119
171
220
113
134
201
101
185
207
130
203
143
146
158
201
165
146
169
142
259
170
228
192
206
303
191
200
181
249
279
148
108
164
294
159
225
343
252
284
253
244
291
385
307
312
345
377
280
425
504
342
396
398
326
342
370
498
426
381
320
114
137
122
188
141
163
113
145
161
202
250
105
102
190
244
102
193
186
181
127
206
197
163
154
287
283
341
282
250
191
1234
154
136
146
188
249
244
131
258
348
341
192
157
271
257
223
268
263
359
251
155
153
178
152
211
174
201
222
150
183
163
236
176
163
140
157
234
183
264
207
194
169
131
247
195
167
168
230
280
282
171
175
118
199
103
172
261
198
223
213
291
281
229
233
186
197
131
224
222
342
254
321
269
251
138
222
396
196
211
188
203
264
189
128
328
217
218
315
336
359
404
380
362
335
339
319
396
318
336
279
286
314
349
408
380
406
406
321
320
334
380
292
314
363
400
291
331
169
126
166
555
227
331
293
378
328
412
299
308
448
406
276
323
319
310
415
357
268
290
227
289
329
271
185
158
187
223
129
153
164
191
218
184
199
239
351
315
500
477
237
275
309
382
356
398
370
355
409
338
350
282
375
446
342
384
299
292
303
269
275
301
306
337
352
292
303
495
264
154
93
158
117
166
211
224
205
340
200
96
129
276
265
200
197
260
249
291
362
307
330
356
395
192
198
199
204
210
251
348
307
394
307
368
407
308
343
355
272
303
309
316
335
357
333
402
377
341
361
369
384
284
327
315
328
116
195
269
213
280
360
313
332
228
203
224
235
307
347
272
317
202
225
261
371
313
380
322
326
221
199
289
290
396
305
342
360
391
364
466
348
355
378
309
388
367
375
280
405
389
369
504
307
407
286
335
302
320
296
328
248
307
432
420
320
404
334
437
320
344
294
351
408
193
201
194
395
304
539
322
399
289
332
334
306
348
306
359
294
220
141
173
138
114
159
158
186
165
194
171
196
127
223
352
223
149
148
313
276
228
150
183
173
143
137
192
160
266
303
164
192
152
126
185
196
185
384
411
456
470
332
349
335
281
312
393
293
311
301
346
286
354
410
286
293
403
405
392
351
353
283
284
307
402
471
472
288
373
340
426
441
354
326
379
343
375
384
394
319
349
285
481
435
333
454
554
350
402
406
426
292
304
422
287
287
388
398
313
393
166
172
201
238
222
334
148
292
384
243
240
256
461
336
255
376
288
376
519
461
277
469
332
394
171
267
206
135
206
277
286
142
221
197
220
247
300
283
267
269
333
305
236
202
337
262
193
370
289
269
319
337
276
328
364
143
226
221
289
160
198
312
170
320
350
343
388
279
300
332
378
1260
278
173
226
290
249
270
303
182
279
234
325
204
271
275
329
343
156
188
100
185
224
199
126
225
168
111
247
211
221
194
141
135
179
121
216
244
277
313
161
223
309
229
129
217
281
361
360
218
334
178
221
160
158
209
165
298
354
451
391
348
330
358
394
277
401
345
306
323
284
306
92
93
124
116
200
118
165
129
146
173
193
346
216
148
207
208
243
161
210
228
155
177
133
155
191
179
171
154
172
160
131
195
263
223
233
153
217
192
116
186
147
149
138
132
166
198
161
148
140
608
238
189
145
211
246
149
249
112
257
255
208
215
230
181
169
134
144
134
132
168
134
130
162
142
203
131
117
107
112
198
165
133
175
121
204
236
228
137
272
192
164
165
227
239
277
179
188
197
111
132
164
171
165
187
157
206
184
219
264
251
147
91
173
215
141
196
93
208
192
228
137
223
201
160
211
169
162
168
207
164
184
134
215
175
176
240
131
229
181
161
194
117
132
277
171
114
135
157
144
182
173
165
150
240
184
257
347
173
258
233
286
279
314
251
385
262
327
277
267
245
154
302
360
398
319
366
225
225
295
343
362
370
422
427
291
431
396
409
396
318
212
105
110
111
200
144
251
205
142
158
164
155
209
154
178
222
258
350
241
336
157
174
116
301
176
167
200
196
119
199
110
200
248
226
177
195
212
218
102
105
195
182
164
134
247
288
315
137
158
243
331
172
218
194
227
259
144
137
161
123
122
207
99
161
134
106
141
144
182
116
121
127
137
181
174
162
162
148
94
164
250
141
278
233
167
151
110
130
114
157
222
130
139
257
146
189
102
228
176
289
212
258
106
305
297
195
254
263
288
386
145
287
298
201
122
215
220
144
146
267
216
246
190
217
168
131
193
172
115
145
131
138
191
156
175
148
148
149
175
147
204
121
191
211
210
142
170
266
138
78
173
169
209
154
154
120
187
148
300
165
199
213
190
222
246
254
197
177
179
167
269
188
272
143
125
182
110
132
182
133
218
149
197
188
132
235
236
148
149
176
215
125
178
375
216
114
238
233
196
223
180
254
247
199
269
287
296
273
130
268
164
165
201
360
344
120
247
233
122
167
147
146
211
131
192
193
250
162
200
340
256
333
302
126
167
204
233
253
237
1349
203
297
153
190
126
233
222
240
221
262
261
162
137
130
152
133
232
221
108
145
225
311
155
188
353
261
287
290
240
230
199
194
262
305
221
262
211
334
276
121
153
156
245
133
225
138
122
198
132
165
206
200
176
162
108
289
204
167
262
183
145
219
251
146
161
116
109
176
172
188
256
148
241
143
263
310
348
513
202
261
149
234
233
313
292
282
150
171
223
212
167
292
303
257
197
202
155
225
180
237
137
170
155
134
164
139
175
192
295
266
263
126
172
140
163
158
193
196
607
174
242
171
239
216
208
138
244
201
272
185
132
157
215
123
172
174
139
146
145
143
144
120
131
144
169
225
114
158
142
215
138
136
130
145
245
138
139
216
173
169
130
183
210
126
132
185
165
134
259
215
170
130
114
114
167
148
175
173
126
243
287
157
279
247
351
366
417
292
118
206
257
102
107
259
249
368
270
304
558
401
435
341
562
314
374
338
391
364
271
278
316
228
260
209
195
263
135
143
195
155
126
140
203
169
122
214
218
209
218
100
168
206
219
227
187
193
123
164
86
124
102
155
124
164
111
146
125
158
234
151
112
119
191
165
176
121
162
145
209
155
189
228
192
193
155
138
150
189
147
216
254
284
189
164
226
167
183
116
121
165
162
232
216
238
298
218
197
139
199
275
240
263
387
225
285
312
372
352
384
384
351
365
336
337
293
323
346
387
281
312
303
360
390
309
344
340
369
391
323
379
397
452
371
288
213
139
131
170
215
156
160
132
177
167
146
134
184
126
146
220
170
217
179
176
137
197
235
254
140
189
145
172
211
105
309
148
166
178
132
161
194
199
118
161
128
133
129
196
207
302
188
126
172
131
164
246
91
172
155
134
130
189
188
200
140
126
127
137
250
186
272
203
108
141
146
159
127
131
155
134
120
151
114
214
152
141
186
229
101
142
218
143
153
148
187
307
290
189
148
151
156
146
126
205
170
138
143
119
177
138
125
121
186
231
156
133
149
136
104
114
160
224
121
205
225
258
260
162
149
211
311
259
244
459
168
286
259
360
366
297
242
145
154
465
303
216
270
296
244
341
378
347
345
306
157
183
106
104
169
212
165
194
148
129
118
138
135
109
116
163
134
156
267
275
208
143
281
233
130
1306
238
195
113
154
173
257
311
160
166
223
347
261
786
215
176
344
264
261
265
317
319
331
345
356
289
391
341
396
364
421
315
338
375
210
184
136
148
171
168
280
288
292
195
234
259
223
215
224
246
243
169
211
166
115
170
290
155
135
125
162
197
139
148
237
256
188
126
105
126
117
171
172
170
111
232
141
175
131
232
183
191
184
119
174
260
161
145
188
167
227
224
154
172
138
152
117
271
127
225
206
138
168
177
264
134
178
187
193
248
293
274
362
287
333
574
300
326
366
284
577
284
277
192
314
371
400
288
213
159
97
176
275
316
303
370
282
278
290
353
277
302
236
233
179
345
353
252
142
220
287
387
333
299
166
120
284
215
160
174
208
150
204
242
316
294
454
224
165
206
173
215
153
175
267
148
156
117
136
140
185
133
137
250
168
135
209
241
219
135
162
206
148
184
246
226
162
224
230
151
213
173
156
146
174
212
156
182
167
220
165
187
249
269
242
338
283
329
479
355
157
187
266
132
144
216
286
378
333
299
377
341
211
226
204
281
351
213
262
284
203
336
379
427
381
401
350
331
350
316
353
335
275
345
158
210
160
101
210
252
114
135
275
269
256
264
225
370
271
188
236
258
270
212
184
142
133
202
234
290
134
323
225
329
360
584
166
266
432
426
313
339
365
388
398
289
379
360
345
330
398
392
379
239
157
196
250
191
176
286
209
248
408
305
258
336
379
258
250
192
160
192
159
276
168
202
153
344
191
245
235
201
140
121
194
288
217
216
162
104
309
149
182
173
180
144
145
202
169
176
226
233
202
310
135
235
217
222
232
180
192
160
354
336
190
231
210
210
216
200
110
173
174
205
178
206
151
118
145
155
176
115
255
129
160
213
254
217
113
126
308
260
102
94
132
183
187
298
302
252
420
410
256
247
270
242
332
219
193
201
275
194
135
194
170
117
169
138
169
216
177
209
88
134
211
221
120
136
206
124
165
167
151
198
168
117
134
111
220
243
278
170
174
213
171
217
205
99
194
259
343
341
221
189
164
125
220
117
205
214
210
176
162
205
211
136
166
225
123
254
170
238
196
161
158
167
160
198
281
141
159
136
307
162
202
130
191
233
244
303
253
203
226
154
243
200
223
142
235
146
155
185
222
174
197
214
255
405
155
149
124
158
265
241
255
413
167
273
292
259
357
240
233
129
230
205
160
166
162
192
183
174
130
165
200
157
194
201
179
155
135
234
181
112
268
298
117
189
192
117
115
167
141
158
156
173
150
168
131
173
174
157
221
121
150
242
193
162
191
146
196
208
104
161
220
158
90
159
174
170
131
164
235
192
288
188
307
192
176
241
204
112
141
173
132
180
111
186
251
289
192
253
131
217
369
226
365
203
182
169
216
204
105
151
162
149
151
136
252
213
245
234
203
329
457
212
265
162
102
123
170
190
184
208
361
295
125
333
212
113
320
582
335
369
268
265
291
169
238
214
255
335
218
327
264
225
252
223
242
178
254
217
165
346
278
162
178
288
138
149
254
117
168
178
97
221
191
168
228
196
158
264
351
290
202
221
349
352
473
377
266
243
187
233
251
365
260
309
227
108
105
161
147
154
245
150
162
225
149
101
209
119
255
416
133
260
205
167
151
188
171
197
173
129
150
109
129
194
148
149
164
222
239
323
207
162
150
190
268
179
208
255
305
356
419
356
238
164
215
164
249
99
207
203
166
189
164
267
145
134
132
151
141
155
98
169
174
135
137
129
146
149
158
189
150
179
214
174
179
218
107
103
139
129
160
240
147
124
214
162
221
259
162
245
224
89
230
215
390
211
191
208
281
327
306
293
205
178
207
201
137
155
154
268
208
192
203
228
224
240
299
289
333
369
247
243
265
336
343
465
172
176
172
153
117
166
115
222
162
179
145
96
197
178
300
221
216
331
246
182
159
161
151
282
148
141
259
148
155
241
246
256
241
293
368
373
282
324
343
297
231
239
305
362
299
216
376
380
306
332
508
326
388
314
344
355
398
252
220
213
161
178
155
211
197
176
143
145
217
155
112
321
222
225
146
183
145
122
201
201
131
160
239
198
284
156
148
198
405
249
182
147
174
196
136
175
150
157
219
126
148
195
331
178
118
178
114
344
124
299
271
236
254
158
139
174
130
212
144
186
116
146
147
141
131
196
225
345
198
166
124
169
183
229
148
263
313
271
171
183
170
194
233
185
144
211
259
323
274
195
161
188
263
295
229
380
254
200
283
214
160
251
310
186
196
235
143
273
97
148
1265
187
226
159
244
328
299
281
308
321
322
305
328
305
359
471
298
312
312
313
399
430
437
388
353
183
185
212
265
252
289
399
355
378
408
307
338
344
441
387
356
426
351
380
307
389
330
351
384
401
375
325
395
442
350
384
347
304
307
406
143
174
227
204
114
174
240
181
273
289
382
399
395
392
386
392
342
367
290
302
440
297
400
284
434
270
187
125
220
175
296
133
210
493
352
289
392
316
225
239
139
147
224
183
173
275
235
225
109
181
194
199
164
244
314
368
345
387
307
362
693
204
224
261
240
247
193
352
384
340
170
220
312
200
325
365
386
266
272
168
140
179
137
226
149
189
263
235
169
160
260
112
148
251
256
311
139
192
189
143
141
144
118
208
215
287
258
109
131
231
221
227
238
268
345
284
278
375
286
293
388
361
348
322
317
347
193
242
273
307
325
216
209
179
155
165
209
170
228
236
140
184
150
145
175
151
123
185
172
152
81
122
155
130
142
203
132
142
121
176
125
234
253
140
136
181
232
295
273
204
232
219
236
261
268
218
303
218
199
229
259
236
274
391
431
441
370
309
265
229
135
135
258
191
350
137
271
185
269
287
254
179
235
212
188
234
277
228
169
199
147
196
285
171
232
195
397
297
327
347
334
272
209
104
137
100
193
188
205
273
171
201
155
194
245
302
350
128
170
95
110
167
152
177
273
131
201
133
124
153
116
193
172
125
208
264
200
121
284
204
345
202
181
220
278
151
220
288
324
247
308
199
229
163
190
136
122
164
233
210
226
302
163
190
246
182
182
133
140
96
132
128
150
125
123
127
185
166
198
184
186
119
157
221
202
179
168
161
258
219
164
177
145
163
97
229
102
131
170
186
163
343
194
131
167
213
176
159
175
240
188
223
266
221
138
228
329
211
255
170
218
168
161
188
170
172
290
312
274
248
213
136
234
268
229
158
192
185
302
136
172
196
154
120
142
209
139
162
114
211
195
161
216
155
121
248
128
123
204
168
184
221
107
122
235
204
158
183
99
147
181
93
204
162
160
106
100
201
130
233
175
266
167
227
157
118
151
124
212
224
183
142
179
197
234
145
195
141
235
146
227
174
172
184
165
207
104
211
119
191
168
149
148
143
163
164
164
142
148
155
1208
205
176
153
121
114
174
116
90
209
180
193
183
187
195
206
141
167
211
241
226
175
305
348
245
217
139
234
223
270
318
131
228
212
227
210
286
308
196
229
218
259
263
246
300
234
328
149
258
263
252
271
155
159
301
165
233
245
187
156
175
137
92
136
224
219
118
190
139
179
131
142
116
146
195
144
156
264
224
154
193
260
192
188
160
115
208
272
142
254
288
256
255
229
152
263
214
292
231
425
166
470
325
330
339
189
261
369
353
187
198
170
166
149
139
218
133
207
134
214
482
155
256
238
306
282
286
182
184
259
368
347
210
225
202
217
245
295
400
477
274
346
322
432
358
436
530
327
349
446
346
418
322
329
363
223
134
129
276
196
201
185
249
284
280
419
261
270
128
135
159
151
143
132
133
254
235
216
197
137
170
223
104
161
119
131
225
159
168
200
238
243
223
395
286
108
198
250
192
293
246
332
397
495
365
422
176
586
390
399
470
351
154
180
141
339
237
209
218
231
154
192
276
291
321
301
282
409
526
319
375
355
294
503
258
616
481
389
422
449
351
559
290
298
342
250
188
338
398
349
387
386
338
290
409
324
173
211
102
125
290
112
202
155
122
98
162
210
181
205
249
296
384
293
335
378
267
289
385
410
431
294
375
314
323
303
406
338
298
285
310
318
387
295
291
329
338
370
363
370
396
292
311
380
208
190
229
228
277
359
449
325
343
403
318
335
240
204
166
216
151
170
215
167
164
140
176
242
149
131
145
175
164
217
109
160
140
193
134
201
186
149
114
197
226
147
154
171
227
248
222
125
91
131
216
274
283
111
116
207
161
112
147
97
119
157
129
118
206
136
151
160
132
129
217
110
162
231
152
183
108
147
236
151
157
221
189
231
166
183
198
113
108
189
207
321
289
276
532
316
332
339
440
321
151
155
151
177
106
158
227
173
148
141
160
215
197
213
118
158
270
198
158
190
109
142
95
177
177
185
168
217
153
139
125
315
242
192
234
259
157
151
158
172
162
197
136
187
234
201
278
145
124
111
164
135
169
121
153
117
164
148
97
189
137
188
214
184
226
248
212
115
228
150
215
230
271
187
235
118
162
147
190
158
217
181
171
131
142
198
137
164
122
197
262
230
139
227
142
147
206
184
196
184
199
143
138
146
121
168
153
158
101
120
135
137
120
189
142
134
162
133
176
146
212
124
182
186
127
170
176
193
200
181
156
140
169
140
119
177
137
110
91
148
157
119
186
167
195
113
136
180
172
104
151
195
124
115
82
125
153
127
109
192
147
115
251
261
206
214
160
170
130
114
168
162
163
202
120
149
195
204
252
309
288
201
295
194
124
117
131
177
150
135
260
245
318
184
231
105
195
226
235
211
137
193
179
177
194
110
125
231
243
247
147
172
234
131
280
178
612
177
150
156
144
142
132
168
257
238
256
255
291
215
184
237
218
236
184
162
200
281
137
151
152
132
134
154
158
187
297
218
320
300
235
266
195
190
296
259
266
279
152
138
141
123
130
144
161
188
197
176
153
137
126
167
80
158
168
133
228
121
134
162
174
165
311
211
266
288
199
220
169
298
143
207
152
240
222
122
172
205
227
210
348
194
223
180
223
164
232
229
236
244
182
214
141
263
154
272
343
213
178
318
264
312
304
306
212
185
218
227
253
264
287
199
324
276
217
440
156
268
281
158
197
215
133
112
138
150
224
227
197
114
226
169
246
236
263
140
142
242
156
209
198
165
158
208
198
232
196
148
221
181
209
129
175
159
221
163
178
101
216
155
136
330
238
223
218
131
325
285
222
379
175
210
148
474
516
283
177
161
174
255
140
171
195
172
191
141
146
185
145
152
158
124
160
136
171
172
189
101
149
182
140
226
202
197
189
203
275
182
170
127
192
284
244
208
196
237
223
268
167
217
282
265
180
292
277
286
449
487
166
354
258
159
260
156
182
158
177
295
249
186
151
181
135
202
181
212
116
123
212
135
418
274
268
301
292
409
208
284
272
401
329
465
464
546
435
384
525
454
323
272
220
220
333
335
314
330
124
162
200
177
277
337
318
322
356
413
326
466
355
381
367
308
320
283
328
363
448
371
309
382
157
147
236
171
299
380
226
246
486
336
367
224
419
336
330
394
320
409
406
356
284
397
283
176
359
239
100
193
228
215
240
168
215
181
142
208
197
131
313
124
157
164
162
141
170
202
237
202
213
101
257
303
328
161
318
232
206
180
213
200
171
190
193
217
199
205
165
237
166
356
203
343
373
398
375
402
1389
198
167
228
240
255
281
253
247
281
288
207
376
318
159
264
388
343
422
152
148
146
182
135
124
156
197
135
125
