397
558
313
359
196
316
378
272
538
462
423
242
120
492
172
498
166
415
222
398
278
521
164
384
168
415
168
417
160
392
170
154
460
183
427
185
414
270
353
179
178
387
114
415
273
170
418
163
398
169
474
134
456
129
133
450
162
400
135
379
164
377
163
408
178
509
152
447
184
485
161
381
143
370
164
134
358
129
429
129
365
116
436
128
307
117
364
129
433
127
433
127
374
161
383
164
398
165
133
354
162
389
161
396
160
453
164
460
169
524
167
420
160
458
161
460
160
464
160
152
362
148
449
129
492
127
493
126
435
128
401
154
382
160
465
159
464
159
391
163
156
457
162
399
158
391
160
396
162
403
159
385
157
392
162
402
159
387
159
411
159
133
464
159
390
160
393
160
392
129
370
114
434
127
432
123
432
125
373
158
463
127
358
160
150
463
164
360
126
475
159
526
484
616
162
453
163
447
162
402
157
392
146
369
157
152
451
158
373
160
526
154
452
161
446
130
399
163
397
160
396
163
428
197
585
156
131
378
151
394
163
394
129
452
164
405
172
404
162
509
164
460
161
454
162
384
163
159
453
165
405
168
460
164
360
158
394
166
459
168
343
169
367
126
434
126
430
126
363
158
141
460
160
466
162
478
173
476
165
473
164
462
164
409
160
278
161
389
492
408
154
144
415
159
393
161
397
163
490
129
493
126
494
114
480
140
424
123
483
148
481
137
377
119
141
451
402
543
194
523
170
472
161
457
160
456
97
501
162
393
163
395
166
484
131
159
497
163
413
153
410
162
455
163
580
162
456
291
585
163
581
162
458
161
454
162
169
440
164
424
161
423
140
498
371
406
149
405
163
395
162
425
130
503
164
404
161
152
370
142
414
125
425
127
486
129
424
130
364
160
393
163
483
145
518
163
422
163
400
165
150
379
160
394
160
391
161
466
149
276
160
506
160
458
159
452
160
446
161
457
160
141
494
159
400
157
396
162
394
128
421
125
491
159
382
571
266
295
465
172
413
256
234
510
168
147
367
240
176
434
255
227
383
192
210
386
143
282
384
157
349
419
142
141
486
141
386
157
354
114
492
281
516
196
410
134
483
144
479
156
394
163
393
160
401
165
151
446
162
416
156
509
161
574
160
582
159
451
162
458
160
455
216
411
164
504
160
142
353
142
478
142
373
162
412
166
407
171
487
146
416
162
398
199
399
162
392
162
466
157
154
503
165
323
164
531
167
420
162
503
163
457
162
451
161
460
122
447
150
110
486
131
488
133
370
205
471
129
415
129
421
160
399
161
373
128
455
128
372
162
441
209
154
494
130
428
161
387
151
504
163
405
167
402
167
427
126
530
138
377
162
371
161
153
357
276
389
156
373
143
356
157
383
205
398
163
395
160
488
131
425
160
400
165
491
126
152
445
161
440
164
420
164
539
159
456
366
533
160
456
110
495
160
417
161
415
161
152
485
131
420
130
365
128
430
128
412
145
380
152
387
162
426
141
328
154
383
169
133
367
159
446
162
385
149
621
161
456
162
580
163
453
162
584
162
583
162
583
163
149
443
163
417
189
549
163
580
163
323
162
450
163
460
163
457
163
586
162
453
164
448
131
150
427
163
418
162
543
162
586
163
450
162
450
162
458
160
430
163
326
162
435
164
125
489
136
487
147
447
162
397
167
358
134
365
119
490
142
487
135
415
142
484
146
481
142
133
447
161
438
321
577
163
506
168
459
163
452
162
448
98
304
148
447
161
132
482
143
376
170
401
130
420
133
435
128
420
134
358
165
407
451
531
157
471
158
418
127
352
426
125
397
149
524
161
464
160
580
162
461
159
469
160
459
160
465
160
459
166
166
439
124
401
114
434
128
438
125
364
122
437
123
427
125
358
149
445
127
431
127
441
124
119
386
167
472
158
472
161
465
159
399
154
347
162
472
158
394
158
394
158
393
162
142
425
128
442
126
433
128
436
126
430
130
858
189
442
123
428
133
439
126
357
129
258
374
163
451
164
420
152
466
166
416
152
457
162
403
158
403
160
386
160
398
161
144
430
126
432
128
430
128
438
127
374
200
503
160
421
127
360
130
436
125
429
123
438
125
134
464
161
420
164
417
173
390
167
394
162
455
163
530
166
413
160
464
274
420
161
147
437
125
433
156
462
124
368
158
460
160
396
160
395
160
466
159
391
161
391
160
164
451
161
467
169
477
172
431
160
418
152
466
158
398
157
393
161
468
162
466
166
131
447
161
397
160
395
126
440
125
438
128
436
125
424
125
432
129
401
118
434
125
366
163
152
385
160
397
158
468
148
624
159
461
165
470
169
390
166
391
160
404
157
394
162
151
430
126
442
199
407
159
420
116
369
130
438
125
493
125
434
127
441
161
387
129
437
125
159
472
163
463
162
398
160
391
161
401
128
386
277
593
159
377
161
387
152
133
429
129
431
124
437
127
366
126
435
122
364
151
379
159
386
163
395
82
361
160
396
159
141
346
161
402
171
387
160
466
159
456
161
404
157
390
162
398
157
403
162
391
161
126
428
159
392
164
466
128
434
159
451
157
431
160
398
167
404
165
397
123
436
127
363
156
160
465
162
471
159
457
160
523
162
402
166
463
157
401
160
466
161
528
160
327
159
149
434
126
355
160
397
163
394
161
390
165
398
161
468
158
390
161
469
127
370
126
151
448
159
413
158
394
160
389
263
461
166
349
124
421
160
395
158
392
162
390
160
164
362
153
451
160
463
125
427
125
366
127
356
156
461
130
364
125
436
266
501
156
499
160
134
420
159
408
186
537
160
460
161
579
161
457
161
430
186
514
185
513
160
461
178
124
475
154
386
161
285
159
576
148
360
168
468
167
414
160
395
165
478
132
475
157
397
158
122
489
163
500
188
526
170
466
161
461
160
463
160
384
97
432
181
415
160
131
477
174
416
169
194
321
354
121
435
126
439
124
436
126
436
128
440
128
226
190
441
152
131
330
263
464
161
494
160
467
170
356
141
389
163
410
165
405
158
396
160
457
164
116
370
153
378
127
430
129
370
164
473
127
448
199
480
160
350
153
445
131
362
162
396
166
173
464
166
458
166
458
166
529
155
393
155
455
163
407
382
495
158
485
163
470
164
127
439
164
465
128
424
127
428
126
377
161
399
116
367
160
382
165
406
166
400
169
129
459
159
395
155
393
165
513
159
389
162
463
166
459
165
407
161
396
165
385
163
134
433
125
364
123
427
128
439
129
436
163
387
160
399
161
394
162
396
163
432
157
395
164
149
431
127
368
126
432
127
507
161
421
156
415
161
466
161
586
159
464
160
463
160
134
439
127
434
130
429
203
540
161
368
154
385
126
363
124
423
158
397
160
466
160
462
163
152
386
152
399
161
505
158
628
160
466
163
392
157
454
265
562
157
487
160
116
428
127
431
126
432
126
497
131
428
127
435
124
436
125
428
125
364
126
366
152
464
159
147
462
168
285
158
392
162
518
162
404
165
401
161
461
161
489
161
479
162
463
163
144
437
127
438
127
429
128
430
126
435
128
367
125
475
124
434
125
471
124
430
160
145
364
125
430
125
375
126
464
125
373
126
379
118
421
128
391
167
450
161
477
155
166
426
199
506
157
422
124
366
124
434
114
424
130
360
162
396
161
367
125
438
124
371
158
162
448
159
411
159
389
160
473
164
405
166
525
155
482
159
464
160
461
160
474
159
88
434
125
427
130
434
126
433
126
375
119
433
125
362
125
369
150
448
123
449
200
413
153
137
442
158
400
151
462
160
471
158
472
163
394
160
387
160
394
161
397
158
384
156
143
467
161
465
126
432
125
470
125
371
160
469
166
393
159
399
161
382
162
398
163
165
450
161
530
152
377
161
471
125
369
161
403
160
391
130
426
131
427
155
404
127
415
133
127
428
127
469
126
406
127
471
128
511
127
446
129
453
129
441
127
457
127
444
125
173
469
171
475
253
507
158
520
162
468
135
368
115
461
169
427
135
405
168
476
154
128
529
129
402
131
450
128
447
126
450
127
392
163
391
217
545
158
415
162
384
160
468
129
132
406
160
401
162
401
446
565
176
417
127
355
158
400
162
395
162
363
162
126
412
124
464
128
462
124
466
127
409
170
407
168
404
165
479
127
470
130
467
128
473
128
147
367
157
395
168
405
129
493
129
368
128
423
131
431
128
486
135
489
148
381
165
145
470
129
400
153
474
126
473
131
343
123
471
128
471
126
398
131
352
126
680
153
498
158
126
427
129
362
127
495
127
428
128
428
127
497
130
438
129
418
129
362
161
387
127
145
541
127
471
129
465
128
476
200
542
159
401
128
469
129
399
155
476
125
473
125
128
366
159
392
162
460
126
365
125
421
125
422
128
364
127
356
122
428
173
456
159
129
471
128
469
126
477
129
403
133
471
119
474
171
402
127
469
129
467
173
472
126
466
126
125
426
133
368
182
410
171
471
127
410
125
421
131
425
160
389
94
432
127
428
162
147
473
127
474
127
478
128
468
127
472
124
468
131
467
125
477
124
474
174
467
128
401
166
145
425
130
420
132
428
160
387
161
391
170
421
134
477
125
471
132
493
131
145
538
127
477
215
483
165
411
126
347
126
405
125
461
125
399
169
477
123
472
123
472
127
132
487
132
430
128
467
128
425
158
397
159
395
194
448
147
406
161
390
127
431
126
132
403
163
468
127
407
126
476
125
465
125
397
126
408
131
477
123
476
125
469
126
476
165
135
490
131
436
123
486
150
386
160
396
159
391
132
366
161
395
161
396
164
398
164
136
421
164
468
125
405
161
477
127
474
126
467
164
399
141
409
169
472
126
472
124
136
415
141
356
120
425
124
358
125
428
128
433
122
367
158
389
159
363
151
453
126
118
469
163
475
125
473
116
473
126
477
129
407
165
477
122
406
157
466
124
406
165
406
165
134
365
153
383
126
494
169
529
157
389
127
361
158
401
150
398
149
411
147
362
116
118
410
164
412
125
480
125
467
122
472
126
407
168
402
126
401
165
400
152
408
125
115
400
152
383
162
463
151
388
126
360
130
437
162
398
161
397
161
463
155
384
160
136
473
127
408
160
474
123
468
124
465
127
466
126
427
125
420
133
361
120
366
122
418
122
113
426
126
419
131
367
126
477
125
409
172
411
125
403
125
492
124
358
123
353
158
136
410
124
471
125
469
126
406
127
405
164
107
120
351
134
478
127
406
169
399
127
391
123
120
360
148
383
127
421
132
432
129
298
120
485
156
403
124
429
127
362
151
117
461
128
475
125
406
131
474
128
478
130
406
229
363
148
399
128
468
127
408
167
408
128
127
486
162
387
164
397
129
489
131
432
128
418
130
495
127
358
129
431
127
359
223
487
445
126
427
153
464
132
402
126
407
125
406
125
472
124
402
162
404
124
474
123
405
125
116
363
159
457
127
368
123
423
129
368
128
487
132
434
126
492
129
486
129
360
115
126
463
127
470
129
407
127
411
127
420
137
474
126
409
124
404
126
405
168
401
126
126
356
161
391
163
397
164
406
127
488
160
391
163
365
162
395
160
471
135
362
163
147
373
159
390
162
456
297
545
159
393
161
451
127
376
126
444
130
396
161
386
163
463
128
148
467
169
405
169
407
172
464
162
399
173
406
169
402
195
440
164
433
130
362
126
126
540
129
478
128
474
126
479
125
477
130
346
116
468
128
468
125
406
127
411
128
408
128
125
499
146
448
168
401
170
402
163
394
129
495
127
367
127
424
126
428
129
126
473
125
473
168
404
167
475
128
405
123
402
125
399
126
397
128
476
129
399
127
410
127
131
484
147
384
130
404
125
468
128
357
160
455
160
459
160
450
157
388
161
406
125
132
395
124
411
126
403
166
470
128
479
128
471
128
414
139
472
165
404
125
409
127
468
126
127
426
128
423
125
356
163
393
199
365
160
376
126
303
158
455
158
394
161
389
159
134
479
125
476
126
465
126
467
130
472
127
549
126
478
124
476
123
401
198
548
156
132
490
129
430
125
491
135
436
130
431
128
489
156
456
161
388
159
396
164
396
165
125
471
131
467
131
477
130
471
132
408
124
469
166
470
129
406
128
403
131
477
125
467
128
126
494
128
430
126
360
116
430
126
421
127
494
127
427
126
431
126
359
128
490
129
127
473
127
410
126
467
129
408
127
467
127
475
129
404
127
411
125
494
126
355
127
128
492
161
392
195
543
157
417
171
399
164
389
163
392
160
483
131
362
162
392
163
147
473
125
404
127
408
127
404
126
462
132
463
129
407
168
397
160
410
174
474
130
400
163
128
490
126
433
128
429
131
372
158
384
96
417
129
1435
457
383
185
468
155
450
159
128
484
164
477
126
477
124
474
127
406
123
474
126
415
165
408
123
472
125
403
169
472
126
135
362
118
493
125
362
125
423
128
502
129
363
171
394
158
397
163
344
116
424
143
116
454
125
445
128
446
125
453
127
385
156
456
127
448
125
378
123
441
124
376
124
134
475
159
399
474
513
158
492
159
458
160
457
160
462
159
396
165
469
125
473
140
128
380
160
403
167
471
123
462
213
379
151
392
126
411
128
472
130
405
171
399
168
470
128
145
360
156
457
162
390
163
390
162
396
164
396
162
394
164
463
195
448
174
426
138
126
459
128
404
128
465
128
478
131
401
123
478
125
406
128
465
126
464
128
397
121
128
429
126
428
124
433
126
427
129
363
129
497
161
395
162
397
161
390
162
387
163
127
466
128
466
128
413
127
468
128
469
128
402
168
466
129
386
126
399
168
468
128
414
128
143
484
133
361
125
424
125
426
124
423
125
493
160
398
164
430
125
362
142
439
129
127
481
201
545
159
339
127
414
124
469
126
471
126
399
165
472
125
411
124
470
165
354
173
144
362
157
391
165
390
127
430
158
392
185
408
119
424
127
422
132
368
122
117
421
167
475
124
423
132
428
127
433
126
427
124
485
131
439
130
485
130
470
168
471
166
142
418
142
445
124
485
131
436
129
429
127
433
123
428
126
487
127
430
122
427
127
125
471
163
478
126
473
164
464
127
479
123
472
126
477
123
471
126
466
126
396
165
402
155
147
372
160
461
125
424
134
439
127
370
128
432
123
428
129
362
157
387
159
400
163
144
469
126
430
125
430
127
479
125
471
127
408
170
405
167
407
167
422
125
482
127
125
435
124
428
157
389
193
558
146
399
123
364
127
366
153
396
158
396
160
397
161
127
474
167
476
127
430
122
475
123
466
125
470
127
407
137
401
213
391
165
473
122
465
125
134
430
125
488
147
390
161
394
114
434
126
363
125
365
125
427
126
422
135
440
126
145
406
158
398
121
474
126
473
125
472
122
463
165
412
125
481
128
477
124
421
129
460
123
137
427
125
363
115
490
131
435
126
361
125
422
158
396
162
394
162
456
124
134
469
125
474
126
476
126
407
126
466
127
465
165
475
122
474
127
468
129
156
158
477
128
157
357
157
390
126
497
125
426
127
364
129
498
176
125
325
235
254
393
159
371
158
152
487
125
384
125
510
120
479
148
494
285
517
180
400
125
471
124
486
123
492
157
484
160
137
520
157
447
157
389
155
470
159
540
118
386
164
540
163
509
160
384
244
404
154
133
508
160
490
128
570
121
772
165
384
127
502
126
500
158
380
161
432
161
370
159
133
444
157
371
160
532
160
277
157
387
147
377
161
399
122
379
158
382
156
395
159
114
420
126
433
127
429
124
498
129
434
128
431
124
429
160
399
162
420
126
357
130
359
157
118
379
158
464
160
458
160
411
155
387
158
383
155
394
143
377
160
453
159
453
162
148
422
159
406
215
500
155
401
159
460
123
492
129
360
153
386
84
362
155
462
159
143
456
161
409
154
450
160
449
158
397
164
454
159
380
252
594
160
518
160
454
159
163
500
124
494
147
387
163
398
126
360
132
375
126
502
125
502
125
433
123
429
120
366
125
153
414
161
401
161
395
155
399
159
393
158
391
156
397
162
389
158
395
158
413
160
161
423
134
443
126
431
127
371
112
423
124
395
125
488
125
428
126
363
126
368
117
423
124
151
387
147
447
160
520
162
547
177
450
163
530
156
546
161
452
159
394
155
247
349
133
426
122
365
116
427
126
430
127
435
125
436
125
363
121
366
153
385
158
401
143
137
388
157
379
160
372
162
475
240
552
163
500
162
456
160
448
159
458
159
460
162
171
495
125
359
122
419
127
429
128
508
128
364
159
388
159
424
159
394
200
587
153
400
150
130
468
160
415
151
447
161
531
152
436
162
541
167
424
160
458
160
462
160
455
160
164
433
123
433
160
421
124
490
127
361
112
358
130
364
126
362
127
363
156
393
159
136
454
161
411
152
540
159
585
160
458
160
469
161
448
160
330
159
381
161
375
158
146
430
125
430
160
402
160
395
128
360
125
427
123
363
125
365
128
361
129
371
120
425
162
146
453
250
585
159
391
161
383
160
400
118
384
160
455
162
402
159
467
159
466
155
149
440
126
441
125
432
126
425
124
428
127
365
379
561
151
391
146
360
127
358
163
393
161
167
377
158
400
162
380
160
425
154
535
171
465
160
454
160
460
160
470
160
120
96
315
367
143
492
160
381
161
468
161
399
161
403
165
398
163
408
158
396
160
397
161
130
442
161
388
160
400
159
470
161
361
148
518
160
374
160
420
160
395
157
389
158
130
364
159
400
165
401
162
402
163
405
147
378
159
395
161
464
124
425
133
393
127
362
157
136
449
159
404
167
451
163
377
157
394
374
492
156
485
159
378
159
384
160
449
160
144
437
160
398
161
399
195
488
159
368
126
361
125
436
128
437
125
425
126
432
125
141
455
162
473
160
394
159
389
157
401
159
394
159
450
162
460
248
581
158
512
170
129
364
127
431
126
434
129
369
162
391
162
402
93
420
163
391
162
397
162
396
164
395
163
130
454
163
344
162
518
152
527
161
456
162
448
163
369
161
411
161
388
162
450
162
128
440
131
379
127
436
127
434
127
428
130
372
157
417
160
388
161
400
164
396
159
385
164
158
387
162
444
165
414
161
411
161
455
162
459
163
455
162
450
161
461
160
125
366
197
491
156
481
132
370
160
397
164
392
156
397
158
390
158
392
159
389
161
464
159
136
386
152
386
162
459
162
414
156
380
248
558
157
388
159
467
157
380
161
452
160
142
359
154
463
123
427
124
365
124
497
134
366
159
385
160
391
160
393
161
395
204
486
159
170
441
158
463
151
383
161
387
150
519
159
466
161
465
160
454
161
464
159
162
431
128
362
121
373
157
385
161
381
129
360
157
460
156
395
157
421
129
426
123
423
158
167
466
158
410
160
471
147
458
158
401
159
460
162
474
161
388
161
191
185
416
161
150
362
156
428
125
426
131
368
126
482
149
383
160
390
164
397
167
399
162
395
160
465
162
150
467
160
457
243
579
158
531
167
588
161
476
160
463
160
382
156
463
165
412
158
155
368
159
396
161
399
161
397
161
457
161
470
165
490
204
619
159
352
152
377
158
144
447
161
384
151
461
160
395
150
647
160
464
160
458
148
389
160
430
162
394
159
129
430
125
397
127
498
126
499
126
480
158
390
160
396
162
397
168
392
161
398
169
433
125
151
454
163
459
166
377
162
505
151
476
162
326
156
389
161
373
159
486
160
379
156
175
430
125
432
128
371
160
392
163
401
129
423
151
392
163
382
128
360
161
392
161
416
167
125
1246
512
540
238
398
125
419
131
418
126
501
123
356
125
351
122
423
124
114
460
126
414
158
461
129
454
124
396
172
400
125
408
125
412
124
470
123
410
124
394
125
86
500
151
447
123
420
132
352
121
422
125
427
125
358
153
384
159
390
194
455
144
115
460
153
476
124
462
125
395
125
459
122
466
124
399
125
677
210
443
157
381
125
391
125
125
357
131
355
127
360
125
424
124
430
125
427
123
354
127
497
159
392
160
396
161
125
397
140
460
127
467
124
539
126
471
115
477
127
345
133
399
116
460
125
400
159
118
483
144
379
125
415
129
494
131
506
125
494
147
385
161
459
156
384
159
458
159
118
411
154
465
201
484
156
413
116
410
125
397
125
465
124
472
122
400
163
466
124
460
130
126
482
145
378
127
491
131
368
162
393
128
498
198
586
156
355
161
451
159
387
158
116
397
124
464
125
450
127
402
125
396
124
401
126
402
164
470
123
474
124
473
123
393
171
132
488
128
503
125
432
127
496
161
393
126
483
147
386
161
392
162
392
165
128
395
150
408
114
399
122
405
126
470
127
462
124
402
163
390
125
407
160
334
150
475
125
115
420
159
393
160
359
153
391
128
543
124
466
121
464
122
495
125
434
125
423
159
114
463
157
400
126
409
125
410
171
471
127
403
113
458
126
399
125
402
166
407
125
471
125
135
492
150
389
161
401
198
460
145
450
119
426
139
411
135
435
152
423
131
354
114
115
470
125
469
123
468
125
388
124
457
128
387
113
403
122
465
177
403
161
401
161
116
429
127
504
129
489
157
405
127
427
127
370
125
484
128
494
126
490
129
437
124
116
470
124
466
126
465
126
469
122
471
127
460
126
467
131
472
127
477
127
474
125
398
122
136
489
157
397
160
390
160
409
163
404
126
361
159
457
159
401
161
392
129
357
123
122
398
161
471
127
471
126
402
121
465
128
402
125
476
124
410
167
469
125
436
125
121
430
171
339
126
368
153
382
160
385
130
415
146
426
135
439
130
362
126
477
125
411
117
120
487
131
432
160
463
156
389
162
401
172
398
158
406
126
403
162
408
168
403
128
129
490
142
382
129
489
135
438
128
485
145
450
127
358
162
458
156
385
163
403
168
126
473
127
474
127
409
122
209
127
403
189
401
122
476
130
412
128
412
114
400
127
400
128
125
491
141
446
125
362
128
419
127
422
126
489
130
482
145
373
160
461
154
144
459
125
465
126
399
112
458
159
337
142
461
122
399
167
397
162
462
127
464
125
452
125
125
503
159
388
159
389
159
390
126
420
128
429
125
491
124
494
126
358
423
561
242
125
471
123
416
123
400
287
564
157
403
151
474
126
463
127
473
127
408
122
401
163
467
126
116
483
142
377
127
421
121
502
124
359
124
404
124
428
200
377
146
413
157
429
123
118
542
124
468
122
472
124
456
128
406
127
468
126
471
123
395
161
395
153
467
124
114
491
144
418
126
365
123
493
132
378
129
489
120
493
120
365
159
392
156
384
124
115
466
126
465
129
447
125
472
124
475
126
479
124
397
169
468
124
466
125
467
168
476
125
136
485
124
367
123
427
127
432
158
389
161
422
154
390
161
487
128
430
123
359
153
123
467
126
464
125
467
127
475
125
472
125
471
125
406
172
400
122
409
126
396
163
401
156
117
492
140
483
130
482
130
520
197
474
144
384
152
457
155
398
158
429
161
135
421
157
374
122
492
125
536
124
500
128
496
160
422
161
390
160
400
161
452
204
386
166
135
440
123
352
128
428
127
423
157
455
158
388
160
392
161
398
159
353
127
486
143
136
401
162
397
126
453
129
464
122
466
128
466
124
473
123
472
125
389
124
402
162
413
161
115
491
150
381
162
462
163
395
159
404
159
388
163
401
164
415
126
488
125
369
157
114
397
113
456
126
458
122
402
126
365
126
435
124
415
167
413
166
486
122
480
127
117
446
143
375
193
561
168
493
158
427
159
406
156
484
126
474
131
506
126
376
127
115
464
166
415
120
400
116
498
125
473
125
415
166
562
205
459
147
475
126
508
130
431
122
115
479
135
399
125
412
128
383
123
468
130
422
145
376
159
417
160
433
128
373
156
136
254
126
402
125
497
125
491
124
432
124
386
121
432
164
424
125
370
124
444
127
412
154
88
508
158
388
156
464
163
383
127
215
113
490
127
449
142
401
162
410
162
118
488
168
433
126
497
122
480
124
500
126
435
126
430
170
423
124
398
160
474
123
467
124
136
476
126
448
131
395
122
495
168
1103
390
316
80
383
158
419
160
391
160
398
161
137
460
126
471
127
469
124
276
203
475
159
406
164
475
128
396
125
397
126
402
125
393
117
134
365
123
508
155
388
158
395
162
399
161
394
160
397
160
495
196
468
147
431
126
133
472
125
403
125
465
125
409
169
473
125
465
160
458
125
393
123
397
125
391
158
492
342
159
392
164
387
164
403
163
395
128
365
144
416
154
386
159
496
154
383
159
137
482
127
398
114
468
125
413
125
398
119
401
166
345
152
388
125
471
127
410
124
465
123
136
426
125
357
129
429
158
399
162
402
164
416
160
407
127
425
154
391
126
426
157
136
402
168
466
116
467
566
367
203
142
138
373
323
152
225
388
227
121
356
269
124
273
400
188
166
421
389
177
194
467
201
88
399
272
123
407
401
123
428
123
493
132
133
446
124
380
125
492
126
559
124
416
120
393
165
433
127
421
159
359
159
419
151
430
167
115
435
161
426
126
386
123
503
124
458
159
371
166
407
159
497
155
482
126
495
154
133
421
159
486
158
395
125
437
129
231
116
425
165
392
123
436
128
487
171
359
169
499
125
115
395
125
378
123
428
158
394
161
391
151
370
161
357
163
386
160
236
116
135
490
124
420
125
429
126
503
124
399
161
423
126
398
125
510
168
426
125
423
125
363
158
135
500
116
384
126
445
200
420
94
460
126
459
131
434
154
416
126
469
131
445
143
132
493
125
365
122
437
125
517
129
360
159
379
122
359
161
364
293
539
155
370
158
366
120
116
383
152
368
160
358
163
423
157
438
127
366
124
483
164
382
126
490
150
378
160
133
409
158
189
123
504
159
453
125
489
125
388
158
400
165
407
161
403
156
402
153
137
488
128
456
124
434
123
475
126
507
124
461
126
213
120
446
140
412
125
381
157
114
446
125
474
126
447
125
414
122
499
124
416
157
479
123
501
125
416
159
410
166
480
124
172
371
133
436
159
492
157
393
160
379
126
415
122
433
124
472
132
444
148
487
161
136
479
124
460
124
513
124
466
117
504
198
457
157
494
159
422
221
457
143
394
159
134
484
124
397
159
379
161
452
140
399
127
494
127
401
146
375
174
396
156
365
167
134
430
124
443
124
448
125
438
126
441
129
420
124
439
126
198
138
339
123
399
128
500
122
133
448
124
403
158
427
157
229
117
390
124
401
156
402
158
420
160
413
162
419
160
136
417
123
499
125
415
122
470
128
435
131
413
159
412
125
380
154
275
164
414
124
415
162
133
462
154
409
160
401
161
381
164
423
126
429
129
394
157
431
161
453
127
395
127
134
410
122
804
285
398
158
499
155
460
116
414
122
402
153
378
152
497
122
496
122
135
452
129
402
140
453
162
394
161
429
159
363
159
402
197
527
168
470
135
423
135
132
448
126
506
124
426
121
406
128
476
124
412
128
456
138
410
158
424
157
514
125
136
440
155
237
127
452
159
310
127
384
129
413
160
416
159
417
161
433
159
430
159
471
128
135
506
124
427
114
510
124
481
125
578
124
197
242
469
144
438
151
488
125
393
159
116
413
158
440
160
411
166
477
128
470
129
471
159
430
167
447
134
411
128
376
159
229
254
159
404
159
433
127
495
126
580
126
375
117
452
147
457
161
394
161
409
159
488
125
135
399
124
452
127
384
125
416
198
361
128
435
156
479
161
408
160
455
140
417
160
115
460
123
438
121
495
125
467
125
498
129
518
125
497
122
479
122
487
175
418
152
427
152
132
451
160
493
124
492
124
511
126
443
127
490
124
439
124
491
164
427
157
136
495
124
486
125
497
166
235
116
506
125
413
122
403
167
479
125
466
158
485
124
501
126
133
418
126
462
124
507
127
378
127
436
191
370
132
428
143
191
233
478
148
476
124
478
124
132
470
125
506
124
515
123
536
123
555
126
383
119
463
125
481
124
393
125
420
166
133
456
198
507
146
378
157
427
160
366
160
379
160
380
160
408
161
433
153
403
158
134
492
125
417
168
399
125
492
122
499
123
488
198
387
147
375
125
394
122
474
123
136
466
158
434
113
410
158
458
162
348
162
425
168
375
162
419
162
454
127
480
158
88
247
79
489
124
466
124
446
126
486
128
415
125
424
125
391
151
426
123
425
160
368
125
116
453
135
407
159
372
164
367
163
188
121
379
144
440
156
363
160
462
149
370
158
134
425
161
432
128
363
126
429
129
423
127
369
124
371
165
434
123
464
158
416
124
364
122
119
448
133
412
121
472
125
494
125
437
126
438
124
462
143
1182
488
510
155
361
123
134
437
123
439
125
431
200
561
148
364
121
433
124
439
127
428
123
425
124
370
124
118
466
132
441
125
369
113
129
420
205
147
472
128
472
161
373
194
564
158
452
133
109
507
123
436
125
369
120
445
130
431
118
442
127
363
148
360
127
434
127
435
124
377
122
146
446
133
282
158
378
424
531
158
384
125
433
123
403
163
373
161
371
155
369
160
127
488
128
492
156
430
127
369
124
439
197
439
125
415
124
361
156
377
122
425
140
117
457
135
466
126
462
146
428
125
407
126
470
157
413
126
414
127
477
122
439
126
125
433
168
371
159
431
126
423
161
437
128
439
125
430
126
364
163
368
161
456
134
478
129
115
464
123
429
128
490
159
446
152
416
194
497
173
348
159
460
158
433
159
438
158
133
468
125
511
122
420
112
484
127
503
124
370
118
444
126
502
124
499
124
503
165
142
444
160
488
156
452
126
461
140
456
126
438
143
478
157
396
160
443
141
476
158
148
470
122
566
124
400
121
463
125
223
165
400
157
429
124
374
162
361
156
429
124
434
124
134
388
158
368
160
426
134
499
127
371
142
430
161
371
156
425
160
243
142
472
162
134
367
114
515
123
510
160
381
121
566
129
466
162
470
126
475
126
543
130
365
156
439
163
133
461
157
380
195
539
203
504
161
427
159
431
159
435
144
393
147
353
160
364
160
136
455
124
355
112
399
122
445
125
567
124
449
128
427
200
458
149
422
125
423
129
133
490
158
365
159
455
114
391
142
459
142
410
144
456
125
456
129
417
156
409
160
134
438
124
181
139
312
129
483
124
441
125
365
153
428
126
363
118
426
125
371
118
430
157
147
467
128
457
156
366
126
431
125
436
126
359
122
469
129
463
128
399
156
366
161
133
440
126
439
124
429
125
476
125
436
164
437
126
438
125
463
143
432
126
364
153
142
453
128
389
130
390
142
443
139
419
127
391
145
398
158
364
125
423
125
410
159
113
426
127
422
125
485
125
430
126
362
286
536
157
375
160
363
161
438
125
363
160
360
159
133
394
157
425
158
353
162
371
160
377
127
453
142
420
161
371
159
364
194
556
156
115
444
125
441
125
503
127
443
125
362
122
440
126
435
123
366
125
442
123
443
123
197
130
145
429
125
467
128
365
128
390
143
398
130
409
124
391
156
413
160
437
162
114
525
165
509
122
461
128
474
124
367
124
473
126
331
118
479
126
231
114
438
128
404
122
122
451
155
370
160
468
128
395
135
490
130
431
157
385
163
463
131
460
158
373
160
117
444
126
445
199
465
159
368
124
460
114
776
180
536
145
439
157
383
125
473
126
115
433
126
419
159
393
166
463
139
426
88
468
124
488
193
541
159
409
155
383
161
391
160
118
432
125
429
123
431
124
429
127
366
128
444
157
384
121
446
124
438
125
456
131
126
421
150
373
126
455
124
443
125
374
125
464
131
451
171
402
168
464
134
469
141
117
449
124
373
126
368
157
375
126
369
114
417
158
367
144
378
154
439
158
382
159
440
124
115
451
177
471
138
440
125
436
158
383
122
366
119
375
160
387
160
413
131
372
139
114
449
127
507
126
424
125
432
125
371
124
445
125
374
156
450
122
363
157
445
125
447
124
115
458
130
457
165
404
194
538
157
496
160
439
125
377
150
448
128
441
125
132
370
124
450
122
446
125
437
127
372
126
439
126
431
124
434
124
364
205
579
147
363
170
118
381
156
364
160
387
135
494
157
361
160
368
162
379
159
387
132
411
159
430
124
134
446
136
396
123
407
154
435
127
426
158
375
127
360
161
435
125
483
124
425
127
442
124
133
460
129
450
143
356
158
365
148
356
161
370
159
231
162
391
122
441
156
491
160
113
508
128
417
126
395
149
459
129
389
140
388
160
369
158
368
121
437
128
374
158
128
495
196
541
204
402
162
455
130
416
96
472
141
378
129
469
135
363
164
371
162
126
439
128
440
121
369
123
463
192
449
125
469
203
460
158
488
159
437
160
557
159
114
452
157
362
161
438
172
478
127
463
143
443
126
482
158
373
160
453
134
418
125
467
169
114
429
124
436
125
373
124
373
145
369
148
363
155
453
124
379
124
457
145
464
142
114
439
125
384
123
486
125
441
122
393
146
355
127
394
153
372
161
380
159
330
148
116
427
130
439
128
428
124
435
124
505
128
429
121
363
151
493
125
425
123
420
121
433
125
135
455
126
464
145
424
128
425
125
435
128
427
125
480
125
447
157
408
159
366
163
135
358
158
261
128
425
200
558
153
458
142
385
138
459
124
459
132
462
124
464
158
120
466
158
362
159
365
128
451
157
439
164
377
165
374
157
434
198
390
274
509
162
119
482
126
420
127
462
127
488
126
421
127
371
95
429
127
364
126
410
142
458
125
429
129
144
368
159
316
140
482
126
376
131
477
134
474
160
367
500
537
160
451
132
436
126
488
127
126
452
137
461
161
406
165
458
125
456
127
206
121
460
148
405
158
477
122
497
159
143
450
130
378
154
389
160
420
159
371
127
471
128
465
148
479
160
432
158
424
159
126
407
158
508
125
505
126
491
125
450
122
396
121
489
159
361
124
427
122
431
123
132
458
138
455
157
430
161
362
161
425
286
505
154
434
162
365
160
441
130
477
129
127
476
126
401
126
433
130
362
117
429
130
422
126
424
127
365
115
437
126
483
289
527
154
146
446
118
468
129
557
134
450
163
377
130
491
159
437
164
398
163
371
163
398
132
144
367
159
495
126
437
128
400
125
429
114
484
157
403
163
434
158
423
128
432
129
366
130
145
460
160
373
162
359
165
378
164
358
118
449
129
469
122
215
123
486
126
134
490
124
498
125
490
126
413
125
469
114
500
163
487
124
389
162
370
124
477
127
414
125
119
493
123
452
198
451
146
453
163
369
123
475
125
493
126
508
144
379
161
493
162
135
486
124
488
127
373
121
448
125
367
160
429
124
493
198
550
147
364
124
430
123
437
124
133
452
136
405
128
461
127
404
125
471
125
448
126
404
146
493
157
428
158
437
159
115
189
166
522
149
406
125
403
125
369
111
468
127
311
150
426
156
374
124
493
123
132
479
131
486
157
374
127
384
156
439
122
198
123
486
157
374
159
433
160
367
160
116
450
125
388
126
384
124
391
125
453
126
544
124
425
160
474
126
480
125
500
124
220
119
132
414
112
468
127
420
127
393
150
420
126
483
127
493
126
456
124
463
131
457
124
116
464
124
414
116
460
126
444
198
571
147
370
157
367
159
372
122
436
125
436
123
436
126
134
458
135
414
125
389
145
355
158
387
138
405
161
375
161
461
202
457
151
136
490
125
433
124
435
127
431
124
428
129
500
126
438
126
361
124
369
167
372
126
434
123
135
376
129
459
134
1050
390
256
213
444
196
455
122
399
124
472
134
386
157
369
161
115
431
153
428
127
423
127
430
126
364
128
429
126
434
123
413
125
430
159
365
121
372
126
133
445
112
451
130
448
139
488
160
379
166
374
160
371
160
375
161
376
134
450
129
114
429
286
526
144
409
137
381
123
428
122
427
127
367
120
440
122
720
176
373
128
144
468
125
471
162
436
158
485
129
464
137
396
199
469
157
394
169
454
135
417
160
119
436
124
430
124
489
126
424
127
303
116
430
123
446
125
422
126
437
127
445
123
446
165
114
388
143
353
127
472
127
483
160
368
129
399
127
320
151
359
161
376
161
388
163
135
442
125
432
125
490
126
383
119
424
125
440
125
431
161
369
155
449
128
490
125
117
396
159
373
127
377
135
500
161
379
163
376
161
397
142
350
160
433
156
330
156
114
365
129
369
126
413
126
439
126
447
127
375
163
429
120
443
125
370
125
361
126
368
125
114
454
136
420
126
389
198
567
152
465
135
366
161
371
118
373
160
432
124
446
160
115
449
141
454
159
438
164
376
161
438
125
451
127
363
159
377
168
369
151
440
123
368
160
115
465
134
415
127
460
158
374
161
375
161
375
161
369
159
467
142
472
131
115
476
124
486
160
382
126
386
160
460
166
372
160
371
126
461
121
439
125
371
158
434
124
115
396
127
472
124
389
142
428
161
368
161
384
128
374
160
369
160
367
153
465
149
133
427
125
455
122
433
124
374
125
439
127
445
124
437
122
370
124
367
162
378
159
368
156
138
456
157
367
160
367
160
387
134
418
122
408
153
369
163
375
157
468
150
457
124
125
445
124
443
126
374
160
435
128
463
205
455
146
361
154
449
160
433
122
435
127
113
463
139
414
122
476
132
483
127
442
126
444
162
373
161
466
130
398
123
478
164
113
443
127
380
161
432
129
442
125
439
126
377
167
443
125
373
118
370
164
448
124
434
125
120
444
137
456
129
475
157
261
160
435
145
481
125
410
154
364
160
374
161
463
137
117
363
161
378
123
376
125
433
125
445
130
416
122
418
121
433
127
427
124
368
126
369
116
114
458
164
520
151
392
159
419
160
364
159
360
159
362
159
453
157
362
153
116
367
124
439
124
417
202
548
146
450
125
242
141
417
122
424
125
455
125
426
120
493
125
114
465
151
394
159
355
162
368
165
378
161
365
162
361
169
379
157
381
141
461
130
134
363
149
483
126
398
112
471
126
407
126
392
152
465
124
417
125
470
125
510
156
390
124
116
197
123
405
138
389
129
398
124
363
148
361
157
317
163
339
159
402
138
314
412
113
458
126
463
126
453
125
477
128
387
122
193
134
399
127
459
126
435
157
475
158
116
391
168
421
153
368
159
424
169
394
158
437
158
395
159
417
153
421
127
477
172
140
387
157
468
124
408
127
453
126
465
159
423
126
386
124
507
125
390
126
384
155
395
121
118
478
137
492
157
386
161
397
205
558
158
399
131
475
161
426
159
431
159
464
127
115
371
160
452
122
431
121
373
124
495
124
428
124
451
158
424
125
370
202
431
147
116
451
134
411
128
455
126
479
123
461
145
420
161
357
159
356
160
369
157
358
159
85
497
126
424
125
426
160
395
155
435
126
497
164
431
128
431
129
431
124
362
125
465
124
115
460
129
443
148
352
160
424
159
363
161
375
161
424
160
377
165
357
157
364
160
119
359
127
427
125
480
128
359
124
432
125
498
123
487
123
430
125
437
128
430
126
357
124
128
461
206
562
157
509
171
433
128
482
125
467
132
471
143
363
159
386
159
126
431
125
423
122
353
122
486
129
497
129
420
129
447
269
530
159
366
152
423
160
370
155
125
453
171
460
159
363
160
427
167
357
161
373
169
448
135
407
163
374
162
370
161
125
395
126
356
121
435
127
429
125
363
127
494
130
510
163
367
158
381
149
437
126
366
160
127
439
130
404
128
381
135
484
128
366
126
409
159
362
160
366
160
372
161
384
160
125
431
129
425
127
435
158
427
127
437
130
432
126
418
159
494
132
361
163
402
127
128
462
130
457
143
357
162
443
168
465
126
388
144
374
129
472
129
454
154
364
134
126
439
127
429
129
463
131
483
209
435
153
429
124
413
127
429
129
362
127
431
127
490
126
126
450
129
435
125
421
126
491
157
377
125
424
126
432
125
467
200
575
157
491
159
143
365
151
439
124
424
125
423
122
431
127
439
123
437
123
426
122
436
127
493
127
431
125
135
440
133
387
161
375
160
455
135
419
161
1167
441
467
197
374
142
359
154
134
437
124
366
124
441
125
429
128
367
126
369
122
433
125
404
125
435
123
360
125
429
124
134
462
151
361
160
378
163
436
162
377
127
399
120
396
129
475
170
386
159
365
160
134
464
167
366
164
444
125
491
159
374
158
436
157
439
128
566
125
431
126
421
127
435
127
127
445
504
573
176
541
179
490
159
453
423
534
158
529
158
435
160
444
159
566
159
145
431
125
381
162
435
127
374
124
428
124
363
158
435
128
359
123
435
124
420
166
135
434
126
375
154
414
127
461
126
396
122
462
159
357
158
362
160
499
159
420
159
117
424
126
426
125
494
123
352
163
391
158
433
124
437
128
360
116
365
156
435
126
365
119
127
466
160
360
159
423
162
425
159
423
159
425
157
496
160
460
159
290
160
365
168
128
357
157
361
156
434
126
427
124
487
128
425
117
356
164
423
124
488
158
431
124
423
153
120
444
141
409
197
522
170
467
134
395
158
428
118
461
127
465
150
418
117
115
435
125
431
126
425
126
381
165
425
126
429
126
366
159
430
204
455
148
355
124
424
123
115
442
158
355
159
435
155
416
162
427
160
377
165
391
153
418
161
363
162
362
161
115
440
126
461
124
419
124
492
124
437
123
361
126
501
124
438
157
485
127
428
126
434
124
114
455
129
442
141
467
84
469
129
476
129
261
141
369
160
381
154
350
155
382
126
134
424
124
432
127
428
128
430
164
425
131
365
129
490
126
434
125
424
126
432
130
154
381
153
416
161
354
163
370
129
390
136
479
163
360
164
462
127
459
143
410
161
126
421
399
473
177
512
165
468
163
451
342
436
163
456
164
451
163
458
163
461
163
129
395
163
375
162
327
153
386
130
433
127
424
130
364
129
429
127
363
123
362
196
560
148
125
363
128
355
130
524
128
433
124
365
132
430
127
425
160
389
163
390
165
399
163
146
362
160
387
161
398
162
449
164
396
164
399
163
465
125
364
159
387
162
395
165
145
492
133
430
125
363
128
431
161
457
126
432
127
429
124
358
150
449
131
422
134
440
162
145
371
160
392
158
459
122
429
124
426
123
425
124
361
124
429
124
359
125
488
129
113
490
132
425
199
479
157
412
124
423
127
425
119
362
155
387
132
164
351
248
142
359
202
401
360
257
514
168
586
164
458
162
451
168
593
428
378
251
286
264
503
269
452
158
146
424
170
422
183
372
166
419
164
383
176
392
168
465
165
441
159
391
150
375
158
117
129
313
190
331
176
338
379
270
530
299
582
169
455
163
459
169
590
167
586
161
153
587
170
531
178
439
168
912
246
418
161
197
480
300
599
571
162
522
163
588
161
151
587
242
521
169
509
168
522
159
518
163
464
162
458
170
467
163
590
167
588
162
335
128
313
284
200
519
275
490
162
458
163
454
163
464
167
460
168
466
167
590
164
462
162
123
431
163
440
165
391
160
386
484
249
477
360
296
670
298
590
163
580
163
463
165
124
446
168
421
159
496
163
452
164
463
162
457
167
592
166
459
168
466
537
324
352
219
125
223
423
169
432
242
392
169
438
165
530
290
523
161
385
241
392
164
497
163
455
169
126
449
164
388
166
217
309
187
445
514
268
532
297
466
162
458
161
394
162
387
169
123
371
165
393
150
604
163
584
163
452
164
451
162
393
235
347
269
304
197
404
167
126
402
168
398
160
505
168
465
162
471
171
397
169
505
165
493
162
463
164
584
162
458
162
124
495
520
324
331
517
173
501
162
498
156
464
160
461
163
462
163
459
164
590
169
127
474
171
398
167
509
163
621
161
590
162
586
481
340
276
546
337
617
173
474
173
460
163
126
505
228
513
162
504
235
408
281
509
165
581
166
587
167
592
162
579
162
461
179
264
364
170
405
174
430
171
403
164
507
165
516
179
605
164
462
164
462
167
473
162
154
493
234
405
284
506
162
591
163
242
534
392
176
655
163
464
163
454
163
456
166
134
468
167
418
169
510
168
616
162
585
161
398
166
409
168
402
156
472
170
185
454
451
197
134
423
243
408
159
490
163
448
162
462
164
588
162
458
163
582
163
454
166
460
161
134
393
166
503
166
606
562
271
386
173
124
392
125
484
125
485
125
426
124
417
126
136
447
124
425
143
327
125
396
125
395
157
370
160
386
157
361
199
603
155
398
167
117
488
125
462
123
505
125
467
122
497
126
474
123
463
124
463
124
483
124
481
124
464
156
116
402
137
203
123
423
125
459
124
494
123
470
123
479
124
385
159
414
133
1081
170
235
437
265
159
191
486
214
168
388
408
159
248
339
397
203
135
125
412
353
197
332
555
187
280
440
281
157
344
163
359
163
155
395
194
159
479
463
160
209
354
244
214
395
388
198
190
164
323
477
168
206
326
385
303
446
195
169
395
423
161
129
376
340
201
233
359
230
208
396
492
161
265
476
192
124
136
136
468
359
219
258
438
153
280
438
202
239
448
363
161
200
165
354
168
230
455
313
161
264
485
270
172
404
284
251
338
162
255
442
157
199
388
164
208
360
279
161
385
345
161
180
126
297
169
125
367
206
228
180
320
246
144
456
373
159
248
379
166
434
177
138
437
383
229
252
507
328
424
259
171
414
130
328
433
124
407
251
168
117
298
385
127
391
417
138
341
232
139
414
129
409
283
162
401
298
199
384
145
336
364
162
413
262
162
380
154
150
482
225
121
156
407
191
203
417
167
269
362
125
450
197
209
411
127
364
374
127
399
214
122
421
180
234
406
171
124
158
347
199
209
429
188
248
366
126
368
398
162
377
263
320
368
119
397
171
164
520
178
220
426
144
345
409
125
350
263
164
129
278
369
124
344
319
130
339
180
195
491
175
193
326
160
427
227
258
381
162
353
214
219
528
220
200
379
161
126
141
395
203
208
432
193
236
383
125
389
393
159
425
294
168
457
158
519
251
162
422
186
297
394
126
425
268
190
399
190
150
144
318
275
175
456
232
133
461
157
214
392
127
331
292
126
401
171
378
416
126
376
220
170
378
278
243
409
122
120
144
394
179
229
528
194
242
395
124
305
319
174
423
213
223
431
233
240
287
161
403
194
218
360
136
266
402
124
119
181
407
190
277
426
126
366
264
160
424
160
571
150
486
162
425
160
524
160
349
386
448
157
126
395
158
491
157
444
133
456
124
386
121
375
162
425
162
423
160
419
148
455
126
449
128
116
398
159
582
152
238
166
448
150
477
127
384
156
409
159
407
158
416
159
404
153
126
453
150
475
160
420
125
461
125
394
127
452
146
483
124
295
186
375
129
451
127
119
479
162
464
165
472
150
399
162
477
160
355
164
391
162
482
151
509
166
502
149
127
439
158
424
389
274
264
450
314
531
159
515
159
443
170
391
159
369
158
369
156
462
160
141
1165
488
197
449
220
499
127
338
139
307
174
375
126
337
132
247
193
214
207
166
145
498
122
450
125
475
160
475
115
375
128
386
101
494
164
364
161
363
165
352
161
460
159
135
469
167
392
166
479
159
541
160
414
162
495
127
405
154
409
158
467
160
476
155
116
463
116
453
125
390
125
374
159
244
163
443
147
680
234
456
143
378
159
419
186
152
202
133
258
220
204
236
195
350
143
302
126
364
128
372
125
498
160
431
169
143
421
169
389
153
480
160
531
159
261
174
193
237
221
212
182
221
157
223
134
272
126
120
149
242
125
236
209
207
274
162
403
160
380
167
384
158
459
161
409
163
282
181
255
233
168
229
161
249
194
260
178
347
122
122
130
160
182
152
246
170
177
199
340
103
191
128
180
180
125
299
126
356
124
121
133
199
219
191
216
180
338
128
316
127
369
126
456
146
496
161
325
412
257
360
122
141
160
183
181
161
219
211
202
165
271
197
243
195
403
124
404
123
449
141
432
149
121
201
192
176
143
267
166
393
161
535
149
429
160
338
273
443
160
229
162
168
279
146
124
135
415
166
257
213
340
138
193
214
180
240
185
343
189
281
232
250
149
145
388
125
356
127
437
125
499
148
388
176
342
161
187
202
263
269
233
291
123
456
127
133
244
125
427
134
161
367
125
474
160
243
199
124
408
125
350
166
238
123
134
400
159
447
184
327
274
283
320
126
464
161
402
165
213
148
157
335
228
226
123
136
357
166
200
155
249
330
126
485
163
271
274
239
135
173
245
125
368
128
130
183
142
291
127
441
163
436
584
210
449
168
342
170
175
471
125
419
161
144
334
126
469
128
290
198
247
222
123
392
127
438
180
275
152
189
218
179
335
166
133
419
125
420
159
343
175
142
351
127
443
179
443
149
390
159
215
148
269
141
137
289
165
181
150
242
315
126
474
124
170
415
125
347
166
234
271
192
139
140
194
160
184
214
126
426
161
391
214
172
250
139
385
125
337
167
325
84
134
383
126
193
292
126
459
161
189
194
216
225
125
327
125
469
167
159
162
144
123
145
347
229
242
1225
172
188
325
125
463
175
212
208
164
219
194
235
119
146
324
204
191
276
126
538
127
263
236
145
284
178
197
128
360
125
468
162
136
322
122
432
166
205
151
205
353
167
249
268
184
640
232
479
125
270
168
126
262
126
351
129
333
211
236
209
166
390
125
514
162
159
149
739
556
245
190
139
145
235
172
173
255
126
460
167
469
164
297
151
154
332
125
354
127
459
166
134
316
123
469
155
230
141
202
275
128
200
217
181
369
126
533
132
198
200
192
139
144
241
198
155
213
135
271
117
461
125
374
168
230
133
173
281
125
131
118
212
343
137
241
188
115
241
125
451
182
194
114
132
272
127
472
171
299
163
116
370
167
258
168
254
185
145
319
128
509
159
354
372
162
284
166
211
124
114
350
158
247
172
191
268
143
351
129
266
165
197
210
127
363
173
308
167
223
148
145
453
160
238
361
128
501
184
246
149
184
250
137
374
162
238
148
155
130
128
312
234
242
246
137
405
129
491
171
234
151
187
269
127
384
162
205
120
144
382
162
356
130
144
345
125
470
162
167
148
213
180
155
218
125
444
161
133
219
146
347
127
352
241
273
169
136
308
167
153
271
260
396
125
464
158
195
122
126
459
158
299
165
162
255
127
455
129
413
173
280
273
206
390
127
432
161
116
222
125
103
203
211
368
129
422
123
216
123
190
243
143
346
126
442
165
192
123
149
394
125
445
164
346
171
171
307
127
207
153
162
359
128
406
161
145
276
127
448
160
437
92
233
215
158
359
127
370
178
199
237
187
361
127
418
159
120
346
145
224
141
167
318
125
444
128
238
194
169
288
129
378
162
180
122
134
361
124
438
129
303
216
156
219
168
385
160
176
199
285
248
198
247
253
193
120
150
209
238
173
365
127
377
127
401
167
183
166
125
383
131
340
154
316
85
125
407
117
208
197
160
436
162
212
199
180
340
123
364
137
256
165
200
120
146
443
167
183
173
177
257
127
429
183
246
120
169
270
126
523
160
235
163
122
219
262
156
345
126
467
162
354
323
370
182
217
197
119
237
119
339
156
398
126
122
165
567
125
375
125
355
126
311
126
482
117
403
126
335
141
227
127
222
220
114
221
132
119
150
238
179
485
146
372
126
337
142
220
218
139
213
138
217
145
189
235
207
135
186
119
117
140
220
147
181
160
480
150
323
124
381
192
243
202
219
205
138
196
167
411
151
459
126
139
375
199
138
387
149
383
112
395
180
226
220
143
136
187
429
147
461
125
382
152
347
127
241
145
135
136
366
174
239
187
169
215
320
171
293
174
200
174
172
248
161
332
172
375
124
423
179
139
146
333
133
403
187
223
213
171
186
152
395
170
412
122
444
169
524
148
452
161
387
290
125
142
132
372
188
158
340
293
137
329
169
125
362
267
125
409
265
124
335
215
155
374
263
126
435
238
119
391
180
137
378
223
151
359
177
188
149
154
454
173
209
375
141
179
414
233
120
477
232
89
462
183
115
476
205
272
391
131
246
372
162
185
406
133
210
414
184
118
133
300
377
160
215
401
150
198
406
184
225
374
135
185
403
222
119
406
124
370
431
126
394
435
125
344
419
124
366
379
125
121
130
357
189
126
408
211
143
322
202
169
329
279
165
340
196
163
331
181
123
471
191
153
395
199
149
361
220
121
395
193
120
143
227
407
164
167
492
131
150
381
196
227
425
152
234
370
181
146
399
124
391
356
123
415
357
124
402
334
127
382
345
124
425
377
122
121
155
420
192
161
454
263
149
420
292
159
396
353
123
437
203
147
394
191
144
477
136
148
391
178
193
397
193
230
351
170
139
136
207
462
144
253
356
167
170
480
138
462
125
466
295
576
157
379
166
456
124
499
125
431
128
388
116
134
490
126
411
122
464
127
471
133
493
124
484
158
505
161
438
161
366
170
133
382
122
450
125
441
127
383
124
469
124
458
125
456
126
453
124
439
122
376
124
378
122
134
426
133
458
126
460
124
332
127
465
125
462
127
451
125
432
127
495
122
490
125
132
455
126
386
160
369
152
448
125
396
126
459
127
451
125
466
124
320
125
376
163
447
158
133
415
157
366
126
373
121
448
155
457
125
415
126
408
147
435
160
376
164
385
163
116
385
123
378
198
495
150
387
125
451
126
374
162
374
159
448
123
450
125
444
125
114
415
127
477
125
484
126
479
122
406
144
373
162
397
195
482
155
408
158
427
161
118
387
125
467
127
437
124
439
128
459
129
456
122
453
124
466
124
459
123
390
153
462
124
133
263
123
399
132
422
126
400
159
366
150
366
159
376
162
376
161
433
124
423
154
116
448
124
445
129
437
161
459
124
444
127
409
128
153
257
301
161
367
159
493
127
458
125
134
477
161
490
163
440
152
400
160
433
158
498
157
498
133
371
160
415
158
272
407
131
528
123
460
122
378
126
382
125
510
158
543
167
416
126
401
127
394
126
516
169
141
476
163
502
167
366
168
422
252
499
157
519
160
484
162
408
144
497
162
392
158
118
396
123
803
224
398
152
460
127
471
131
389
150
388
160
408
162
414
211
495
162
486
172
134
483
161
435
159
399
159
472
161
564
129
384
160
368
169
503
163
492
163
498
159
125
390
149
408
154
238
162
554
149
500
162
410
156
392
162
500
158
406
153
333
160
133
458
132
480
127
380
160
491
167
412
167
411
159
485
159
232
218
411
159
478
163
126
459
158
478
160
401
164
426
160
479
125
386
157
483
125
413
150
474
125
389
161
422
161
145
475
247
525
159
496
161
359
158
500
158
394
160
489
162
426
166
417
159
440
160
128
458
160
546
126
476
125
384
152
461
127
405
206
502
156
411
161
446
126
388
153
482
113
116
502
162
490
160
430
164
503
126
431
161
426
159
407
158
499
124
408
161
476
168
133
464
125
375
125
463
129
455
159
424
127
379
160
415
158
412
158
391
160
416
152
115
483
159
478
163
424
159
486
158
209
121
496
160
401
157
493
158
391
159
402
160
137
410
159
418
155
408
160
408
163
410
160
383
157
403
159
410
159
409
158
240
121
126
395
160
425
156
574
149
417
161
427
158
423
157
416
157
475
161
498
152
495
154
407
158
115
464
162
424
157
361
322
520
165
478
160
486
163
388
159
414
156
371
159
357
159
117
473
163
496
162
432
158
497
157
365
157
484
163
430
154
426
249
531
163
495
157
118
462
156
218
123
296
198
176
271
374
159
321
159
437
163
353
158
370
152
303
157
117
388
160
430
125
243
202
347
161
512
163
439
169
479
162
450
152
458
158
386
164
399
160
118
490
162
418
158
429
156
426
166
495
155
442
163
186
196
396
147
488
159
434
150
127
459
161
453
159
423
164
406
158
481
129
367
159
458
162
433
159
474
151
442
160
136
514
254
455
174
525
159
547
161
439
159
331
160
427
159
541
158
482
160
411
159
432
157
134
381
163
489
152
497
159
548
151
508
387
466
161
451
160
1296
521
254
363
286
140
125
475
156
397
125
505
148
383
162
403
127
436
111
374
156
411
160
495
140
398
166
127
452
159
405
158
431
127
441
146
443
158
454
157
450
157
407
158
434
165
386
124
110
373
161
378
137
457
123
484
126
223
119
461
161
454
158
395
158
383
126
393
129
462
124
134
449
158
432
160
405
522
478
158
441
130
400
156
408
156
410
126
275
157
380
158
126
489
123
432
126
483
117
484
125
487
130
361
121
360
121
367
126
358
124
428
125
144
488
129
365
124
361
200
492
156
423
125
504
132
436
126
504
124
428
125
368
158
397
163
135
431
131
368
159
394
159
399
121
500
128
431
122
502
197
474
147
396
158
382
127
127
489
125
414
130
431
122
425
125
428
127
361
137
367
124
432
124
369
157
383
158
117
363
158
446
125
428
125
369
159
390
128
421
145
379
162
393
162
390
160
396
161
394
156
116
492
124
424
125
428
124
368
148
448
118
416
125
357
124
361
158
392
162
400
162
137
435
124
429
123
511
124
359
125
420
128
360
126
433
126
437
122
361
153
381
161
126
486
126
359
123
370
158
390
162
395
126
499
130
433
123
429
149
371
160
399
165
118
491
123
490
131
356
125
414
158
462
194
560
171
415
127
370
151
391
162
394
159
386
162
120
367
157
386
144
413
126
430
127
430
124
388
157
406
163
402
159
405
193
431
147
125
464
124
459
123
407
141
393
128
476
123
374
148
467
160
411
158
423
161
411
160
116
469
126
454
124
449
123
306
189
522
149
442
162
412
161
446
130
418
127
403
158
405
160
126
392
157
421
159
416
160
440
161
421
161
430
161
423
124
211
126
397
163
482
162
143
390
156
420
158
409
151
416
166
405
126
499
124
421
126
463
123
390
155
423
157
118
441
128
406
304
575
155
439
163
422
135
453
125
445
122
401
124
401
126
458
123
116
430
155
547
123
396
125
496
81
474
148
374
159
403
193
632
156
378
167
397
161
410
158
116
386
152
377
160
392
162
400
161
414
126
329
120
444
127
415
123
508
128
462
127
116
228
121
482
129
506
125
513
126
503
125
431
112
496
123
392
123
374
131
435
159
126
454
125
492
125
493
127
484
124
559
124
217
165
491
149
524
158
318
162
378
160
85
148
143
505
158
410
157
423
160
428
127
496
127
421
121
362
125
413
138
436
127
422
119
146
357
144
380
154
387
126
423
127
429
123
489
130
493
122
417
148
386
159
391
161
146
364
119
368
125
434
125
429
193
560
147
387
124
365
122
430
125
372
149
452
127
371
157
128
435
127
503
130
433
128
423
124
744
252
438
159
393
159
369
197
692
159
409
171
126
397
160
464
164
412
160
463
159
392
163
394
160
463
166
410
154
382
159
395
161
125
482
134
365
126
358
128
482
137
484
133
489
172
345
158
455
157
385
159
461
155
134
466
107
493
133
394
126
481
136
369
127
376
157
393
144
283
144
361
158
373
160
383
162
125
493
157
435
158
385
160
457
160
373
126
437
129
477
159
382
156
369
159
431
128
127
409
197
401
154
466
169
381
167
384
170
433
148
492
158
374
157
383
161
382
135
113
482
141
502
161
451
163
451
159
368
159
371
196
486
168
425
161
419
126
404
203
406
154
126
470
127
400
161
445
163
442
162
384
174
380
171
399
115
391
115
410
132
409
171
127
480
146
416
130
403
127
396
130
424
124
408
163
377
164
374
163
375
162
381
163
144
381
128
475
131
475
131
422
160
195
149
418
126
379
122
445
152
395
162
381
162
95
483
126
413
121
477
135
558
127
472
133
360
156
431
129
474
132
409
165
248
162
368
161
126
468
132
415
127
556
129
478
130
477
129
486
129
423
161
383
161
409
138
412
155
146
407
158
406
149
488
200
510
158
479
170
387
164
415
155
362
130
420
150
502
127
126
475
128
491
129
423
127
545
125
499
129
387
127
446
144
300
194
461
145
282
160
395
161
126
393
128
348
145
384
164
390
170
428
129
493
128
386
126
386
121
456
134
392
161
147
450
128
188
157
473
151
493
161
369
122
203
207
167
140
182
136
219
130
198
130
125
210
129
247
130
224
127
225
123
180
128
159
119
124
381
124
396
124
369
124
123
116
226
129
197
138
207
141
197
132
179
135
196
140
210
130
202
235
310
90
207
131
192
166
151
202
136
164
145
180
132
305
164
430
149
444
158
375
161
386
129
414
127
403
158
124
404
138
425
129
415
130
406
127
491
203
507
155
393
123
409
124
487
126
399
126
86
463
125
79
231
394
147
383
118
482
140
494
159
381
159
481
129
482
154
369
194
480
172
120
405
136
372
162
341
160
445
126
430
130
483
161
385
161
375
159
371
160
311
134
134
469
132
417
164
406
161
252
160
399
128
485
124
397
138
351
164
294
159
365
126
134
388
119
374
141
265
160
270
159
564
149
393
171
396
488
590
159
266
185
263
177
242
157
127
408
139
401
157
323
153
360
163
390
159
507
132
492
125
364
133
391
161
415
165
126
459
143
337
199
449
155
233
118
393
183
299
126
260
169
138
152
250
163
357
161
144
306
165
448
153
502
152
467
127
493
131
488
127
484
419
558
161
438
161
499
162
125
416
133
487
126
444
157
387
123
455
130
361
157
376
155
375
159
386
160
387
162
389
163
135
282
124
445
130
449
126
500
159
393
130
481
123
498
126
481
130
415
147
383
125
133
482
139
302
158
408
127
433
127
506
128
206
188
457
144
386
157
390
158
406
156
146
471
123
401
122
448
115
396
126
524
139
505
140
392
160
392
159
458
157
395
154
245
159
128
441
140
443
125
452
130
499
126
474
127
498
123
450
148
380
159
423
122
445
123
132
367
159
398
159
489
127
445
197
509
158
502
159
432
159
454
155
406
161
409
160
148
430
126
488
128
487
158
497
159
411
129
485
124
426
123
494
130
477
196
411
169
148
498
141
431
122
497
125
461
127
363
131
382
160
351
167
480
138
447
161
403
159
403
160
120
445
125
447
122
194
160
469
149
440
123
370
147
482
129
488
157
392
161
395
159
133
490
129
442
126
362
127
362
121
364
159
387
162
385
158
381
86
436
121
362
125
116
376
160
460
163
474
121
424
127
426
157
391
127
501
125
488
128
362
156
397
160
476
157
129
502
195
368
145
427
122
493
158
380
159
394
159
406
159
469
163
424
126
360
129
125
508
159
392
162
422
135
425
123
420
127
493
201
370
147
401
159
450
124
423
131
129
424
125
486
129
430
127
429
124
433
127
433
124
499
124
497
158
392
162
399
158
399
168
116
426
123
367
156
395
158
388
127
428
126
428
124
359
123
492
126
487
125
358
126
139
416
126
428
123
351
106
426
123
411
124
367
151
376
159
396
161
469
159
492
148
135
428
125
430
124
1385
512
558
208
509
158
446
159
458
160
457
159
363
158
233
160
118
445
160
401
165
464
161
489
161
406
159
409
160
416
157
416
164
422
160
477
163
476
159
145
500
166
414
159
483
329
536
160
484
157
469
160
504
159
475
159
489
160
482
160
144
416
160
472
162
369
126
485
162
397
170
497
158
487
161
432
329
762
193
333
175
146
469
177
541
150
424
160
449
161
494
162
592
160
460
159
457
159
476
162
476
160
417
149
138
492
161
225
116
530
160
478
160
419
125
458
125
379
125
378
134
545
161
380
164
144
495
152
410
160
440
154
480
158
438
161
423
153
199
199
520
158
500
160
476
160
148
499
152
372
161
425
149
424
160
424
159
492
156
477
159
423
159
431
160
434
160
143
472
410
455
158
517
160
446
159
508
151
503
159
460
159
440
155
376
161
383
158
369
157
117
472
161
445
161
402
160
439
158
413
246
455
157
465
158
422
163
437
163
445
159
114
452
160
387
156
507
159
524
159
496
159
460
159
542
160
486
159
494
160
367
169
126
431
160
482
162
362
159
372
119
504
160
421
155
363
157
431
159
491
160
429
151
394
156
144
439
159
455
159
415
155
404
170
380
126
456
163
461
162
379
158
391
160
389
157
127
391
164
397
162
389
167
445
158
518
151
420
161
468
159
458
159
457
160
462
160
127
452
162
424
151
469
168
478
174
388
155
393
160
469
160
384
158
311
146
389
161
125
461
160
405
126
362
498
574
193
517
186
475
160
465
160
450
159
498
184
379
160
394
158
115
459
160
383
158
472
155
382
159
361
158
427
159
421
233
406
191
610
160
460
159
147
482
157
480
154
459
163
526
151
621
160
476
159
487
155
479
152
405
158
499
155
126
500
157
154
214
399
161
431
160
421
161
491
160
421
161
498
163
481
126
420
162
419
158
117
421
156
414
158
436
161
496
163
416
158
235
118
502
158
422
159
489
161
383
159
115
479
149
493
156
364
161
413
158
424
162
489
159
422
159
470
146
513
166
483
159
184
408
160
495
160
372
167
496
159
429
164
566
166
376
157
581
152
509
159
455
159
465
159
146
489
149
482
161
435
164
375
243
489
156
505
159
481
161
365
157
414
160
405
161
127
476
158
417
163
485
130
403
162
90
269
377
160
375
127
429
127
492
200
486
157
126
449
128
330
183
202
140
241
92
216
83
210
156
277
157
455
158
325
159
260
77
126
333
157
282
156
366
160
213
353
178
183
188
196
181
113
184
161
438
157
396
127
564
121
135
574
124
413
127
474
126
424
126
542
125
446
126
454
127
189
137
321
151
348
510
135
364
144
383
131
289
165
309
149
454
159
238
174
222
151
291
159
323
160
325
166
132
195
521
321
359
232
198
349
159
468
160
426
158
423
157
411
155
380
159
439
161
338
157
121
417
391
231
358
553
204
468
161
414
155
407
308
512
156
427
162
404
162
375
160
125
393
157
467
162
494
152
404
161
397
161
489
162
506
160
430
160
319
122
404
157
144
163
224
413
161
358
159
412
161
488
161
360
159
430
148
460
161
567
159
542
160
124
397
161
376
151
477
160
423
81
468
164
310
162
428
160
435
160
427
161
459
159
458
162
127
406
161
455
151
461
159
432
160
425
161
424
161
413
162
407
159
489
162
272
167
123
472
158
358
163
483
160
481
152
437
125
393
161
579
149
424
150
422
161
464
150
126
475
161
393
164
508
160
489
465
505
203
585
157
547
159
405
162
480
162
394
155
503
161
139
482
161
490
161
508
159
552
159
448
160
431
160
437
160
397
329
660
158
466
161
138
476
163
467
149
420
153
415
161
526
148
467
160
428
164
510
161
498
160
431
161
125
413
165
398
152
275
170
451
150
478
160
429
158
215
343
409
126
337
232
141
386
196
132
137
460
160
484
152
479
160
426
160
428
161
443
161
267
160
457
160
425
160
596
153
146
491
159
474
149
483
161
489
151
483
162
470
159
411
160
409
158
394
159
420
159
114
409
403
505
200
499
159
551
160
516
163
299
233
264
157
318
169
399
272
278
161
128
233
285
153
249
158
333
222
196
321
160
552
224
450
160
499
161
415
159
451
160
567
159
161
479
156
384
160
475
158
436
164
478
151
398
159
421
174
432
159
429
160
406
168
138
411
126
373
151
431
114
437
163
382
152
375
160
445
159
405
157
363
151
473
159
149
426
158
418
160
467
160
488
155
305
160
481
161
382
151
478
160
361
158
418
160
432
157
128
459
161
395
148
439
160
428
160
435
160
1403
469
321
215
417
158
271
165
484
157
144
475
161
484
156
473
160
555
159
428
161
425
160
547
161
425
160
431
160
477
158
145
406
159
422
161
466
413
656
159
509
159
424
160
425
160
433
160
543
159
429
160
123
470
160
481
161
634
159
427
159
432
162
490
164
491
162
419
367
515
162
435
163
400
161
143
484
497
509
159
452
162
433
162
542
162
546
162
426
161
435
161
448
162
433
161
126
429
126
262
225
255
166
428
160
491
162
444
155
514
162
444
161
437
162
430
162
148
437
162
387
163
439
149
381
162
556
152
442
162
177
253
198
198
548
149
448
162
421
163
146
419
155
412
160
411
162
484
153
357
160
432
153
404
131
394
126
415
162
415
162
215
226
162
407
165
405
157
507
162
453
162
427
163
401
158
451
150
464
163
421
162
145
403
160
428
135
464
164
495
154
419
246
553
159
487
163
556
162
431
163
401
162
362
161
126
402
160
458
152
485
163
423
162
548
162
433
163
430
161
454
165
487
214
564
162
145
477
160
492
153
465
166
595
154
473
159
358
167
465
161
491
165
499
162
423
163
146
411
158
472
161
593
154
243
170
558
152
495
161
538
161
425
163
426
162
405
163
127
402
167
497
153
465
130
477
162
385
154
402
159
461
159
478
163
397
162
456
162
425
162
127
408
162
507
162
512
160
433
161
481
156
410
164
408
164
504
174
507
163
433
162
147
411
163
504
222
433
162
434
162
568
162
430
162
471
163
496
166
503
162
425
162
127
466
162
462
157
454
152
396
159
479
162
497
159
498
375
637
162
419
162
424
163
428
162
127
478
161
371
163
401
133
441
129
408
162
360
160
404
165
489
158
471
163
424
163
128
256
171
544
151
485
161
426
162
542
162
427
163
424
162
427
163
406
160
412
161
129
486
161
487
163
490
154
477
162
356
168
180
178
396
171
493
161
424
162
397
163
146
470
163
389
152
488
160
558
159
461
227
483
163
493
168
506
159
429
159
408
163
257
164
143
465
162
387
158
632
160
553
159
552
159
423
160
467
160
572
160
477
160
465
161
127
470
163
359
156
374
159
436
401
527
190
477
158
547
160
433
160
425
160
372
149
118
500
163
489
161
477
163
503
161
485
159
403
159
467
156
466
161
104
407
200
122
436
127
145
471
159
364
162
368
161
371
164
373
127
448
158
424
160
445
134
494
160
362
159
114
463
126
387
130
423
145
354
162
371
127
379
160
372
160
372
160
365
129
383
110
94
473
158
369
161
441
160
367
159
436
156
361
159
369
161
315
160
374
158
367
162
95
464
138
413
126
401
128
819
154
376
127
452
147
416
162
366
160
457
134
393
160
365
161
135
462
199
477
158
534
159
499
159
452
159
587
158
591
159
531
158
549
158
429
159
117
443
139
331
150
355
159
427
127
498
128
478
198
437
156
409
171
395
166
492
161
135
430
140
457
159
407
134
444
163
422
162
424
155
416
159
476
159
384
159
369
156
420
166
116
444
134
411
160
372
161
366
159
372
161
383
164
375
167
378
168
466
156
431
127
134
458
144
417
126
464
130
476
124
361
126
401
120
382
140
421
127
468
132
368
131
135
444
143
378
137
419
158
369
125
396
139
491
125
465
142
392
134
448
132
357
141
419
161
117
454
170
412
160
370
160
390
166
379
162
392
132
426
159
407
159
412
159
425
161
135
486
110
399
123
415
198
550
156
487
159
574
159
440
159
574
160
565
159
448
158
125
479
131
456
128
486
124
486
126
386
126
421
159
367
127
464
198
586
164
457
158
124
491
139
397
126
447
135
468
160
364
160
432
163
439
139
416
161
361
161
438
122
386
160
116
453
146
398
160
364
160
445
126
395
126
468
159
419
134
477
126
472
125
474
158
136
442
136
405
161
365
160
362
160
470
161
312
161
347
165
394
157
369
163
371
159
118
450
133
482
161
443
159
383
161
371
159
373
161
306
162
302
162
378
155
414
162
315
161
212
297
161
465
160
417
162
374
162
435
125
467
147
427
159
385
159
458
162
373
162
137
473
127
477
139
369
148
424
127
544
196
671
158
494
160
443
160
444
160
449
160
144
401
157
373
162
372
160
377
160
490
137
360
161
375
163
369
162
373
163
382
164
123
452
130
390
143
462
131
466
126
387
122
463
133
405
162
302
162
363
162
297
162
460
128
126
457
153
445
144
415
162
226
94
443
129
454
148
400
129
379
146
372
159
420
161
127
443
131
395
128
390
160
410
162
407
129
383
161
480
160
361
161
206
131
1365
396
179
132
143
473
203
161
273
159
359
124
321
124
418
127
418
128
457
192
327
161
301
133
127
321
127
393
128
208
164
185
205
168
255
148
249
193
365
124
326
128
331
127
132
175
188
213
206
191
186
276
172
322
150
322
128
410
127
436
171
150
194
165
133
151
356
166
193
270
245
163
338
174
185
220
218
139
363
172
438
124
357
205
231
281
175
550
180
122
131
220
130
352
159
480
150
455
162
492
162
522
159
433
160
432
125
456
148
405
160
115
400
155
396
158
425
166
416
149
447
180
226
340
184
323
218
185
204
166
428
147
127
448
161
444
154
459
160
503
160
531
159
443
103
362
159
418
157
433
157
402
159
198
244
166
421
162
367
158
401
160
410
158
418
168
486
128
415
165
378
158
390
148
353
158
116
433
159
478
160
435
157
429
303
303
265
386
159
417
159
345
164
483
150
456
162
130
462
159
428
163
425
160
428
156
318
159
391
159
394
162
431
164
392
410
342
156
145
436
161
432
160
381
165
450
160
343
128
412
161
424
159
444
158
423
160
441
162
496
159
126
459
161
397
159
174
240
184
151
506
128
400
163
431
164
510
160
429
89
438
162
126
414
160
435
151
481
161
434
91
433
165
487
158
451
160
278
215
273
164
465
161
115
425
154
339
170
480
161
558
159
428
160
381
146
407
163
437
163
444
157
431
162
126
421
150
444
255
402
295
404
160
431
159
371
159
423
160
429
177
450
159
394
156
346
158
127
461
159
407
155
488
153
397
155
359
155
429
254
396
296
422
160
517
160
410
159
116
494
160
448
148
413
159
433
160
450
151
457
159
414
160
442
159
526
160
435
163
134
181
249
339
160
454
158
417
161
440
125
370
155
390
156
381
158
376
160
410
159
434
159
117
511
159
443
161
491
142
404
159
191
109
182
79
503
161
458
156
433
161
519
160
135
437
162
505
159
420
155
411
154
471
160
388
178
425
159
448
152
333
164
224
141
139
370
219
368
182
424
160
373
161
354
164
444
161
447
161
428
148
392
160
398
159
439
158
135
521
168
416
160
515
456
256
337
127
437
159
355
163
257
266
336
157
496
159
141
210
187
211
216
214
217
151
227
139
228
202
299
274
357
159
301
425
297
283
198
150
133
138
269
421
146
378
167
421
123
354
189
289
161
296
253
207
161
202
213
138
135
392
124
391
127
496
168
503
158
473
159
413
124
412
119
456
126
496
168
332
275
177
131
136
201
149
186
420
126
285
172
212
372
139
131
263
172
205
209
125
133
158
192
428
161
275
251
117
335
159
262
167
636
354
236
457
236
243
121
127
410
211
163
357
121
448
172
335
500
200
457
232
213
279
126
426
164
237
119
134
172
127
123
373
170
141
260
146
336
127
373
126
381
176
325
174
241
329
185
131
368
158
383
127
391
142
387
220
203
189
126
424
158
360
127
285
240
212
285
167
415
147
129
138
420
161
359
109
392
119
400
125
427
169
382
183
220
266
172
442
148
381
150
334
182
140
133
410
179
351
242
234
195
186
460
128
475
127
341
184
246
150
297
186
207
237
166
414
155
396
221
141
130
403
161
434
149
383
176
296
225
208
285
133
480
133
447
124
339
221
264
203
364
188
139
132
396
123
402
139
268
230
148
278
160
405
129
430
118
463
133
501
158
381
161
372
169
108
409
124
492
126
425
294
485
158
489
136
416
156
382
162
383
161
387
160
504
139
416
157
133
398
147
378
125
438
127
440
144
395
126
441
124
480
198
572
162
504
160
564
158
132
467
143
445
128
453
122
426
153
386
124
471
164
406
156
391
160
397
158
378
161
135
409
159
199
137
498
164
478
158
385
159
398
130
476
169
416
159
374
160
394
166
134
490
127
447
124
397
141
437
159
388
165
471
159
193
168
456
148
409
159
369
162
380
159
133
398
160
391
158
386
163
372
112
413
147
367
159
320
161
389
160
387
159
436
163
136
365
145
493
144
379
128
492
162
388
128
480
169
362
160
377
162
391
162
332
163
127
505
158
390
166
489
138
430
129
443
198
475
165
508
161
431
161
435
161
556
160
470
161
126
401
158
366
162
468
163
420
158
407
164
424
159
400
159
390
159
496
208
540
155
127
461
135
432
161
309
162
314
167
383
129
476
161
383
163
378
164
376
165
476
158
117
399
127
470
139
424
160
218
167
364
126
430
127
405
157
391
160
386
160
379
160
469
158
134
426
114
409
116
401
127
418
156
376
126
387
138
495
159
203
186
424
147
461
123
135
494
129
429
158
210
263
368
156
326
160
395
161
462
123
369
124
484
134
447
124
116
475
125
404
197
504
164
472
124
291
159
418
146
417
157
471
157
416
160
402
127
113
470
141
408
126
503
126
493
126
412
129
278
159
245
464
291
137
212
131
448
158
380
159
115
462
140
474
126
475
125
478
124
480
126
478
123
480
142
495
536
532
153
449
167
84
187
120
383
138
413
129
375
124
455
127
450
125
395
123
453
144
487
144
413
161
127
446
159
202
294
138
421
130
483
166
582
340
174
293
321
162
501
163
540
162
477
179
134
225
182
216
232
193
191
244
153
244
189
209
201
196
204
145
206
163
162
244
126
120
128
313
242
446
156
434
161
364
160
422
162
424
160
403
161
431
159
382
159
268
167
116
289
171
243
171
258
162
287
430
298
357
123
218
124
266
161
250
180
183
202
122
144
264
171
291
171
203
195
367
268
266
154
265
238
361
271
389
159
246
413
276
360
126
119
146
421
161
276
169
354
161
483
162
361
163
396
163
410
166
291
170
325
162
408
167
126
229
133
233
196
235
358
127
283
122
341
176
327
125
250
187
199
207
147
223
166
114
426
165
305
160
368
241
404
267
486
163
426
162
547
160
171
329
123
395
122
355
125
125
145
341
164
338
161
295
213
395
148
352
164
244
220
308
150
465
160
343
160
334
159
113
244
536
169
365
160
338
172
201
275
247
220
181
214
232
195
175
181
201
164
127
408
153
337
161
257
226
216
204
193
498
268
468
375
456
161
440
160
448
158
466
159
472
159
132
447
161
460
159
456
160
511
151
556
160
462
160
442
160
454
160
491
152
374
171
120
453
159
398
165
450
160
508
149
443
155
401
157
389
156
392
158
571
147
495
160
134
478
151
437
160
384
159
384
128
227
155
369
159
464
155
385
157
395
158
380
156
115
451
160
504
161
527
160
499
160
437
159
458
160
452
141
427
156
434
161
186
185
305
161
116
441
155
373
160
430
159
495
158
518
159
574
160
457
160
440
159
456
159
436
160
129
452
159
387
156
488
324
444
196
490
158
436
160
418
82
189
236
250
269
460
160
116
400
146
422
159
523
158
411
151
421
160
433
162
457
162
384
406
429
195
490
164
462
161
126
447
161
385
151
373
129
1285
524
161
428
130
363
211
156
398
164
387
148
423
162
129
535
164
219
254
392
163
432
160
242
144
165
263
123
409
130
365
158
179
131
128
401
164
410
152
459
164
301
177
474
162
455
162
481
563
172
399
129
417
128
127
209
176
223
186
287
126
349
129
435
163
364
274
257
241
172
324
128
397
148
700
168
145
413
111
197
267
126
427
125
475
162
353
169
220
261
237
158
232
200
296
190
119
322
214
122
463
122
322
232
177
408
127
462
170
259
190
192
306
176
404
129
386
233
134
401
159
115
379
156
452
159
525
126
375
128
490
161
437
158
379
156
438
158
389
158
386
254
401
194
130
453
159
357
155
379
128
445
125
384
160
370
157
383
157
403
156
475
158
466
161
126
462
160
415
159
527
159
211
262
488
159
473
160
484
159
500
158
481
157
416
156
144
389
155
469
161
445
151
521
162
418
154
441
159
385
160
387
160
260
188
393
133
380
163
126
378
151
455
162
377
164
396
154
518
163
475
162
381
166
547
149
472
161
464
162
126
454
159
475
594
330
163
564
162
472
161
568
162
456
163
453
162
448
162
481
164
125
438
163
403
164
522
162
563
162
511
162
565
161
459
384
550
161
513
162
469
162
128
465
162
471
153
372
163
400
165
368
171
393
163
480
161
446
158
395
155
379
161
437
147
140
215
216
420
125
455
161
500
152
538
159
428
159
421
159
415
159
456
160
431
160
125
461
161
519
150
435
160
499
164
387
159
175
148
495
136
460
161
486
158
382
162
126
466
149
442
161
376
148
596
160
486
160
451
158
418
158
435
159
434
160
456
164
243
79
125
472
159
492
152
447
159
478
151
436
162
388
152
386
159
389
158
383
159
516
160
146
461
158
474
155
504
166
559
387
450
160
444
159
580
160
432
159
449
162
438
159
124
445
161
462
161
412
158
501
159
472
159
471
159
422
159
424
159
414
378
431
160
127
374
160
465
161
475
155
399
161
470
159
387
155
521
160
472
159
472
159
471
160
457
159
128
483
159
461
150
186
202
528
156
499
159
478
160
392
160
419
154
411
157
403
159
125
481
159
476
150
526
160
552
160
489
160
597
158
596
160
200
165
402
132
429
162
131
455
161
481
162
466
159
385
163
522
160
473
160
216
258
407
148
485
159
430
159
361
160
117
512
198
485
160
526
160
619
160
478
160
471
159
453
159
587
159
452
127
389
160
125
370
136
381
153
425
161
527
129
413
124
392
199
403
157
408
160
390
141
375
152
114
383
123
461
134
484
124
504
144
475
130
513
138
491
123
455
125
389
124
450
124
438
127
119
925
149
522
162
413
159
367
126
390
159
417
159
371
161
415
161
374
164
370
161
116
394
147
429
158
420
162
384
142
244
119
319
159
432
161
457
129
473
162
364
165
125
382
127
460
136
437
124
389
130
409
140
454
160
418
163
410
164
513
161
198
117
118
367
134
495
124
446
128
529
124
404
141
455
129
464
141
423
160
491
151
404
159
358
160
126
383
159
365
162
296
194
680
157
397
135
462
130
445
160
422
162
418
162
394
158
127
372
135
457
123
369
150
402
127
399
144
402
164
421
160
348
193
570
171
511
159
128
460
139
447
137
479
122
448
125
470
125
399
156
366
162
484
160
364
112
503
138
463
156
114
441
142
224
149
412
124
510
150
455
162
368
163
430
165
439
160
420
164
507
143
125
377
129
506
138
403
163
364
164
374
163
429
161
222
158
398
159
379
161
371
159
126
480
128
512
159
392
124
385
129
439
143
422
159
390
161
401
135
397
163
413
156
117
388
198
490
156
503
159
485
221
665
159
477
160
592
159
459
159
455
158
410
163
372
165
125
402
147
412
158
373
159
418
161
411
195
556
155
524
159
375
156
411
141
403
161
126
472
133
468
137
299
160
415
163
453
125
390
137
399
138
409
160
359
161
423
166
125
496
174
380
159
395
127
505
133
473
125
390
146
395
159
417
160
350
166
419
160
382
143
115
451
137
406
158
371
162
278
160
581
152
413
126
440
129
450
123
410
144
416
159
115
336
125
389
128
508
144
470
157
363
161
420
158
416
161
429
161
246
159
428
133
117
433
136
443
135
424
160
416
160
361
161
419
164
407
161
355
159
397
126
447
159
116
410
142
466
158
418
197
672
153
408
158
407
159
369
159
488
155
383
155
483
158
425
162
126
440
146
384
151
400
161
275
160
416
160
384
126
442
329
535
160
452
123
442
124
136
507
138
406
130
477
127
413
119
401
140
512
158
405
162
1319
473
258
283
500
125
126
372
127
169
164
384
145
535
126
502
140
543
165
423
164
393
142
465
157
418
159
362
160
116
451
176
392
142
402
126
438
130
416
119
234
152
356
167
362
136
438
160
425
162
126
453
136
409
128
484
125
372
123
482
142
422
159
435
160
416
160
421
160
421
160
148
446
126
378
128
398
468
466
151
319
157
476
157
376
159
421
161
392
152
420
159
380
161
116
444
131
441
143
405
83
370
197
500
148
495
156
414
162
415
159
368
156
393
125
116
464
155
418
160
366
159
421
160
429
123
470
125
393
161
417
162
384
194
566
203
126
464
138
361
159
422
161
483
156
430
163
426
162
412
124
449
124
453
156
491
156
135
466
144
436
152
439
132
268
172
589
149
502
132
450
125
400
126
460
124
506
144
472
160
128
373
131
446
141
417
128
446
130
390
127
371
122
428
131
224
161
441
149
349
162
125
384
157
421
159
411
158
418
161
494
159
410
161
410
138
405
80
460
155
423
159
125
406
158
432
197
580
155
526
159
489
159
486
159
460
160
472
159
477
158
600
158
464
157
114
494
128
378
125
375
141
401
91
452
161
254
241
288
90
203
181
260
150
274
160
128
277
163
351
160
355
162
365
161
340
158
331
155
303
163
309
160
289
163
305
161
126
197
158
242
161
384
147
346
161
419
145
339
162
404
154
393
124
342
141
315
163
129
362
176
424
163
235
155
283
180
461
163
223
239
225
136
214
176
355
168
310
89
352
158
126
331
155
297
188
341
174
414
159
387
159
404
162
349
178
368
175
481
159
305
129
128
397
113
405
159
374
162
421
157
406
128
372
136
380
126
380
160
377
155
355
160
137
388
157
421
126
383
127
466
200
518
162
406
160
465
159
598
158
497
159
474
159
482
159
146
478
125
461
129
396
160
406
125
460
125
462
126
383
161
416
195
564
168
510
159
147
376
152
412
158
362
162
423
126
467
131
399
113
365
132
391
161
408
160
357
161
133
453
129
458
128
315
165
385
141
373
124
380
144
391
128
468
125
468
126
510
128
387
127
124
393
153
423
160
431
162
416
163
466
128
448
124
222
158
540
149
439
168
419
159
148
460
125
526
127
413
126
387
113
461
127
381
121
454
142
403
159
370
163
118
151
144
379
193
560
175
523
160
488
158
596
158
451
159
473
158
600
159
585
158
452
158
116
453
137
456
129
404
124
451
124
476
126
464
198
489
165
573
160
461
159
475
159
468
159
146
444
128
461
128
424
124
461
124
458
125
382
143
491
129
404
156
419
159
366
122
91
447
128
375
126
469
130
510
145
716
168
504
136
374
161
437
129
374
126
508
126
146
445
141
400
135
415
161
490
164
200
164
439
149
351
161
418
162
414
128
373
130
395
128
127
389
147
377
142
390
141
397
132
431
132
552
160
486
159
406
164
219
128
375
139
145
378
142
400
162
433
167
420
164
414
144
398
156
410
159
349
161
241
187
211
178
126
266
191
289
189
443
396
399
89
267
185
261
165
262
168
272
159
318
166
370
162
144
328
173
256
274
386
163
298
162
201
162
424
161
416
126
443
194
484
164
415
129
501
130
126
403
151
436
130
421
126
427
127
509
127
463
125
439
122
458
121
443
112
381
152
133
444
140
301
79
469
142
478
159
420
162
370
163
298
166
456
139
399
159
422
160
135
391
127
468
126
540
125
474
160
353
126
395
160
311
166
375
127
451
138
418
161
363
161
115
453
151
421
128
457
135
469
117
467
120
393
128
419
124
467
130
420
161
382
154
157
399
158
366
165
436
170
376
163
439
168
369
134
472
121
442
142
460
140
412
162
116
451
154
415
158
366
160
494
158
447
194
426
144
419
153
413
157
373
159
377
164
390
138
114
464
155
356
126
394
157
365
158
377
131
477
158
382
160
377
164
374
195
537
155
126
474
143
489
157
366
160
375
126
470
157
304
159
465
128
389
155
388
160
365
165
115
452
141
440
141
410
162
321
133
456
130
391
159
503
159
365
159
367
136
453
132
133
463
128
447
160
429
131
476
125
497
126
345
159
445
158
381
160
249
124
414
158
370
160
116
424
158
410
162
427
126
381
156
411
128
419
124
417
129
409
126
426
124
411
157
134
498
131
477
199
523
151
470
125
406
122
380
158
386
146
481
124
470
123
487
125
380
123
116
500
138
422
159
410
160
333
125
432
130
430
201
502
158
395
170
394
168
430
139
147
392
161
414
155
495
127
518
128
501
131
458
126
488
125
463
160
490
132
489
126
97
121
372
224
146
423
128
445
125
436
133
421
154
348
161
399
161
434
124
410
134
145
485
127
481
127
383
160
467
160
514
127
203
131
375
126
473
127
483
124
399
126
474
127
124
510
143
444
127
480
135
384
161
357
124
478
122
456
125
386
158
427
161
195
119
115
362
156
501
128
381
115
487
130
344
126
436
468
488
167
429
157
440
160
400
157
116
323
160
308
158
369
157
224
503
190
242
245
118
236
163
362
136
302
167
253
122
134
411
156
323
151
441
167
491
124
405
125
440
150
415
157
492
126
423
197
471
147
406
124
116
500
158
412
126
448
128
373
162
419
128
432
130
459
125
467
127
400
156
423
160
115
429
124
488
124
358
129
486
127
438
125
447
128
431
125
500
126
418
126
493
122
391
126
117
450
142
387
158
491
129
450
136
413
128
451
142
256
157
432
149
380
127
133
488
127
497
127
480
124
470
157
431
154
493
122
479
124
418
118
419
125
430
125
429
159
133
488
199
582
156
505
159
451
159
474
159
433
160
486
124
428
145
362
159
363
158
115
493
128
419
155
377
127
504
166
490
158
400
193
656
153
406
159
531
158
569
159
114
408
124
498
124
494
126
473
124
434
125
489
157
435
157
421
150
364
124
404
159
485
169
132
403
152
427
126
383
127
370
127
457
127
437
139
390
158
404
161
507
129
395
128
134
410
113
472
124
430
125
481
124
319
126
389
127
476
125
476
123
475
126
471
124
488
128
132
448
111
441
365
78
120
129
391
135
194
416
126
362
480
126
320
209
145
383
167
204
353
129
214
389
125
346
373
140
350
270
148
399
214
123
121
166
418
124
257
393
124
318
404
124
429
364
197
493
162
186
379
124
347
224
120
336
170
367
151
306
159
135
370
172
380
135
466
123
476
127
433
124
406
125
479
159
493
199
407
150
498
124
426
124
116
454
140
383
138
373
139
393
127
495
125
449
147
406
159
424
160
423
159
439
146
116
414
125
248
164
487
170
477
128
486
126
410
124
422
124
423
158
435
161
428
158
117
443
131
407
152
410
125
369
150
400
156
404
161
210
120
370
157
412
160
419
158
115
474
126
467
124
414
125
397
124
412
115
426
124
392
125
383
153
311
159
328
158
412
156
132
450
130
1128
376
265
79
478
126
397
159
425
157
440
125
383
161
364
163
426
159
119
497
125
437
158
425
118
366
125
493
198
477
145
405
158
427
126
490
123
405
154
419
156
114
444
134
388
128
383
145
495
127
513
141
442
156
407
158
404
160
426
161
108
408
110
392
150
573
128
384
124
408
156
486
121
414
123
447
123
712
256
497
166
471
121
141
444
138
403
162
364
126
274
160
464
146
367
160
413
159
368
160
364
163
372
160
133
485
123
500
124
435
126
471
130
490
126
505
157
503
124
501
124
185
185
551
149
365
168
115
383
147
482
160
476
131
422
159
422
160
425
158
451
140
476
158
367
133
471
159
114
481
124
376
166
416
120
460
158
372
158
494
132
417
126
471
124
368
156
494
128
118
445
133
472
123
508
139
388
161
366
163
424
160
369
197
376
157
435
164
422
162
132
430
160
494
126
435
126
479
156
506
126
493
126
507
162
368
158
477
126
443
156
500
128
