1511
303
185
351
750
110
255
1178
236
150
224
1318
392
148
364
101
150
148
568
180
138
442
88
139
136
1085
708
73
712
333
92
133
1084
744
83
726
327
607
1572
765
75
304
1078
342
98
96
180
163
708
664
143
103
145
1068
865
73
297
80
151
157
673
850
76
406
143
96
146
1088
642
72
572
806
79
146
318
645
145
1115
880
71
148
729
288
97
268
576
145
144
514
716
144
287
541
146
146
396
114
147
609
521
100
148
345
106
96
315
101
146
146
290
351
135
812
925
86
144
320
91
146
674
300
98
95
329
96
134
524
795
73
86
1130
486
69
789
802
73
135
352
97
560
769
516
73
134
787
849
87
565
742
143
145
392
137
144
957
812
73
794
850
88
145
721
122
96
332
103
95
94
611
760
147
728
287
98
146
341
87
147
318
298
98
146
936
778
98
386
127
145
145
308
425
145
1247
686
98
146
1062
856
75
304
424
102
145
472
201
146
395
150
143
146
1010
1222
247
352
93
97
148
603
804
81
538
762
75
98
568
774
71
1217
753
69
72
1099
850
71
1221
775
104
145
510
680
100
290
97
95
145
1144
817
83
579
600
98
147
582
697
150
382
118
97
146
308
127
146
542
691
99
144
1102
827
71
592
675
144
146
612
281
146
552
811
105
146
1114
898
70
286
335
146
145
632
306
104
383
91
97
147
581
767
111
411
136
97
101
598
768
145
408
145
146
147
341
74
146
838
830
84
146
589
572
73
267
485
97
147
1121
867
75
571
974
86
147
574
269
98
369
93
74
115
907
783
77
282
319
147
145
587
668
144
595
566
73
147
1212
798
74
671
888
74
94
300
518
143
560
762
143
146
587
735
154
1249
844
72
147
355
112
145
589
642
144
150
1664
902
72
389
109
147
145
530
778
101
250
328
99
146
1211
862
72
440
136
97
143
1174
711
145
280
89
146
146
560
230
146
1588
879
112
146
478
127
148
590
257
147
148
1152
1090
117
484
228
123
115
795
850
73
299
414
74
93
301
354
116
588
590
95
95
361
110
99
591
1150
160
147
273
570
145
426
153
96
147
585
795
73
577
756
114
118
582
587
72
889
822
73
70
293
229
146
633
382
97
147
292
615
148
1122
901
71
98
1225
1041
76
307
569
97
144
545
636
146
270
547
150
145
517
234
97
306
559
97
144
296
420
144
287
589
147
144
499
233
101
295
330
99
146
504
296
103
300
102
96
98
546
576
145
530
274
130
278
459
98
96
609
1024
119
574
652
69
71
791
905
73
1879
231
116
146
444
224
96
370
125
99
146
607
900
85
572
267
98
175
590
670
72
364
115
98
143
435
214
145
569
680
70
99
311
387
100
591
987
84
145
606
768
98
308
521
97
147
561
818
81
625
681
73
178
601
786
100
626
1209
220
144
917
815
72
286
616
112
94
622
863
69
574
247
108
146
1276
1347
382
342
147
93
132
391
233
91
1488
1117
354
157
294
533
157
418
194
145
637
1333
1738
763
545
690
72
137
890
886
74
611
897
77
93
399
171
96
511
325
146
143
558
660
99
271
562
108
95
1095
869
73
554
687
99
94
850
809
70
324
96
145
146
527
282
146
391
155
95
95
437
190
95
584
844
83
138
798
916
73
1016
822
72
96
483
232
144
557
882
72
99
433
193
99
320
572
145
146
472
225
101
292
587
98
146
594
800
121
580
794
77
99
324
566
98
635
721
145
158
571
676
98
290
366
92
89
760
490
135
845
853
72
87
855
788
72
327
98
143
145
386
154
96
407
188
95
145
1043
920
71
605
645
96
146
390
154
96
299
554
100
144
418
89
144
646
840
74
146
430
204
109
463
232
97
146
798
770
103
289
539
97
147
336
108
95
614
827
70
99
291
527
90
327
85
135
146
849
737
73
1097
923
69
95
294
568
150
335
100
106
148
392
149
106
287
555
108
93
592
855
69
573
796
99
109
816
791
77
591
775
101
146
405
184
100
652
381
92
157
317
553
137
827
985
80
138
931
849
73
612
825
76
95
591
724
142
435
268
108
144
623
1196
222
570
759
99
93
587
756
100
281
643
96
96
586
758
104
579
694
98
96
303
548
107
620
789
112
400
214
102
144
498
205
94
623
794
115
146
487
276
100
286
571
96
98
973
948
94
817
510
89
148
464
233
96
405
202
144
146
309
576
145
314
85
146
143
594
851
72
288
554
144
154
285
664
144
586
825
71
132
592
868
73
634
959
68
95
367
123
109
283
644
144
144
575
721
97
391
135
95
146
393
168
143
559
619
100
95
299
515
98
915
881
76
143
585
863
71
289
356
96
106
587
206
145
593
577
96
147
541
778
73
320
98
145
145
556
704
142
514
253
97
142
303
428
144
594
986
83
143
600
592
69
386
131
90
133
845
876
74
363
128
88
95
290
448
99
463
123
143
146
584
711
97
282
544
89
145
1235
1439
449
856
710
73
90
340
107
94
472
226
145
149
568
792
78
593
929
72
96
938
895
83
600
875
72
95
293
532
97
305
572
145
144
412
236
145
388
163
96
145
610
1142
169
605
996
70
96
297
557
106
493
262
97
143
342
115
144
559
787
97
145
841
788
73
402
251
98
145
461
240
100
290
565
94
148
781
955
70
561
644
97
674
476
248
109
604
773
103
145
526
751
73
600
1010
71
95
596
847
69
594
792
79
145
632
1168
200
624
1154
189
135
917
895
74
371
135
91
143
632
1157
121
477
238
106
143
584
213
149
300
640
146
144
700
917
82
548
408
98
150
644
774
118
578
800
75
147
391
164
96
308
608
99
148
537
288
146
312
98
157
145
303
611
147
689
919
72
96
299
595
145
621
961
85
95
639
1193
226
604
1040
135
156
475
227
96
590
143
146
147
588
558
155
298
541
150
145
441
224
145
550
753
97
106
309
356
102
286
549
97
609
276
146
146
563
943
73
548
549
109
110
427
76
146
363
126
105
146
536
404
108
610
843
71
146
1112
541
143
582
750
106
94
871
689
144
1028
768
89
144
820
525
146
444
81
146
145
338
110
97
309
94
99
144
1046
878
73
606
970
74
145
305
389
150
446
213
102
146
437
210
107
307
100
147
149
339
174
101
525
256
99
147
470
201
99
395
135
106
149
598
743
114
1300
1416
483
137
791
760
69
594
1177
194
139
620
1141
172
1298
694
76
100
254
538
135
784
824
86
145
545
650
74
307
505
98
95
285
394
146
552
792
73
145
555
695
144
541
164
145
161
619
621
97
269
499
98
147
657
301
146
555
666
99
96
492
181
96
574
730
145
146
584
728
144
328
92
149
145
652
803
147
271
531
145
146
540
656
101
555
686
146
145
589
761
150
592
747
100
98
291
84
145
613
675
144
146
645
1200
231
801
781
97
145
526
777
121
430
138
97
145
882
1018
91
569
976
77
137
778
803
73
965
785
77
110
335
71
144
623
821
70
147
596
522
104
609
835
71
96
571
1133
177
1098
894
75
96
599
1160
193
1190
831
73
89
298
285
99
1133
925
72
145
515
252
146
578
366
144
148
305
93
156
604
575
144
145
447
191
146
288
476
149
147
553
551
97
283
89
153
146
650
1234
254
527
261
100
146
474
309
98
274
542
98
146
701
946
84
572
730
99
97
594
212
99
618
870
76
145
343
111
98
540
235
101
96
618
877
72
864
329
98
146
709
950
104
605
1171
180
144
501
251
99
316
401
97
150
1035
852
75
608
599
98
109
1059
841
72
490
201
98
156
549
768
134
577
1166
176
90
901
1020
91
570
707
149
146
356
98
147
532
834
74
1309
1052
96
146
537
240
99
275
554
101
108
855
753
81
576
882
76
100
272
334
100
580
1151
187
148
597
781
115
500
195
99
150
928
730
146
315
93
147
148
574
742
157
481
215
147
131
536
586
147
303
558
118
135
756
485
119
810
769
74
91
1081
944
72
451
236
90
98
361
100
96
462
160
97
146
1100
867
73
596
1148
180
146
560
721
98
275
505
101
145
599
835
74
565
699
117
119
562
772
81
622
909
70
146
332
83
97
942
1123
148
102
1128
905
72
585
801
76
146
1006
857
77
589
860
81
89
809
894
90
762
465
90
135
828
785
75
620
976
189
145
743
921
80
594
842
72
96
296
537
147
292
550
126
136
848
739
74
383
129
99
146
488
265
97
297
638
147
147
420
251
102
307
94
146
148
415
170
99
281
592
97
149
1001
939
76
464
222
90
136
783
812
74
817
817
73
136
961
800
74
1097
859
72
95
618
170
98
853
614
151
145
282
560
147
296
525
153
146
420
174
100
954
945
91
137
563
862
74
339
93
135
135
624
1203
214
630
832
74
98
272
557
147
391
141
109
144
979
874
76
333
104
145
147
468
236
149
276
550
140
149
489
273
150
649
339
98
146
592
1129
159
1116
899
78
151
565
565
98
946
811
71
96
295
512
100
637
780
117
149
525
262
102
299
497
99
149
300
486
147
390
153
97
148
944
753
97
1273
1549
642
120
605
1106
141
810
822
73
107
428
159
98
418
150
107
149
1017
658
74
308
246
98
146
576
894
73
582
823
76
96
304
578
126
623
1203
240
145
562
710
77
288
674
124
122
826
551
135
803
737
86
90
607
1165
178
1235
1401
435
834
790
75
151
985
781
101
456
227
146
147
598
720
143
583
787
106
95
647
815
77
590
686
74
108
295
497
98
615
1128
166
145
563
880
75
288
558
97
148
530
242
146
598
878
75
147
1476
116
98
293
595
99
115
703
517
146
411
172
100
143
622
1219
241
786
558
148
146
724
1250
254
946
959
76
109
490
267
108
313
608
146
148
593
848
75
1538
1197
220
134
835
565
73
1037
919
72
72
826
881
86
577
752
77
91
631
887
72
603
916
72
145
305
95
148
425
147
107
150
806
570
149
534
267
96
145
574
795
79
309
506
99
150
295
588
146
282
546
150
146
594
780
99
1258
1023
68
97
282
552
151
649
828
79
99
922
731
143
490
209
96
150
593
802
85
602
958
85
147
792
495
100
589
678
98
97
650
1196
211
638
869
143
147
529
291
107
1145
937
71
146
488
222
150
921
149
99
145
928
846
78
599
868
73
107
604
866
75
308
104
147
135
590
958
176
584
1149
182
138
448
208
99
594
689
144
147
544
729
97
295
505
97
149
528
246
97
1117
959
88
149
529
164
97
1103
571
75
146
652
340
98
268
467
96
107
846
415
1022
1167
608
83
96
106
255
307
1061
506
92
146
420
1117
591
79
143
147
146
889
1169
617
84
97
407
1146
683
111
97
181
144
338
1209
801
250
148
975
808
75
96
291
347
99
587
813
76
146
583
927
75
1093
345
98
148
640
1219
251
542
77
92
149
1042
874
74
357
101
147
147
523
264
146
543
268
98
95
617
1231
244
609
711
98
96
399
128
96
587
764
106
148
301
552
118
820
585
77
107
298
598
146
389
112
96
144
336
94
95
283
593
98
153
833
744
145
383
136
149
528
275
99
105
1743
1208
217
643
937
71
101
289
608
100
818
823
76
147
451
204
96
268
614
147
156
298
484
151
536
799
74
145
556
726
76
588
705
112
145
600
1215
216
609
867
73
107
275
519
78
831
895
87
135
621
889
72
564
735
99
148
297
633
145
303
88
150
146
518
262
98
614
945
71
146
539
271
103
276
561
100
96
393
144
149
389
96
97
150
633
986
214
851
892
89
146
591
1144
171
457
184
91
95
284
554
146
413
157
96
144
594
802
75
308
384
101
144
412
174
98
588
478
99
96
766
497
100
510
177
146
158
605
863
85
563
799
74
148
549
217
98
287
361
151
146
320
101
146
1178
886
73
103
873
175
143
474
189
78
95
595
1190
216
573
1148
186
140
296
434
146
329
104
101
146
526
854
74
609
981
87
110
1437
91
161
365
211
145
146
467
236
96
841
786
106
147
376
140
146
568
846
74
95
823
760
73
1098
858
73
147
599
815
72
593
960
75
96
632
903
70
578
270
101
145
591
671
98
1063
826
71
97
291
546
119
607
830
70
70
567
1101
139
960
804
72
149
928
865
101
301
416
99
98
606
834
72
559
250
87
137
623
917
73
813
549
92
137
818
528
97
291
323
97
148
608
1116
153
1320
1047
99
147
820
516
97
613
875
70
97
306
521
146
503
242
99
98
622
846
74
263
460
101
145
482
220
96
625
1156
186
145
510
105
101
298
524
147
144
296
79
145
529
246
99
145
582
706
69
522
571
118
138
821
980
83
590
710
146
149
607
837
73
581
468
101
147
805
964
98
604
782
98
149
647
978
76
1073
941
75
98
287
521
98
597
862
75
133
505
562
107
333
112
98
95
473
307
96
276
343
102
582
825
72
145
838
849
83
588
755
148
149
374
128
97
282
559
144
146
343
101
146
562
776
97
98
712
682
148
336
76
147
146
392
146
146
284
632
147
148
462
202
97
298
656
121
140
708
896
75
608
1240
264
146
586
1063
90
1152
468
96
96
878
811
89
602
788
100
149
334
103
96
304
188
148
149
598
245
149
395
149
97
96
309
652
146
586
661
99
163
1059
1233
244
517
205
99
153
304
157
147
509
231
101
143
617
887
71
587
701
97
144
1611
1181
181
653
1181
191
145
640
388
117
575
739
75
101
302
670
102
288
706
144
147
534
653
144
559
890
75
96
663
233
146
541
289
102
146
625
1195
226
839
829
144
146
534
206
123
614
874
77
91
449
190
92
792
531
119
150
470
225
98
798
900
91
98
409
170
145
472
194
95
149
955
606
75
876
747
145
149
596
852
77
594
657
98
100
913
717
118
799
1017
124
133
519
222
97
608
827
72
149
468
164
97
877
606
76
106
327
735
156
295
650
148
149
447
223
96
298
111
97
145
386
154
149
426
173
97
147
888
708
144
1039
597
146
149
373
211
98
291
340
96
147
444
198
97
637
631
99
145
605
830
73
610
1177
180
146
280
524
119
612
791
109
96
607
1203
227
1113
884
74
97
569
581
98
589
809
73
146
617
799
73
344
100
98
146
861
695
102
444
158
104
134
614
1144
163
1160
937
70
147
287
88
152
606
822
79
95
291
354
111
629
1201
224
151
305
529
145
531
180
145
149
566
855
80
578
265
99
150
633
1196
83
685
1235
255
147
285
549
146
279
531
145
146
636
1237
241
606
809
75
146
510
243
100
289
571
146
532
270
102
147
393
142
99
271
584
98
146
609
657
149
282
581
122
148
602
262
100
588
730
148
149
289
638
146
475
209
101
146
592
815
74
869
593
80
90
1407
1168
167
600
1188
202
118
606
777
71
625
1118
154
145
889
871
78
587
795
108
169
549
1088
120
590
844
74
146
477
96
98
292
639
147
147
337
93
100
627
1143
145
147
465
229
97
337
78
99
146
398
136
101
1015
855
72
95
495
226
98
613
836
89
149
457
184
98
465
139
96
97
571
209
157
447
215
97
147
631
1204
237
632
1172
209
149
564
751
97
301
351
98
144
988
933
75
592
1112
141
145
612
1187
198
469
220
100
147
746
456
134
623
1166
200
136
1228
1571
598
788
563
139
145
570
808
76
885
294
99
160
316
540
149
281
540
147
147
455
228
97
626
689
145
149
294
603
145
433
185
107
97
627
942
71
565
942
74
98
273
565
110
582
892
85
145
410
182
116
303
502
97
144
950
790
73
569
839
73
97
604
662
98
523
223
100
147
631
865
98
371
96
106
146
983
777
106
582
720
151
146
523
303
98
284
402
97
148
578
784
112
583
718
97
83
913
760
72
773
509
120
137
632
1198
199
600
1184
213
92
852
639
126
813
535
77
117
925
657
120
893
826
72
134
618
822
71
281
382
96
95
282
219
145
283
508
145
151
289
476
147
560
697
143
145
574
676
147
275
522
147
146
467
226
101
290
530
151
147
519
254
100
282
136
97
148
282
619
147
277
508
147
144
562
738
99
636
891
73
149
519
184
97
465
153
97
97
570
211
150
416
125
97
146
692
173
97
447
235
146
138
587
572
144
569
184
146
145
536
243
98
266
447
147
146
391
131
95
268
532
96
807
523
148
146
432
254
100
294
410
98
99
556
828
75
587
781
82
146
367
114
96
570
207
145
151
557
765
98
306
600
96
96
595
1245
258
429
244
97
155
302
553
144
411
166
145
146
595
825
73
570
796
100
97
298
552
98
607
1179
181
145
987
829
79
550
241
81
114
821
905
87
422
183
97
183
1071
840
73
592
834
75
146
617
1185
209
807
797
77
97
598
845
72
598
831
73
94
293
101
107
844
814
75
149
505
696
98
302
90
97
96
609
945
87
590
724
98
157
596
1149
190
788
517
99
149
565
720
145
497
169
98
146
628
1059
91
580
734
99
108
599
728
99
296
460
148
145
306
83
150
475
236
96
147
845
757
157
406
122
149
145
567
434
147
474
195
108
147
1001
740
158
456
202
133
135
591
1143
168
831
844
81
118
601
786
74
277
318
98
97
511
218
119
809
636
71
98
288
342
98
616
952
72
145
518
289
100
307
617
146
148
371
123
164
298
512
157
146
276
531
146
530
272
100
144
1413
754
100
298
607
100
146
582
276
100
256
349
151
146
374
86
97
388
97
99
148
735
1286
284
584
646
97
100
529
238
99
1552
1173
190
151
606
816
79
565
799
77
93
289
566
148
821
935
76
95
568
746
99
1065
900
75
149
285
527
144
552
638
73
99
305
599
117
601
833
72
98
637
993
88
293
515
99
157
931
702
98
313
336
146
149
602
833
75
592
839
74
96
303
363
147
461
200
146
150
1248
1186
218
283
693
149
144
576
223
145
671
250
100
149
532
695
144
421
126
96
98
611
868
71
568
714
99
98
297
400
145
833
919
84
147
456
161
100
958
787
103
99
409
172
144
288
547
147
494
282
100
147
1048
932
75
477
188
148
145
559
885
74
582
713
100
148
1320
1901
1308
616
784
75
92
296
582
73
633
831
71
90
642
876
72
626
835
70
90
767
252
135
832
729
72
107
369
146
96
341
106
147
145
694
939
75
583
799
74
98
447
215
145
592
215
147
147
571
793
89
475
104
110
145
928
857
88
450
199
96
146
622
1050
135
603
767
97
146
392
117
98
590
1127
141
148
297
696
145
288
361
147
146
1602
1165
190
779
460
145
149
557
776
99
303
591
96
95
624
871
74
571
749
97
143
562
807
78
1019
873
72
99
297
594
137
488
334
99
146
890
1180
214
899
957
93
134
695
859
73
592
869
71
108
792
529
99
587
653
98
107
285
353
99
596
792
99
158
308
444
144
472
184
98
148
342
99
101
293
584
150
145
556
769
101
919
773
102
100
291
636
146
419
143
97
95
602
867
144
648
328
98
148
527
275
97
545
1589
86
148
363
118
107
666
1207
235
148
349
111
95
769
956
100
147
516
188
97
262
387
100
147
850
875
85
609
1174
199
148
970
809
73
810
990
91
158
285
567
145
294
572
147
150
694
349
100
322
84
146
146
564
596
82
293
605
165
148
341
105
96
438
168
96
97
426
203
96
557
587
147
165
510
225
148
281
532
147
146
334
108
97
280
140
146
145
414
180
100
907
768
98
96
1014
794
103
273
520
107
110
290
556
146
277
572
145
158
450
196
107
626
875
72
145
317
163
97
599
828
73
107
631
821
75
574
716
101
146
371
132
97
289
612
147
152
989
955
87
615
1164
187
70
463
198
92
678
705
145
147
410
170
108
271
370
98
146
304
603
146
310
93
145
594
818
76
97
627
863
70
303
513
145
144
570
215
146
1143
597
101
96
296
653
146
473
183
96
97
293
590
119
586
1159
194
134
810
931
77
613
1173
198
125
589
841
75
307
692
97
97
292
364
148
295
578
145
145
342
85
96
290
641
97
108
589
278
97
313
519
149
147
578
215
147
840
1066
146
146
500
222
86
275
518
75
89
1143
885
71
883
776
106
147
418
183
96
438
166
148
146
608
732
145
654
881
79
106
298
607
151
612
229
98
139
969
1150
175
784
963
76
138
828
679
117
835
844
76
154
419
166
99
314
597
148
145
390
141
98
563
711
99
145
290
334
151
656
326
101
147
605
812
76
279
520
147
148
1356
1859
897
850
691
71
97
334
86
107
599
748
157
145
494
221
97
525
92
104
146
465
225
145
288
548
146
148
329
82
93
770
817
77
140
879
840
85
598
1112
126
73
816
852
86
785
954
79
134
724
703
118
839
541
129
145
441
196
96
1028
955
76
95
522
240
97
273
584
147
147
288
468
117
613
854
76
107
311
431
145
362
229
97
146
500
848
78
548
546
148
146
587
728
144
531
274
100
98
295
512
148
312
522
147
146
480
247
102
1002
831
71
108
435
213
147
561
658
99
99
604
758
154
547
842
73
147
887
690
97
531
220
147
146
565
828
74
587
219
96
138
591
842
125
558
742
143
146
601
760
98
268
502
97
146
345
106
148
583
831
74
96
337
95
100
550
647
147
144
534
316
98
588
842
98
159
551
968
101
593
845
72
108
780
459
101
609
1596
245
656
681
122
135
816
822
75
91
778
466
98
292
319
147
146
592
479
103
586
823
72
148
546
566
152
283
433
148
156
296
503
98
515
216
146
418
189
97
145
1006
795
75
576
696
144
147
307
432
146
284
406
149
150
313
90
146
398
163
98
148
556
632
100
1061
881
76
146
531
841
74
738
277
149
150
579
799
81
582
416
100
106
285
468
97
609
888
75
145
446
168
96
304
1212
211
97
281
627
148
747
1261
272
164
311
604
146
544
241
101
149
922
937
87
618
1189
201
98
304
543
99
580
253
146
148
408
174
97
289
376
99
147
1085
1017
125
615
889
72
91
323
473
95
685
861
78
139
1123
935
71
616
1062
95
102
631
1166
186
1111
912
72
89
779
493
92
781
889
72
149
591
224
145
649
846
79
96
525
240
145
600
637
151
145
625
851
73
287
526
98
146
463
226
147
594
785
106
149
922
831
80
598
716
76
146
330
87
97
290
360
104
150
992
1049
97
566
746
98
145
782
874
75
848
558
122
118
801
492
132
628
1204
204
91
953
806
74
593
914
98
146
848
748
79
500
213
146
146
559
793
77
589
837
72
96
291
546
156
309
413
147
158
319
82
89
294
442
99
145
630
401
146
296
590
146
148
351
104
147
619
293
99
147
282
415
148
275
594
154
148
840
691
143
587
737
98
97
541
618
103
1106
720
71
154
573
751
77
364
74
96
99
615
195
144
271
445
145
147
533
295
81
330
80
124
136
809
457
85
1081
860
76
149
854
898
77
587
580
97
156
317
91
99
470
203
93
134
593
795
104
575
760
103
146
363
119
98
598
806
71
145
333
102
97
1132
424
99
99
555
699
144
563
1141
175
98
473
190
100
632
1119
150
147
287
739
123
572
260
99
102
622
837
72
573
700
100
146
585
1000
107
764
454
147
585
681
144
145
397
164
99
309
569
145
147
370
122
147
309
76
147
145
875
829
76
599
783
75
96
284
442
147
274
567
148
158
379
101
146
370
94
98
145
1097
1097
126
626
1236
238
149
526
221
99
557
756
107
102
591
211
148
365
105
98
146
438
203
97
292
93
146
148
379
126
97
621
800
72
89
316
105
71
611
870
72
135
790
501
82
812
725
73
96
590
868
79
584
643
100
144
787
481
98
539
269
146
146
437
197
377
227
748
98
150
573
196
147
441
164
96
146
761
295
102
611
917
72
149
581
225
146
305
289
146
149
1254
1679
701
1072
615
123
136
742
506
90
817
912
87
147
529
269
99
288
395
144
148
1266
1343
359
798
502
92
155
757
809
73
625
1160
191
135
593
614
104
302
524
147
147
462
218
105
1517
763
109
144
435
265
98
1080
890
73
99
600
834
75
295
510
144
147
436
221
101
1568
1049
87
146
587
815
79
282
361
99
102
338
89
157
1139
483
148
149
297
531
144
451
190
164
147
959
979
77
557
506
99
107
614
893
70
593
1043
135
148
570
801
73
297
466
99
146
601
291
101
313
646
146
145
308
88
147
302
598
147
147
617
851
77
274
529
100
149
849
850
87
590
714
98
96
811
534
101
616
1193
221
154
303
545
120
799
956
92
89
998
830
76
874
853
76
96
567
680
96
279
636
98
147
303
260
146
465
198
97
145
512
210
100
299
561
144
146
492
262
97
277
597
98
98
605
597
98
594
1174
187
96
833
968
89
606
1155
186
146
527
86
97
596
822
73
96
619
991
96
583
716
99
95
355
121
99
316
407
147
146
625
858
70
586
684
100
150
587
1132
145
534
84
147
145
607
189
99
281
603
100
452
178
146
145
296
308
146
310
95
71
95
620
861
71
601
818
73
96
339
91
95
603
629
70
146
521
782
121
589
251
102
147
620
1206
236
550
252
99
96
468
260
101
579
192
100
154
852
776
77
592
840
72
99
429
246
147
450
154
91
144
572
777
71
850
581
77
134
774
499
137
896
637
85
90
850
902
73
444
211
81
143
354
111
106
850
296
146
146
580
633
145
550
782
108
144
600
1141
169
271
398
98
147
552
748
145
554
771
97
145
453
208
98
603
1172
186
119
851
676
118
901
767
74
89
860
634
74
805
837
76
137
608
1182
217
331
85
137
135
768
474
94
300
470
91
98
437
207
107
295
381
146
145
401
162
115
311
554
100
143
591
268
96
313
561
146
145
613
910
76
589
894
75
71
617
807
74
950
854
98
145
463
239
96
919
772
97
142
910
728
99
1105
908
71
154
596
673
100
311
416
99
95
648
1228
254
624
1163
163
148
530
89
98
444
159
97
155
336
89
85
272
566
84
101
301
511
144
271
569
146
144
586
1571
281
1469
1069
125
145
481
265
145
506
703
77
147
587
1164
189
301
379
146
146
272
436
147
389
156
107
98
376
125
100
579
842
75
148
498
246
107
825
777
88
146
1692
907
282
447
163
97
96
620
948
73
604
1210
233
73
774
478
73
1074
845
73
135
807
509
141
832
775
77
95
300
376
99
792
214
145
146
960
983
93
588
780
74
98
456
233
147
563
719
99
110
600
1136
162
778
1595
593
119
872
729
72
480
203
99
96
615
1037
137
561
653
150
146
409
145
99
304
69
146
147
273
592
149
896
803
74
145
1026
828
73
571
689
145
150
295
569
145
1005
883
77
627
898
72
96
289
481
146
545
685
102
98
847
597
147
1310
1397
473
120
819
817
71
534
239
126
135
643
210
121
1770
1111
148
98
304
542
144
702
298
103
157
726
299
97
604
788
110
148
555
637
150
605
919
84
146
551
641
145
976
791
118
151
289
522
147
439
211
103
147
483
241
98
299
536
147
146
365
128
97
636
1214
248
147
408
155
95
271
548
100
97
609
947
187
543
290
98
146
748
1301
305
948
874
74
149
387
142
96
798
482
96
157
443
182
99
293
394
120
135
593
1126
137
630
987
208
148
584
217
150
288
709
147
146
303
107
148
550
851
80
100
572
800
75
284
547
95
150
445
192
98
952
818
72
107
1151
407
76
1360
1476
558
117
602
1006
86
474
232
91
90
791
889
83
802
565
91
147
571
236
96
619
996
101
161
629
957
72
1366
1058
90
89
830
869
75
314
591
146
145
392
146
96
434
211
96
147
584
250
149
518
274
99
151
881
853
73
832
822
72
150
311
577
156
305
102
144
147
686
972
72
306
535
99
146
602
991
86
825
881
83
144
444
201
99
417
193
107
147
605
1200
81
598
1001
88
148
312
73
145
762
1297
313
148
537
591
147
422
156
156
146
594
1008
95
298
493
150
147
517
250
109
287
421
111
147
1195
1116
142
318
442
145
147
475
171
146
627
978
73
101
453
155
148
555
608
101
95
301
309
146
575
758
100
146
1086
495
74
301
423
146
148
276
533
144
629
649
143
146
585
830
72
432
222
144
144
400
144
96
473
175
99
148
498
871
72
308
333
98
147
918
786
98
343
110
149
147
411
191
97
293
614
98
149
573
637
152
293
432
148
148
712
1583
565
907
934
69
151
321
170
93
486
241
90
439
205
92
135
794
845
72
292
630
75
135
619
1191
223
298
304
143
156
857
815
83
583
527
109
149
720
780
103
601
844
74
145
618
1180
219
797
932
71
145
560
699
98
280
556
108
106
936
911
83
564
664
97
98
347
85
97
1455
704
143
149
410
175
108
601
1186
224
146
451
225
107
645
826
76
97
544
755
152
337
110
100
147
615
1588
590
491
651
98
146
578
740
144
595
1140
166
147
599
715
98
275
631
77
137
652
221
93
853
597
96
94
573
850
68
615
1176
174
147
567
875
98
278
564
98
106
601
1190
207
1139
898
69
145
585
804
76
834
973
78
138
844
928
74
344
116
134
135
758
487
93
874
837
118
135
707
818
77
279
563
97
149
330
93
108
610
878
71
95
283
546
107
627
895
70
146
412
151
107
503
219
98
97
828
672
83
593
840
71
96
646
936
71
607
1002
79
145
872
964
70
311
450
98
97
454
236
150
409
180
93
135
606
1211
247
792
729
86
150
629
201
146
601
890
73
145
724
876
76
597
693
145
147
559
287
97
529
224
109
146
309
77
146
342
97
97
147
1027
885
73
616
898
71
146
335
105
107
543
651
97
97
916
830
73
553
890
73
90
992
806
74
465
205
94
145
544
997
90
312
163
97
97
468
227
104
304
550
146
147
586
805
105
285
328
99
105
590
844
73
594
871
75
95
297
557
97
633
844
72
151
624
1069
97
295
376
92
88
570
822
73
590
965
94
95
290
554
98
310
69
101
145
418
174
147
462
242
98
145
415
152
102
264
525
146
148
653
280
99
504
204
101
152
629
292
145
521
525
146
146
604
878
74
599
1157
191
573
879
77
98
271
435
112
546
742
105
147
594
876
73
502
217
108
147
1119
918
73
546
733
145
157
622
684
144
277
86
152
146
319
100
145
612
1152
85
145
518
732
73
538
767
86
137
795
861
85
583
867
74
93
822
786
72
574
842
76
89
281
526
91
766
773
109
158
413
89
145
534
651
101
108
301
421
146
636
690
143
180
615
806
80
646
1121
151
179
544
250
132
307
546
179
179
1101
1064
134
308
325
178
180
585
278
134
293
409
134
177
312
80
183
588
728
180
180
370
96
183
580
225
132
182
536
890
73
296
668
130
377
1414
851
74
612
558
133
180
613
839
78
495
197
106
182
654
886
84
593
768
134
118
602
991
86
370
127
120
179
594
834
70
549
331
136
177
673
868
77
330
88
180
181
474
231
149
310
712
179
179
567
738
98
311
495
132
180
495
194
181
652
1208
232
185
1048
883
77
509
223
177
180
305
528
178
676
319
131
130
520
237
183
548
247
178
178
288
330
178
483
194
179
177
655
828
138
481
200
133
178
591
697
157
678
306
151
145
721
326
100
324
301
134
179
597
772
182
284
74
179
180
368
127
182
590
669
180
180
599
785
136
303
609
124
166
591
1136
169
420
151
182
178
292
584
180
905
800
106
178
1128
820
75
540
198
98
96
1101
559
72
543
749
102
178
554
733
76
868
916
101
166
412
145
97
582
687
100
132
481
184
182
303
538
147
180
681
320
97
300
91
98
148
624
684
179
316
410
147
146
616
876
78
573
732
81
131
489
224
97
499
234
99
147
549
244
98
268
522
178
178
1866
1147
181
571
1129
146
131
464
213
147
1074
943
76
97
973
849
76
1163
937
73
504
226
101
147
569
760
145
528
876
88
179
1574
893
73
448
137
98
150
640
308
97
271
554
180
185
351
106
156
1019
1135
182
180
475
195
99
339
99
98
181
283
643
144
971
928
77
118
290
424
75
765
479
137
181
652
899
86
583
736
80
95
790
928
87
601
829
77
129
286
532
131
624
1227
253
180
541
757
103
298
445
124
178
584
908
74
575
1148
175
179
897
323
98
486
213
97
97
540
773
100
574
826
77
176
610
845
130
839
784
72
180
608
750
151
748
304
101
129
1120
886
75
641
952
94
129
325
96
97
578
816
76
147
414
139
179
624
1204
93
129
545
790
79
587
239
98
145
611
896
77
303
541
99
151
646
320
132
405
138
85
121
304
469
81
315
394
122
148
471
81
130
274
379
97
152
646
349
179
660
343
132
180
920
730
95
360
95
147
180
898
752
96
296
511
99
95
1659
1150
166
602
533
77
144
550
732
133
268
532
120
135
628
872
84
535
724
107
97
456
139
98
560
735
145
175
987
881
74
283
495
76
134
1871
1147
190
622
1188
218
146
655
313
99
339
102
95
145
538
250
98
444
177
96
97
603
1079
100
561
256
133
179
623
940
87
1451
860
78
283
911
972
71
585
898
76
130
492
250
179
533
294
182
178
411
155
179
589
1023
129
181
632
749
76
292
418
180
182
684
380
134
315
528
179
180
700
345
124
700
282
122
170
615
1186
200
614
899
71
120
1163
1112
143
614
918
86
177
567
598
202
280
595
186
178
449
203
179
559
699
178
180
647
318
131
444
219
135
133
458
221
181
311
734
151
177
654
929
71
828
715
120
178
1564
1294
295
1038
955
71
120
317
719
177
944
780
137
132
568
814
84
1098
918
75
612
989
87
183
733
904
75
300
582
131
180
664
376
133
319
416
180
183
786
353
135
865
847
84
177
646
723
177
492
254
177
181
638
728
176
644
1161
183
146
907
745
90
840
854
76
179
537
278
178
312
384
181
180
628
840
73
552
445
134
179
570
1108
138
1115
859
73
179
790
345
132
289
213
98
191
867
624
133
279
570
179
180
553
874
86
605
833
77
179
572
760
118
603
81
95
433
1202
638
98
96
130
128
757
1411
849
290
178
288
932
476
75
130
180
179
291
667
1156
623
88
272
547
814
77
145
954
931
93
573
825
74
130
627
1199
208
553
336
98
181
324
630
145
528
231
103
165
429
169
120
847
720
119
131
292
506
89
970
760
155
146
368
119
133
485
238
98
129
608
1178
212
372
144
132
178
285
563
148
494
838
73
179
588
778
76
279
515
148
146
346
103
97
436
211
177
181
441
173
181
584
284
100
180
591
1143
178
568
653
102
155
819
526
102
386
152
146
175
980
905
76
309
568
130
133
301
715
145
536
270
131
182
353
96
147
525
488
146
146
340
119
131
319
603
132
177
624
840
72
594
1161
192
89
641
1151
173
738
748
125
165
603
639
75
312
376
180
180
594
876
76
582
844
78
180
526
231
145
598
744
132
181
630
1186
213
657
989
73
130
315
599
100
287
352
146
180
696
362
133
481
202
121
129
291
481
148
305
89
145
150
464
243
97
301
433
179
179
649
960
75
555
625
99
129
653
88
95
576
569
180
181
610
823
78
283
676
99
179
628
685
146
587
800
75
130
306
573
131
612
780
90
179
302
596
179
1491
1099
106
119
946
1107
136
898
1000
85
117
403
174
129
622
1134
160
524
258
131
181
641
845
77
588
726
148
181
682
380
133
236
97
96
181
812
822
77
569
93
178
177
557
250
98
416
192
97
182
611
869
78
578
766
99
178
579
208
74
803
525
75
169
634
1186
184
608
1095
120
70
767
474
131
583
753
175
180
688
605
130
513
242
178
178
626
878
76
595
791
74
130
290
596
179
528
260
99
180
1023
822
73
317
554
131
177
551
756
90
619
686
135
131
288
571
98
564
633
147
178
566
962
78
280
525
100
148
507
235
97
818
575
610
179
1143
901
72
623
202
148
178
325
693
183
651
863
76
178
1185
971
71
594
660
130
178
618
769
90
621
1193
210
147
553
608
151
590
227
145
145
316
75
119
817
725
124
183
1024
879
72
609
833
74
180
452
197
145
294
333
145
185
710
342
133
298
575
178
179
551
253
99
298
338
97
180
290
574
145
283
406
120
180
575
649
146
661
907
73
180
1788
999
229
556
779
76
131
281
573
109
299
290
148
178
547
704
101
302
80
133
180
588
875
75
591
835
75
132
396
118
99
1391
666
146
153
568
254
98
402
178
128
182
576
266
178
302
555
186
179
623
788
79
797
560
129
178
533
233
76
824
844
76
122
1098
1381
422
1948
948
556
148
540
820
90
577
776
73
95
290
535
146
502
242
99
147
829
774
139
473
176
101
147
286
521
147
1233
1199
234
119
810
1032
83
609
1188
221
169
1165
1048
76
802
583
125
166
600
1184
196
501
552
169
183
510
249
119
911
635
133
179
634
855
75
303
79
98
181
613
847
76
602
775
100
100
304
232
102
591
818
79
177
405
148
99
420
139
131
180
937
160
147
357
116
180
178
637
673
178
521
272
134
180
583
672
144
398
130
95
579
736
143
149
284
561
183
636
256
133
132
317
81
179
598
674
147
180
291
628
177
642
804
82
177
416
159
163
683
941
86
146
500
228
132
499
207
145
178
598
756
74
351
83
120
117
1463
1702
700
632
1209
222
72
591
1062
223
600
891
85
119
1013
844
75
277
565
108
135
880
996
84
592
782
77
181
287
118
98
607
1176
210
181
300
390
148
293
454
148
147
386
153
96
634
845
74
180
633
700
176
610
673
179
181
661
940
76
485
317
133
179
1105
947
76
347
98
179
180
300
592
144
371
128
132
181
574
259
130
592
650
144
181
297
601
167
486
199
123
180
1055
289
177
654
343
131
180
1131
925
73
988
422
144
180
307
564
179
605
1052
78
183
618
862
74
321
372
96
146
539
232
134
269
419
181
178
408
175
178
632
867
77
183
621
671
147
537
270
100
146
308
93
98
404
112
132
178
573
747
145
290
661
180
183
338
93
132
588
790
80
181
542
268
179
486
226
150
177
678
322
98
314
92
132
178
1135
911
75
324
616
179
180
673
144
131
286
633
74
182
296
544
147
283
529
649
179
454
197
179
699
857
76
179
648
876
79
607
791
79
130
611
1209
231
635
976
204
180
641
908
75
280
530
143
147
280
505
145
376
101
96
129
402
130
97
608
625
122
180
587
861
74
363
124
120
180
1005
363
144
534
248
132
179
1133
910
78
418
172
181
178
758
338
131
559
790
110
137
643
1221
233
549
227
132
180
1815
1232
244
1442
1124
143
179
649
1160
187
619
652
133
131
309
386
132
522
235
178
178
624
883
71
299
643
178
178
532
279
179
652
899
85
180
576
771
146
533
269
132
177
587
814
73
579
834
73
284
379
132
180
300
624
180
639
704
133
131
296
572
132
317
713
179
184
675
333
134
474
159
145
179
591
285
178
639
622
179
176
372
101
182
552
254
179
178
461
214
178
516
866
73
179
324
741
177
545
238
121
165
510
237
121
288
567
181
180
691
1274
277
942
949
73
135
646
339
149
518
230
133
178
288
683
168
633
1204
83
166
622
916
85
597
264
132
132
638
1199
237
653
740
178
180
426
170
185
610
1111
147
180
434
178
177
1067
1032
170
165
488
84
163
597
678
98
131
383
157
129
524
239
133
179
498
243
180
1038
832
83
180
657
879
77
631
729
176
178
336
105
179
635
590
76
183
483
229
180
634
883
74
132
300
644
131
478
235
182
178
636
702
178
630
822
79
178
704
796
133
632
742
123
130
1126
383
119
887
703
167
181
613
660
182
308
588
181
184
619
825
78
561
618
132
131
282
611
178
552
822
79
180
617
811
77
366
149
179
179
531
256
181
690
948
71
180
460
185
182
626
740
179
180
666
1056
86
281
376
97
180
636
1208
237
968
776
134
180
698
273
180
430
183
180
179
1145
996
76
305
422
180
181
571
796
132
285
559
97
178
595
623
179
297
561
179
180
868
818
177
626
802
105
180
616
822
78
329
607
131
180
612
683
145
567
99
121
182
1225
1159
190
899
807
72
180
628
607
179
628
787
178
180
646
911
72
284
593
131
130
555
671
134
290
553
182
181
625
775
189
293
547
180
179
549
636
177
303
86
178
179
623
542
83
346
90
131
178
286
614
179
695
345
135
182
1136
904
74
588
693
178
178
458
200
180
576
674
179
184
433
166
179
298
141
179
179
453
198
181
835
751
117
569
819
75
129
893
703
670
487
246
131
183
631
818
78
589
818
74
130
307
101
119
612
629
75
181
414
142
181
448
190
181
180
610
807
79
624
883
73
130
284
493
133
284
521
181
180
635
830
75
568
291
134
131
279
127
179
630
716
182
178
1002
940
75
1103
959
72
130
288
607
180
643
873
76
183
650
1212
234
654
789
132
180
787
328
132
1193
535
178
180
613
686
177
1104
952
82
132
581
261
183
299
576
178
180
1165
889
72
603
713
171
178
1104
925
73
283
530
132
181
568
712
181
590
179
178
181
306
514
164
947
899
69
131
602
718
89
597
755
137
178
1130
938
74
871
809
74
181
605
727
179
558
994
113
133
282
550
130
305
86
162
180
459
191
164
822
576
119
177
645
869
78
292
525
130
179
499
246
130
583
759
180
178
310
358
181
617
841
72
129
390
104
179
761
914
75
129
295
536
100
572
828
152
179
586
782
137
596
510
133
181
617
479
182
621
806
77
132
370
108
135
366
130
180
179
922
493
131
298
552
132
134
594
921
74
903
905
84
122
793
516
120
829
564
165
177
583
790
76
598
822
74
180
913
1018
105
593
840
73
179
594
839
85
602
1135
170
132
274
525
130
287
535
178
179
422
256
133
394
120
176
177
306
712
163
302
305
136
178
1280
1338
411
618
807
81
164
898
878
85
585
242
131
180
521
349
182
1065
404
146
182
660
606
147
670
262
132
178
664
662
176
409
577
150
184
413
151
132
271
349
179
180
397
272
177
814
432
122
202
520
149
165
809
928
72
119
661
1251
250
542
267
177
182
413
136
145
694
951
80
130
408
571
180
709
281
101
178
894
902
292
689
467
131
539
651
99
181
1328
1010
136
665
780
124
129
412
521
133
412
590
132
181
408
215
180
668
879
79
132
406
567
132
717
916
87
181
532
231
179
674
998
126
180
1148
974
106
542
242
147
165
471
85
119
1169
1065
127
167
1114
876
72
816
855
117
132
319
90
178
588
809
71
130
285
500
135
323
120
134
176
583
950
103
592
783
143
132
301
530
132
625
737
178
177
632
987
205
428
235
131
181
726
350
177
535
278
182
179
302
719
146
814
833
87
182
481
247
131
525
256
97
129
646
1273
282
655
756
75
131
626
1196
198
640
826
75
163
1114
1022
99
817
505
123
161
304
99
686
1468
749
163
166
594
845
74
800
881
84
179
433
281
180
765
346
94
167
554
832
75
841
783
136
179
621
1149
158
595
904
73
132
389
115
120
841
664
167
165
619
834
72
1008
923
75
155
633
1023
94
586
874
72
128
1121
877
68
635
849
75
131
504
241
130
1077
881
72
179
408
133
179
567
773
99
129
347
85
182
931
759
180
178
454
185
183
519
299
182
179
759
506
181
460
217
178
181
302
588
183
770
360
131
178
896
906
180
611
281
132
182
616
817
76
635
268
131
178
673
317
132
1076
857
71
182
1140
949
74
399
120
135
129
357
98
179
609
659
179
179
394
139
177
915
1035
102
131
310
397
177
617
897
72
130
329
95
178
540
750
147
181
391
115
183
288
103
132
179
1071
622
81
858
780
81
132
268
575
177
674
360
131
178
631
1006
82
542
347
130
180
302
690
177
608
307
133
178
1153
849
73
430
133
180
130
801
444
179
572
763
148
180
675
897
77
640
596
134
178
1018
939
76
304
93
129
178
305
81
178
453
151
184
171
1539
842
88
1118
903
74
284
502
130
181
1166
892
71
917
1159
183
146
1088
922
71
549
166
70
100
388
135
179
617
787
131
129
1094
386
131
344
121
180
180
562
766
145
1200
1153
178
125
1091
961
75
833
787
120
179
883
942
92
1128
845
73
180
755
305
179
797
125
179
187
366
109
177
611
1178
211
180
578
778
138
299
539
132
128
386
96
131
370
107
181
182
611
875
73
801
747
176
264
585
364
131
331
526
179
177
532
634
144
595
761
145
178
778
670
132
310
323
133
179
1003
864
72
696
663
132
178
871
971
217
589
807
81
180
974
703
132
283
568
132
178
1102
897
73
644
899
76
130
299
486
100
331
94
176
164
574
757
165
689
962
133
130
668
920
73
662
475
130
180
1058
928
177
910
1016
139
180
620
438
134
387
636
178
177
563
74
179
507
250
177
179
512
95
177
513
240
182
182
474
226
179
1114
1085
136
119
278
351
101
592
730
98
176
630
827
72
589
270
132
181
297
445
180
627
571
123
180
791
468
129
357
94
107
149
610
1152
163
626
650
137
130
287
356
179
618
1182
210
180
425
190
179
583
769
132
130
1198
540
177
439
170
183
178
623
872
72
541
243
133
180
333
114
183
311
567
177
175
287
551
689
540
266
130
181
627
855
74
544
317
132
182
1164
905
72
597
837
74
189
596
287
99
312
84
101
145
419
113
130
435
161
182
179
605
834
72
292
330
107
181
572
772
154
288
349
152
150
298
576
179
615
807
107
147
375
115
180
300
559
148
182
633
850
72
620
716
146
184
324
98
186
375
109
176
183
273
367
177
640
835
76
181
465
220
182
814
807
72
180
634
976
99
585
634
97
127
1128
859
69
594
747
134
275
566
131
184
1464
722
178
501
208
145
182
659
817
84
1000
852
73
180
537
249
177
321
114
120
177
609
1124
133
595
583
129
179
518
221
179
1111
956
72
132
534
294
179
613
1159
187
178
495
226
132
628
830
71
129
313
584
164
285
586
178
181
643
968
170
599
659
133
174
502
171
131
1135
897
71
179
633
1095
108
586
824
73
130
345
97
180
549
915
80
180
298
575
146
530
96
133
177
630
791
139
480
209
131
179
1135
895
73
604
830
79
144
565
270
130
283
356
108
177
450
200
180
612
1153
168
178
1212
548
181
1165
1286
303
135
350
112
174
601
1210
245
170
829
697
122
901
990
83
166
1118
949
70
298
510
129
128
578
776
152
347
206
129
180
1145
905
73
611
1180
188
167
483
217
130
408
118
131
180
452
186
182
605
830
72
130
280
528
132
572
786
85
180
565
733
134
307
559
131
181
769
333
131
623
603
178
181
641
1219
240
543
561
131
181
626
831
73
595
778
132
128
621
801
177
576
782
141
134
282
554
132
640
1152
182
178
606
1179
192
635
1179
173
179
1203
1156
208
775
823
70
165
1119
869
73
292
386
136
175
294
531
177
269
563
177
177
483
229
178
924
706
143
177
817
892
73
292
402
130
129
274
312
179
603
878
72
178
326
80
144
524
236
131
179
318
376
182
317
504
178
177
640
852
74
592
265
132
180
633
1181
211
554
437
178
177
544
92
130
286
191
178
177
300
425
180
578
914
79
177
389
116
175
302
474
178
181
385
110
179
301
534
181
179
624
689
179
1418
745
178
178
1266
672
132
608
1159
186
132
570
709
180
332
100
180
179
593
813
75
610
1204
220
177
304
567
179
363
102
177
608
1127
155
128
1119
486
130
278
535
145
180
932
720
178
580
756
145
176
274
475
179
397
143
179
181
302
434
178
292
420
178
691
649
684
181
930
301
131
178
595
794
135
579
617
131
129
639
1148
177
289
385
181
176
362
93
179
903
711
158
178
293
602
182
573
284
129
130
279
330
175
308
536
177
181
291
535
180
603
743
177
178
625
1168
200
595
569
178
176
390
102
131
459
145
181
176
278
527
182
647
304
130
179
525
180
132
584
692
178
181
742
325
132
1107
850
74
177
583
587
177
621
774
145
179
645
1082
101
359
243
134
179
597
829
77
1071
968
77
154
620
775
143
545
236
130
180
1082
934
73
581
631
130
180
1096
844
74
434
197
120
177
291
303
164
893
949
90
130
560
224
133
619
706
176
180
440
191
179
506
244
178
179
617
695
178
301
602
179
178
597
721
180
496
89
177
178
573
798
156
286
468
178
179
925
704
176
489
237
177
176
582
723
169
597
852
74
117
298
283
167
556
712
120
131
633
101
129
285
662
130
179
1709
1181
179
441
181
181
178
293
435
144
274
551
178
180
504
228
179
387
122
178
179
358
99
178
1181
421
179
181
305
567
164
509
302
131
176
604
795
93
546
705
178
180
577
294
177
287
587
177
178
533
801
108
622
816
77
133
294
339
130
467
149
132
177
382
119
180
443
177
181
179
507
230
182
262
389
179
178
571
802
107
554
704
135
180
268
431
189
1035
805
72
178
372
130
147
523
289
130
179
332
95
180
333
97
178
178
701
639
178
1259
1373
401
164
976
837
73
472
184
128
180
332
549
179
622
841
70
133
336
292
131
270
340
181
178
311
538
179
570
721
131
323
329
181
179
326
91
178
599
785
179
178
500
243
180
313
546
181
176
840
889
75
525
629
164
164
778
830
90
604
542
130
130
302
545
177
543
633
181
177
594
606
74
578
621
132
130
415
142
130
352
88
117
178
496
197
122
464
171
163
178
348
99
178
631
320
134
131
327
77
179
1384
240
132
134
621
1116
153
607
1151
171
179
296
721
178
579
327
132
130
290
365
179
348
710
178
177
569
289
132
507
241
178
180
1182
577
179
536
266
178
179
403
162
183
379
132
146
178
689
319
129
297
244
178
178
295
558
177
536
276
178
176
300
549
179
771
244
178
178
302
555
166
328
120
122
166
583
835
70
483
247
78
163
836
852
73
304
403
121
128
1122
846
72
586
677
131
462
835
583
133
433
155
147
177
302
574
179
638
801
80
186
622
1168
185
406
139
149
147
453
182
132
279
381
99
177
508
223
177
550
787
96
133
576
641
100
280
550
143
177
675
327
99
279
591
178
181
651
974
86
633
1132
165
129
581
197
143
379
112
131
177
320
533
143
555
627
144
145
506
250
96
285
471
97
178
628
1135
165
348
722
141
178
617
815
74
301
364
99
178
599
488
164
408
165
96
180
544
183
130
576
687
179
180
302
541
145
580
632
96
147
279
376
152
283
561
144
145
387
110
133
534
116
97
149
306
633
180
318
736
141
181
624
651
179
316
445
178
179
429
159
177
304
488
146
177
568
791
76
563
690
119
142
903
236
121
631
856
74
97
283
522
175
314
101
99
177
1099
824
74
575
766
95
130
270
492
98
588
875
75
180
357
90
177
874
208
178
177
568
768
116
590
739
98
177
1059
848
75
1787
1134
156
584
720
121
176
419
166
98
462
195
145
176
562
568
143
1225
534
176
177
473
192
146
279
701
143
181
560
670
144
1192
1648
676
74
289
648
123
571
802
78
121
301
95
85
618
794
83
188
1174
779
72
601
1100
127
122
937
732
162
1089
891
73
118
286
358
96
359
95
179
177
312
383
177
322
365
144
179
411
151
192
365
107
147
177
573
628
130
298
284
97
145
440
180
178
328
328
143
144
559
619
178
419
150
179
181
311
526
144
487
216
119
131
283
552
165
388
126
117
179
626
1107
135
559
580
145
177
291
518
144
430
153
129
179
554
734
146
468
200
96
178
510
101
143
281
506
145
145
524
235
97
274
499
177
181
289
447
179
522
239
176
180
542
637
145
496
229
98
179
484
236
149
396
81
95
144
950
801
75
635
831
74
180
292
566
181
620
676
142
180
1116
845
76
589
706
96
131
383
96
119
1088
844
74
165
1014
819
74
285
116
161
176
456
208
79
621
1142
164
115
549
268
131
283
388
96
155
606
847
86
577
880
79
162
610
1038
86
997
988
76
118
572
685
143
561
686
98
128
619
976
81
594
702
131
177
357
94
177
1052
860
72
180
337
98
147
318
518
131
182
1126
895
70
585
1139
171
179
623
1122
150
313
208
181
188
287
557
177
587
757
73
130
283
534
130
288
553
131
177
332
100
165
975
1187
184
676
489
237
167
639
1150
174
166
653
1134
155
967
789
129
181
365
112
177
617
1183
193
179
606
1137
163
678
841
133
178
515
503
131
321
287
130
180
404
169
177
564
873
74
163
284
809
133
601
831
74
130
329
600
176
292
423
180
179
386
83
180
345
100
178
179
412
127
179
839
841
84
583
825
74
130
283
605
130
627
1080
98
179
602
285
131
276
297
177
178
302
137
179
294
717
143
177
542
919
84
639
640
133
178
648
850
78
280
496
177
181
309
103
134
585
755
162
180
359
94
178
451
81
179
180
412
154
178
650
283
130
178
596
762
140
278
586
179
176
420
162
176
274
381
178
177
1102
858
72
524
519
178
177
814
146
179
1150
883
74
131
331
78
180
461
151
180
180
288
75
181
268
534
178
179
612
783
148
283
530
178
180
593
760
179
791
119
144
146
459
215
133
320
435
176
176
323
424
165
1239
841
74
122
572
756
124
299
439
178
178
413
159
178
267
420
180
191
600
633
136
260
480
119
164
1140
925
74
570
720
176
180
350
94
178
1277
1790
873
85
566
932
75
377
92
179
180
1048
272
132
278
547
132
178
610
850
75
626
875
72
131
641
1176
213
545
234
177
179
599
663
178
456
183
178
181
514
238
179
456
194
178
178
285
372
180
604
671
180
178
369
126
178
1191
1143
186
121
616
540
145
568
274
131
179
497
206
131
304
535
179
183
288
208
177
282
445
167
178
656
851
78
300
547
178
178
572
646
168
347
106
179
177
585
627
176
602
860
75
180
454
216
177
566
371
179
180
444
196
179
376
107
148
179
296
488
182
361
126
179
178
311
511
147
387
103
133
176
566
267
184
307
452
178
181
1095
363
179
349
114
178
176
299
576
178
641
1210
220
180
636
903
71
559
1010
106
130
298
370
131
290
390
180
178
535
795
99
1148
486
132
182
635
287
131
331
121
176
179
606
1157
169
579
505
133
181
573
989
91
568
697
179
181
372
140
165
996
800
127
195
603
835
71
592
604
132
318
633
180
181
294
727
176
558
247
131
177
453
198
179
293
685
146
181
582
203
133
382
151
128
176
568
690
133
627
1168
199
148
342
118
177
563
804
78
134
284
548
176
530
231
134
176
421
154
177
298
76
178
176
364
111
210
421
156
179
177
278
477
182
1117
863
78
180
546
800
76
311
537
132
177
782
604
178
596
666
179
176
347
71
178
1142
877
132
181
511
201
178
601
1164
189
165
564
175
129
495
223
135
183
427
154
182
1107
962
76
130
301
488
180
445
170
147
179
307
97
165
597
640
180
182
551
701
142
269
102
147
146
329
85
179
512
236
178
179
361
107
179
774
958
82
178
579
717
134
298
236
129
179
585
685
178
361
95
178
177
349
91
178
1268
874
71
131
318
458
177
539
242
125
118
447
190
164
598
843
70
122
712
577
122
476
148
178
176
289
709
108
618
327
131
180
583
854
72
591
844
73
177
430
175
163
592
856
74
130
609
651
177
702
77
178
178
655
298
134
613
267
130
175
571
804
108
591
704
131
179
603
1093
119
584
814
77
130
485
186
128
599
794
123
180
732
303
131
516
238
132
130
296
548
178
315
608
180
181
528
263
180
398
131
178
184
473
250
179
550
586
165
183
294
333
180
656
323
129
177
531
293
179
331
71
179
179
297
668
177
491
242
178
183
635
653
176
948
300
175
176
276
393
121
1103
890
121
129
442
171
178
306
566
181
180
584
619
178
1048
802
81
128
580
581
177
580
878
84
178
619
808
91
565
759
133
178
566
579
137
611
306
135
176
377
98
176
303
560
180
178
282
433
179
313
443
178
182
300
437
148
312
341
177
181
606
778
137
610
96
129
179
1099
844
69
561
763
104
606
780
151
176
434
181
131
618
1160
204
152
308
541
179
615
835
76
180
719
1172
196
1108
676
73
119
592
1130
154
563
606
167
179
293
573
178
575
714
130
135
271
552
130
500
238
145
177
612
584
177
461
150
179
180
399
255
177
393
136
177
176
288
508
178
703
842
73
179
313
93
177
298
590
179
177
695
850
77
589
820
74
129
349
134
131
1293
578
177
178
354
91
177
566
971
76
136
387
91
181
677
337
131
177
308
449
180
295
742
188
178
564
712
179
572
264
129
187
566
638
135
268
457
178
176
600
666
176
345
104
178
177
700
895
77
596
759
121
119
517
227
120
837
525
131
177
417
158
237
468
218
178
180
701
991
88
577
739
131
128
370
109
120
548
661
179
180
1077
817
77
610
898
78
132
258
451
130
313
525
177
177
591
895
85
581
612
131
181
297
397
179
1152
885
78
178
311
451
180
842
801
122
178
284
400
179
292
580
176
181
630
474
177
562
588
176
180
300
458
178
301
363
131
178
362
115
146
537
274
133
178
552
185
131
575
776
153
182
603
656
177
599
609
72
118
323
104
165
614
1044
86
163
1013
794
75
299
557
132
181
639
348
131
321
470
131
130
501
193
179
601
595
145
178
302
144
180
641
757
121
177
276
421
165
607
806
76
177
1086
1012
75
279
516
129
176
611
812
155
544
220
179
177
620
626
178
139
185
350
588
828
265
133
126
372
586
80
178
175
176
178
746
1008
482
76
182
287
582
689
133
176
176
194
249
576
1175
614
73
271
276
975
430
77
128
181
855
877
77
865
552
120
164
608
837
71
843
735
175
175
605
664
179
653
310
132
131
317
559
237
302
403
134
284
538
179
178
588
1119
149
318
503
182
179
366
99
176
391
121
165
181
300
523
180
398
164
178
178
295
432
187
495
251
177
176
305
426
145
309
403
180
179
587
615
180
601
660
176
178
433
182
179
717
861
75
180
563
774
125
315
271
130
128
557
779
142
284
362
180
178
607
693
182
640
1160
148
184
398
153
177
642
748
167
177
305
586
180
323
511
176
178
301
195
179
285
504
177
179
384
148
183
612
777
131
129
266
501
132
621
769
143
130
283
509
177
352
111
177
179
670
755
132
306
347
181
180
293
442
179
402
164
164
180
630
843
74
604
775
128
130
285
344
180
339
725
177
177
328
97
181
319
89
183
178
952
333
133
494
202
176
182
322
565
178
586
684
177
178
300
486
178
397
156
180
179
484
221
178
621
773
151
177
292
462
177
1524
1196
209
178
654
827
75
372
90
122
129
299
554
180
618
595
178
178
282
507
177
626
1102
117
181
779
444
131
592
843
73
181
571
244
177
271
439
180
179
460
211
179
296
560
176
178
1639
114
178
563
765
105
181
610
817
88
298
567
162
163
1101
876
121
463
208
119
128
292
573
186
567
619
182
179
360
92
180
315
358
177
176
520
239
180
303
628
177
183
1109
895
72
578
768
132
178
1093
856
73
387
124
134
179
307
555
180
286
530
165
163
615
281
134
593
292
96
178
323
93
177
464
202
176
180
381
83
177
326
98
179
179
273
519
178
676
902
72
129
321
110
128
1019
763
133
132
302
307
178
342
114
178
175
299
614
179
485
106
178
177
630
969
90
606
811
135
129
354
116
175
514
269
177
181
419
152
147
274
387
178
300
579
178
181
317
350
178
614
841
132
179
507
236
177
520
259
183
183
474
219
181
687
1242
255
177
352
111
174
279
583
180
175
632
854
73
595
1163
176
135
1126
462
130
625
828
77
179
289
435
179
335
705
175
177
321
98
130
279
536
176
178
577
730
131
443
165
130
177
457
190
179
441
219
132
177
581
834
74
311
527
178
180
566
846
74
310
505
130
182
291
540
176
547
708
176
179
299
571
166
605
873
71
118
351
83
134
613
938
75
131
630
1140
175
564
810
110
129
564
217
130
619
1144
141
180
423
200
179
629
805
128
177
312
122
241
283
443
167
165
598
1105
139
1088
900
74
180
709
344
131
287
389
147
179
324
99
165
595
666
132
127
312
322
178
554
271
177
178
264
433
179
474
215
179
180
392
127
180
1135
861
70
129
359
111
128
605
677
97
130
617
858
72
602
687
179
178
542
83
173
621
1218
238
138
565
255
122
1020
806
77
129
323
350
132
336
489
179
179
318
344
179
359
94
130
128
373
78
179
615
597
86
189
336
104
181
886
1200
215
177
303
94
134
327
530
119
177
1018
890
75
647
604
135
181
594
868
74
301
521
131
180
934
230
178
492
248
180
179
311
578
165
580
721
120
163
1122
862
73
469
164
120
130
295
599
179
594
694
100
129
302
551
131
1617
915
72
182
573
751
143
318
415
131
177
1158
877
75
645
835
78
179
349
113
180
628
828
76
179
577
885
74
613
819
80
127
266
522
132
421
111
178
179
347
83
180
612
697
177
182
1105
981
75
575
756
101
134
297
484
131
281
526
165
164
558
662
190
527
791
157
162
329
93
163
1131
845
75
131
329
606
148
808
963
80
180
1673
280
133
301
89
130
346
354
132
180
651
780
187
363
99
181
178
634
708
179
387
126
181
149
451
212
146
296
590
182
179
886
750
140
305
620
179
181
644
670
177
630
650
179
177
619
846
79
370
102
131
132
1087
892
72
629
831
72
130
291
581
131
595
720
176
181
343
95
145
315
403
180
183
1083
724
75
300
778
158
177
504
240
180
614
854
71
182
643
733
183
449
176
180
179
1221
948
73
600
733
176
182
289
721
150
611
647
74
133
640
838
73
600
880
76
131
281
545
131
609
885
70
180
923
871
71
378
97
130
131
992
904
74
335
296
119
131
899
250
135
282
420
179
181
568
646
178
644
846
73
179
995
870
74
599
830
77
130
368
108
133
274
533
131
181
665
357
182
387
213
179
179
595
673
184
544
699
136
135
279
566
179
581
639
122
130
285
605
164
583
708
179
180
569
780
98
1152
840
74
252
322
731
183
299
715
153
176
576
835
74
1191
826
70
128
392
119
131
265
528
130
182
453
190
181
614
751
137
178
587
923
147
300
564
148
180
385
153
179
368
104
146
132
582
279
131
487
178
181
179
628
968
81
1151
863
75
133
351
94
182
668
297
134
129
318
532
179
398
118
97
178
1100
873
75
305
494
180
182
353
92
182
432
182
178
178
603
810
82
663
913
74
132
319
113
179
626
889
75
180
314
94
182
573
789
141
131
326
537
131
331
672
146
179
599
884
76
275
532
131
182
622
904
76
596
536
93
131
279
510
133
1243
1335
331
169
1233
865
71
386
133
165
181
624
884
76
513
536
149
179
601
812
98
293
492
182
180
1044
325
131
328
343
131
180
1120
881
72
805
585
134
182
538
626
163
1196
858
77
612
841
75
182
785
969
82
1068
937
70
133
679
100
179
654
299
99
176
422
163
166
1295
1731
760
98
811
876
86
577
1120
144
179
1125
866
75
543
228
178
180
548
764
116
771
81
131
182
1094
887
74
978
1002
75
130
271
568
130
608
1146
183
182
605
809
108
280
531
132
130
333
382
178
458
185
180
230
505
199
131
615
160
132
178
1043
870
77
582
251
135
181
870
849
77
647
641
148
181
504
251
180
614
845
84
181
328
408
202
363
102
130
180
479
414
99
328
517
183
182
644
301
130
489
131
131
180
361
122
166
575
1490
85
166
596
1165
183
802
556
166
180
490
238
178
618
793
138
182
845
944
73
589
799
110
129
304
378
131
617
1193
224
181
295
90
182
630
653
178
178
1163
809
81
320
584
98
178
816
553
131
307
89
133
180
947
888
86
579
1024
83
129
297
708
179
402
121
131
177
1101
940
74
310
391
100
132
588
712
178
586
1106
139
130
322
570
98
1024
877
73
180
626
829
79
626
895
76
133
1011
740
185
560
265
122
178
773
923
78
773
902
72
132
565
265
181
448
188
178
182
650
968
72
587
467
130
128
293
425
131
297
552
131
183
414
179
180
1288
699
146
178
574
737
177
673
332
132
180
631
941
87
603
818
75
188
276
517
180
752
339
130
182
1107
842
73
424
164
178
178
665
305
132
600
737
142
130
628
1183
216
727
361
131
177
1122
924
74
292
368
182
176
592
840
75
295
610
131
130
361
81
184
586
899
76
179
307
448
178
289
104
91
182
1121
973
76
638
1217
245
178
581
242
134
599
766
183
182
310
121
180
649
909
177
179
351
104
129
454
193
180
178
381
108
178
894
951
82
568
621
131
134
273
491
130
556
216
131
166
284
546
179
717
340
132
130
343
77
165
1119
951
73
130
461
198
145
302
410
181
179
616
1144
160
514
245
180
178
618
937
75
314
583
182
177
653
637
70
295
437
131
132
286
505
180
399
183
146
177
387
106
177
828
509
177
179
309
431
166
1104
938
76
100
291
611
164
591
564
118
180
1159
929
73
287
365
136
182
852
511
141
546
197
95
175
1131
928
75
586
733
177
180
643
850
87
626
753
133
181
705
150
180
655
987
98
178
324
726
153
591
754
183
182
590
1063
91
380
118
130
130
616
839
72
579
587
132
180
429
177
178
2008
1212
251
167
629
854
73
581
1082
137
163
876
736
122
325
619
178
182
628
816
79
593
882
75
183
597
893
75
613
754
131
179
568
838
76
830
921
89
180
679
332
130
438
149
131
132
298
595
178
781
343
98
180
329
569
180
849
814
105
179
638
844
133
482
223
132
180
1151
935
71
583
873
72
180
552
256
99
378
98
100
145
309
436
178
679
332
133
181
998
780
104
636
820
179
178
582
1050
90
598
1171
189
181
675
791
138
574
275
132
179
702
363
136
534
223
146
179
554
765
111
742
1546
95
180
918
666
74
289
570
130
180
1171
923
70
381
115
132
163
614
826
73
792
981
84
117
345
101
165
634
818
71
178
609
1166
185
562
631
75
130
287
584
179
660
854
73
178
1091
886
74
504
238
180
177
858
845
88
619
843
76
180
617
793
147
1123
1336
505
166
1389
654
120
1118
869
71
131
395
138
181
639
1199
215
145
285
562
132
403
124
180
180
635
696
179
1086
939
72
133
1039
814
83
1039
349
133
181
1118
887
71
646
865
73
177
680
325
131
303
379
135
285
593
141
130
628
633
163
1069
1014
83
120
630
1104
132
1862
1155
204
166
1134
991
74
624
1158
177
120
293
561
179
468
195
180
181
426
169
131
517
867
87
166
583
686
137
910
189
120
183
575
737
161
590
794
103
183
1212
1191
209
627
878
69
130
603
820
72
598
870
71
130
285
354
128
634
855
73
179
860
855
133
278
559
131
129
649
830
76
587
775
119
132
283
505
129
1107
879
69
179
640
828
77
636
845
72
128
355
111
180
472
247
181
181
824
697
132
291
390
133
181
581
790
88
594
830
84
129
285
544
130
592
757
180
180
1076
938
73
283
425
130
183
1115
659
70
633
963
75
97
289
451
133
278
360
178
177
594
916
70
628
825
74
128
647
1250
263
654
989
77
101
294
427
119
628
711
73
179
295
743
180
593
825
72
129
407
178
180
378
138
147
178
651
1089
120
617
1007
92
179
610
848
72
280
563
130
179
1419
781
142
496
228
179
179
335
744
178
628
729
131
180
1207
376
175
464
199
131
179
657
973
77
280
513
179
182
1100
949
72
1192
535
132
127
281
258
181
635
728
177
181
422
174
180
419
176
181
180
637
831
74
573
287
132
180
627
747
133
303
622
182
184
612
566
132
295
588
130
182
942
493
132
307
622
194
179
655
383
131
475
232
178
179
292
528
179
595
825
75
130
1066
984
123
625
1209
232
179
622
722
133
1014
883
76
182
637
1234
247
599
844
74
128
300
352
178
680
334
180
181
498
233
181
603
1084
143
179
479
212
179
368
115
178
180
483
215
183
385
108
179
179
512
219
98
450
170
131
132
298
562
179
845
743
178
179
504
84
179
1075
993
74
106
321
541
179
692
322
135
321
337
179
180
560
262
134
321
311
130
181
1018
888
76
598
705
180
181
510
194
367
564
99
132
130
511
248
131
558
278
122
179
1106
886
73
595
856
75
179
603
629
180
643
699
180
180
525
266
178
1230
853
103
130
440
150
117
861
906
87
177
621
672
121
298
647
130
133
599
687
178
301
256
181
178
604
833
80
298
559
179
180
906
362
179
754
329
134
131
306
79
179
611
932
73
183
628
872
74
316
555
133
179
430
163
179
281
562
180
179
841
661
178
1373
981
73
130
635
704
133
388
164
131
182
296
558
180
835
810
79
180
492
225
145
585
258
132
177
464
206
179
568
248
180
181
547
613
131
279
588
179
166
306
607
180
1275
1301
380
120
1098
859
72
612
875
75
128
283
561
165
613
1128
161
168
427
179
135
505
164
131
183
421
182
178
636
1114
137
182
652
1036
91
600
834
75
132
288
570
181
574
411
131
130
615
791
74
611
638
131
129
296
486
129
637
868
85
181
588
725
133
292
621
133
132
638
1165
198
601
269
124
175
978
834
74
292
564
181
179
689
143
133
293
616
183
180
570
807
84
425
168
180
183
440
169
182
614
860
81
178
583
276
131
283
549
180
178
571
798
102
645
658
73
117
406
132
177
1058
858
74
179
649
1199
231
978
833
71
129
296
525
135
526
169
179
180
1137
975
114
904
838
78
130
1185
540
130
289
467
181
182
304
654
180
595
740
175
182
542
218
183
568
764
134
129
324
349
132
594
258
178
181
555
195
179
442
229
179
182
537
747
177
460
202
179
182
556
970
95
910
764
139
178
364
111
133
1130
885
73
130
623
847
70
592
953
75
132
320
112
129
598
796
84
611
861
75
128
626
667
130
301
367
130
179
457
169
135
622
630
179
180
342
106
181
714
1013
86
127
283
453
118
551
594
121
130
320
567
166
643
974
77
181
517
261
180
564
256
133
131
273
420
177
890
997
96
135
308
353
132
307
545
178
182
741
337
134
283
379
131
180
618
624
178
697
337
132
176
1232
1456
446
1286
1785
806
86
837
835
73
308
384
131
130
620
867
73
599
746
177
176
627
802
104
675
882
75
131
356
111
118
810
914
80
131
299
554
165
589
613
133
130
325
157
130
306
620
177
180
509
242
182
895
819
74
179
706
389
133
888
987
76
119
327
320
179
1047
262
119
131
633
1191
220
591
585
73
131
285
1493
362
880
1115
128
179
1056
862
73
598
669
131
128
322
77
151
290
583
182
183
652
943
85
980
1188
187
122
236
99
181
780
374
131
178
1111
906
74
405
138
180
178
637
716
179
284
425
179
180
292
650
180
424
179
178
179
313
584
164
1228
615
131
129
290
507
180
291
444
179
177
776
500
179
644
875
75
180
487
216
184
436
188
153
178
632
837
78
883
968
67
121
289
424
119
624
1681
679
121
530
243
131
313
87
92
122
619
1161
181
586
1062
94
118
577
776
122
837
827
74
177
606
806
177
594
253
133
132
628
1002
73
907
872
76
129
300
412
133
606
1177
207
181
650
1189
205
655
972
75
131
302
220
182
511
238
176
181
524
274
179
563
276
134
177
436
173
162
513
519
120
178
615
902
72
799
526
119
178
639
879
72
303
367
132
183
291
335
180
457
175
180
180
690
359
134
440
184
132
178
870
829
92
607
664
130
130
609
852
72
362
90
129
179
1006
872
74
283
143
134
1277
1701
723
166
448
186
165
805
921
86
180
604
258
178
304
614
143
181
1106
903
73
614
572
133
179
336
101
181
544
288
181
183
380
114
178
393
156
181
182
692
697
131
640
1159
190
176
629
738
169
687
839
71
118
825
855
75
288
350
179
179
514
349
182
343
93
186
177
597
1132
164
398
135
135
176
1162
946
73
644
732
181
181
980
852
75
588
754
133
182
586
757
179
1164
430
181
185
291
290
180
1123
913
75
132
289
618
132
621
1235
244
132
914
986
104
634
848
72
141
307
590
132
282
696
178
178
880
984
96
631
603
131
180
1143
998
76
307
442
179
177
568
936
78
632
850
71
184
767
334
108
284
517
179
179
1015
1193
72
1159
858
72
163
810
784
136
600
877
74
118
810
923
85
636
1193
227
131
318
349
131
474
156
133
178
632
828
74
579
839
135
179
1080
870
75
607
832
74
178
635
1204
228
826
885
86
182
784
1199
198
619
781
134
131
288
648
119
771
545
164
179
715
116
133
295
595
132
129
473
178
130
339
93
179
179
715
364
132
1096
906
73
177
597
823
78
629
820
88
129
278
516
179
927
617
76
178
472
228
180
670
687
178
180
1097
941
74
828
903
80
163
657
925
72
387
115
139
164
989
1170
188
900
868
76
169
1427
826
85
815
823
75
131
288
360
261
2104
1306
452
135
602
813
75
625
1196
226
132
645
889
72
570
811
104
180
1061
902
74
758
785
87
180
628
1162
189
642
927
73
131
316
100
179
811
888
73
129
640
776
127
625
1027
94
146
297
724
178
939
794
145
181
1169
864
73
510
205
178
180
591
773
180
399
140
129
184
697
367
130
299
742
189
175
313
604
169
612
882
72
849
814
83
165
741
866
71
805
759
73
178
644
1698
733
893
774
154
178
1191
871
74
607
721
179
181
418
158
183
305
386
182
181
594
774
186
280
408
182
184
415
166
182
1177
918
73
129
488
183
131
308
92
132
132
286
543
178
300
451
182
178
463
179
133
292
488
181
179
615
616
179
645
717
178
176
465
209
164
602
285
132
130
846
935
84
621
836
77
181
573
287
178
635
865
72
180
952
612
75
627
1193
236
168
1021
862
74
900
834
75
122
383
141
146
531
281
179
179
633
829
75
619
1163
179
179
513
224
178
388
83
146
179
1099
912
74
324
637
180
181
579
282
133
555
700
181
179
639
1226
256
621
853
73
132
294
580
126
614
751
181
183
1231
564
179
606
1146
194
183
298
415
180
585
794
141
132
281
570
96
296
738
166
180
575
559
120
634
864
76
129
434
175
182
397
188
179
180
802
524
134
283
529
182
180
856
842
83
984
844
73
122
419
182
117
601
1172
184
180
649
927
84
599
631
136
187
577
702
177
458
200
181
180
290
544
179
601
800
83
180
628
876
70
598
1184
184
181
348
110
181
623
1108
126
136
1272
1368
178
760
808
120
178
432
193
164
657
684
119
121
1243
1316
379
631
1183
182
167
507
604
122
626
843
71
132
613
271
131
278
540
164
164
737
884
71
485
160
182
182
703
338
131
278
539
133
179
610
813
78
639
845
74
182
384
122
120
802
513
182
180
412
83
179
603
934
72
129
646
972
76
307
558
129
181
1121
925
71
284
377
178
179
645
903
72
516
180
130
132
295
571
176
931
296
181
181
425
167
179
841
864
86
178
687
371
131
304
523
178
181
483
208
182
614
631
178
630
822
76
180
929
784
130
493
102
131
184
386
120
179
623
856
74
180
594
199
129
340
129
131
178
287
561
167
623
1198
219
168
1146
953
71
526
584
122
184
1406
709
124
827
829
73
180
309
742
182
607
696
135
414
862
340
135
283
546
177
178
303
587
181
397
157
144
177
920
1000
81
1205
522
130
130
359
119
130
580
637
181
178
1099
864
73
597
733
186
181
625
1174
201
635
886
73
179
623
1206
226
889
725
181
181
596
953
75
316
98
130
131
320
347
144
291
561
178
181
556
610
180
1528
787
71
181
578
289
132
303
521
131
132
612
825
178
398
141
182
181
518
244
135
294
640
132
177
1851
1657
654
581
584
179
182
395
102
130
1113
907
74
130
287
679
131
319
89
132
182
432
182
182
640
968
101
132
629
853
71
596
632
177
183
597
920
75
358
95
132
178
921
763
130
309
548
130
180
630
1007
216
984
1189
199
181
1106
959
75
278
530
132
129
301
692
177
645
1118
133
176
419
161
132
285
452
177
179
291
630
180
653
618
75
130
310
80
181
526
256
179
184
448
189
177
681
884
78
180
537
229
165
844
882
83
177
395
160
179
642
350
130
180
1244
639
168
624
756
138
130
1079
953
74
603
896
74
130
294
616
131
295
541
177
178
599
839
78
324
384
132
179
586
1156
182
1046
334
130
183
402
146
179
368
119
148
178
279
619
181
609
945
74
130
280
331
132
274
291
180
177
599
766
188
393
115
146
207
590
811
70
653
682
135
176
1102
865
73
611
1199
229
187
543
639
181
365
88
178
179
838
817
78
601
699
132
184
1104
876
141
389
123
100
178
533
613
165
525
524
164
165
754
819
81
809
802
143
165
575
601
120
271
595
130
601
1157
191
96
955
990
194
349
151
177
176
596
752
177
331
642
184
181
307
523
180
607
1087
121
182
327
91
180
320
547
180
179
662
321
132
327
79
179
181
569
225
132
303
458
131
181
605
912
74
588
771
137
132
485
203
130
1027
871
70
178
401
154
180
594
638
180
178
555
77
182
551
762
176
179
312
105
179
883
890
87
181
565
678
132
313
576
178
180
1051
836
133
491
192
120
178
356
107
180
661
113
131
178
506
249
131
311
408
181
179
574
630
178
380
133
179
182
1034
222
133
327
81
129
179
354
99
178
418
189
182
182
447
274
178
707
894
72
180
429
168
179
616
660
181
178
841
881
85
612
1151
167
177
1137
890
70
602
216
130
177
627
1180
212
359
158
131
131
454
173
130
581
758
181
179
636
1003
99
635
853
74
348
1063
948
70
285
554
130
179
930
824
72
591
649
132
181
581
254
135
455
185
120
184
466
225
165
490
230
118
178
633
917
75
646
1237
241
180
645
1167
192
303
228
180
147
1165
917
131
296
600
131
178
457
202
132
541
244
180
180
593
811
107
590
758
132
131
307
552
179
646
938
73
130
302
567
178
675
376
135
177
641
894
74
612
888
73
129
314
640
181
634
918
67
180
669
948
78
332
630
131
181
296
617
179
576
696
131
130
277
300
133
301
518
181
179
595
795
149
283
356
133
129
297
590
169
329
84
165
181
619
873
80
284
554
180
178
632
840
76
589
566
129
129
352
80
71
803
813
83
183
468
220
130
336
519
132
181
356
114
134
322
552
179
180
508
260
133
630
1199
219
183
952
269
133
284
426
97
131
552
188
178
647
319
132
180
462
207
179
558
800
110
582
1143
164
120
353
94
120
915
758
169
178
1314
618
179
1021
1264
263
179
562
715
177
611
847
76
178
604
897
76
335
71
132
182
644
652
132
575
214
175
178
1088
831
72
1470
843
72
183
639
904
72
559
704
132
131
607
1178
208
554
239
132
179
578
1124
138
819
455
165
166
573
811
71
1147
822
69
131
286
75
132
494
273
181
181
335
523
177
616
820
82
181
1067
844
88
598
849
72
132
280
530
178
412
155
183
179
635
1184
80
547
210
182
181
615
961
94
600
721
131
132
318
425
128
632
1126
143
150
656
1215
245
1059
832
72
130
313
95
177
405
154
179
178
386
113
178
1513
1812
837
134
570
189
131
282
553
180
178
622
1075
106
334
643
176
178
330
439
179
1047
1260
276
181
943
127
132
307
365
178
180
1783
1245
252
615
880
72
178
918
803
100
608
596
131
181
621
747
181
834
540
130
181
598
850
70
613
923
156
181
585
638
179
590
740
177
175
1133
902
74
292
561
180
180
591
635
183
627
1215
234
181
575
748
134
283
323
97
180
1062
894
72
972
857
71
130
358
83
147
288
106
133
178
626
1167
195
585
807
80
119
384
151
122
812
775
77
167
591
647
97
1161
554
131
180
619
983
69
654
728
131
133
461
130
130
645
868
71
130
351
120
181
645
717
142
178
818
1280
290
828
798
103
180
622
653
99
612
893
75
178
606
649
181
1254
1365
433
122
301
593
165
743
863
71
271
726
865
74
591
761
76
164
804
924
137
298
575
164
180
617
1072
97
1002
1177
198
91
312
536
178
641
858
69
181
603
904
73
588
754
99
129
310
96
99
613
976
175
180
435
199
168
565
241
117
127
596
832
70
644
649
132
294
658
177
180
615
873
75
656
1154
155
128
290
590
180
725
709
177
180
1224
1196
220
294
95
165
177
824
758
124
828
967
97
179
622
778
154
319
444
692
130
619
968
72
282
333
128
182
565
81
130
494
229
176
180
661
332
133
317
415
148
178
743
575
177
627
840
86
186
496
216
178
449
178
180
177
539
257
146
306
455
182
179
570
808
91
765
958
92
164
593
1173
189
803
872
74
118
611
947
74
1011
1189
214
89
579
815
87
1945
943
581
168
1258
615
183
609
267
132
129
276
572
180
545
246
133
183
609
713
175
528
282
180
181
624
786
133
587
243
107
179
539
629
181
453
234
180
179
621
906
73
591
636
132
97
130
178
180
609
464
585
112
175
235
505
778
235
131
136
130
130
392
1177
705
141
180
806
880
333
130
96
179
179
420
166
176
623
841
78
180
1103
986
86
1113
933
73
117
927
772
133
594
837
84
180
622
884
138
297
528
132
182
607
796
135
630
775
134
179
1107
838
72
355
92
178
182
672
349
133
293
343
133
127
517
262
180
383
102
179
180
1116
893
71
768
902
71
129
312
419
180
297
369
182
178
1043
889
74
603
812
78
180
505
251
177
523
262
182
177
429
81
180
328
93
179
178
619
616
180
300
377
192
168
594
995
87
314
296
119
118
901
989
84
584
813
90
131
303
584
129
298
316
156
178
838
744
177
1091
875
72
131
622
877
77
639
752
136
180
632
1071
127
867
851
74
179
352
105
178
675
329
131
130
813
99
182
288
726
179
178
569
772
131
329
106
133
184
627
830
78
408
158
130
179
482
215
138
651
653
181
182
499
247
146
1139
401
180
180
284
721
176
589
820
76
290
568
134
130
383
128
98
572
726
176
179
518
267
180
849
825
73
169
649
1075
100
940
318
132
181
570
657
182
676
321
133
177
565
932
77
326
97
119
166
798
476
164
595
815
75
130
290
587
129
606
802
146
208
605
314
132
277
492
95
132
1698
1194
214
604
277
131
178
644
849
75
648
1000
70
131
301
763
185
725
510
146
179
607
888
181
323
100
97
177
1094
886
71
279
556
132
181
299
739
158
570
278
130
178
619
889
76
597
716
100
178
621
1178
181
439
198
179
181
594
639
132
549
740
119
166
608
830
71
776
497
119
178
447
182
180
535
236
142
165
627
625
178
841
811
88
178
533
90
178
643
714
131
130
624
829
76
407
126
132
179
447
224
180
452
171
179
183
533
287
176
689
784
654
131
578
659
180
300
121
147
179
630
873
71
294
517
179
182
394
156
182
308
138
185
181
468
191
181
906
1057
76
179
587
799
106
283
631
186
178
1480
857
85
573
270
131
179
1159
996
74
634
801
153
179
474
230
181
507
242
184
177
324
87
180
799
438
121
178
456
194
121
1541
1221
241
167
1160
310
132
309
451
130
180
597
712
177
490
221
179
180
471
209
179
831
809
106
176
629
781
115
577
832
73
134
568
547
180
642
666
180
180
378
105
179
863
897
87
181
415
170
179
573
748
134
128
313
83
176
296
571
178
178
891
907
140
390
159
132
182
634
996
92
594
825
74
178
1033
825
75
553
950
90
179
310
290
179
1198
354
132
178
287
474
178
639
857
182
179
567
284
132
620
923
73
130
307
573
130
289
617
121
119
625
894
70
844
608
130
181
281
540
180
853
843
73
181
905
605
84
607
622
97
346
356
133
179
347
85
181
645
1196
228
179
641
825
81
604
261
133
179
294
729
181
577
276
132
129
353
85
130
584
657
177
178
607
656
181
864
759
115
177
544
237
179
1305
1443
446
121
316
401
164
658
901
72
129
504
250
145
283
120
181
181
416
182
182
296
528
180
182
964
834
74
629
810
78
131
296
549
179
625
853
83
151
1157
843
71
299
602
179
180
831
302
132
1103
908
73
129
287
582
118
846
586
120
120
774
506
135
673
296
182
179
420
165
183
901
1003
92
145
312
681
180
847
236
179
181
605
872
72
420
145
179
178
425
176
179
1151
1005
77
132
285
609
179
470
172
146
179
600
846
77
358
124
98
181
622
886
78
293
547
133
129
626
827
74
600
646
134
177
1023
826
73
632
1163
200
179
675
343
134
285
681
177
179
1016
808
178
568
631
166
181
889
948
89
635
886
72
131
604
802
76
300
433
130
181
857
805
111
610
662
178
178
686
353
132
238
274
131
181
611
873
83
609
846
76
127
406
154
134
282
630
178
180
642
363
135
286
520
130
132
557
181
178
351
93
177
178
582
511
124
510
495
133
179
479
231
181
1139
911
71
131
433
175
133
574
314
180
178
465
199
179
599
971
77
131
292
554
179
713
130
131
179
638
1080
103
477
222
179
179
353
105
179
407
193
163
167
674
336
179
462
196
180
180
586
672
180
558
739
658
133
988
297
133
275
621
179
181
513
400
179
598
687
179
180
517
270
179
315
82
133
130
335
629
177
484
212
179
178
401
130
180
1209
545
181
178
411
134
180
419
158
180
181
605
593
180
676
822
88
129
283
664
132
286
549
180
179
374
96
177
588
775
153
181
867
899
77
590
828
74
554
715
130
131
616
1186
219
1127
867
70
176
615
1082
93
494
239
121
166
587
751
85
836
932
85
135
801
812
112
632
838
73
179
616
722
146
354
102
180
181
660
375
132
624
1188
227
182
518
219
132
624
1187
225
180
572
774
129
284
395
136
129
309
612
178
610
736
144
178
612
1198
232
980
1142
177
179
774
326
132
287
473
180
184
1244
1143
155
1049
915
120
130
298
610
118
610
859
71
119
575
793
162
615
305
132
178
570
222
133
285
418
181
178
318
115
129
301
564
133
181
625
481
182
1029
821
85
176
469
210
167
819
571
119
164
588
794
149
388
129
130
130
607
1186
189
389
110
177
180
759
333
138
384
81
131
178
694
327
132
622
1139
166
179
608
754
177
293
492
179
180
295
415
179
479
202
124
166
720
867
75
620
849
72
179
822
835
74
1129
1026
86
180
1044
895
75
565
770
142
97
623
821
77
563
277
134
178
426
167
182
923
892
86
180
548
259
130
863
299
104
179
823
715
177
379
138
179
178
591
847
78
325
120
132
179
383
126
181
330
123
129
182
423
175
134
590
746
178
181
619
766
136
456
164
132
182
647
1158
187
712
342
133
180
1084
1011
72
1087
903
74
165
610
867
73
830
833
71
128
1135
839
138
283
634
179
180
623
1146
159
753
866
73
130
389
137
182
446
186
182
179
327
105
180
624
840
70
130
310
476
134
305
400
137
179
452
202
179
386
127
180
180
533
275
181
643
637
131
130
301
506
179
392
128
133
182
353
92
183
503
234
166
179
631
882
103
310
397
181
179
773
333
133
572
756
110
181
553
726
125
610
823
93
180
1241
1215
233
1014
796
123
180
427
160
164
595
962
195
617
896
74
132
587
257
130
357
107
130
132
391
120
130
885
802
77
178
416
150
177
381
105
180
181
861
985
77
310
162
128
177
1142
916
73
448
179
179
181
590
673
181
623
1155
173
179
975
886
73
286
375
184
180
293
613
179
593
263
134
179
1273
555
717
498
220
180
178
899
305
123
628
892
71
120
816
881
86
849
806
78
120
792
945
84
999
1180
195
125
621
871
72
870
813
84
182
628
649
134
304
470
131
130
610
852
70
622
600
122
164
520
240
131
570
844
73
179
427
168
181
420
158
132
181
644
773
104
621
503
180
178
513
211
180
618
756
182
178
535
285
147
280
575
181
178
1101
362
184
492
271
180
178
447
202
183
595
270
130
180
309
197
147
300
742
183
180
515
229
178
1220
1021
74
130
322
463
166
816
548
118
130
350
98
179
428
173
180
179
372
133
178
649
911
71
131
404
146
180
425
166
180
182
272
92
181
559
745
132
132
308
584
118
502
251
121
179
426
82
167
763
847
72
131
305
498
131
534
193
132
180
1131
901
72
618
790
138
182
746
329
131
295
373
132
183
600
1193
218
1209
585
70
130
272
568
184
547
551
132
129
1079
943
74
658
922
78
131
294
537
130
1131
819
74
165
1120
856
75
513
589
120
130
765
124
179
455
152
179
179
459
210
179
636
937
77
148
635
831
79
300
573
179
181
392
134
181
650
1342
373
181
975
874
72
1149
525
130
130
294
518
131
271
549
179
183
594
1162
178
1142
894
74
130
359
103
130
493
134
133
178
594
805
82
556
754
136
245
946
501
132
498
196
136
179
589
922
87
571
1125
141
131
300
542
131
277
514
181
185
547
699
134
302
517
131
331
94
182
212
509
241
180
608
799
150
181
848
984
77
524
791
124
166
664
874
77
1136
901
75
129
327
103
178
369
95
132
129
298
555
194
521
722
177
180
567
552
181
627
885
74
179
624
343
131
281
504
179
178
598
1013
68
298
365
179
179
401
126
179
575
231
135
129
329
326
179
324
624
178
178
512
204
132
361
99
132
178
904
769
141
555
728
132
129
978
855
74
569
819
74
121
397
83
117
1134
861
70
178
403
410
165
609
1180
202
130
385
97
131
565
257
133
130
467
200
129
293
527
130
180
578
1149
183
457
88
121
180
1122
894
74
289
670
180
178
1191
1100
139
823
831
74
132
490
235
180
548
250
179
180
310
560
183
822
924
87
181
1491
737
131
358
99
130
128
418
186
178
1142
870
70
182
1028
787
80
781
837
84
131
572
958
77
633
695
135
132
306
555
133
1444
784
74
167
1085
1595
699
520
217
135
180
477
226
179
887
770
180
179
899
445
132
329
101
180
180
307
565
177
645
823
82
150
1107
849
73
311
572
177
180
294
585
181
916
875
85
179
648
358
133
284
525
178
180
840
817
89
570
697
180
178
613
1174
91
1021
1144
156
180
918
778
79
309
368
131
183
632
1047
126
302
394
180
180
633
817
95
637
721
133
178
1122
877
72
589
797
133
179
620
913
73
603
224
179
179
640
808
84
595
739
151
127
636
920
72
587
641
135
130
383
111
130
639
1150
188
180
581
729
82
307
331
131
130
485
207
179
282
713
169
167
550
226
119
614
1201
212
170
529
191
120
834
864
71
133
277
530
131
287
186
178
181
521
243
179
699
337
132
179
297
416
179
447
185
179
178
640
825
80
593
709
131
423
135
180
181
293
542
182
674
934
159
133
338
103
135
607
309
132
182
1160
938
71
595
850
73
180
614
832
84
595
809
75
129
295
580
178
565
270
129
177
1065
788
138
557
267
130
178
643
846
75
274
319
132
131
595
747
178
630
1184
202
179
575
720
118
772
516
164
179
296
806
87
1344
660
131
130
637
1206
235
626
762
133
128
302
344
133
596
658
178
180
401
141
180
295
581
181
182
912
832
76
550
596
183
185
525
277
181
562
688
132
183
623
703
179
617
742
176
178
628
362
134
353
103
180
181
589
819
125
602
732
133
133
638
1043
86
1095
956
74
130
283
517
130
287
323
184
178
380
120
179
641
780
162
181
971
735
176
638
726
178
147
1038
890
71
323
119
132
180
351
110
166
1121
907
73
130
293
493
133
631
745
145
183
476
227
177
291
636
178
179
593
929
75
295
547
178
178
1159
101
130
293
705
178
181
568
267
140
599
761
112
131
577
635
180
617
836
70
132
290
539
142
511
224
176
181
602
840
74
593
593
74
130
286
571
177
432
181
183
178
388
311
160
302
739
176
182
574
281
133
279
485
180
182
996
925
76
456
176
166
181
1209
553
166
590
838
71
119
569
817
73
829
568
121
164
604
847
70
638
839
73
181
521
226
182
280
266
179
178
806
913
86
991
811
74
130
599
758
143
654
1145
140
176
506
210
157
577
366
130
129
295
531
180
544
263
179
179
392
135
144
491
213
134
180
572
717
178
424
178
180
187
449
182
720
512
223
132
181
297
560
179
712
357
133
128
645
1232
241
628
1069
78
130
318
548
132
314
655
179
179
577
625
178
428
167
180
178
513
244
178
387
140
165
643
862
70
163
591
1138
154
607
1141
170
167
620
857
168
624
890
72
119
925
790
76
605
1189
201
165
1094
872
75
902
742
142
181
1068
927
76
298
720
132
129
462
206
179
295
747
177
181
569
589
132
296
633
177
179
312
521
180
591
580
179
177
381
112
177
1216
1501
521
175
424
151
130
307
107
131
181
599
514
78
968
817
73
131
291
364
133
520
238
179
181
627
721
180
596
917
85
180
615
685
182
599
702
176
182
621
816
80
620
722
86
181
1216
1150
162
809
551
124
118
611
1152
185
586
826
74
180
631
803
105
588
1120
139
147
279
506
177
656
353
133
179
1420
772
182
931
405
178
178
627
779
190
481
181
180
180
584
855
72
631
830
72
131
300
581
131
273
569
180
182
632
803
79
887
310
132
131
620
950
72
624
783
148
180
487
229
179
663
758
109
181
579
737
142
352
70
180
181
467
210
181
612
798
79
132
339
724
180
843
683
134
176
613
1159
159
615
1124
163
179
561
242
121
868
765
128
95
306
350
179
622
921
74
133
294
731
132
315
98
148
178
576
715
134
502
228
180
181
314
763
177
588
742
141
130
1747
1210
223
562
274
133
179
565
769
138
1152
886
177
178
826
806
90
541
248
131
179
581
861
86
592
628
131
179
597
833
87
310
657
179
182
299
573
181
583
779
98
178
1101
681
75
632
834
79
178
306
414
180
1163
897
74
184
650
737
178
639
841
73
177
403
124
179
1173
1311
351
170
357
130
119
