471
428
310
173
462
378
432
336
375
421
177
290
322
375
323
452
490
381
336
375
384
414
344
428
376
316
342
417
579
448
354
504
329
344
249
311
437
127
467
411
440
417
392
344
484
398
331
370
374
300
349
362
431
464
380
334
285
308
358
417
438
262
336
372
439
352
342
336
314
347
328
265
433
460
345
342
344
363
335
296
495
366
404
346
453
364
352
387
337
328
392
419
330
342
365
386
277
397
335
314
348
438
441
296
342
336
367
286
302
338
383
407
437
333
372
416
315
356
387
263
319
372
419
399
450
346
378
428
312
361
367
413
299
346
389
314
340
365
393
300
453
341
392
316
450
380
411
413
346
360
397
395
323
343
389
408
327
471
387
298
427
350
366
406
456
359
393
349
407
424
358
509
405
367
380
402
338
462
356
411
314
366
396
371
441
346
381
368
246
342
316
404
444
362
388
416
334
339
384
415
320
358
394
412
465
367
403
434
471
476
510
517
433
478
499
542
268
346
403
342
375
403
423
330
355
389
308
329
492
391
296
346
367
387
311
459
493
339
372
434
434
374
364
364
335
343
491
359
327
342
517
406
289
307
453
373
417
335
386
400
408
322
379
399
413
345
373
395
420
341
352
376
265
448
353
293
378
337
322
319
259
287
369
388
390
428
472
395
407
315
392
400
384
337
284
453
299
397
322
349
395
394
325
342
378
430
359
224
413
387
316
436
486
304
417
450
333
377
422
449
450
530
378
302
453
371
395
416
450
343
255
412
316
379
388
272
316
354
383
396
320
340
389
414
426
457
359
289
447
346
322
376
401
403
345
406
251
276
312
322
353
414
462
508
246
319
451
480
377
439
311
359
373
380
416
336
371
269
454
340
364
484
371
452
351
368
382
450
343
346
387
462
338
369
419
392
468
501
375
305
442
480
391
446
456
365
399
416
351
316
378
296
320
390
391
447
344
379
405
322
385
254
929
1411
1164
1097
980
1024
944
961
879
1018
1075
936
342
502
397
442
440
444
466
500
397
367
441
322
373
431
303
366
298
359
370
430
456
340
466
381
390
320
360
362
377
300
322
382
509
394
364
369
307
315
330
478
504
408
414
351
375
402
427
466
370
384
448
373
344
296
431
321
387
406
327
341
341
385
316
348
394
392
282
350
331
326
328
364
392
436
327
468
353
397
331
321
386
330
336
395
384
285
316
326
323
406
450
296
447
361
428
321
398
381
379
388
443
376
392
321
397
378
279
401
385
412
384
347
447
265
391
463
480
281
393
336
339
384
467
340
443
399
320
327
350
383
375
370
454
490
389
363
390
401
420
389
417
414
298
326
324
368
406
298
388
372
261
309
361
430
424
321
446
281
443
435
464
465
409
267
434
451
332
372
456
406
350
500
408
395
332
342
378
269
312
355
402
429
363
463
396
426
437
346
399
461
442
397
410
443
334
414
430
357
370
292
335
310
422
316
349
451
424
359
339
415
283
351
382
381
453
473
404
567
324
265
399
351
497
359
403
449
328
392
371
411
365
397
445
516
267
419
371
403
391
309
313
370
420
305
382
413
299
358
396
408
415
350
418
405
323
341
410
425
448
344
515
276
321
328
351
397
474
334
376
406
423
460
367
381
284
358
370
298
287
341
397
397
311
338
387
308
341
488
390
359
351
407
420
458
381
384
289
277
391
421
414
328
511
418
312
333
487
398
326
483
355
338
370
413
339
365
402
239
321
351
515
365
343
477
344
383
441
493
344
382
398
368
399
338
304
435
337
445
404
260
316
343
448
322
333
361
307
388
337
393
429
317
356
311
291
443
346
338
374
272
292
322
485
378
307
459
346
279
432
452
353
396
441
320
361
399
294
337
1356
347
417
379
363
272
433
338
360
405
419
330
366
406
419
355
366
398
395
317
452
363
384
426
267
292
357
379
383
345
477
425
264
325
499
358
437
437
363
375
382
472
473
412
327
324
362
249
402
451
511
286
424
468
398
369
392
316
336
398
451
324
389
396
276
341
382
406
271
474
353
378
323
299
370
391
458
340
350
367
442
439
371
356
405
355
378
401
436
355
340
387
280
366
377
372
278
484
343
399
394
339
278
283
384
330
390
417
310
301
848
1290
1281
1041
1154
1051
1049
1133
992
1174
1209
1242
1174
960
497
502
575
591
580
496
514
289
324
478
359
296
458
473
231
292
444
357
408
416
457
369
283
324
377
399
317
313
348
274
460
411
403
371
335
477
369
301
331
494
348
424
413
443
337
418
466
357
276
269
313
480
378
406
329
330
366
403
407
442
382
553
326
307
345
371
337
464
357
415
449
431
477
388
433
473
377
429
399
322
377
413
319
484
363
249
302
363
342
373
434
471
272
441
411
461
341
427
428
361
379
398
322
324
378
352
324
409
439
308
341
371
412
319
330
393
410
306
341
401
342
363
386
349
284
366
398
306
350
420
391
451
268
412
329
154
377
420
435
332
370
384
307
324
411
381
310
346
384
237
397
357
391
405
301
367
350
371
426
335
368
377
418
342
354
398
423
445
352
381
415
482
371
368
399
394
283
355
397
372
357
398
288
323
374
363
326
304
516
401
288
336
511
414
429
359
348
362
271
405
350
427
472
485
378
272
444
345
415
292
313
354
252
337
317
375
396
370
324
367
376
391
374
508
387
338
412
417
346
336
479
251
415
374
256
343
354
413
432
310
344
387
361
348
414
428
333
419
369
499
402
433
476
336
393
443
465
352
394
429
331
228
306
389
383
269
415
433
353
392
393
341
354
377
430
474
351
370
317
343
340
360
409
419
364
308
425
312
329
475
385
431
346
355
382
439
474
345
395
421
354
509
411
283
318
330
396
306
327
331
422
265
308
366
358
315
338
318
398
404
310
370
267
276
313
348
366
468
363
371
265
305
328
360
403
308
461
488
391
425
458
395
406
428
320
295
339
371
344
390
391
266
319
377
390
415
324
341
395
428
337
358
403
429
324
378
377
434
337
360
376
318
361
352
343
423
289
285
337
328
372
368
321
471
379
409
437
369
368
384
458
351
383
383
428
370
371
375
417
379
270
419
448
341
449
351
416
452
356
397
408
424
349
403
420
361
376
394
405
436
345
371
385
455
325
399
388
341
361
409
281
320
328
360
244
338
359
370
427
413
365
358
514
271
319
345
373
396
337
343
366
314
351
358
323
377
352
361
262
297
454
348
417
438
330
476
402
427
457
357
427
299
350
375
382
418
389
397
430
306
334
369
400
340
350
375
1184
1261
1175
1263
1288
1320
1366
1189
706
614
739
776
680
623
642
387
305
303
386
438
432
328
338
371
405
345
345
377
294
440
475
410
411
457
351
367
331
392
535
392
444
359
390
294
353
509
374
333
460
239
275
311
461
386
414
448
354
296
354
432
390
410
454
418
388
293
397
394
365
370
471
355
400
392
374
401
275
411
328
356
290
348
403
370
414
437
359
386
413
420
462
379
363
432
446
350
342
373
440
339
386
379
442
365
381
376
319
408
454
447
380
373
400
298
466
399
388
326
456
382
394
432
325
350
405
316
351
367
404
285
330
367
268
307
404
352
260
440
349
395
378
269
341
347
394
398
357
364
392
423
331
484
365
453
318
359
377
280
412
302
369
279
313
402
436
366
367
409
313
329
357
395
410
421
347
376
412
321
337
367
420
329
341
383
436
359
362
414
439
460
392
468
348
467
290
498
347
383
348
406
375
478
447
391
279
418
328
423
390
367
442
375
335
447
399
494
435
167
370
309
315
380
339
344
493
373
340
326
453
340
374
304
455
478
384
381
315
351
377
369
464
358
352
417
282
348
358
398
243
292
394
376
343
350
389
285
333
337
418
292
334
337
291
294
335
345
399
339
314
358
256
296
456
373
382
283
411
317
486
395
426
465
354
416
426
450
345
382
423
367
342
424
421
471
384
546
452
351
370
382
314
484
514
303
425
434
464
400
406
313
354
394
415
481
367
396
404
471
361
402
362
430
396
380
279
312
379
376
423
459
263
282
319
383
332
393
433
327
374
322
381
375
365
365
411
398
385
401
313
432
397
438
277
309
372
421
419
331
381
407
300
332
376
377
436
361
379
372
412
450
330
422
396
337
314
416
263
465
498
421
321
340
405
395
412
454
374
320
324
343
395
284
359
406
447
334
388
435
432
345
362
394
452
463
531
406
437
478
371
393
439
475
379
438
422
348
348
412
270
455
329
370
294
450
324
397
401
409
499
361
412
348
284
424
371
359
413
427
390
262
321
426
289
357
432
423
275
449
379
451
465
374
372
414
449
360
424
424
316
290
354
378
340
398
409
271
330
366
424
433
343
391
408
410
288
451
372
400
312
329
396
263
476
432
369
303
274
468
357
247
406
436
373
377
444
494
365
387
335
363
782
1340
1023
1033
1065
983
1048
909
925
483
372
383
425
448
371
376
275
310
473
382
427
445
264
391
420
457
354
364
308
345
321
389
377
359
336
541
421
358
365
338
414
419
353
367
422
328
322
348
438
309
331
397
258
458
374
245
314
432
387
380
391
445
363
357
272
319
320
379
283
285
357
332
405
305
462
368
369
399
415
374
395
441
426
342
276
270
342
372
297
313
353
335
408
419
352
322
314
334
398
343
413
437
474
375
406
444
350
332
410
430
330
336
392
261
454
368
223
349
343
418
349
364
408
427
312
374
413
286
334
257
387
482
380
398
477
358
280
375
366
346
324
411
468
444
433
471
401
437
426
318
303
346
414
378
310
370
302
391
295
399
357
370
355
410
367
357
395
394
371
523
405
459
437
305
411
339
432
374
297
322
436
434
429
465
365
360
416
401
353
350
371
274
365
357
374
395
349
387
380
287
326
493
392
296
443
499
321
385
393
429
316
478
335
396
277
328
362
387
454
463
293
406
397
332
485
346
386
409
431
341
378
405
431
342
370
419
316
315
360
287
449
339
360
257
317
304
438
370
352
374
271
443
365
336
398
402
304
475
385
379
465
336
358
340
357
399
423
364
339
404
429
330
482
412
429
468
494
322
315
429
413
337
360
394
366
442
404
423
346
361
398
304
378
365
329
480
333
405
429
343
329
402
444
477
334
381
384
382
344
440
305
351
353
318
319
345
364
353
380
379
389
441
462
382
279
287
365
401
379
409
476
532
401
310
355
491
373
433
360
337
391
320
472
370
441
474
337
327
325
243
406
314
465
484
407
337
390
400
397
458
417
376
391
387
453
483
414
262
292
389
414
313
371
400
423
446
323
318
449
436
458
359
368
265
250
329
365
362
348
396
386
377
420
474
358
390
448
455
348
404
309
317
390
384
412
344
351
292
420
366
474
395
269
328
363
388
434
329
349
385
398
346
372
379
417
472
288
408
408
443
363
271
299
356
345
365
396
366
431
347
416
391
428
306
383
397
444
331
490
377
428
292
354
231
302
477
452
383
400
339
293
325
400
395
384
436
303
298
375
326
378
436
411
319
360
394
423
348
369
382
292
449
356
387
412
457
372
381
433
383
259
456
377
376
292
347
366
421
322
367
841
1451
884
732
1025
1064
1079
1004
1037
892
573
480
498
524
428
460
520
426
303
358
389
284
443
348
464
341
362
386
351
361
402
423
272
438
327
390
345
382
401
427
329
358
301
313
477
267
321
420
407
429
359
335
374
397
426
468
368
415
429
459
372
428
307
346
320
427
397
455
308
355
388
309
319
371
396
408
382
382
269
336
301
368
372
402
459
488
397
461
355
503
385
334
304
377
286
405
413
427
438
334
371
406
434
354
356
402
412
330
364
394
433
344
354
396
430
328
320
405
473
450
470
445
395
410
412
461
398
419
456
387
351
425
345
465
476
346
401
302
480
502
382
431
324
492
373
281
497
370
244
367
375
507
268
456
364
368
404
452
480
355
433
418
455
367
383
424
342
343
374
423
354
376
406
305
384
403
405
402
366
366
404
404
418
387
275
405
314
390
466
343
464
378
415
451
298
301
400
435
357
390
321
394
490
403
412
343
372
418
272
326
346
420
306
305
316
244
354
387
352
358
424
300
377
376
420
321
505
409
424
480
461
371
402
338
351
352
438
461
483
380
417
455
357
397
404
454
467
367
403
299
288
450
385
362
384
380
403
306
377
369
425
448
381
397
306
328
487
376
405
324
374
377
288
301
352
398
293
323
417
382
386
401
395
408
308
346
373
301
437
356
370
401
356
375
445
391
417
435
359
383
412
319
352
394
432
407
481
362
390
334
442
268
307
463
355
354
407
282
357
358
338
386
457
456
369
382
427
413
475
482
409
428
469
336
379
406
439
453
386
455
305
337
404
373
434
369
376
412
460
348
344
388
322
351
378
393
317
475
368
435
438
478
371
402
468
465
358
428
460
313
320
362
374
391
354
520
386
310
357
350
305
296
503
358
439
286
466
374
438
324
353
432
277
325
441
407
356
362
393
293
322
356
398
296
327
415
387
429
448
474
379
429
440
343
382
414
322
357
405
333
270
348
371
365
386
322
461
406
369
432
482
372
381
367
380
416
435
418
433
463
398
288
391
413
455
362
374
323
388
411
559
471
353
394
432
346
517
375
442
488
372
288
277
376
419
402
444
422
363
275
318
356
372
431
452
461
247
298
469
506
422
407
353
388
430
472
492
377
433
453
364
375
435
448
383
269
284
450
520
341
1228
1082
1165
925
573
1007
1055
1063
978
1010
885
477
477
361
549
493
474
485
295
296
331
515
426
438
472
374
423
460
466
431
380
449
269
343
378
477
473
512
422
294
328
535
406
347
449
358
290
377
470
363
421
322
357
360
428
453
440
488
378
302
497
371
372
401
498
343
431
411
346
344
313
460
346
380
423
275
514
353
409
334
479
280
410
452
360
397
418
442
331
366
447
437
339
394
403
315
334
345
372
455
321
523
411
418
365
360
411
430
357
398
355
257
292
299
349
334
386
333
352
363
412
449
388
349
499
220
399
359
366
414
445
459
365
378
402
299
374
358
422
340
389
455
379
371
528
363
404
393
457
372
362
412
331
389
363
384
369
361
392
445
439
456
369
425
305
374
339
409
413
379
403
382
286
380
384
406
428
354
400
440
500
513
433
437
388
529
272
315
429
407
452
374
427
436
289
362
361
445
315
327
360
345
382
338
366
333
325
331
270
357
347
378
423
337
450
397
288
416
490
485
436
304
326
356
318
361
385
331
376
387
435
327
375
395
310
337
499
368
385
371
341
386
340
407
408
364
449
383
455
311
369
355
453
459
321
463
331
410
444
422
339
381
408
332
359
408
275
323
371
411
302
331
358
396
312
427
346
436
427
318
381
372
399
310
348
397
300
322
323
389
431
331
357
394
409
457
348
406
295
302
338
408
313
356
496
407
442
434
392
347
410
476
356
399
451
352
361
300
439
337
368
342
278
412
356
485
355
398
355
400
381
347
483
404
256
304
337
342
382
336
471
536
397
453
356
474
372
329
486
378
396
323
328
385
444
461
323
406
260
303
367
260
318
324
350
386
388
415
329
386
455
477
360
511
413
447
463
260
326
273
380
377
341
358
322
509
418
439
462
382
398
297
347
359
388
435
334
366
402
327
320
403
386
424
459
345
392
421
454
477
388
415
311
361
380
310
339
365
379
414
320
351
383
432
329
368
384
250
374
352
406
441
348
351
388
404
440
350
364
375
409
328
265
355
367
491
392
426
459
277
410
421
441
358
402
338
373
295
342
402
266
417
368
339
378
461
385
368
322
432
246
406
431
470
322
280
436
303
363
384
326
306
364
417
438
356
374
397
278
338
515
366
283
401
274
283
337
409
370
398
1023
1556
1277
1360
931
1020
927
957
1014
1015
949
948
470
395
434
448
479
511
407
316
338
366
435
449
348
421
360
421
343
362
379
293
304
351
386
379
358
483
351
418
291
449
393
418
377
404
388
353
361
352
368
317
404
536
326
350
386
397
336
349
394
293
353
412
367
378
388
418
384
419
454
374
371
395
442
463
391
416
401
348
365
377
348
319
394
379
328
364
397
401
470
447
357
425
461
340
331
427
487
509
504
406
458
471
262
348
392
389
388
419
464
355
335
360
389
382
377
397
354
337
327
415
433
470
368
400
426
438
495
372
437
467
351
263
403
366
498
532
273
318
472
362
408
474
348
408
420
449
344
433
408
354
376
347
314
317
442
345
318
382
394
398
347
437
391
382
417
374
390
452
328
342
280
404
445
362
348
374
286
314
360
415
243
319
348
384
471
376
503
440
444
352
411
391
431
494
363
430
339
336
381
404
374
329
381
356
441
361
434
424
329
490
374
416
349
354
395
429
320
372
403
417
453
358
313
378
410
398
405
495
497
264
459
534
443
494
366
410
353
400
380
387
505
467
359
352
348
408
365
332
514
410
377
425
426
351
402
403
292
342
356
368
391
294
326
410
276
338
498
397
432
333
336
447
264
324
353
398
317
339
382
423
390
340
374
392
423
483
379
385
417
352
340
404
278
337
335
371
296
338
336
345
359
294
366
445
339
382
414
448
481
506
413
464
347
381
424
320
354
407
413
435
288
316
483
389
433
442
370
419
296
454
492
520
433
337
371
417
286
478
381
412
344
496
462
360
440
426
369
360
440
457
370
525
420
354
463
414
380
473
323
306
388
405
405
390
310
290
373
389
311
302
316
352
350
388
413
402
440
342
253
295
425
465
352
393
290
372
514
400
302
361
422
309
346
383
401
371
342
379
405
407
420
388
365
450
427
340
394
435
353
392
382
441
477
344
337
416
336
342
388
399
279
374
386
406
426
343
440
446
427
441
298
384
459
456
406
541
406
357
353
411
304
341
281
403
447
353
393
325
446
453
520
431
490
375
544
433
369
330
382
286
383
428
316
362
350
295
339
355
346
348
450
347
397
390
389
419
382
333
467
446
309
452
465
354
392
325
435
366
331
416
278
248
335
492
373
386
314
333
861
1274
1358
1311
1436
1041
848
881
897
950
847
873
746
413
445
474
397
299
449
352
257
328
317
348
389
420
443
362
255
381
390
391
283
368
371
301
369
419
385
367
404
316
288
390
325
299
376
382
385
312
488
357
375
350
334
358
267
333
361
424
323
394
410
316
331
371
440
444
341
369
407
437
345
404
426
441
359
434
356
327
383
432
297
398
441
279
339
359
464
421
467
375
405
448
459
497
412
433
375
385
393
346
356
412
438
356
421
349
355
379
566
310
343
376
322
327
364
380
283
360
427
338
329
384
385
288
344
402
388
358
317
499
431
433
508
345
404
330
392
381
406
367
348
393
473
409
378
397
392
171
257
377
339
456
355
393
427
455
363
399
414
296
351
407
395
411
288
325
355
381
453
328
361
285
434
393
311
446
457
417
286
422
361
308
350
461
346
377
413
469
353
358
408
457
329
355
384
313
321
359
406
340
350
364
397
454
452
320
390
448
476
348
412
404
374
388
388
319
505
479
380
320
344
401
437
431
312
355
367
442
344
382
241
267
344
382
405
396
334
373
391
406
440
378
377
451
296
357
376
395
379
527
432
299
357
552
428
480
531
409
306
311
382
371
354
454
336
315
436
355
349
481
498
419
340
422
580
357
465
425
444
462
357
399
456
351
489
379
351
413
468
392
454
310
331
315
381
335
319
416
469
314
397
417
310
336
396
315
324
335
394
380
362
472
352
426
445
369
359
311
312
338
390
428
307
383
389
411
313
323
397
313
287
334
366
421
318
484
382
285
330
355
485
394
323
334
396
375
328
325
393
420
281
365
498
397
440
481
353
367
437
478
429
410
437
319
376
256
331
322
380
391
296
483
232
373
341
374
362
409
298
326
361
379
313
337
359
427
297
342
350
191
282
308
378
356
306
352
505
427
446
362
303
373
346
457
518
426
288
364
347
403
278
335
344
416
393
400
411
367
389
435
366
440
334
365
390
266
285
306
529
374
345
456
367
418
463
346
386
396
339
359
360
405
333
346
387
423
315
330
375
407
317
332
373
328
330
491
397
275
410
434
394
512
279
374
390
321
356
492
355
409
442
381
379
407
423
376
385
396
483
492
359
429
368
494
350
275
424
396
426
405
448
334
403
394
430
342
370
419
575
1505
1366
1308
834
1125
1003
888
948
894
957
877
1012
884
418
326
353
426
441
449
374
428
427
323
375
424
292
329
334
375
301
368
430
348
367
389
398
459
343
423
430
307
367
410
438
478
365
382
332
336
418
399
463
382
536
414
285
362
502
404
439
462
363
413
301
352
429
418
362
352
368
397
414
317
370
313
472
335
376
383
431
343
348
378
440
310
367
362
386
334
327
403
456
300
333
404
436
349
410
249
316
311
378
372
534
430
349
424
437
472
387
431
416
320
383
385
400
310
339
416
265
432
515
370
431
308
352
305
362
407
417
371
382
455
362
420
430
433
380
387
284
332
347
363
430
336
507
381
492
282
427
423
367
480
419
279
343
349
418
305
356
379
447
349
481
416
444
459
365
401
355
350
400
427
334
345
373
411
313
420
498
293
415
343
353
349
380
351
369
388
411
332
479
386
419
460
377
529
254
329
498
351
422
442
359
383
264
436
452
369
389
406
464
361
366
413
342
342
385
433
326
375
401
437
331
282
271
342
478
367
393
441
312
402
333
452
355
385
442
317
360
390
394
462
358
387
263
340
410
549
435
352
407
401
338
337
464
412
408
423
474
395
286
463
452
553
431
454
345
391
439
419
344
388
281
316
358
544
415
456
488
395
280
452
487
375
454
335
368
393
346
338
386
283
323
370
381
358
332
459
365
478
457
345
276
438
343
369
415
424
474
252
397
416
449
357
392
414
314
374
387
426
361
396
437
232
416
492
482
396
410
314
273
443
315
432
387
419
265
318
384
372
403
486
370
379
367
430
337
406
354
362
395
428
463
357
399
421
374
356
387
434
435
353
393
314
460
381
268
456
445
360
316
409
387
381
407
318
313
350
359
418
256
321
328
370
300
440
405
338
329
236
357
345
358
467
368
423
350
396
432
321
348
376
411
468
381
378
416
312
348
258
416
336
508
378
408
454
354
395
465
327
469
297
356
449
411
428
365
397
438
284
302
412
442
366
510
387
356
404
399
420
367
293
401
463
387
395
423
356
351
365
443
452
357
304
432
305
350
422
426
466
351
427
451
315
306
344
375
406
375
358
387
316
360
381
403
303
331
376
323
259
291
393
399
416
446
359
273
418
425
351
378
408
362
394
413
354
384
415
820
833
863
912
931
963
1001
883
433
449
350
494
434
488
339
283
372
397
428
323
339
499
345
397
404
442
367
390
406
446
366
380
441
351
381
398
310
363
386
343
315
351
366
345
325
462
462
389
378
439
315
398
414
438
323
375
421
470
378
317
373
368
358
405
428
466
362
383
314
445
263
383
360
426
375
375
357
408
305
357
368
403
425
360
384
413
403
287
448
477
399
440
349
345
317
316
389
352
337
345
358
241
343
460
405
293
362
334
381
438
427
411
339
505
378
314
322
468
376
301
292
311
410
335
375
423
431
321
359
408
306
451
365
416
284
325
348
435
427
472
365
260
390
272
486
490
344
384
450
342
326
406
404
361
502
425
286
306
341
363
451
400
410
305
333
350
382
419
369
351
385
428
447
478
384
326
309
356
389
251
356
370
301
341
479
368
403
392
452
375
285
450
334
404
413
434
327
471
294
334
322
365
378
315
317
365
361
272
362
339
455
372
384
448
336
374
393
416
475
392
313
432
345
399
421
411
312
333
246
407
481
353
378
394
403
370
315
453
397
284
441
329
390
297
408
346
388
282
437
356
504
365
346
483
373
440
406
475
370
415
409
379
360
360
448
345
365
377
477
351
368
407
328
340
349
253
295
317
537
406
442
372
449
351
384
459
382
456
336
490
382
296
368
390
418
471
324
386
339
466
379
405
304
329
353
235
258
378
357
266
370
399
427
345
378
383
423
331
373
394
302
325
372
507
449
456
381
274
417
335
374
395
300
311
245
282
363
436
399
430
325
336
363
350
430
344
243
410
302
329
368
263
296
325
354
339
363
389
374
365
374
238
244
399
362
472
261
392
376
432
408
478
396
416
283
277
333
365
435
299
336
404
325
349
376
438
494
350
336
402
364
316
399
428
282
292
372
395
382
291
385
500
413
420
337
359
433
323
386
359
403
333
334
364
441
327
411
343
388
291
503
356
376
404
316
352
293
382
411
419
468
338
421
425
460
450
404
293
313
347
389
397
423
346
361
266
298
384
353
416
427
361
412
362
332
340
443
422
318
354
446
333
339
382
444
328
384
338
389
298
345
454
498
364
364
359
442
431
415
303
272
484
409
372
412
352
378
407
318
350
385
326
323
480
280
312
373
483
406
355
754
1284
913
1015
938
945
977
875
888
382
427
408
492
500
365
453
310
342
372
424
304
339
397
344
309
337
379
382
405
309
267
316
404
388
383
329
365
426
433
459
408
395
431
335
381
401
426
471
387
280
284
337
377
251
459
463
385
406
311
353
393
379
333
362
357
397
443
356
345
396
448
374
366
364
251
339
422
378
433
463
392
401
426
341
384
397
325
343
366
386
426
346
379
400
298
306
414
347
351
374
414
393
356
464
340
403
393
434
361
403
416
361
357
373
428
329
336
380
416
472
500
419
288
397
407
368
341
285
297
365
443
463
365
406
444
309
355
276
398
345
354
379
437
364
357
358
391
328
326
398
421
346
330
366
300
329
366
386
268
313
360
379
302
319
389
397
297
336
380
282
437
444
340
319
363
385
370
373
439
448
335
373
312
303
355
361
433
340
321
395
423
341
354
376
440
409
443
408
407
319
273
330
373
396
368
420
271
323
380
374
335
343
377
263
310
334
383
391
432
344
348
325
348
352
391
354
395
399
361
369
410
334
375
347
423
440
312
340
314
279
345
383
428
274
317
384
289
369
370
395
427
470
360
382
387
460
361
288
393
414
360
266
408
310
360
350
417
466
322
386
330
381
299
297
332
457
351
381
419
431
343
385
423
301
303
442
373
381
409
368
259
297
326
350
394
435
454
373
541
272
310
481
386
426
479
341
380
434
461
343
386
427
304
365
368
282
335
376
368
379
441
343
340
375
333
475
392
312
357
357
412
441
357
484
241
363
323
401
381
364
457
333
350
379
419
453
352
377
468
382
354
399
379
357
429
455
358
384
327
333
372
397
428
349
429
421
474
344
404
337
276
385
339
310
368
373
305
465
501
394
308
353
362
431
432
470
486
408
445
312
369
374
294
336
365
399
306
345
364
411
434
328
274
395
418
337
386
421
427
339
356
398
360
455
383
276
430
460
496
275
320
350
365
408
306
341
384
288
326
347
421
396
450
403
292
322
363
417
322
366
317
226
327
404
445
297
304
358
420
311
354
335
380
462
490
390
361
323
292
372
395
463
468
509
542
436
337
324
338
374
321
399
351
394
373
321
245
394
394
365
394
436
294
359
363
339
289
360
373
432
462
323
349
421
332
335
262
361
411
394
844
1561
892
1108
981
930
1040
1066
1118
988
514
530
599
480
517
572
438
363
398
400
460
375
417
298
326
432
432
456
368
359
424
322
360
361
391
442
387
367
364
372
317
351
396
436
386
397
304
330
366
390
320
352
401
302
385
378
430
307
522
391
273
345
359
360
405
334
354
305
343
415
336
362
351
382
416
416
321
396
434
496
334
329
391
330
372
332
362
397
340
396
395
342
372
408
464
458
375
369
418
349
329
375
433
426
324
377
435
463
363
327
367
429
419
405
310
350
364
401
327
466
359
416
297
286
373
531
424
467
331
411
316
392
394
443
317
348
383
311
391
439
422
423
458
341
362
418
401
460
373
401
398
335
371
312
457
339
280
328
373
344
423
304
467
342
370
353
417
352
336
389
285
344
373
371
331
313
338
318
347
376
278
318
462
385
428
432
349
332
354
393
314
354
393
257
262
290
376
444
413
391
418
321
367
389
332
458
374
386
402
431
400
433
341
372
327
366
411
382
419
326
530
270
442
339
399
381
432
316
364
397
434
459
366
442
422
317
353
407
410
339
366
377
295
320
340
383
418
348
398
400
374
415
399
385
362
367
445
450
383
402
407
325
346
421
441
364
381
393
281
359
386
413
316
318
381
452
306
357
373
413
403
349
367
408
368
343
292
328
381
375
376
302
453
246
387
403
315
358
392
278
318
371
359
408
455
500
257
318
361
418
408
406
346
339
373
317
432
358
371
403
304
336
371
417
447
337
391
262
283
323
351
404
445
454
369
386
456
330
344
393
305
316
350
432
406
362
376
369
274
308
377
365
314
302
348
356
297
440
333
411
280
343
356
523
279
470
344
379
416
409
233
390
413
463
330
399
407
330
360
384
410
444
320
382
388
432
340
402
397
317
312
317
307
279
349
385
404
430
348
369
412
318
339
378
278
442
449
373
328
426
347
367
400
307
348
354
400
306
356
363
412
316
337
417
400
321
342
359
255
403
351
334
360
383
355
374
335
419
382
406
331
418
368
327
402
442
353
386
316
271
316
372
299
344
356
393
385
453
371
389
391
435
346
382
267
333
349
402
427
344
288
530
416
307
324
403
380
303
462
369
366
494
310
378
410
426
347
390
434
424
276
314
390
359
405
374
395
349
390
383
1131
1373
1362
944
664
896
1025
1063
1071
992
1026
1059
736
744
762
705
700
706
310
318
304
361
376
298
340
363
343
306
431
308
298
336
259
375
339
377
387
388
308
337
359
258
421
335
377
286
302
332
385
385
426
460
380
398
432
278
438
370
368
418
323
401
390
338
351
388
367
278
295
494
376
432
467
367
413
232
335
422
331
315
345
363
377
439
433
388
400
321
340
369
328
417
340
359
416
389
337
380
413
425
345
491
412
262
426
351
372
448
494
361
260
367
402
411
429
454
348
377
430
446
363
405
424
321
291
427
346
419
451
505
381
331
292
349
331
392
389
425
247
273
463
364
403
311
330
325
385
441
449
476
416
421
457
333
352
410
320
326
369
297
404
263
396
313
280
352
237
287
345
402
333
430
496
390
374
272
429
358
366
389
470
338
425
380
354
315
350
450
284
375
356
419
324
218
299
261
293
324
360
342
382
374
322
313
371
317
298
393
376
318
385
355
316
361
297
398
309
359
304
406
357
368
391
280
347
331
381
425
472
357
293
308
415
439
316
353
375
371
404
275
348
368
369
408
325
332
352
316
317
394
408
388
336
337
384
443
300
367
439
461
345
376
412
309
367
372
285
330
343
364
279
446
357
300
264
324
401
410
422
370
313
429
326
346
388
299
452
364
240
441
340
478
387
410
444
329
411
291
444
350
370
424
308
344
342
313
326
377
231
419
354
353
359
526
286
341
397
415
421
366
410
423
289
343
515
396
345
485
468
434
436
469
505
431
458
366
328
258
472
406
418
477
381
364
240
332
387
383
380
307
273
316
418
394
413
307
336
375
403
312
340
382
400
323
334
377
395
355
432
339
376
407
445
395
374
402
321
351
365
262
424
351
407
396
430
322
279
452
394
350
320
254
290
282
326
347
267
410
306
321
363
408
433
349
422
405
431
358
381
402
356
359
361
277
367
428
446
349
351
279
275
296
434
408
348
348
392
404
334
336
412
403
329
350
372
315
283
357
381
410
322
335
380
414
317
332
366
407
430
355
284
362
358
456
326
347
438
323
324
366
428
325
362
357
423
376
452
414
313
340
382
421
336
350
376
301
320
352
389
419
322
380
384
276
323
338
376
439
440
358
389
422
319
475
376
420
474
407
319
284
1197
1314
1080
1540
960
872
747
1031
945
984
881
901
442
460
491
518
429
458
503
388
443
315
351
394
422
462
354
382
329
451
371
422
410
318
363
341
363
393
359
331
414
442
357
367
364
378
340
376
337
405
320
377
374
332
367
315
368
438
387
408
277
282
371
443
333
374
382
302
322
341
413
404
350
345
304
458
340
385
396
336
379
370
403
408
346
492
402
453
336
373
306
265
454
458
409
304
335
296
413
379
386
384
436
446
331
397
423
332
352
373
404
469
342
393
424
314
395
407
389
239
421
315
369
366
396
451
492
383
449
484
381
398
287
286
328
356
329
286
355
329
325
374
445
345
504
376
431
322
355
240
414
340
332
386
369
392
415
461
341
366
263
311
321
288
319
362
392
337
423
328
330
319
328
377
370
265
265
299
340
410
383
340
357
287
271
325
371
278
299
339
374
355
389
454
346
398
450
426
365
396
266
306
353
329
356
273
374
444
479
371
341
387
437
445
327
284
277
339
383
400
307
358
314
404
318
432
363
369
289
487
334
367
399
427
332
382
394
317
334
383
381
441
401
373
273
435
326
384
397
343
349
377
499
399
440
425
352
366
433
437
295
324
348
365
337
506
383
330
362
285
333
348
326
410
415
346
467
354
409
459
364
385
423
306
367
385
432
343
343
345
380
357
369
358
421
293
325
362
375
312
362
385
249
346
352
384
446
356
449
295
395
367
453
327
349
403
355
390
433
326
372
292
286
315
384
362
394
450
522
231
295
259
434
308
316
463
264
413
413
471
381
403
472
368
346
367
413
316
379
358
435
449
348
365
365
439
489
383
277
308
334
378
433
461
353
382
407
452
359
358
441
436
463
361
388
422
364
401
301
304
336
359
397
296
316
388
393
444
361
342
409
330
369
378
432
456
338
389
275
329
251
389
400
439
353
392
405
450
340
391
386
408
344
495
421
462
361
372
420
327
348
385
287
339
340
384
415
306
338
376
243
304
344
381
281
432
364
265
391
478
466
385
405
307
361
375
411
433
353
372
348
392
342
365
389
372
405
323
361
364
285
438
381
376
409
304
339
370
408
304
340
308
378
412
492
398
274
284
307
400
358
436
354
354
407
311
344
474
367
430
431
374
268
366
393
442
426
329
361
380
808
1419
1469
1335
1418
1028
936
971
916
1046
942
947
879
1027
570
591
614
650
674
491
613
396
301
446
389
384
409
328
355
400
425
466
382
398
303
389
439
316
358
417
368
265
282
390
387
334
321
375
435
454
340
376
396
466
465
435
422
326
473
338
311
326
372
243
293
516
383
412
450
452
356
392
424
334
389
419
302
345
388
364
331
350
372
402
274
315
273
401
325
332
403
274
385
470
362
361
443
253
313
283
327
357
346
276
415
438
357
370
431
445
478
375
291
331
484
377
418
457
471
413
423
504
374
424
445
343
350
384
421
446
358
409
431
328
378
367
425
455
342
389
420
479
373
380
434
466
505
398
440
328
436
382
408
413
340
372
418
417
355
351
425
344
313
391
391
420
388
357
405
322
356
508
413
445
383
406
434
279
312
424
399
430
353
374
431
467
439
381
308
297
332
395
417
407
484
359
362
347
335
341
405
445
356
284
331
379
348
457
355
375
444
393
423
430
346
391
438
457
343
382
386
426
479
356
540
426
338
362
376
372
333
382
420
325
318
366
427
317
353
389
268
360
369
379
350
291
379
461
495
522
442
334
363
407
422
349
382
421
432
336
390
416
317
465
373
409
453
336
385
401
434
393
436
454
322
406
381
453
382
367
421
324
342
379
396
417
491
359
428
324
371
358
419
291
500
391
437
303
491
428
340
499
354
324
354
411
372
343
377
326
347
391
387
403
320
507
426
464
344
355
411
446
357
373
263
337
485
373
453
471
324
300
362
415
322
369
401
294
340
405
429
434
376
388
267
328
331
362
407
303
344
373
327
286
307
391
434
461
362
405
307
330
353
408
331
392
378
264
322
373
424
431
312
363
418
402
352
362
403
436
434
355
411
449
418
357
377
439
329
364
365
436
362
350
398
427
363
366
520
305
455
346
258
426
312
366
398
420
446
371
383
410
453
484
385
420
372
321
488
446
365
338
457
373
273
427
438
434
368
400
452
367
352
402
440
351
401
418
309
351
379
434
477
341
258
273
342
380
408
405
385
488
340
334
376
302
300
360
342
448
367
381
339
457
387
297
389
461
421
434
458
334
399
444
361
365
403
459
355
368
393
411
457
365
383
434
459
373
404
342
460
356
392
437
440
351
363
407
322
497
568
1454
1273
1264
1167
946
1108
1159
1189
1209
1103
1149
1167
1091
940
510
523
551
589
518
527
560
358
388
409
326
386
378
425
329
351
354
361
458
359
394
325
423
474
460
356
427
317
370
385
420
328
344
411
416
298
466
512
378
294
336
391
418
330
443
379
425
320
379
330
352
394
342
325
485
399
344
410
428
410
333
361
298
341
355
395
357
518
348
401
441
331
344
403
282
353
363
423
443
499
384
416
426
349
322
339
386
374
381
385
299
365
379
381
355
493
402
237
423
304
463
490
400
447
464
354
371
303
380
423
473
332
360
428
600
326
294
430
285
442
359
272
469
368
378
380
441
364
263
392
423
387
437
319
152
373
396
335
354
404
424
462
347
396
305
458
506
411
426
341
353
398
288
457
386
323
249
404
433
347
383
247
331
405
364
433
352
374
268
334
338
368
400
307
370
365
407
423
353
389
312
339
366
521
282
452
361
413
445
323
360
433
415
448
367
394
273
326
340
400
468
301
502
366
430
307
318
406
420
337
483
395
271
312
340
397
295
344
355
320
354
445
499
483
400
445
340
336
384
433
336
392
443
373
329
367
418
464
507
390
408
433
497
378
406
464
328
367
318
448
397
406
432
388
321
340
373
403
388
350
407
345
421
339
453
374
255
303
313
332
367
414
342
506
299
379
405
416
454
375
406
271
315
430
396
360
348
373
322
350
388
311
464
370
264
287
404
454
473
378
413
471
327
322
307
414
361
378
419
253
347
365
375
398
348
408
404
286
319
353
389
430
334
326
341
407
410
401
364
381
290
396
454
357
358
423
325
342
320
373
401
442
460
337
419
263
376
481
384
418
480
342
408
351
385
416
353
286
344
372
327
408
380
412
413
292
313
278
308
298
380
379
426
306
322
376
407
393
452
383
408
430
381
370
504
416
329
483
398
321
471
390
409
462
317
357
411
423
452
487
407
417
391
418
458
484
382
432
379
406
305
445
408
392
383
368
432
451
376
371
433
437
354
415
327
327
381
441
468
316
346
306
357
332
441
314
343
393
393
363
356
412
389
337
279
399
459
336
473
331
399
424
444
496
522
443
405
360
318
370
423
379
399
370
266
503
467
394
360
498
428
414
338
440
513
322
379
527
283
411
329
279
381
462
355
1019
1232
892
913
939
963
990
1023
894
437
485
506
418
429
328
490
347
262
313
346
372
281
376
433
446
469
464
429
465
342
364
384
414
436
343
377
452
358
371
369
414
469
502
424
420
344
501
412
445
480
348
350
377
392
353
369
408
430
347
370
425
326
333
333
293
341
291
399
369
403
504
361
334
293
331
446
392
386
371
464
354
385
408
328
484
386
364
421
417
353
363
391
276
306
349
375
455
348
308
457
311
358
519
424
466
348
379
403
452
390
382
415
346
355
391
427
455
363
388
415
317
352
387
532
428
427
489
535
511
320
464
528
435
463
364
416
255
323
429
336
420
414
440
398
305
448
340
360
418
441
218
349
393
432
417
441
330
348
404
428
448
463
399
419
290
357
425
428
316
394
408
385
473
363
377
441
355
367
353
428
421
378
421
420
468
270
343
379
347
328
381
421
272
292
435
439
420
449
332
381
414
481
429
409
560
341
339
449
384
386
410
423
477
343
407
321
347
326
352
435
346
333
452
309
370
395
428
319
353
377
421
343
341
425
405
307
346
374
408
329
352
386
261
446
431
353
322
302
329
373
333
373
334
342
344
390
340
382
387
402
355
402
393
289
368
379
398
308
339
500
397
275
475
355
392
430
464
359
360
404
330
373
292
455
463
354
394
394
451
364
317
367
260
383
367
350
365
380
412
452
465
388
421
450
344
382
428
347
360
389
414
314
347
279
314
456
379
364
424
380
404
318
511
424
475
341
446
305
489
378
272
426
363
368
418
442
369
396
434
426
396
374
381
359
388
406
424
401
347
334
386
409
283
429
393
424
420
392
367
291
345
480
372
419
424
624
376
391
426
243
341
378
365
396
392
438
352
370
406
445
477
371
417
436
338
370
390
426
499
366
436
371
330
459
336
506
380
413
334
398
404
323
401
368
436
427
509
414
426
448
353
360
378
397
449
383
393
432
345
297
403
367
353
384
286
263
356
356
413
413
476
362
373
436
455
469
405
303
305
346
437
393
363
357
279
438
350
365
370
411
482
459
374
417
445
485
470
392
460
332
338
429
434
350
356
402
321
347
359
377
399
326
347
381
458
347
370
390
442
441
382
427
415
432
415
340
469
411
404
487
485
369
403
442
363
371
447
335
474
391
947
1578
1071
1108
1037
1057
1078
981
928
912
431
489
429
535
454
375
430
339
463
479
389
421
315
479
306
376
524
395
346
333
432
337
423
326
446
458
523
397
306
330
495
391
325
323
376
390
392
321
400
421
294
300
366
365
305
356
372
430
468
382
278
434
338
389
393
425
459
454
471
411
409
482
352
366
308
396
371
390
412
277
334
376
421
442
353
417
430
496
476
547
407
470
350
399
401
444
345
354
390
306
368
385
271
425
366
372
280
428
478
364
426
390
489
372
370
456
346
386
375
396
334
366
409
446
324
470
377
443
455
355
402
284
423
335
341
356
430
367
399
396
340
337
300
449
328
403
407
435
372
384
390
351
396
370
333
323
359
385
413
459
342
368
406
478
345
363
404
352
356
353
371
446
311
387
412
429
355
420
296
429
358
497
404
445
440
357
418
406
472
365
429
411
348
255
328
362
444
329
440
385
332
365
530
398
339
496
361
424
371
512
407
431
482
363
309
353
396
429
374
410
349
310
302
360
410
433
318
336
359
316
329
382
414
441
331
364
257
305
337
384
418
432
486
270
412
432
349
390
401
301
341
371
396
438
324
356
403
338
237
385
415
510
295
466
509
400
403
425
451
339
399
464
428
491
383
443
466
364
302
348
356
330
347
492
303
352
407
412
451
339
365
439
348
353
364
400
456
331
383
292
446
345
359
290
351
369
247
278
477
457
399
308
464
358
403
440
355
381
393
448
350
343
279
379
317
311
421
366
360
437
380
401
404
457
391
381
458
484
505
409
462
357
391
424
325
382
409
284
317
319
399
434
354
369
277
316
363
378
286
438
367
390
401
314
474
497
435
339
503
370
389
415
443
343
419
385
421
354
380
374
327
325
376
247
333
339
514
394
438
479
363
367
303
323
349
359
371
396
307
476
374
427
422
331
505
394
427
376
511
394
430
469
361
291
440
427
375
400
422
350
362
400
428
348
373
419
368
432
476
394
432
417
372
320
287
321
422
407
316
460
312
412
412
314
472
354
517
537
454
484
377
453
329
480
445
327
462
428
444
497
361
353
389
424
363
380
284
468
311
356
308
392
332
365
411
405
327
449
375
426
470
476
363
416
439
473
348
416
402
355
367
435
441
363
342
421
283
349
356
378
1173
1492
1292
1017
1068
1002
1005
1022
1126
990
984
383
434
455
500
530
534
586
350
385
416
444
366
386
420
329
349
377
428
339
358
261
360
423
445
480
513
423
331
378
393
385
427
342
541
413
457
367
352
312
446
339
368
409
235
341
372
541
314
318
375
539
423
472
514
333
436
432
335
379
381
375
414
306
347
387
541
441
358
504
401
426
493
382
407
432
457
370
319
355
425
454
363
512
389
432
320
481
378
419
455
540
397
378
425
597
438
500
430
297
351
379
375
428
466
505
407
348
418
388
481
432
276
430
370
371
402
425
345
532
405
350
445
430
429
343
390
310
395
275
322
327
426
448
443
329
290
391
338
407
398
426
410
435
295
360
535
314
475
390
439
342
446
323
343
472
362
231
376
446
491
385
403
472
477
380
431
329
358
412
341
265
362
401
381
269
408
473
478
407
438
463
379
391
392
393
390
404
391
522
266
321
362
381
385
330
481
412
429
345
315
346
401
311
463
339
367
470
334
433
479
370
415
462
340
363
432
319
353
373
427
339
507
400
424
328
359
326
370
371
367
468
352
393
311
471
383
399
474
484
403
421
434
499
397
428
474
351
350
452
396
344
424
317
386
314
384
368
432
355
395
290
319
348
352
366
412
432
361
410
394
469
365
406
317
308
370
377
458
423
378
539
310
373
428
403
416
412
373
483
416
360
384
543
441
455
355
352
365
402
387
338
478
381
392
409
446
445
324
412
416
344
343
373
406
361
356
403
323
440
395
383
352
387
388
432
478
374
391
349
342
350
388
267
298
335
372
449
332
387
267
297
400
446
307
339
509
361
390
411
442
371
348
439
322
350
355
417
453
357
378
445
310
338
476
386
304
311
317
457
342
386
450
273
336
352
434
374
452
468
406
317
369
333
230
388
440
334
359
387
282
351
402
449
346
395
429
312
353
382
425
478
340
385
422
338
382
389
443
316
347
266
364
391
375
255
437
331
282
398
438
359
501
291
328
331
381
397
442
336
365
399
338
333
361
401
327
339
388
390
440
374
405
418
438
367
426
427
428
367
444
441
340
384
358
420
339
490
376
435
344
267
357
480
362
384
426
443
364
366
414
438
346
294
413
451
371
384
420
328
334
495
391
320
362
358
268
291
468
263
1126
1624
1110
1282
820
983
943
1060
987
893
924
912
465
491
523
426
456
381
397
446
465
384
412
437
331
370
381
434
473
368
407
296
331
353
443
349
334
393
322
473
343
383
388
290
370
399
381
457
334
351
424
298
352
354
403
431
355
366
409
327
317
350
445
423
488
408
438
465
349
408
410
326
322
351
415
274
346
503
395
451
325
379
417
271
472
371
268
319
311
366
380
446
347
354
429
418
327
417
395
437
344
341
290
268
342
280
362
319
462
370
389
408
348
335
404
420
333
263
403
289
312
403
396
456
339
275
338
387
357
305
353
368
501
393
391
440
352
364
419
439
321
394
399
363
333
362
382
291
453
357
391
441
337
353
404
455
345
381
369
374
337
492
411
311
449
359
383
429
480
367
320
461
489
346
410
332
348
378
436
341
369
374
294
374
344
260
331
360
436
388
383
371
411
449
478
456
258
375
319
383
340
373
260
291
482
380
413
466
468
260
358
343
329
414
376
448
383
316
423
385
428
371
402
266
332
361
360
408
446
423
345
274
354
387
358
383
406
446
366
244
379
392
452
479
374
408
435
365
386
413
461
371
423
370
362
409
269
337
365
417
391
462
347
400
409
330
383
395
439
452
358
364
394
343
382
522
400
451
502
410
427
356
493
506
434
476
366
291
327
366
465
330
385
390
367
411
399
355
409
396
419
290
320
350
362
472
432
348
386
361
487
348
411
407
410
372
454
482
373
297
438
279
294
382
422
371
419
321
368
390
294
335
366
395
363
416
268
329
363
374
320
323
374
397
445
501
315
417
447
466
387
299
364
406
364
437
467
358
381
396
325
472
362
402
302
341
407
390
468
374
384
276
298
336
390
436
495
478
388
399
438
473
371
403
459
347
335
347
402
369
329
283
362
316
335
419
336
407
422
343
362
385
463
339
505
262
317
398
392
422
326
353
384
435
385
280
353
320
309
381
394
329
292
465
435
381
400
323
370
451
453
388
419
410
316
351
394
436
367
353
368
281
353
296
405
420
290
397
431
342
379
410
440
331
373
424
417
321
359
382
419
326
361
266
395
433
443
359
421
346
441
355
380
416
327
377
356
439
313
379
361
419
434
359
388
424
311
350
381
295
314
356
350
359
393
392
357
325
357
326
819
1432
941
1094
1235
993
960
970
857
905
922
837
856
378
412
444
371
374
441
445
344
376
383
314
359
374
289
334
346
401
365
375
384
304
331
379
398
417
340
498
276
370
390
448
325
352
403
287
275
294
340
369
353
369
249
296
468
501
390
287
327
347
378
314
479
352
403
313
465
347
430
297
324
378
304
391
413
277
361
339
350
378
417
437
337
366
408
428
374
368
401
296
297
378
420
349
345
370
375
389
441
355
410
458
368
302
355
385
446
449
361
387
350
352
414
337
368
352
434
449
329
349
372
355
385
383
390
339
317
390
413
443
362
370
289
303
356
415
311
326
358
392
390
427
341
410
270
298
365
354
421
297
349
401
277
482
508
376
426
350
366
370
428
409
353
375
400
345
295
327
476
411
422
446
238
289
338
360
342
315
366
346
338
475
401
414
496
375
375
347
406
333
360
366
389
294
344
379
383
405
343
525
408
304
353
347
414
288
482
376
307
452
360
504
401
468
347
401
316
416
380
433
323
456
364
380
414
455
353
418
428
337
366
394
398
315
362
391
414
454
356
370
415
330
388
388
290
319
388
394
298
329
340
368
374
434
476
353
298
281
349
382
430
400
399
316
481
393
395
288
447
421
386
282
317
365
398
460
315
422
379
359
385
406
415
354
362
245
319
354
357
382
432
494
386
285
326
478
381
446
457
432
386
398
446
368
386
396
435
333
374
383
314
320
353
432
331
380
373
300
354
344
355
388
280
358
358
383
471
410
346
373
380
406
397
304
340
356
375
263
323
432
385
406
438
459
358
374
401
315
383
412
268
312
336
395
436
459
379
438
321
309
367
427
299
315
352
423
405
348
358
396
404
343
377
388
422
343
485
384
341
368
307
405
399
330
343
422
424
477
347
307
387
335
377
273
438
447
369
282
294
323
223
486
428
466
357
398
334
406
403
450
344
398
437
345
361
382
443
458
380
401
306
283
323
448
326
499
378
372
422
350
372
391
364
329
356
247
398
426
488
418
269
301
386
359
404
409
439
343
390
389
298
450
372
498
421
334
360
392
410
440
387
380
397
307
433
458
362
490
442
451
368
418
423
342
375
396
450
340
357
369
435
317
382
251
271
320
507
420
424
473
367
401
451
427
424
417
457
421
619
1395
1492
1196
836
997
1162
965
988
999
1026
974
844
855
413
429
479
517
408
468
471
368
424
528
356
383
385
332
325
345
377
405
325
397
252
461
344
512
398
457
464
387
284
393
428
508
440
458
364
378
406
428
344
362
283
409
458
398
415
328
363
378
429
332
354
405
404
351
366
398
420
290
343
363
327
371
379
427
262
312
485
379
401
306
356
389
259
445
466
402
298
442
343
220
394
437
378
370
391
438
386
353
496
455
336
375
407
279
464
375
380
318
471
362
261
435
358
348
427
425
408
363
410
384
305
367
405
344
413
497
447
358
392
295
347
348
382
404
452
358
396
377
245
398
372
397
377
435
429
210
412
339
303
332
288
436
326
509
395
451
462
461
281
369
432
389
381
422
341
378
411
320
349
374
383
436
349
374
533
508
461
509
426
433
377
351
405
432
311
364
377
439
311
367
385
307
471
508
392
442
484
409
396
410
357
391
310
354
389
320
325
366
505
348
324
361
396
316
346
373
385
431
353
363
438
315
369
420
457
384
424
331
354
365
327
354
395
314
502
354
432
371
347
421
331
369
376
320
375
339
298
434
324
493
368
426
539
474
377
413
300
354
390
396
347
383
382
264
307
362
354
437
333
422
350
518
389
408
519
349
496
398
407
413
341
463
388
390
464
349
451
404
382
447
292
321
312
377
336
363
381
328
445
423
446
352
436
424
451
374
365
518
427
355
418
303
480
509
248
282
388
393
284
409
427
358
402
404
470
360
381
421
456
367
378
431
332
387
377
428
460
369
381
426
581
377
392
415
315
479
389
421
311
367
383
534
342
367
386
401
324
386
385
414
345
357
388
427
363
337
393
432
476
341
382
404
313
339
399
295
339
370
382
400
329
359
379
408
526
393
398
185
304
393
329
399
355
382
423
393
377
371
305
354
355
389
407
329
382
347
382
365
326
351
385
410
405
459
341
522
368
381
284
322
438
396
448
365
405
328
383
361
374
300
342
345
402
420
285
339
342
268
311
476
510
253
313
469
368
428
433
460
372
368
410
479
351
395
303
349
376
493
401
347
363
345
269
247
409
332
319
358
372
391
304
313
365
387
304
327
498
244
434
434
356
288
374
357
304
316
333
386
365
310
371
404
332
360
401
423
803
1023
926
971
1014
901
930
947
468
361
417
433
355
374
408
378
261
315
360
398
422
325
369
348
370
429
367
344
402
302
319
327
429
440
337
373
354
251
397
367
439
464
466
405
396
438
335
361
413
274
321
383
381
339
273
380
399
440
333
511
334
325
357
384
373
310
316
366
340
365
392
418
344
327
374
406
325
484
364
285
431
450
363
412
441
323
401
391
431
327
374
392
423
330
490
403
314
356
363
404
418
349
426
429
312
347
401
262
348
488
356
412
455
333
306
367
322
403
340
360
414
311
452
473
516
412
460
345
369
415
401
483
401
417
426
305
400
443
333
350
381
402
293
337
354
402
336
344
368
420
437
451
366
393
329
461
369
283
433
420
365
531
306
297
359
367
391
433
341
388
427
412
363
395
420
318
386
374
405
300
359
364
415
332
349
392
442
416
303
383
296
335
362
288
356
292
394
357
430
391
364
320
393
337
261
369
443
416
361
346
403
372
316
415
483
453
214
347
325
356
333
352
340
357
346
476
503
336
378
373
443
354
492
402
399
452
456
356
432
405
356
317
328
465
349
337
384
272
464
393
373
393
324
378
432
319
332
346
402
329
396
469
350
404
427
327
381
382
395
376
400
327
346
344
370
443
330
384
518
422
305
323
355
430
346
355
369
427
326
338
387
265
472
359
402
317
361
376
409
386
353
337
417
425
342
381
366
427
342
272
403
406
466
362
371
406
460
362
400
414
444
338
313
432
321
348
364
317
475
378
409
420
307
382
406
396
418
391
511
416
338
312
307
383
410
370
397
445
323
349
505
268
454
483
397
267
486
363
369
334
462
366
400
386
372
388
375
418
441
376
367
413
458
361
359
455
427
512
373
419
328
339
301
404
288
400
345
379
401
353
389
326
432
346
380
391
408
434
355
307
413
423
465
358
293
299
316
410
446
317
370
408
307
352
370
412
431
445
462
486
362
402
278
286
325
234
323
420
416
371
403
472
470
358
272
434
348
375
408
355
344
416
451
328
353
414
477
360
503
383
458
487
379
423
444
314
385
490
445
389
343
382
428
435
403
400
316
347
402
439
432
495
371
443
335
361
305
413
463
344
398
378
505
387
346
484
411
431
424
431
439
449
288
331
340
350
396
401
421
399
697
1120
957
1024
1007
1122
977
1014
907
465
473
496
555
584
519
510
398
316
481
349
423
465
321
396
293
448
323
401
389
446
363
355
309
432
360
374
272
300
430
480
362
350
373
427
450
348
365
400
433
361
432
278
426
463
385
404
441
329
357
389
466
468
488
296
424
358
363
407
336
462
388
399
433
393
311
350
344
342
360
418
439
373
366
398
320
342
481
423
280
354
381
420
456
477
363
246
431
457
360
398
298
316
361
378
429
321
349
394
301
466
355
390
332
345
371
403
425
458
363
387
444
453
365
393
378
424
489
516
427
314
355
302
376
406
358
350
301
368
312
375
417
366
387
292
416
449
324
413
410
332
360
382
382
340
369
360
441
292
377
353
404
287
395
447
325
352
393
429
324
388
386
406
487
489
406
419
448
342
381
412
438
465
370
409
315
338
373
417
448
467
382
269
299
339
399
407
324
365
384
401
437
349
381
289
323
381
339
342
256
459
327
365
383
412
359
386
375
411
345
269
281
467
362
349
395
383
322
383
318
447
429
402
415
338
479
378
318
449
458
366
434
442
360
377
419
443
361
385
422
442
371
372
421
340
358
387
430
473
502
356
393
439
311
370
404
468
354
400
301
338
405
456
393
411
473
340
396
439
347
343
406
275
337
371
330
229
302
311
356
332
312
435
425
333
366
385
424
313
270
380
430
345
383
390
432
427
314
400
415
442
474
383
419
447
363
349
406
450
352
471
443
369
400
377
475
442
342
329
355
289
381
394
423
447
360
392
423
460
385
528
442
329
352
389
426
450
358
555
345
334
374
425
282
367
434
399
306
343
365
309
484
365
363
377
388
411
377
367
409
471
438
379
395
454
497
383
404
289
413
516
430
452
374
383
345
377
495
398
464
467
295
340
433
361
336
362
395
420
452
374
518
424
471
633
400
429
457
380
397
441
454
379
391
444
459
405
393
441
470
370
299
432
273
478
425
470
265
284
487
505
399
404
480
376
240
433
449
500
548
333
483
411
375
441
334
573
410
340
364
358
378
354
509
319
378
422
458
436
374
375
318
302
414
423
449
363
425
303
326
367
395
449
370
368
394
340
379
408
387
360
274
317
390
438
401
494
370
326
309
360
377
385
409
366
361
414
467
345
499
334
715
1550
983
968
883
963
957
876
904
919
452
477
399
552
467
521
404
296
323
362
395
403
321
360
467
436
385
418
450
364
410
439
340
328
377
252
334
362
322
403
376
333
424
326
377
395
334
343
367
414
305
479
397
381
438
363
368
402
454
333
273
311
353
416
462
377
385
437
457
473
361
379
469
451
383
254
373
385
435
300
328
315
399
423
409
369
399
438
367
288
416
386
385
431
311
498
379
408
449
343
369
405
319
362
418
455
326
490
414
352
229
551
424
484
275
439
325
480
361
408
352
449
375
275
417
320
516
409
292
334
385
414
433
346
405
261
418
305
281
375
384
374
416
403
375
281
409
365
305
382
503
244
274
310
384
430
295
345
269
334
376
412
298
334
489
311
382
380
423
316
407
412
452
358
372
383
405
319
338
403
449
349
342
413
460
367
380
430
332
469
377
286
325
313
319
389
382
445
304
533
369
461
322
476
381
437
338
354
384
412
450
365
395
428
320
262
460
316
371
424
389
428
394
322
365
466
338
364
402
337
357
331
428
421
342
491
397
318
333
381
411
431
460
240
395
433
352
429
396
464
257
345
404
349
365
383
343
245
350
386
385
317
364
443
332
361
370
422
319
352
387
296
348
505
395
452
329
362
330
377
374
409
380
315
351
386
268
443
440
394
265
297
471
353
361
360
430
470
347
398
431
352
355
410
440
321
407
409
417
475
390
424
293
376
406
420
307
375
400
318
298
384
398
393
426
307
354
258
293
378
369
397
340
495
366
454
362
327
493
444
316
336
309
380
366
314
454
351
293
369
390
421
456
369
375
298
361
361
291
391
344
313
369
423
414
344
393
429
336
327
412
289
310
368
377
282
326
509
386
431
451
358
420
295
314
374
371
342
307
489
425
368
335
401
314
340
375
420
466
474
490
398
433
454
506
405
433
456
369
398
457
343
391
399
442
369
374
390
354
472
373
415
457
353
391
300
461
410
448
333
365
439
456
364
392
389
402
433
402
412
294
347
343
343
345
326
331
404
417
355
493
424
425
432
359
270
360
396
457
332
345
271
341
394
390
435
369
384
416
321
370
525
415
424
461
390
439
350
485
377
429
298
387
385
451
404
358
505
512
280
326
406
426
421
367
405
395
309
353
397
1367
1670
1416
1050
1211
989
1307
801
1230
1257
1002
698
698
709
645
660
674
695
365
392
326
455
378
416
431
342
382
401
423
471
367
391
451
460
363
396
427
367
363
376
305
338
433
381
288
329
357
259
425
325
361
425
303
332
358
388
434
446
380
398
278
312
350
370
382
345
502
399
313
359
427
404
336
431
442
381
432
467
377
426
452
370
303
428
457
350
330
329
375
445
383
402
380
457
350
395
381
282
328
300
345
476
324
301
422
401
452
456
349
376
412
309
342
368
429
314
350
339
386
385
408
336
381
412
275
461
502
395
446
340
372
242
434
322
373
481
409
455
341
408
437
336
337
357
433
456
387
362
392
300
369
384
267
334
488
370
432
445
345
536
438
461
512
410
431
442
490
405
266
364
375
361
422
293
377
392
401
455
373
376
408
322
412
407
441
481
336
367
452
314
384
307
417
330
478
256
392
459
339
376
369
272
434
361
396
407
440
341
385
426
435
367
373
415
312
352
381
418
423
495
410
314
462
323
288
331
373
446
452
319
345
381
428
419
323
346
403
436
312
476
369
432
457
348
320
398
424
341
338
487
388
431
443
475
402
409
313
478
401
402
321
346
386
281
434
354
260
293
330
358
417
410
326
249
422
321
404
481
350
375
404
448
453
410
427
448
478
375
434
490
360
378
409
314
353
409
439
413
391
280
419
319
457
513
414
449
331
402
265
319
344
360
433
464
346
379
398
452
373
364
397
389
302
336
386
339
339
366
553
292
345
360
384
298
480
386
405
421
479
369
394
431
338
385
416
433
353
379
424
302
274
386
404
331
354
378
410
310
360
406
415
299
484
392
267
345
475
369
288
438
349
368
417
446
342
401
437
429
309
371
404
427
316
491
403
429
347
493
390
426
345
426
354
330
364
427
380
357
326
396
391
486
439
329
499
271
420
322
356
506
421
444
348
377
287
397
416
471
371
431
316
321
356
402
437
467
383
392
389
403
472
473
371
395
427
413
273
464
385
437
416
357
403
430
480
412
411
331
337
480
355
393
382
323
343
395
420
349
387
393
437
332
361
402
444
313
364
275
319
365
365
412
452
428
380
380
338
425
372
351
418
349
365
404
358
274
324
310
449
316
364
332
299
326
304
413
320
324
339
244
1156
1347
1044
1327
913
829
851
1006
1060
972
981
875
416
423
469
442
458
454
367
325
342
414
377
332
314
358
369
275
300
342
383
273
334
476
337
409
418
411
358
274
407
303
378
522
389
455
330
403
290
424
484
381
424
453
383
394
274
489
347
401
336
468
371
434
414
369
343
400
449
324
237
300
320
373
396
417
385
403
318
365
411
313
333
402
467
332
350
371
295
337
308
228
443
383
317
443
337
375
394
306
360
389
388
422
305
403
334
426
349
392
402
268
406
467
466
405
418
450
355
396
395
337
382
360
348
349
283
378
351
369
384
449
339
244
398
430
449
351
391
406
310
362
402
426
394
491
347
381
462
445
417
427
442
371
334
354
437
360
403
577
279
327
415
397
444
350
364
254
352
365
385
370
374
300
429
386
295
430
400
398
381
451
343
360
385
409
326
511
396
436
466
507
405
470
486
383
365
424
416
381
420
453
362
407
418
371
397
395
443
335
297
378
378
391
450
480
376
342
365
399
414
410
424
335
329
385
482
482
416
395
325
334
354
408
446
377
437
403
431
409
393
360
470
404
401
368
263
421
329
432
325
375
386
266
475
417
370
381
464
348
409
431
426
338
375
425
325
362
376
308
353
356
413
384
340
290
374
444
460
363
387
368
383
286
422
347
413
310
401
389
428
358
350
423
437
350
316
362
443
325
336
518
285
347
338
406
274
299
376
310
394
426
372
398
394
440
330
296
366
445
380
388
269
304
367
390
406
460
360
382
523
424
453
372
404
447
421
468
385
387
424
331
357
431
446
366
358
399
321
363
362
397
429
313
410
421
432
317
349
425
466
370
409
301
415
391
385
413
363
326
403
434
458
339
344
380
473
466
358
331
390
407
398
401
401
303
288
339
388
385
346
301
417
404
419
469
367
407
333
344
371
283
435
345
380
395
414
325
378
401
324
444
372
389
431
280
376
425
333
437
443
359
407
287
460
495
369
425
443
355
397
410
429
364
389
428
459
373
355
379
460
480
388
451
431
319
506
396
305
318
393
429
319
356
403
444
365
373
409
403
427
486
380
415
316
365
382
346
393
502
378
373
482
446
367
388
435
336
398
270
466
372
383
385
463
371
382
412
426
378
351
423
445
364
364
373
449
330
520
442
853
1403
1226
1104
1327
935
751
940
926
977
992
936
923
332
488
556
435
448
488
390
423
485
366
383
424
377
364
389
429
330
489
406
456
495
501
405
452
466
382
426
313
347
362
407
438
343
384
335
350
369
306
445
359
441
442
358
263
347
484
388
425
466
445
382
309
326
383
386
430
312
347
416
443
446
398
439
400
327
472
434
425
446
339
410
284
358
523
382
440
472
500
372
255
341
381
350
412
464
378
378
399
423
379
380
447
332
402
415
414
467
369
395
453
469
375
417
438
336
365
412
433
486
372
404
462
335
322
399
383
360
363
376
273
466
359
426
396
309
366
384
291
354
508
500
435
347
494
545
424
170
385
284
338
446
394
400
421
476
398
397
412
444
271
297
387
373
339
371
453
313
389
378
409
325
388
448
267
317
400
377
337
508
397
402
268
329
492
385
308
328
333
418
345
406
421
337
362
389
301
331
337
413
285
454
376
259
310
334
371
384
430
369
264
326
501
510
326
480
325
425
383
420
485
404
435
341
341
528
411
475
530
401
422
600
482
378
429
343
536
348
388
444
428
473
362
406
409
432
460
367
426
534
344
374
266
440
414
339
367
441
439
381
362
415
302
369
400
442
473
403
320
451
366
277
350
253
433
353
545
429
450
384
427
271
454
365
427
306
340
376
263
402
342
382
375
452
346
327
358
400
360
349
382
404
443
331
370
405
445
353
374
418
459
330
379
338
420
269
358
401
414
470
398
371
344
270
348
359
465
363
377
290
314
356
387
402
331
340
404
276
427
458
417
408
366
346
372
393
348
362
386
409
338
345
376
420
313
331
403
387
395
328
364
353
321
285
331
424
320
470
429
341
468
495
505
448
439
345
340
309
444
440
372
384
408
488
340
352
418
444
1461
309
360
311
329
375
396
420
335
386
525
432
352
354
402
426
499
363
400
482
401
421
359
368
385
327
467
261
399
409
351
385
399
283
345
358
395
448
306
376
378
270
348
447
397
291
284
369
349
298
296
341
371
420
433
318
362
398
321
342
367
375
402
441
450
360
377
436
458
377
522
394
354
521
404
429
349
333
425
440
297
381
349
289
306
405
441
306
356
359
386
314
425
356
294
320
362
300
319
338
407
355
432
386
397
313
332
403
271
388
583
1171
1030
947
1112
1013
931
1048
980
1007
1042
941
1016
868
887
564
572
606
644
545
609
517
295
311
353
415
274
316
351
374
323
310
363
405
291
319
350
472
382
371
400
294
324
353
405
422
329
404
400
420
319
353
382
420
322
356
381
342
346
430
311
282
275
248
446
349
406
373
282
333
391
420
445
442
340
415
428
348
355
397
422
363
368
421
282
338
387
418
469
365
410
256
301
356
431
411
428
487
400
311
357
460
359
406
320
358
394
446
354
406
394
304
313
322
413
454
446
423
304
366
421
446
366
402
416
347
387
277
300
356
422
422
333
344
373
431
318
340
431
442
343
357
416
316
463
519
448
427
332
377
413
381
337
382
432
424
325
410
375
421
317
378
305
478
302
532
391
432
374
364
243
333
364
384
303
340
367
356
260
449
371
382
404
440
495
425
401
314
374
380
405
424
302
447
483
499
296
448
401
275
471
370
514
436
482
366
390
436
358
389
295
438
476
410
403
435
541
378
431
278
306
341
385
407
335
503
381
414
460
467
418
327
304
521
434
296
469
509
543
443
320
483
392
421
460
362
291
398
402
394
422
390
361
261
467
375
309
287
341
396
339
330
377
314
435
351
357
399
436
444
418
325
514
425
451
334
385
288
342
360
394
319
475
358
246
394
477
397
380
411
372
358
391
359
349
366
442
304
352
497
420
412
516
344
435
317
478
495
394
447
347
336
342
390
374
411
444
366
305
363
359
397
348
370
393
458
338
348
389
429
305
364
407
308
392
352
515
385
441
346
428
426
355
329
386
406
278
348
409
472
339
290
394
349
256
403
385
425
464
362
387
433
461
476
397
449
327
331
351
390
348
373
377
418
321
360
358
315
458
355
385
426
460
361
353
392
455
379
397
291
326
372
315
407
295
340
373
404
353
329
360
400
468
335
506
413
424
337
365
408
373
415
393
439
398
369
427
301
362
510
394
460
274
410
434
306
332
382
422
465
381
363
267
363
369
413
398
334
343
326
332
385
431
465
467
275
396
419
352
403
416
441
491
377
387
435
343
353
253
417
278
341
333
320
354
343
369
402
432
456
384
420
300
365
343
309
391
382
413
434
368
279
469
436
454
352
398
442
475
366
434
417
325
396
499
457
434
350
355
568
885
1254
1052
1063
1097
1258
1151
1070
953
498
506
555
581
506
520
541
458
382
377
418
440
362
380
424
304
346
304
416
342
446
370
411
392
423
387
391
306
468
381
524
397
456
339
420
401
343
492
366
438
459
374
390
305
435
369
400
410
362
362
410
431
433
342
275
425
487
369
369
386
346
501
398
428
290
332
396
426
435
459
294
348
413
366
367
394
375
249
316
340
401
265
404
476
346
398
310
454
395
387
430
304
419
442
397
379
393
419
320
367
400
425
331
408
391
371
395
401
439
383
582
405
456
382
392
388
437
338
354
383
354
309
343
381
280
403
357
366
260
325
337
374
365
426
354
259
449
363
517
460
344
358
387
305
343
477
358
441
468
386
346
390
454
522
390
450
456
489
366
431
493
364
335
378
444
392
398
406
337
338
364
406
343
332
494
413
390
435
451
364
364
384
464
479
396
391
416
472
387
352
391
419
440
346
385
311
480
296
252
475
407
416
397
465
394
332
465
443
310
351
498
365
381
416
429
376
395
402
394
351
333
334
373
407
430
463
372
393
424
467
366
392
307
331
420
395
313
364
355
395
298
322
351
393
448
328
367
273
310
341
376
465
334
357
442
372
531
427
488
389
409
261
304
364
341
360
371
374
349
403
449
378
444
448
393
434
418
484
390
443
437
353
317
373
404
399
431
395
306
304
399
546
430
372
348
436
389
355
525
442
352
522
284
318
473
385
407
341
381
377
403
433
438
368
433
422
301
343
429
379
367
513
390
459
432
351
367
467
443
347
509
439
297
451
353
412
442
355
365
400
441
368
401
420
278
306
376
419
385
428
446
473
379
283
432
364
370
402
406
340
376
406
448
390
406
402
428
517
368
409
449
348
381
402
329
396
395
391
390
396
469
333
385
306
428
304
292
460
388
428
426
474
478
408
432
478
501
392
430
474
341
355
321
444
379
442
305
480
361
381
387
393
425
404
375
424
318
378
529
388
514
480
397
280
409
450
404
450
492
478
397
306
480
513
394
339
469
377
389
420
434
398
426
442
299
341
407
448
333
363
424
331
370
522
419
456
343
378
404
273
484
471
399
334
474
364
401
394
343
382
422
425
347
291
346
415
423
301
459
390
402
328
511
363
258
439
453
348
301
420
424
863
1472
854
655
945
968
992
1041
1066
940
500
400
445
451
499
402
444
332
359
398
413
463
381
265
341
381
378
336
348
353
418
299
346
348
423
459
439
383
250
325
476
501
415
417
456
413
417
439
329
407
406
450
364
432
423
420
479
280
422
455
382
372
369
359
349
380
386
311
482
370
431
429
491
387
264
423
372
522
403
439
381
390
378
335
365
402
418
452
375
512
394
447
459
363
421
330
490
388
433
439
339
382
405
473
455
369
420
290
446
381
420
439
354
373
384
460
482
403
412
414
358
279
428
357
310
389
355
356
383
436
446
341
381
424
327
363
385
377
414
447
437
378
386
418
373
360
296
415
371
351
410
278
352
385
371
441
489
391
313
254
398
387
307
519
432
376
437
447
471
347
403
273
342
383
473
417
429
368
367
441
443
509
399
431
335
486
353
269
356
332
456
506
396
396
410
450
458
382
429
450
329
383
528
406
436
505
434
322
482
335
382
447
342
389
313
318
331
378
422
460
338
329
346
353
389
450
325
356
308
231
383
401
359
446
473
390
428
451
478
341
430
458
353
404
407
445
344
398
413
460
373
312
399
321
378
385
426
301
356
352
426
339
345
490
364
432
446
336
398
433
376
286
396
347
366
369
385
426
416
355
330
356
264
332
370
308
268
365
366
316
349
368
398
397
439
332
379
377
408
283
427
366
425
428
313
352
408
308
319
369
401
321
357
395
275
434
375
369
383
462
352
391
417
325
399
369
310
303
361
402
395
325
382
397
325
275
257
342
364
349
369
273
263
366
369
321
364
392
360
399
390
339
369
360
257
347
387
512
386
350
325
393
449
329
369
347
380
339
319
411
451
289
320
356
440
467
386
355
333
340
357
363
357
410
406
368
388
400
440
357
374
366
330
418
320
316
333
361
427
435
343
487
403
427
442
472
398
431
455
361
393
423
332
357
384
412
438
359
371
419
328
354
407
422
451
382
486
383
427
342
304
288
228
275
403
423
365
425
424
455
445
256
389
407
352
383
401
373
384
415
350
334
513
424
446
264
286
359
352
410
278
444
366
387
424
444
479
394
278
325
354
394
417
320
350
318
392
439
344
373
288
435
412
324
358
436
328
303
361
432
474
375
351
309
290
353
394
423
322
320
1333
1221
1419
1010
1075
1089
1105
1145
1187
1088
970
459
474
506
576
569
568
474
493
420
420
459
368
383
427
258
363
435
376
391
410
322
277
326
347
351
414
436
341
404
422
455
336
410
430
449
345
404
432
418
355
371
301
364
371
335
368
316
342
399
438
362
502
526
423
439
368
412
396
462
356
409
410
318
288
402
364
354
318
494
363
337
375
356
408
326
369
411
296
461
346
426
442
489
388
471
498
407
386
393
316
361
365
299
442
343
388
376
448
451
398
386
412
413
486
403
410
338
253
368
329
474
359
375
409
410
319
374
405
442
331
349
373
447
321
423
405
331
304
281
322
380
369
403
421
327
359
358
411
437
467
267
302
428
358
320
341
369
407
429
356
358
432
357
369
364
388
273
430
442
350
385
286
392
392
401
407
473
362
409
436
343
373
405
435
331
367
430
300
331
361
405
312
473
352
408
423
360
519
374
401
476
333
366
363
327
343
425
424
334
339
387
281
343
382
526
438
469
468
539
310
342
361
426
451
353
357
305
419
485
248
426
438
461
379
429
421
344
370
428
439
343
396
407
340
279
330
345
434
340
377
392
246
317
304
358
278
320
341
365
412
393
351
318
340
363
445
435
457
375
401
427
322
394
413
342
442
339
394
406
313
348
368
411
458
336
346
359
377
319
450
522
262
277
347
499
388
336
338
334
314
324
321
362
434
347
382
376
227
432
314
396
268
443
315
389
527
391
454
519
394
339
404
324
433
436
357
402
336
309
358
325
516
411
451
447
318
332
366
521
341
479
370
283
323
380
419
298
451
484
382
411
352
360
387
435
445
431
381
411
381
314
348
328
374
322
356
380
429
321
355
331
242
317
429
452
294
330
352
415
438
327
385
406
439
315
331
345
443
319
1412
337
391
329
378
380
383
326
354
428
261
335
371
546
309
328
341
361
372
394
306
334
373
292
378
361
339
458
529
375
435
387
354
395
425
449
377
376
420
488
342
416
423
430
367
387
440
424
381
374
293
350
411
352
431
310
469
337
317
278
328
304
379
368
403
374
264
425
354
400
327
366
376
294
402
358
350
292
244
369
362
504
356
334
297
355
328
328
252
423
411
419
328
331
421
304
348
406
427
369
345
250
430
451
338
421
438
312
380
386
1196
1420
1237
1387
868
935
834
995
1163
1059
1080
965
506
550
492
596
411
550
555
356
395
429
457
486
400
431
329
389
361
387
316
354
506
276
336
360
371
430
355
494
273
324
454
453
443
375
349
391
281
446
352
392
432
469
323
373
356
369
447
456
390
327
425
390
464
339
373
390
395
444
433
459
424
401
296
342
291
386
406
361
350
437
469
373
363
424
451
452
389
420
462
488
387
432
489
360
403
350
332
409
332
426
335
357
335
343
397
359
308
341
371
308
354
402
401
376
333
496
473
354
499
395
440
302
356
412
305
290
299
306
398
322
376
283
464
359
399
299
452
496
391
413
419
495
359
401
453
445
511
430
452
491
406
416
315
342
390
304
332
491
387
291
448
354
379
430
335
362
388
319
334
384
388
427
277
341
349
373
389
457
375
337
389
429
457
474
509
274
380
437
454
445
357
542
278
362
305
368
445
396
380
308
228
324
301
373
354
413
399
323
310
386
345
313
354
331
413
378
352
299
397
339
427
362
312
384
341
140
281
366
339
340
245
441
314
452
391
350
329
363
506
416
479
514
401
327
377
422
483
430
472
388
405
449
467
379
436
431
469
395
414
496
438
405
491
501
294
434
449
406
436
295
307
352
403
396
421
351
378
285
466
392
405
418
450
348
401
407
332
344
390
420
474
395
304
330
352
437
293
333
373
482
401
419
420
476
399
418
455
383
344
415
459
354
392
463
321
364
370
328
317
360
358
435
386
380
415
318
365
365
426
402
428
499
291
309
330
489
389
521
373
383
368
412
270
290
409
345
468
459
467
239
317
350
413
515
340
359
356
350
415
437
315
353
382
274
351
356
383
303
322
387
415
327
318
360
417
454
353
399
265
463
381
398
302
319
392
226
408
417
401
457
360
304
361
355
426
440
478
397
264
338
500
403
429
320
482
422
274
317
335
372
432
293
325
378
384
339
331
384
319
329
390
431
314
434
344
350
321
249
382
431
443
357
385
355
255
321
369
371
293
315
346
385
382
416
488
346
415
440
334
339
403
434
365
371
398
435
304
446
406
312
473
334
401
299
455
353
394
284
324
316
370
453
363
414
461
357
416
388
461
364
407
288
334
350
362
367
394
321
337
401
267
348
495
401
431
480
385
411
1061
1307
1449
1396
1300
1063
991
867
897
977
982
927
909
335
487
510
429
363
492
380
358
401
395
310
333
389
353
339
410
413
369
386
403
426
452
360
385
423
332
386
407
411
314
349
431
309
456
478
342
402
452
332
353
374
451
331
369
410
426
330
353
258
299
342
456
516
329
432
463
329
391
427
467
444
365
383
406
426
365
349
411
272
490
349
436
456
462
385
281
272
467
359
382
415
468
332
377
398
321
363
370
407
313
398
288
425
456
495
400
400
442
346
317
369
421
365
394
378
294
353
394
383
445
478
394
421
451
453
351
384
376
319
340
316
297
395
403
393
389
409
346
250
412
446
425
445
335
241
313
380
369
320
346
431
335
339
343
413
285
385
358
319
360
406
349
346
363
380
370
443
454
462
387
288
442
345
406
423
410
476
362
417
266
357
516
394
442
435
366
409
435
459
331
417
420
465
427
414
417
371
398
403
447
454
378
377
409
325
354
422
448
387
303
426
375
371
373
401
432
338
326
407
444
347
360
389
305
454
361
409
447
323
373
416
282
363
404
395
294
497
373
390
401
380
359
411
446
356
380
400
445
478
375
316
326
435
430
334
375
375
401
419
443
349
407
396
454
379
316
421
390
421
434
323
366
389
297
456
399
272
309
384
408
493
369
404
420
323
317
399
451
403
425
338
360
490
377
372
340
332
361
386
425
352
327
390
440
432
372
386
433
468
373
394
434
330
337
383
447
405
437
441
339
332
378
426
384
340
496
396
429
349
380
390
404
343
362
369
467
286
379
400
430
339
335
261
287
363
372
407
459
335
318
407
388
425
352
379
284
326
360
311
348
375
395
431
330
369
390
436
343
495
396
427
464
398
398
446
339
363
364
400
392
379
364
316
299
311
395
312
391
356
398
251
357
462
514
519
410
465
327
530
412
449
462
375
438
328
402
298
351
392
403
353
337
429
484
348
405
441
489
402
356
268
379
503
460
355
393
384
418
465
386
388
309
444
377
379
403
406
356
530
397
455
380
281
378
460
506
388
418
370
269
319
366
395
406
450
347
508
414
453
366
371
298
384
410
437
337
367
402
284
337
344
473
396
409
423
441
477
377
399
327
381
403
282
341
474
502
408
456
341
364
376
403
444
429
337
311
336
1052
1518
1451
1284
1065
1472
880
1037
944
966
961
919
932
919
349
374
400
448
334
353
398
305
269
378
394
322
474
399
298
297
451
476
418
420
329
330
421
290
348
314
363
371
373
392
397
446
339
357
434
458
371
356
412
294
332
399
437
345
317
383
427
348
362
432
386
460
482
394
419
431
360
385
325
341
348
361
440
425
354
397
414
454
380
364
431
466
364
532
409
446
346
388
422
334
324
396
418
317
318
353
341
467
407
385
477
475
521
276
444
479
513
551
450
356
379
424
454
364
394
423
388
404
479
361
493
319
478
376
458
449
539
493
385
449
344
419
385
418
495
303
436
327
394
360
447
468
324
416
462
447
510
379
389
436
373
427
435
356
465
242
306
405
381
303
287
346
417
368
301
314
378
358
419
334
349
411
281
328
338
384
437
315
335
407
253
363
348
430
358
358
372
396
388
348
432
388
303
323
377
398
440
387
378
435
402
332
388
425
416
394
398
416
317
457
365
421
324
350
375
375
415
467
469
416
384
462
466
387
445
341
370
366
433
339
404
370
336
376
358
405
370
273
348
425
340
395
330
326
364
330
394
374
281
317
301
405
412
352
340
266
465
315
389
294
461
363
363
402
352
252
398
450
427
324
365
361
277
489
362
397
311
330
365
418
376
370
392
428
293
322
389
398
435
329
356
437
408
317
350
406
446
343
372
427
462
354
387
390
354
375
374
442
388
373
403
392
422
405
299
353
453
461
370
413
420
331
387
418
432
352
501
423
322
484
352
412
338
366
512
395
266
477
388
298
323
474
390
330
320
356
393
428
468
305
312
367
415
466
387
400
393
517
336
463
439
315
463
425
452
458
476
426
390
337
281
328
360
325
273
325
366
281
334
338
384
436
476
355
297
369
1478
377
324
384
397
294
325
357
403
421
343
492
265
308
448
356
401
421
465
324
317
324
353
421
344
338
373
385
475
429
446
487
408
333
414
399
345
399
367
330
288
301
346
306
297
367
422
394
321
488
431
462
288
354
361
333
402
447
439
404
370
389
409
281
485
377
396
414
348
334
420
440
456
419
432
275
458
276
442
411
450
331
414
447
477
364
301
482
350
376
348
378
351
414
276
420
314
341
369
404
348
347
370
399
379
414
470
483
388
409
908
941
949
1003
913
957
874
854
327
369
471
444
439
426
388
397
397
466
378
375
303
327
361
411
421
349
380
400
303
328
375
381
343
417
412
312
413
323
490
402
453
307
389
349
308
427
395
361
406
291
314
356
381
430
355
375
385
382
434
452
476
286
456
433
382
403
408
457
379
389
400
355
345
358
400
438
356
380
282
304
373
381
436
467
383
367
294
340
331
382
411
316
357
273
380
288
377
402
425
311
347
367
393
434
374
387
433
296
332
442
417
438
310
453
325
297
357
351
300
468
391
379
412
322
365
390
435
323
413
458
366
524
408
464
368
436
449
492
399
436
319
347
341
384
389
452
485
363
414
259
489
432
343
389
321
490
386
469
467
380
434
298
343
365
379
413
327
361
378
291
334
483
402
417
456
488
375
383
387
418
447
360
380
456
330
408
442
418
461
446
347
368
444
340
355
375
435
453
365
323
442
504
379
417
471
345
323
369
488
425
472
349
359
360
424
304
348
398
283
374
356
392
418
467
361
380
423
454
334
346
399
440
350
385
379
258
406
370
406
368
401
355
403
414
340
373
385
441
321
401
323
394
329
395
427
305
349
368
420
467
362
371
295
349
379
366
303
318
356
231
287
478
384
420
317
355
382
288
447
312
394
435
317
363
405
320
377
404
320
304
347
395
359
442
381
264
280
328
369
388
455
481
383
395
300
416
407
338
353
365
398
417
368
369
371
438
293
368
357
252
381
366
348
448
324
356
407
419
494
368
395
422
324
385
392
407
445
382
382
423
336
301
321
299
469
347
336
392
280
445
315
289
388
411
356
248
395
340
425
299
360
427
345
335
375
417
295
340
332
356
351
400
475
328
416
333
315
283
355
373
351
401
364
408
448
485
392
428
477
367
401
406
339
387
418
332
372
396
435
322
386
376
413
448
350
432
554
446
489
399
298
455
413
423
474
335
398
445
434
490
392
439
435
373
395
442
475
375
442
469
327
371
382
424
357
366
434
427
367
392
422
427
441
370
549
426
325
394
400
471
489
529
443
471
360
509
383
433
335
384
400
437
461
331
404
301
340
411
408
458
426
356
533
437
311
395
365
397
444
273
412
429
348
505
397
325
380
330
361
384
404
468
352
474
441
357
400
390
357
446
783
1088
655
978
888
1043
938
964
869
408
452
467
463
443
433
353
372
263
372
390
406
407
445
483
395
374
444
354
338
357
277
408
372
345
437
341
371
441
299
344
374
432
304
357
380
397
443
367
389
427
437
384
290
362
490
468
486
389
422
343
360
386
411
343
329
511
259
315
509
362
426
310
390
341
393
376
372
344
292
294
329
419
412
450
363
414
437
324
384
541
451
477
343
411
433
328
367
399
434
350
377
373
428
318
373
383
327
446
397
426
341
356
423
423
288
471
358
382
318
460
343
408
444
298
349
385
436
348
374
507
442
456
488
396
469
341
395
406
419
338
374
370
287
315
358
423
424
328
351
412
296
332
352
449
270
320
354
389
434
320
364
385
271
331
344
351
331
339
392
271
313
462
425
422
423
339
322
365
385
422
364
346
428
455
394
353
369
336
382
433
450
345
385
406
435
321
354
417
420
328
358
388
456
343
369
394
297
382
406
434
437
398
374
274
345
385
298
447
504
378
396
458
359
344
329
461
337
371
384
457
503
482
404
437
456
352
402
428
371
362
394
426
479
363
427
435
356
378
258
381
392
412
438
380
391
444
469
374
368
400
344
345
282
451
307
363
428
445
342
353
292
347
339
355
423
331
327
361
405
389
423
323
389
275
321
374
376
438
483
324
408
299
330
354
422
313
327
370
244
277
448
374
435
318
349
348
288
429
361
374
432
321
370
366
318
320
368
386
333
342
346
272
368
401
471
346
409
449
357
362
375
439
482
376
430
411
466
375
404
429
452
381
386
414
405
400
315
334
337
418
383
344
374
279
264
312
367
366
404
324
490
366
303
374
306
432
435
404
274
505
285
431
363
311
407
401
322
344
420
338
348
335
381
331
351
392
409
344
352
373
367
208
299
345
477
264
365
408
335
494
374
320
323
493
366
402
435
348
363
422
440
242
303
336
377
346
361
404
396
462
410
541
422
430
493
413
433
338
478
387
429
360
380
384
421
319
403
378
405
461
367
427
458
339
389
395
271
319
394
378
420
349
340
435
316
283
363
365
400
293
323
350
400
325
333
370
400
282
318
480
381
412
333
355
379
425
412
367
371
437
405
466
357
387
453
472
339
365
402
320
283
390
378
373
444
292
335
368
405
429
742
1521
756
1066
831
1136
1048
1074
1000
987
532
408
471
481
393
417
455
379
389
438
457
363
385
415
356
388
392
423
326
353
394
392
250
432
345
503
368
306
385
414
450
338
393
386
429
471
284
374
386
381
398
261
284
334
386
389
313
355
396
390
306
450
361
389
449
345
373
397
424
460
371
403
434
320
378
400
424
345
385
398
271
327
378
394
404
291
337
399
397
295
449
484
381
393
334
288
346
400
351
341
401
405
336
345
375
399
307
363
377
290
432
495
378
455
454
466
275
341
397
316
407
434
326
373
394
412
448
349
378
425
312
369
379
408
326
335
378
288
321
350
382
423
472
395
289
324
353
335
447
451
366
404
319
469
372
420
437
337
471
371
353
390
335
336
398
446
341
336
401
438
329
386
393
342
286
337
334
317
345
382
386
321
330
374
410
308
343
357
443
349
380
394
274
269
319
419
419
357
356
410
435
486
323
373
428
281
364
399
446
328
320
347
439
488
358
401
381
489
349
387
504
347
271
433
438
344
427
410
290
341
402
398
434
378
256
292
453
480
507
447
343
466
425
425
351
342
393
428
482
321
327
358
420
422
402
384
382
367
391
387
454
416
418
314
372
262
415
419
372
385
439
339
375
299
435
357
362
238
292
381
426
395
388
438
435
284
348
391
446
311
358
371
448
466
396
395
430
340
387
377
369
391
391
362
397
400
421
463
359
387
381
460
487
395
423
305
383
382
450
345
360
301
316
425
382
381
423
318
363
406
425
455
352
386
419
367
363
379
424
442
353
379
417
303
353
395
307
348
363
378
253
470
379
381
386
337
334
362
400
418
371
350
423
293
336
514
296
310
327
353
422
281
346
352
300
389
374
306
343
454
349
422
323
364
349
376
376
328
374
354
408
263
373
461
304
347
368
425
450
349
366
391
423
321
364
398
438
466
505
427
425
331
367
397
426
489
378
388
421
339
489
267
314
473
395
298
293
318
333
472
448
398
444
320
357
381
418
473
475
530
420
318
397
381
428
356
522
385
334
396
454
383
421
430
312
292
306
345
462
422
381
396
298
342
503
407
442
488
355
339
447
357
459
421
441
433
354
388
404
426
486
362
394
316
475
374
393
338
481
272
342
357
322
425
375
380
412
324
449
482
1203
796
1474
1237
1059
917
1057
963
889
909
899
493
378
391
433
376
499
429
370
261
415
273
418
330
462
407
272
460
365
429
342
462
398
351
322
369
332
365
402
431
330
390
402
405
359
357
306
460
388
348
389
432
383
255
330
288
318
319
363
378
408
399
277
484
338
408
320
345
364
274
445
348
377
436
467
410
269
365
377
278
403
427
351
415
396
318
350
383
396
392
267
472
366
373
392
354
309
351
442
393
384
279
314
343
388
303
441
376
388
409
436
284
363
321
463
397
428
368
305
480
378
377
322
456
287
394
373
385
344
305
457
331
360
357
323
341
328
388
438
329
368
397
456
457
324
313
307
401
341
436
351
388
292
305
494
391
284
353
347
540
273
315
503
377
413
436
344
370
374
483
354
368
401
292
323
396
434
332
350
359
416
226
301
336
450
310
349
389
266
305
344
405
443
466
330
409
270
322
390
418
299
311
316
273
308
378
344
430
350
432
337
321
405
373
326
392
357
376
301
372
376
276
300
363
405
445
375
354
408
319
387
476
522
393
490
487
384
420
362
350
389
440
355
470
243
343
351
440
373
313
347
372
439
322
484
378
441
447
270
271
423
372
405
344
375
244
405
465
447
426
408
449
358
377
416
349
308
343
431
463
360
344
418
298
360
389
385
286
358
338
372
474
480
386
354
379
354
418
307
357
405
378
413
313
401
393
389
271
317
394
391
368
367
360
413
404
342
358
415
430
520
265
383
263
333
371
381
330
303
316
428
412
366
363
355
387
449
391
377
396
509
529
552
471
307
405
375
422
335
369
396
292
347
406
406
425
344
374
287
428
383
413
436
441
455
361
380
315
357
379
393
433
337
391
396
444
464
363
387
419
419
526
398
424
338
364
356
405
481
340
279
343
347
393
343
341
348
395
402
379
290
486
376
512
423
461
446
279
470
372
435
410
348
342
388
310
356
370
412
418
304
343
417
352
413
449
349
396
439
450
351
309
448
307
410
468
340
324
408
452
337
385
405
274
457
393
361
431
338
360
363
385
417
375
368
423
462
458
517
401
465
333
396
351
379
402
434
424
342
368
382
416
300
491
435
294
315
374
396
416
427
395
261
422
471
451
306
398
450
458
388
342
393
415
358
423
437
331
452
399
989
1538
1333
1375
983
897
945
846
860
891
939
937
334
368
422
429
358
423
431
444
337
376
413
434
354
388
366
432
417
382
378
305
466
351
381
417
458
485
364
424
297
353
389
398
447
377
395
415
351
368
358
441
449
332
377
283
323
321
385
300
450
355
382
416
463
439
351
545
295
348
368
378
407
374
346
424
467
366
